#lamb flux
1000.0 0.09095609792996963
1010.01001001001 0.09717868927328227
1020.0200200200201 0.10333388324008792
1030.03003003003 0.10939833402892549
1040.0400400400401 0.11535224406896624
1050.05005005005 0.12117926195214239
1060.06006006006 0.1268663168678086
1070.07007007007 0.13240340661427874
1080.08008008008 0.13778335420880528
1090.0900900900901 0.14300154591487502
1100.1001001001 0.14805566130644723
1110.11011011011 0.15294540390045863
1120.1201201201202 0.15767223898081675
1130.13013013013 0.16223914354813654
1140.1401401401401 0.16665037187540319
1150.1501501501502 0.17091123892972795
1160.16016016016 0.17502792292214736
1170.1701701701702 0.17900728745169325
1180.1801801801803 0.18285672309364318
1190.1901901901902 0.18658400782041534
1200.2002002002002 0.19019718531282653
1210.2102102102103 0.19370445999655977
1220.2202202202202 0.1971141075029988
1230.2302302302303 0.2004343991867292
1240.2402402402402 0.20367353931822602
1250.2502502502502 0.20681917742066497
1260.2602602602603 0.20981675974507677
1270.2702702702702 0.21255887952758268
1280.2802802802803 0.2150509723965393
1290.2902902902902 0.2172991699057105
1300.3003003003003 0.21931018262372765
1310.3103103103103 0.22109119225840404
1320.3203203203202 0.22264975282257696
1330.3303303303303 0.22399370070350774
1340.3403403403404 0.22513107338341018
1350.3503503503503 0.22607003647069873
1360.3603603603603 0.22681881863637282
1370.3703703703704 0.22738565400422892
1380.3803803803803 0.22777873151424793
1390.3903903903904 0.22800615076272213
1400.4004004004005 0.22807588381800284
1410.4104104104103 0.2279957425149819
1420.4204204204204 0.2277733507426573
1430.4304304304305 0.2274161212557534
1440.4404404404404 0.22693123656199263
1450.4504504504505 0.22632563346004345
1460.4604604604606 0.22560599082849842
1470.4704704704704 0.22477872029259716
1480.4804804804805 0.22384995942223515
1490.4904904904906 0.22282556714153642
1500.5005005005005 0.2217111210565504
1510.5105105105106 0.22051191643317886
1520.5205205205207 0.2192329665820137
1530.5305305305305 0.2178790044302607
1540.5405405405404 0.21645448508326864
1550.5505505505505 0.2149635891993226
1560.5605605605606 0.2134102270213506
1570.5705705705705 0.21179804292808796
1580.5805805805805 0.21013042038510235
1590.5905905905906 0.20841048719308017
1600.6006006006005 0.20664112094700485
1610.6106106106106 0.20482495463554481
1620.6206206206207 0.20296438232525868
1630.6306306306305 0.20106156488940746
1640.6406406406406 0.19911843575642238
1650.6506506506507 0.1971367066687699
1660.6606606606606 0.19511787345932183
1670.6706706706707 0.19306322186981015
1680.6806806806808 0.1909738334548353
1690.6906906906906 0.18885059163569579
1700.7007007007007 0.1866951407079435
1710.7107107107108 0.18451176797907998
1720.7207207207207 0.18230028062041034
1730.7307307307308 0.18005986412887803
1740.7407407407409 0.17778962862094747
1750.7507507507507 0.17548861399927318
1760.7607607607606 0.17315579681717486
1770.770770770771 0.17079009920039
1780.7807807807808 0.16839040024323262
1790.7907907907907 0.16595555035907583
1800.8008008008007 0.16348438913188976
1810.8108108108108 0.16097576728437504
1820.8208208208207 0.1584285734458464
1830.8308308308308 0.15584176646466869
1840.8408408408409 0.15321441405887443
1850.8508508508507 0.15054573862521278
1860.8608608608608 0.1478351710187604
1870.870870870871 0.14508241305621664
1880.8808808808808 0.14228750936602583
1890.890890890891 0.13945092898345376
1900.900900900901 0.136573656741329
1910.9109109109108 0.13365729400809287
1920.920920920921 0.13070416764595988
1930.930930930931 0.12771744518082312
1940.940940940941 0.12470125308197906
1950.950950950951 0.12166079375502384
1960.960960960961 0.11860245539886208
1970.970970970971 0.11553390735479872
1980.980980980981 0.11246417212298798
1990.9909909909911 0.10940366403842118
2001.001001001001 0.10636418393810296
2011.0110110110109 0.10335885930006658
2021.0210210210212 0.10040202057606022
2031.031031031031 0.09750900699414636
2041.0410410410411 0.09469589906367633
2051.051051051051 0.09197918025831758
2061.061061061061 0.08937533651445793
2071.071071071071 0.08690040863464274
2081.081081081081 0.0845695186003516
2091.091091091091 0.0823963952740562
2101.101101101101 0.08039292721079558
2111.1111111111113 0.07856876979960162
2121.121121121121 0.07693103064067296
2131.131131131131 0.07548405133321524
2141.141141141141 0.07422929649439852
2151.151151151151 0.07316535286215614
2161.161161161161 0.07228803375789351
2171.1711711711714 0.07159057779978835
2181.1811811811813 0.07106392604269061
2191.191191191191 0.07069705882164654
2201.201201201201 0.070477372374163
2211.2112112112113 0.07039107554071537
2221.221221221221 0.07042358817570496
2231.2312312312315 0.07055992504470449
2241.2412412412414 0.07078505168566372
2251.2512512512512 0.0710842017568552
2261.261261261261 0.07144314858786346
2271.271271271271 0.07184842680540418
2281.2812812812813 0.07228750284645853
2291.2912912912916 0.07274889574247036
2301.3013013013015 0.07322225164375491
2311.3113113113113 0.07369837708698997
2321.321321321321 0.07416923697952106
2331.331331331331 0.07462792372048184
2341.3413413413414 0.0750686038760883
2351.3513513513512 0.07548644847259108
2361.3613613613616 0.07587755236984521
2371.3713713713714 0.07623884743036685
2381.3813813813813 0.07656801338832257
2391.391391391391 0.07686338951713109
2401.4014014014015 0.07712388944112623
2411.4114114114113 0.07734892076621842
2421.4214214214217 0.07753831063209396
2431.4314314314315 0.07769223781821649
2441.4414414414414 0.07781117166373264
2451.4514514514512 0.07789581777827874
2461.4614614614616 0.07794707031486427
2471.4714714714714 0.07796597043480795
2481.4814814814818 0.07795367050569764
2491.4914914914916 0.07791140352517062
2501.5015015015015 0.07784045724600341
2511.5115115115113 0.07774215248316477
2521.521521521521 0.07761782510427723
2531.5315315315315 0.07746881123591813
2541.541541541542 0.07729643525518497
2551.5515515515517 0.07710200017581921
2561.5615615615616 0.07688678007865575
2571.5715715715714 0.07665201427565832
2581.5815815815813 0.07639890293426396
2591.5915915915916 0.07612860392355295
2601.6016016016015 0.0758422306755434
2611.611611611612 0.07554085088356048
2621.6216216216217 0.07522548588517479
2631.6316316316315 0.07489711059977515
2641.6416416416414 0.07455665391063106
2651.6516516516517 0.07420499939852904
2661.6616616616616 0.07384298634898935
2671.671671671672 0.07347141096791603
2681.6816816816818 0.07309102775154838
2691.6916916916916 0.07270255096598212
2701.7017017017015 0.07230665619951876
2711.711711711712 0.07190398195787052
2721.7217217217217 0.07149513127795715
2731.731731731732 0.07108067334083017
2741.741741741742 0.07066114506828364
2751.7517517517517 0.0702370526910623
2761.7617617617616 0.06980887327937103
2771.7717717717715 0.06937705622869364
2781.781781781782 0.06894202469583503
2791.791791791792 0.06850417698165853
2801.801801801802 0.06806388785825977
2811.811811811812 0.06762150983934945
2821.8218218218217 0.06717737439344201
2831.8318318318316 0.06673179310010516
2841.841841841842 0.06628505875004123
2851.851851851852 0.06583744639017246
2861.861861861862 0.06538921431520528
2871.871871871872 0.06494060500737354
2881.881881881882 0.06449184602622104
2891.8918918918916 0.06404315085039006
2901.901901901902 0.0635947196734461
2911.911911911912 0.06314674015580071
2921.921921921922 0.06269938813479346
2931.931931931932 0.06225282829497754
2941.941941941942 0.06180721480061525
2951.9519519519517 0.061362691892340636
2961.961961961962 0.06091939444988876
2971.971971971972 0.060477448522723035
2981.9819819819822 0.0600369718303238
2991.991991991992 0.0595980742338255
3002.002002002002 0.05916085818061559
3012.012012012012 0.058725419123432536
3022.0220220220217 0.05829184591542367
3032.032032032032 0.058154780936704495
3042.0420420420423 0.057687304151040855
3052.052052052052 0.05721190952532765
3062.062062062062 0.05673157026379156
3072.072072072072 0.056248835303510644
3082.0820820820823 0.055765873398302204
3092.092092092092 0.05528451417991234
3102.102102102102 0.054806286095691915
3112.1121121121123 0.05433245121997403
3122.122122122122 0.05386403700803992
3132.132132132132 0.053401865112144356
3142.1421421421423 0.052946577413010634
3152.152152152152 0.052498659441189484
3162.162162162162 0.052058461373759676
3172.1721721721724 0.051626216795476604
3182.1821821821823 0.051202059411650874
3192.192192192192 0.05078603789431883
3202.202202202202 0.050378129034892714
3212.2122122122123 0.0499782493663984
3222.222222222222 0.04958626540735572
3232.232232232232 0.04920200266787647
3242.2422422422424 0.04882525354704877
3252.252252252252 0.04845578423943076
3262.262262262262 0.04809334075769442
3272.2722722722724 0.04773765416826655
3282.2822822822823 0.047388445127288945
3292.292292292292 0.047045427795403306
3302.3023023023025 0.04670831320176439
3312.3123123123123 0.046376812120289386
3322.322322322322 0.04605063751443782
3332.3323323323325 0.04572950660074147
3342.3423423423424 0.045413142575841
3352.352352352352 0.04510127604687372
3362.3623623623625 0.04479364620066604
3372.3723723723724 0.04449000174325904
3382.3823823823823 0.04419010163779287
3392.3923923923926 0.043893715665666314
3402.4024024024025 0.043600624833112805
3412.4124124124123 0.0433106216428759
3422.4224224224226 0.043023510248481944
3432.4324324324325 0.042739106506667936
3442.4424424424424 0.04245723794180173
3452.4524524524522 0.04217774363460341
3462.4624624624626 0.041900474046119976
3472.4724724724724 0.04162529078669978
3482.4824824824823 0.0413520663386397
3492.4924924924926 0.04108068374022486
3502.5025025025025 0.04081103623802775
3512.5125125125123 0.04054302691357536
3522.5225225225226 0.04027656828981348
3532.5325325325325 0.04001158192218895
3542.5425425425424 0.039747997978626874
3552.5525525525527 0.03948575481218923
3562.5625625625626 0.039224798529761816
3572.5725725725724 0.03896508255971953
3582.5825825825827 0.038706567221163
3592.5925925925926 0.0384492192969952
3602.6026026026025 0.03819301161281588
3612.612612612613 0.03793792262334621
3622.6226226226227 0.037683936007856494
3632.6326326326325 0.037431040275853325
3642.642642642643 0.03717922838408495
3652.6526526526527 0.03692849736574568
3662.6626626626626 0.036678847972597926
3672.672672672673 0.03643028433058537
3682.6826826826828 0.03618281360937687
3692.6926926926926 0.035936445706162494
3702.7027027027025 0.035691192943914644
3712.712712712713 0.03544706978423088
3722.7227227227227 0.03520409255478884
3732.7327327327325 0.03496227919136452
3742.742742742743 0.034721648994299005
3752.7527527527527 0.03448222239923527
3762.7627627627626 0.034244020761894985
3772.772772772773 0.03400706615661788
3782.7827827827828 0.033771381188345516
3792.7927927927926 0.03353698881769735
3802.802802802803 0.03330391219875738
3812.812812812813 0.03307217452916504
3822.8228228228227 0.03284179891208506
3832.832832832833 0.03261280822961437
3842.842842842843 0.03238522502717307
3852.8528528528527 0.0321590714084178
3862.862862862863 0.03193436894021026
3872.872872872873 0.03171113856717239
3882.8828828828828 0.031489400535357856
3892.892892892893 0.03126917432457492
3902.902902902903 0.031050478588896757
3912.912912912913 0.030833331104904976
3922.922922922923 0.030617748727217432
3932.932932932933 0.030403747350862712
3942.942942942943 0.030191341880072286
3952.9529529529527 0.02998054620307471
3962.962962962963 0.02977137317248754
3972.972972972973 0.029563834590915584
3982.982982982983 0.02935794120137879
3992.992992992993 0.029153702682205775
4003.003003003003 0.028951127646045186
4013.013013013013 0.028750223642659577
4023.023023023023 0.02855099716518306
4033.033033033033 0.028353453659537915
4043.043043043043 0.028157597536719835
4053.053053053053 0.027963432187676926
4063.063063063063 0.027770960000521223
4073.073073073073 0.027580182379825877
4083.0830830830832 0.02739109976777538
4093.093093093093 0.02720371166694956
4103.103103103103 0.027018016664534947
4113.113113113113 0.02683401245777105
4123.123123123123 0.026651695880449865
4133.133133133133 0.026471062930300736
4143.143143143143 0.026292108797103145
4153.153153153153 0.026114827891381257
4163.163163163163 0.02593921387354504
4173.173173173173 0.02576525968335303
4183.183183183183 0.025592957569581055
4193.193193193193 0.025422299119791093
4203.203203203203 0.025253275290102867
4213.213213213214 0.025085876434879646
4223.223223223224 0.024920092336246848
4233.2332332332335 0.024755912233370512
4243.243243243243 0.02459332485142911
4253.253253253253 0.024432318430219056
4263.263263263263 0.024272880752340645
4273.273273273273 0.024114999170916914
4283.283283283283 0.023958660636803263
4293.293293293293 0.023803851725251426
4303.303303303303 0.02365055866199526
4313.313313313313 0.02349876734873137
4323.323323323323 0.023348463387970534
4333.333333333334 0.02319963210724104
4343.343343343344 0.023052258582627563
4353.353353353354 0.02290632766163293
4363.3633633633635 0.022761823985353372
4373.373373373373 0.022618732009960056
4383.383383383383 0.022477036027482907
4393.393393393393 0.022336720185894526
4403.403403403403 0.022197768508494475
4413.413413413413 0.022060164912595784
4423.423423423424 0.02192389322751793
4433.4334334334335 0.021788937211891235
4443.443443443443 0.021655280570279704
4453.453453453454 0.021522906969130343
4463.463463463464 0.021391800052058412
4473.473473473474 0.02126194345447804
4483.483483483484 0.0211333208175904
4493.493493493494 0.02100591580174019
4503.503503503503 0.02087971209915367
4513.513513513513 0.020754693446070886
4523.523523523523 0.02063084363428562
4533.533533533533 0.020508146522107387
4543.543543543543 0.020386586044758997
4553.553553553554 0.020266146224224787
4563.563563563564 0.020146811178563824
4573.573573573573 0.02002856513070293
4583.583583583584 0.019911392416724433
4593.593593593594 0.019795277493663454
4603.603603603604 0.019680204946829503
4613.613613613614 0.01956615949666753
4623.623623623624 0.019453126005172537
4633.6336336336335 0.019341089481873
4643.643643643643 0.019230035089397076
4653.653653653653 0.019119948148635997
4663.663663663663 0.019010814143518812
4673.673673673674 0.018902618725412115
4683.683683683684 0.018795347717158708
4693.693693693694 0.018688987116768162
4703.703703703704 0.01858352310077275
4713.713713713714 0.018478942027261448
4723.723723723724 0.018375230438604617
4733.733733733734 0.01827237506388148
4743.743743743744 0.018170362821022922
4753.753753753754 0.01806918081868055
4763.763763763764 0.017968816357834264
4773.773773773773 0.017869256933148687
4783.783783783783 0.01777049023409005
4793.793793793793 0.01767250414581336
4803.803803803804 0.01757528674983064
4813.813813813814 0.017478826324469808
4823.823823823824 0.017383111345134147
4833.833833833834 0.017288130484371524
4843.843843843844 0.017193872611762598
4853.853853853854 0.01710032679363661
4863.863863863864 0.01700748229262367
4873.873873873874 0.016915328567051316
4883.883883883884 0.01682385527019379
4893.893893893894 0.01673305224938143
4903.9039039039035 0.016642909544977907
4913.913913913913 0.01655341738923233
4923.923923923924 0.01646456620501331
4933.933933933934 0.01637634660443181
4943.943943943944 0.016288749387359074
4953.953953953955 0.016201765539846057
4963.9639639639645 0.01611538623245055
4973.973973973974 0.016029602818477456
4983.983983983984 0.015944406832138304
4993.993993993994 0.015859789986635096
5004.004004004004 0.01577574417217388
5014.014014014014 0.015692261453913108
5024.024024024024 0.01560933406985138
5034.0340340340335 0.01552695442865968
5044.044044044043 0.015445115107462128
5054.054054054054 0.01536380884956987
5064.064064064064 0.015283028562172146
5074.074074074074 0.015202767313988523
5084.084084084085 0.01512301833288607
5094.0940940940945 0.01504377500346536
5104.104104104104 0.014965030864618518
5114.114114114114 0.01488677960706292
5124.124124124124 0.01480901507085375
5134.134134134134 0.014731731242878469
5144.144144144144 0.014654922254336176
5154.154154154154 0.014578582378204839
5164.1641641641645 0.01450270602669888
5174.174174174174 0.01442728774872004
5184.184184184184 0.014352322227303737
5194.194194194194 0.014277804277063448
5204.204204204204 0.014203728841635427
5214.214214214214 0.014130090991125778
5224.224224224225 0.014056885919562119
5234.2342342342345 0.013984108942351725
5244.244244244244 0.013911755493747983
5254.254254254254 0.013839821124327158
5264.264264264264 0.01376830149847682
5274.274274274274 0.013697192391897949
5284.284284284285 0.0136264896891219
5294.294294294295 0.013556189381043925
5304.304304304304 0.013486287562474443
5314.314314314314 0.013416780429709518
5324.324324324324 0.013347664278121603
5334.334334334334 0.013278935499771929
5344.344344344345 0.013210590581045307
5354.354354354355 0.013142626100308738
5364.3643643643645 0.013075038725594427
5374.374374374374 0.013007825212308423
5384.384384384384 0.012940982400965402
5394.394394394394 0.012874507214950702
5404.404404404404 0.012808396658310047
5414.414414414415 0.012742647813567803
5424.424424424425 0.012677257839574319
5434.4344344344345 0.012612223969382943
5444.444444444444 0.012547543508157183
5454.454454454454 0.012483213831108628
5464.464464464464 0.012419232381465837
5474.474474474475 0.01235559666847479
5484.484484484485 0.0122923042654311
5494.494494494495 0.012229352807744377
5504.504504504504 0.012166739991034991
5514.514514514514 0.01210446356926338
5524.524524524524 0.012042521352892252
5534.534534534535 0.011980911207081682
5544.544544544545 0.01191963104991731
5554.554554554555 0.01185867885067173
5564.5645645645645 0.011798052628099086
5574.574574574574 0.011737750448762959
5584.584584584584 0.011677770425397523
5594.594594594595 0.011618110715301886
5604.604604604605 0.01155876951876778
5614.614614614615 0.011499745077540162
5624.624624624625 0.01144103567331099
5634.6346346346345 0.011382639626245876
5644.644644644644 0.011324555293543398
5654.654654654654 0.011266781068027167
5664.664664664665 0.011209315376770095
5674.674674674675 0.011152156679751118
5684.684684684685 0.011095303468543647
5694.694694694695 0.011038754265035937
5704.704704704704 0.010982507620182914
5714.714714714714 0.010926562112789164
5724.724724724725 0.01087091634832296
5734.734734734735 0.010815568957760827
5744.744744744745 0.010760518596462522
5754.754754754755 0.010705763943075987
5764.764764764765 0.010651303698471982
5774.774774774774 0.010597136584708067
5784.784784784785 0.010543261344021553
5794.794794794795 0.010489676737851051
5804.804804804805 0.010436381545886324
5814.814814814815 0.010383374565145913
5824.824824824825 0.010330654609082354
5834.8348348348345 0.010278220506714347
5844.844844844845 0.010226071101785765
5854.854854854855 0.010174205251950804
5864.864864864865 0.010122621827985073
5874.874874874875 0.01007131971302214
5884.884884884885 0.010020297801815086
5894.894894894895 0.009969555000022697
5904.9049049049045 0.009919090223519838
5914.914914914915 0.009868902397731583
5924.924924924925 0.009818990456990717
5934.934934934935 0.009769353343918045
5944.944944944945 0.009719990008825296
5954.954954954955 0.009670899409139976
5964.964964964965 0.009622080508851855
5974.974974974975 0.00957353227798061
5984.984984984985 0.00952525369206425
5994.994994994995 0.009477243731667776
6005.005005005005 0.009429501381911768
6015.015015015015 0.009382025632020395
6025.025025025025 0.009334815474888467
6035.035035035035 0.009287869906667023
6045.045045045045 0.00924118792636714
6055.055055055055 0.00919476853548146
6065.065065065065 0.009148610737623027
6075.075075075075 0.00910271353818107
6085.085085085085 0.009057075943993242
6095.0950950950955 0.009011696963033984
6105.105105105105 0.008966575604118544
6115.115115115115 0.008921710876622272
6125.125125125125 0.008877101790214795
6135.135135135135 0.008832747354608731
6145.145145145145 0.008788646579322388
6155.155155155155 0.0087447984734563
6165.1651651651655 0.008701202045482997
6175.175175175175 0.008657856303049802
6185.185185185185 0.008614760252794128
6195.195195195195 0.008571912900171093
6205.205205205205 0.00852931324929292
6215.215215215215 0.008486960302779832
6225.225225225226 0.008444853061622183
6235.235235235235 0.008402990525053255
6245.245245245245 0.008361371690432662
6255.255255255255 0.008319995553139798
6265.265265265265 0.008278861106477079
6275.275275275275 0.008237967341582731
6285.285285285286 0.008197313247352673
6295.295295295296 0.008156897810371273
6305.305305305305 0.008116720014850632
6315.315315315315 0.008076778842578132
6325.325325325325 0.008037073272871897
6335.335335335335 0.007997602282543934
6345.345345345346 0.007958364845870609
6355.355355355356 0.007919359934570274
6365.3653653653655 0.007880586517787653
6375.375375375375 0.007842043562084807
6385.385385385385 0.007803730031438383
6395.395395395395 0.007765644887242926
6405.405405405405 0.007727787088319945
6415.415415415416 0.007690155590932519
6425.425425425426 0.0076527493488052455
6435.4354354354355 0.007615567313149202
6445.445445445445 0.007578608432691815
6455.455455455455 0.0075418716537112695
6465.465465465465 0.007505355920075406
6475.475475475476 0.007469060173284761
6485.485485485486 0.007432983352519602
6495.495495495496 0.00739712439469074
6505.505505505505 0.007361482234493951
6515.515515515515 0.007326055804467791
6525.525525525525 0.007290844035054608
6535.535535535536 0.007255845854664599
6545.545545545546 0.007221060189742769
6555.555555555556 0.007186485964838471
6565.5655655655655 0.0071521221026775925
6575.575575575575 0.007117967524237009
6585.585585585585 0.007084021148821306
6595.595595595596 0.007050281894141515
6605.605605605606 0.0070167486763957785
6615.615615615616 0.006983420410351777
6625.625625625626 0.006950296009430773
6635.6356356356355 0.006917374385793175
6645.645645645645 0.006884654450425436
6655.655655655655 0.006852135113228206
6665.665665665666 0.006819815283105614
6675.675675675676 0.006787693868055533
6685.685685685686 0.006755769775260737
6695.695695695696 0.006724041911180856
6705.705705705705 0.006692509181645
6715.715715715715 0.0066611704919449215
6725.725725725726 0.006630024746928732
6735.735735735736 0.006599070851094899
6745.745745745746 0.006568307708686621
6755.755755755756 0.00653773422378639
6765.7657657657655 0.0065073493004106095
6775.775775775775 0.006477151842604343
6785.785785785786 0.0064471407545359715
6795.795795795796 0.006417314940591747
6805.805805805806 0.006387673305470181
6815.815815815816 0.006358214754276164
6825.825825825826 0.006328938192614782
6835.8358358358355 0.006299842526684741
6845.845845845846 0.006270926663371381
6855.855855855856 0.006242189510339168
6865.865865865866 0.006213629976123663
6875.875875875876 0.006185246970222847
6885.885885885886 0.006157039403187872
6895.895895895896 0.006129006186713054
6905.9059059059055 0.006101146233725152
6915.915915915916 0.006073458458471861
6925.925925925926 0.0060459417766094955
6935.935935935936 0.0060185951052898045
6945.945945945946 0.005991417363245885
6955.955955955956 0.005964407470877196
6965.965965965966 0.005937564350333598
6975.975975975976 0.0059108869255984015
6985.985985985986 0.005884374122570428
6995.995995995996 0.005858024869144982
7006.006006006006 0.005831838095293822
7016.016016016016 0.005805812733143992
7026.026026026026 0.005779947717055578
7036.036036036036 0.005754241983698336
7046.046046046046 0.005728694472127176
7056.056056056056 0.005703304123856482
7066.066066066066 0.005678069882933264
7076.076076076076 0.005652990696009132
7086.086086086086 0.005628065512411066
7096.0960960960965 0.005603293284210987
7106.106106106106 0.005578672966294094
7116.116116116116 0.005554203516426007
7126.126126126126 0.005529883895318659
7136.136136136136 0.005505713066694952
7146.146146146146 0.005481689997352193
7156.156156156156 0.005457813657224252
7166.1661661661665 0.005434083019442515
7176.176176176176 0.005410497060395553
7186.186186186186 0.005387054759787578
7196.196196196196 0.0053637551006956155
7206.206206206206 0.00534059706962546
7216.216216216216 0.005317579656566379
7226.226226226227 0.005294701855044556
7236.236236236236 0.0052719626621753335
7246.246246246246 0.005249361078714182
7256.256256256256 0.005226896109106466
7266.266266266266 0.005204566761535983
7276.276276276276 0.0051823720479722765
7286.286286286287 0.005160310984216752
7296.2962962962965 0.0051383825899475695
7306.306306306306 0.0051165858887633675
7316.316316316316 0.005094919908225783
7326.326326326326 0.005073383679900781
7336.336336336336 0.005051976239398849
7346.346346346347 0.005030696626414008
7356.356356356357 0.005009543884761686
7366.3663663663665 0.004988517062415412
7376.376376376376 0.00496761521154247
7386.386386386386 0.004946837388538335
7396.396396396396 0.004926182654060079
7406.406406406406 0.004905650073058637
7416.416416416417 0.00488523871481001
7426.426426426427 0.004864947652945404
7436.436436436436 0.004844775965480297
7446.446446446446 0.004824722734842454
7456.456456456456 0.00480478704789895
7466.466466466466 0.004784967995982115
7476.476476476477 0.004765264674914519
7486.486486486487 0.00474567618503296
7496.496496496497 0.004726201631211438
7506.506506506506 0.004706840122883188
7516.516516516516 0.004687590774061784
7526.526526526526 0.004668452703361235
7536.536536536537 0.0046494250340152424
7546.546546546547 0.004630506893895476
7556.556556556557 0.004611697415528993
7566.5665665665665 0.004592995736114749
7576.576576576576 0.004574400997539252
7586.586586586586 0.004555912346391374
7596.596596596597 0.004537528933976275
7606.606606606607 0.004519249916328567
7616.616616616617 0.004501074454224602
7626.626626626627 0.004483001713193986
7636.6366366366365 0.00446503086353032
7646.646646646646 0.00444716108030114
7656.656656656657 0.004429391543357118
7666.666666666667 0.0044117214373405175
7676.676676676677 0.004394149951692905
7686.686686686687 0.00437667628066216
7696.696696696697 0.004359299623308759
7706.706706706706 0.004342019183511397
7716.716716716716 0.00432483416997192
7726.726726726727 0.0043077437962195705
7736.736736736737 0.00429074728061462
7746.746746746747 0.004273843846351337
7756.756756756757 0.00425703272146034
7766.7667667667665 0.004240313138810336
7776.776776776776 0.004223684336109264
7786.786786786787 0.00420714555590484
7796.796796796797 0.0041906960455845394
7806.806806806807 0.0041743350573750174
7816.816816816817 0.0041580618483409585
7826.826826826827 0.0041418756803834255
7836.8368368368365 0.004125775820237646
7846.846846846847 0.0041097615394703
7856.856856856857 0.004093832114476325
7866.866866866867 0.00407798682647517
7876.876876876877 0.004062224961506652
7886.886886886887 0.004046545810426279
7896.896896896897 0.0040309486689001405
7906.906906906907 0.004015432837399346
7916.916916916917 0.00399999762119405
7926.926926926927 0.003984642330347008
7936.936936936937 0.003969366279706752
7946.946946946947 0.003954168788900361
7956.956956956957 0.003939049182325822
7966.9669669669665 0.003924006789144004
7976.976976976977 0.00390904094327029
7986.986986986987 0.0038941509833658036
7996.996996996997 0.003879336252828298
8007.007007007007 0.0038645960997827173
8017.017017017017 0.0038499298770713823
8027.027027027027 0.003835336942243887
8037.037037037037 0.003820816657546653
8047.047047047047 0.0038063683899121903
8057.057057057057 0.003791991510948033
8067.067067067067 0.0037776853969254155
8077.077077077077 0.003763449428767634
8087.087087087087 0.003749282992038153
8097.0970970970975 0.0037351854769284245
8107.107107107107 0.0037211562782454807
8117.117117117117 0.0037071947953992274
8127.127127127127 0.0036933004323895305
8137.137137137137 0.003679472597793045
8147.147147147147 0.003665710704749826
8157.157157157158 0.003652014170949709
8167.1671671671675 0.0036383824186184692
8177.177177177177 0.0036248148745037893
8187.187187187187 0.0036113109698610022
8197.197197197198 0.0035978701404386615
8207.207207207208 0.0035844918264638964
8217.217217217218 0.0035711754726276083
8227.227227227228 0.0035579205280694692
8237.237237237237 0.0035447264463627694
8247.247247247247 0.0035315926854990742
8257.257257257257 0.0035185187078727548
8267.267267267267 0.0035055039802653256
8277.277277277277 0.0034925479738296726
8287.287287287287 0.003479650164074108
8297.297297297297 0.0034668100308462993
8307.307307307306 0.003454027058317076
8317.317317317316 0.0034413007349640813
8327.327327327326 0.00342863055355533
8337.337337337336 0.00341601601113264
8347.347347347348 0.003403456608994922
8357.357357357358 0.0033909518526814178
8367.367367367367 0.003378501251954772
8377.377377377377 0.0033661043207840486
8387.387387387387 0.0033537605773276287
8397.397397397397 0.0033414695439160256
8407.407407407409 0.003329230747034602
8417.417417417419 0.0033170437173062244
8427.427427427428 0.0033049079894738034
8437.437437437438 0.003292823102382792
8447.447447447448 0.0032807885989635847
8457.457457457458 0.0032688040262138676
8467.467467467468 0.0032568689351808815
8477.477477477478 0.0032449828809436388
8487.487487487488 0.003233145422595071
8497.497497497498 0.003221356123224125
8507.507507507507 0.003209614549897798
8517.517517517517 0.0031979202736431324
8527.527527527527 0.003186272869429152
8537.537537537537 0.003174671916148761
8547.547547547547 0.0031631169966005904
8557.557557557557 0.00315160769747082
8567.567567567567 0.003140143609314944
8577.577577577576 0.0031287243265395144
8587.587587587586 0.0031173494473838476
8597.597597597598 0.0031060185739017012
8607.607607607608 0.0030947313119429193
8617.617617617618 0.003083487271135058
8627.627627627628 0.003072286064864971
8637.637637637637 0.003061127310260402
8647.647647647647 0.003050010628171518
8657.657657657659 0.0030389356431524584
8667.667667667669 0.0030279019834428596
8677.677677677679 0.0030169092809493366
8687.687687687689 0.003005957171226989
8697.697697697698 0.0029950452934608776
8707.707707707708 0.0029841732904474887
8717.717717717718 0.002973340808576195
8727.727727727728 0.002962547497810706
8737.737737737738 0.002951793011670511
8747.747747747748 0.0029410770072123334
8757.757757757758 0.0029303991450115446
8767.767767767768 0.0029197590891436175
8777.777777777777 0.0029091565071655556
8787.787787787787 0.002898591070097328
8797.797797797797 0.002888062452403294
8807.807807807807 0.0028775703319736602
8817.817817817817 0.0028671143901059003
8827.827827827827 0.002856694311486212
8837.837837837837 0.002846309784170962
8847.847847847848 0.0028359604995681427
8857.857857857858 0.002825646152418835
8867.867867867868 0.0028153664407786745
8877.877877877878 0.002805121065999326
8887.887887887888 0.0027949097327099777
8897.897897897898 0.0027847321487988338
8907.90790790791 0.002774588025394617
8917.91791791792 0.0027644770768480904
8927.927927927929 0.002754399020713581
8937.937937937939 0.002744353577730524
8947.947947947949 0.0027343404718050152
8957.957957957959 0.002724359429991373
8967.967967967968 0.0027144101824737228
8977.977977977978 0.002704492462547585
8987.987987987988 0.0026946060066014845
8997.997997997998 0.0026847505540985766
9008.008008008008 0.002674925847558278
9018.018018018018 0.0026651316325379216
9028.028028028028 0.002655367657614431
9038.038038038037 0.0026456336743659937
9048.048048048047 0.0026359294373537756
9058.058058058057 0.002626254704103625
9068.068068068067 0.002616609235087819
9078.078078078077 0.002606992793706808
9088.088088088087 0.0025974051462709894
9098.098098098098 0.002588246157891662
9108.108108108108 0.0025787973477614783
9118.118118118118 0.002569390429466763
9128.128128128128 0.002560025187831812
9138.138138138138 0.0025507014089126263
9148.148148148148 0.0025414188799893532
9158.15815815816 0.0025321773895587807
9168.16816816817 0.0025229767273269046
9178.17817817818 0.0025138166842014953
9188.188188188189 0.002504697052284744
9198.198198198199 0.0024956176248659445
9208.208208208209 0.002486578196414228
9218.218218218219 0.0024775785625713313
9228.228228228229 0.0024686185201444107
9238.238238238238 0.0024596978670989155
9248.248248248248 0.00245081640255149
9258.258258258258 0.0024419739267629247
9268.268268268268 0.0024331702411311594
9278.278278278278 0.002424405148184313
9288.288288288288 0.002415678451573773
9298.298298298298 0.0024069899560673243
9308.308308308307 0.0023983394675423106
9318.31831831832 0.0023897267929788553
9328.328328328329 0.002381151740453115
9338.338338338339 0.0023726141191305694
9348.348348348349 0.0023641137392593687
9358.358358358359 0.0023556504121637093
9368.368368368368 0.002347223950237258
9378.378378378378 0.0023388341669366187
9388.388388388388 0.0023304808767748318
9398.398398398398 0.00232216389531492
9408.408408408408 0.0023138830391634816
9418.418418418418 0.002305638125964305
9428.428428428428 0.0022974289743920477
9438.43843843844 0.002289255404145932
9448.44844844845 0.002281117235943497
9458.458458458459 0.002273014291514385
9468.468468468469 0.0022649463935941585
9478.478478478479 0.0022569133659181687
9488.488488488489 0.002248915033215461
9498.498498498499 0.0022409512212027043
9508.508508508508 0.002233021756578182
9518.518518518518 0.0022251264670158015
9528.528528528528 0.0022172651811591484
9538.538538538538 0.002209437728615582
9548.548548548548 0.0022016439399503594
9558.558558558558 0.0021938836466808102
9568.56856856857 0.002186156681270527
9578.57857857858 0.0021784628771236167
9588.58858858859 0.0021708020685789705
9598.598598598599 0.002163174090904579
9608.608608608609 0.0021555787802918754
9618.618618618619 0.002148015973850126
9628.628628628629 0.002140485509600849
9638.638638638638 0.002132987226472262
9648.648648648648 0.0021255209642937795
9658.658658658658 0.0021180865637905333
9668.668668668668 0.002110683866577936
9678.678678678678 0.0021033127151562745
9688.68868868869 0.002095972952905329
9698.6986986987 0.0020886644240790506
9708.70870870871 0.002081386973800244
9718.71871871872 0.002074140448055303
9728.728728728729 0.002066924693688973
9738.738738738739 0.0020597395583991456
9748.748748748749 0.0020525848907316903
9758.758758758759 0.002045460540075315
9768.768768768768 0.002038366356656458
9778.778778778778 0.002031302191534221
9788.788788788788 0.0020242678965953186
9798.798798798798 0.0020172633245490825
9808.808808808808 0.00201028832892247
9818.81881881882 0.0020033427640551286
9828.82882882883 0.0019964264850944823
9838.83883883884 0.001989539347990838
9848.84884884885 0.0019826812094925427
9858.85885885886 0.0019758519271411592
9868.868868868869 0.0019690513592666783
9878.878878878879 0.0019622793649827514
9888.888888888889 0.0019555358041819697
9898.898898898899 0.0019488205375311565
9908.908908908908 0.0019421334264667018
9918.918918918918 0.0019354743331899192
9928.928928928928 0.0019288431206624347
9938.93893893894 0.0019222396526016065
9948.94894894895 0.0019156637934759737
9958.95895895896 0.0019091154085007262
9968.96896896897 0.0019025943636332165
9978.97897897898 0.0018961005255684906
9988.98898898899 0.0018896337617348461
9998.998998998999 0.0018831939402894292
10009.009009009009 0.0018767809301138483
10019.019019019019 0.0018703946008098186
10029.029029029029 0.0018640348226948407
10039.039039039038 0.0018577014667978955
10049.049049049048 0.0018513944048551766
10059.059059059058 0.0018451135093058447
10069.06906906907 0.0018388586532878074
10079.07907907908 0.001832629710633534
10089.08908908909 0.0018264265558658836
10099.0990990991 0.0018202490641939732
10109.10910910911 0.0018140971115090641
10119.11911911912 0.0018079705743804747
10129.129129129129 0.0018018693300515234
10139.139139139139 0.0017957932564354943
10149.149149149149 0.0017897422321116266
10159.159159159159 0.0017837161363211337
10169.169169169169 0.0017777148489632486
10179.179179179178 0.001771738250591285
10189.18918918919 0.0017657862224087337
10199.1991991992 0.0017598586462653828
10209.20920920921 0.0017539554046534511
10219.21921921922 0.0017480763807037635
10229.22922922923 0.0017422214581819353
10239.23923923924 0.0017363905214845912
10249.24924924925 0.0017305834556356025
10259.25925925926 0.001724800146282349
10269.269269269269 0.0017190404796920081
10279.279279279279 0.0017133043427478602
10289.289289289289 0.001707591622945627
10299.299299299299 0.001701902208389825
10309.309309309308 0.0016962359877901456
10319.31931931932 0.0016905928504578577
10329.32932932933 0.001684972686302238
10339.33933933934 0.0016793753858270065
10349.34934934935 0.0016738008401268115
10359.35935935936 0.0016682489408837132
10369.36936936937 0.0016627195803637
10379.37937937938 0.001657212651413232
10389.38938938939 0.0016517280474557894
10399.399399399399 0.0016462656624884626
10409.409409409409 0.0016408253910785505
10419.419419419419 0.0016354071283601833
10429.429429429429 0.001630010770030972
10439.43943943944 0.0016246362123486697
10449.44944944945 0.0016192833521278644
10459.45945945946 0.0016139520867366822
10469.46946946947 0.0016086423140935226
10479.47947947948 0.0016033539326638028
10489.48948948949 0.0015980868414567305
10499.4994994995 0.0015928409400220978
10509.50950950951 0.0015876161284470848
10519.51951951952 0.0015824123073531005
10529.52952952953 0.0015772293778926266
10539.539539539539 0.0015720672417460916
10549.549549549549 0.0015669258011187636
10559.559559559559 0.001561804958737657
10569.56956956957 0.0015567046178484626
10579.57957957958 0.0015516246822125043
10589.58958958959 0.0015465650561036959
10599.5995995996 0.0015415256443055397
10609.60960960961 0.0015365063521081265
10619.61961961962 0.0015315070853051652
10629.62962962963 0.0015265277501910243
10639.63963963964 0.0015215682535577933
10649.64964964965 0.001516628502692372
10659.65965965966 0.0015117084053735618
10669.669669669669 0.0015068078698691892
10679.679679679679 0.0015019268049332368
10689.68968968969 0.0014970651198030027
10699.6996996997 0.0014922227241962718
10709.70970970971 0.0014873995283085032
10719.71971971972 0.0014825954428100373
10729.72972972973 0.0014778103788433256
10739.73973973974 0.0014730442480201695
10749.74974974975 0.0014682969624189807
10759.75975975976 0.0014635684345820593
10769.76976976977 0.0014588585775128855
10779.77977977978 0.0014541673046734357
10789.78978978979 0.001449494529981505
10799.799799799799 0.001444840167808055
10809.809809809809 0.0014402041329745767
10819.81981981982 0.001435586340750463
10829.82982982983 0.00143098670685041
10839.83983983984 0.0014264051474318243
10849.84984984985 0.0014218415790922482
10859.85985985986 0.0014172959188668065
10869.86986986987 0.0014127680842256631
10879.87987987988 0.001408257993071497
10889.88988988989 0.001403765563736994
10899.8998998999 0.00139929071498235
10909.90990990991 0.0013948333659927993
10919.91991991992 0.0013903934363761446
10929.92992992993 0.001385970846160315
10939.93993993994 0.0013815655157909327
10949.94994994995 0.0013771773661288987
10959.95995995996 0.0013728063184479875
10969.96996996997 0.0013684522944324641
10979.97997997998 0.0013641152161747087
10989.98998998999 0.0013597950061728654
11000.0 0.0013554915873284956
