#lamb flux
1000.0 1.4330198545688835e+41
1010.01001001001 1.3959277445277624e+41
1020.0200200200201 1.3599213937034359e+41
1030.03003003003 1.3249691668410573e+41
1040.0400400400401 1.2910400375341853e+41
1050.05005005005 1.2581036202379994e+41
1060.06006006006 1.2261301954479272e+41
1070.07007007007 1.1950907288807476e+41
1080.08008008008 1.164956885404294e+41
1090.0900900900901 1.1357010383804825e+41
1100.1001001001 1.1072962750133454e+41
1110.11011011011 1.0797163982284947e+41
1120.1201201201202 1.0529359255519e+41
1130.13013013013 1.026930085403592e+41
1140.1401401401401 1.0016748111750612e+41
1150.1501501501502 9.771467334173303e+40
1160.16016016016 9.533231704292357e+40
1170.1701701701702 9.301821175020748e+40
1180.1801801801803 9.077022350469315e+40
1190.1901901901902 8.858628358043344e+40
1200.2002002002002 8.646438713121525e+40
1210.2102102102103 8.440259177864214e+40
1220.2202202202202 8.239901615508782e+40
1230.2302302302303 8.0451838413414345e+40
1240.2402402402402 7.855929471384836e+40
1250.2502502502502 7.67196637788074e+40
1260.2602602602603 7.493125380592669e+40
1270.2702702702702 7.319239892621698e+40
1280.2802802802803 7.150156364716297e+40
1290.2902902902902 6.98572620354138e+40
1300.3003003003003 6.825805626783352e+40
1310.3103103103103 6.670255520007495e+40
1320.3203203203202 6.518941295576807e+40
1330.3303303303303 6.371732753892087e+40
1340.3403403403404 6.2285039471686265e+40
1350.3503503503503 6.089133045926022e+40
1360.3603603603603 5.953502208333186e+40
1370.3703703703704 5.821497452520425e+40
1380.3803803803803 5.693008531943649e+40
1390.3903903903904 5.567928813862565e+40
1400.4004004004005 5.44615516097415e+40
1410.4104104104103 5.327587816224902e+40
1420.4204204204204 5.212130290809793e+40
1430.4304304304305 5.099689255352406e+40
1440.4404404404404 4.990174434249146e+40
1450.4504504504505 4.883498503150301e+40
1460.4604604604606 4.77957698954244e+40
1470.4704704704704 4.678328176389066e+40
1480.4804804804805 4.579673008780689e+40
1490.4904904904906 4.483535003540127e+40
1500.5005005005005 4.389840161724849e+40
1510.5105105105106 4.2985168839646687e+40
1520.5205205205207 4.209495888570516e+40
1530.5305305305305 4.1227101323478186e+40
1540.5405405405404 4.038094734046624e+40
1550.5505505505505 3.9555869003794656e+40
1560.5605605605606 3.8751258545373176e+40
1570.5705705705705 3.7966527671338307e+40
1580.5805805805805 3.7201106895079396e+40
1590.5905905905906 3.645444489315357e+40
1600.6006006006005 3.572600788340001e+40
1610.6106106106106 3.50152790245719e+40
1620.6206206206207 3.432175783681344e+40
1630.6306306306305 3.364495964232165e+40
1640.6406406406406 3.298441502554325e+40
1650.6506506506507 3.233966931227351e+40
1660.6606606606606 3.1710282067035653e+40
1670.6706706706707 3.1095826608137875e+40
1680.6806806806808 3.0495889539820444e+40
1690.6906906906906 2.991007030092363e+40
1700.7007007007007 2.933798100441199e+40
1710.7107107107108 2.8779246544369776e+40
1720.7207207207207 2.823350213606341e+40
1730.7307307307308 2.7700394058557083e+40
1740.7407407407409 2.7179579432406833e+40
1750.7507507507507 2.667072585342585e+40
1760.7607607607606 2.617351103984436e+40
1770.770770770771 2.5687622492454755e+40
1780.7807807807808 2.5212757167365513e+40
1790.7907907907907 2.47486211610226e+40
1800.8008008008007 2.4294929407194674e+40
1810.8108108108108 2.3851405385659567e+40
1820.8208208208207 2.341778084237208e+40
1830.8308308308308 2.29937955209412e+40
1840.8408408408409 2.257919690529309e+40
1850.8508508508507 2.217373997344693e+40
1860.8608608608608 2.177718696238164e+40
1870.870870870871 2.138930714401882e+40
1880.8808808808808 2.1009876612388832e+40
1890.890890890891 2.0638678082074668e+40
1900.900900900901 2.0275500698037457e+40
1910.9109109109108 1.9920139856903432e+40
1920.920920920921 1.9572397039726338e+40
1930.930930930931 1.923207965611096e+40
1940.940940940941 1.8899000899377658e+40
1950.950950950951 1.8572979612142077e+40
1960.960960960961 1.8253840161262077e+40
1970.970970970971 1.7941412320550828e+40
1980.980980980981 1.763553115896953e+40
1990.9909909909911 1.7336036931211115e+40
2001.001001001001 1.7042774966711765e+40
2011.0110110110109 1.6755595552259411e+40
2021.0210210210212 1.6474353802632202e+40
2031.031031031031 1.6198909513259018e+40
2041.0410410410411 1.5929126988950558e+40
2051.051051051051 1.5664874843511906e+40
2061.061061061061 1.5406025766690974e+40
2071.071071071071 1.5152456257534114e+40
2081.081081081081 1.490404632674759e+40
2091.091091091091 1.4660679174843357e+40
2101.101101101101 1.4422240857199866e+40
2111.1111111111113 1.4188619951030306e+40
2121.121121121121 1.39597072418754e+40
2131.131131131131 1.3735395447946505e+40
2141.141141141141 1.3515578999010853e+40
2151.151151151151 1.330015388250302e+40
2161.161161161161 1.3089017563601398e+40
2171.1711711711714 1.2882068978974233e+40
2181.1811811811813 1.2679208596869111e+40
2191.191191191191 1.2480338530286147e+40
2201.201201201201 1.228536268599348e+40
2211.2112112112113 1.209418693055246e+40
2221.221221221221 1.1906719255292358e+40
2231.2312312312315 1.1722869924879903e+40
2241.2412412412414 1.1542551598083676e+40
2251.2512512512512 1.1365679413780035e+40
2261.261261261261 1.1192171039514632e+40
2271.271271271271 1.102194668353323e+40
2281.2812812812813 1.0854929073863089e+40
2291.2912912912916 1.0691043409699013e+40
2301.3013013013015 1.0530217291115609e+40
2311.3113113113113 1.0372380633169994e+40
2321.321321321321 1.0217465569989039e+40
2331.331331331331 1.0065406353656867e+40
2341.3413413413414 9.916139251803292e+39
2351.3513513513512 9.769602446867781e+39
2361.3613613613616 9.625735939161195e+39
2371.3713713713714 9.484481455114543e+39
2381.3813813813813 9.34578236150815e+39
2391.391391391391 9.209583586015693e+39
2401.4014014014015 9.075831544060833e+39
2411.4114114114113 8.944474071752928e+39
2421.4214214214217 8.815460364520442e+39
2431.4314314314315 8.688740920978139e+39
2441.4414414414414 8.564267491528778e+39
2451.4514514514512 8.441993031198529e+39
2461.4614614614616 8.321871656225616e+39
2471.4714714714714 8.203858603955766e+39
2481.4814814814818 8.087910195639085e+39
2491.4914914914916 7.973983801766951e+39
2501.5015015015015 7.862037809631096e+39
2511.5115115115113 7.752031592828399e+39
2521.521521521521 7.643925482473112e+39
2531.5315315315315 7.537680739912424e+39
2541.541541541542 7.43325953077164e+39
2551.5515515515517 7.33062490018147e+39
2561.5615615615616 7.229740749062767e+39
2571.5715715715714 7.130571811363459e+39
2581.5815815815813 7.033083632158691e+39
2591.5915915915916 6.937242546539175e+39
2601.6016016016015 6.843015659224234e+39
2611.611611611612 6.750370824845669e+39
2621.6216216216217 6.659276628856712e+39
2631.6316316316315 6.569702369026728e+39
2641.6416416416414 6.481618037488155e+39
2651.6516516516517 6.39499430330634e+39
2661.6616616616616 6.309802495546902e+39
2671.671671671672 6.226014586818202e+39
2681.6816816816818 6.14360317726915e+39
2691.6916916916916 6.06254147902443e+39
2701.7017017017015 5.982803301041211e+39
2711.711711711712 5.904363034372665e+39
2721.7217217217217 5.827195637824826e+39
2731.731731731732 5.751276623994297e+39
2741.741741741742 5.676582045675206e+39
2751.7517517517517 5.603088482624343e+39
2761.7617617617616 5.530773028674264e+39
2771.7717717717715 5.459613279184297e+39
2781.781781781782 5.389587318820144e+39
2791.791791791792 5.3206737096530107e+39
2801.801801801802 5.252851479569459e+39
2811.811811811812 5.186100110983672e+39
2821.8218218218217 5.1203995298438987e+39
2831.8318318318316 5.055730094925251e+39
2841.841841841842 4.992072587401126e+39
2851.851851851852 4.9294082006858677e+39
2861.861861861862 4.8677185305413674e+39
2871.871871871872 4.806985565440576e+39
2881.881881881882 4.747191677181071e+39
2891.8918918918916 4.688319611741997e+39
2901.901901901902 4.630352480377813e+39
2911.911911911912 4.5732737509425844e+39
2921.921921921922 4.5170672394385264e+39
2931.931931931932 4.461717101782893e+39
2941.941941941942 4.407207825787229e+39
2951.9519519519517 4.353524223343323e+39
2961.961961961962 4.300651422810305e+39
2971.971971971972 4.248574861597383e+39
2981.9819819819822 4.197280278937015e+39
2991.991991991992 4.146753708843316e+39
3002.002002002002 4.0969814732507015e+39
3012.012012012012 4.0479501753278957e+39
3022.0220220220217 3.9996466929625506e+39
3032.032032032032 3.952095019787167e+39
3042.0420420420423 3.905203997585255e+39
3052.052052052052 3.859001811648387e+39
3062.062062062062 3.8134767477669355e+39
3072.072072072072 3.7686172788951415e+39
3082.0820820820823 3.724412066402283e+39
3092.092092092092 3.680849960754721e+39
3102.102102102102 3.637920001693048e+39
3112.1121121121123 3.5956114179626e+39
3122.122122122122 3.553913626649841e+39
3132.132132132132 3.512816232172195e+39
3142.1421421421423 3.472309024964212e+39
3152.152152152152 3.432381979898815e+39
3162.162162162162 3.393025254478475e+39
3172.1721721721724 3.3542291868278066e+39
3182.1821821821823 3.315984293515854e+39
3192.192192192192 3.278281267233487e+39
3202.202202202202 3.241110974348757e+39
3212.2122122122123 3.2044644523607004e+39
3222.222222222222 3.168332907269944e+39
3232.232232232232 3.1327077108824885e+39
3242.2422422422424 3.097580398061365e+39
3252.252252252252 3.0629426639392226e+39
3262.262262262262 3.02878636110347e+39
3272.2722722722724 2.9951034967642966e+39
3282.2822822822823 2.961886229914729e+39
3292.292292292292 2.929126868490802e+39
3302.3023023023025 2.896817866538968e+39
3312.3123123123123 2.8649518213970057e+39
3322.322322322322 2.833521470893884e+39
3332.3323323323325 2.802519690573367e+39
3342.3423423423424 2.77193949094549e+39
3352.352352352352 2.7417740147694215e+39
3362.3623623623625 2.7120165343708513e+39
3372.3723723723724 2.6826604489963938e+39
3382.3823823823823 2.6536992822072108e+39
3392.3923923923926 2.6251266793136966e+39
3402.4024024024025 2.5969364048526397e+39
3412.4124124124123 2.569122340108042e+39
3422.4224224224226 2.5416784806765438e+39
3432.4324324324325 2.5145989340781088e+39
3442.4424424424424 2.4878779174124153e+39
3452.4524524524522 2.4615097550612752e+39
3462.4624624624626 2.4354888764371828e+39
3472.4724724724724 2.4098098137779802e+39
3482.4824824824823 2.3844671999874662e+39
3492.4924924924926 2.3594557665217302e+39
3502.5025025025025 2.3347703413208247e+39
3512.5125125125123 2.3104058467853465e+39
3522.5225225225226 2.2863572977974285e+39
3532.5325325325325 2.2626197997855553e+39
3542.5425425425424 2.2391885468325858e+39
3552.5525525525527 2.2160588198263212e+39
3562.5625625625626 2.193225984651908e+39
3572.5725725725724 2.1706854904253406e+39
3582.5825825825827 2.1484328677673168e+39
3592.5925925925926 2.1264637271166575e+39
3602.6026026026025 2.1047737570825087e+39
3612.612612612613 2.0833587228345325e+39
3622.6226226226227 2.062214464530263e+39
3632.6326326326325 2.0413368957788253e+39
3642.642642642643 2.0207220021402273e+39
3652.6526526526527 2.0003658396593978e+39
3662.6626626626626 1.980264533434163e+39
3672.672672672673 1.9604142762163892e+39
3682.6826826826828 1.9408113270454955e+39
3692.6926926926926 1.9214520099135497e+39
3702.7027027027025 1.9023327124611872e+39
3712.712712712713 1.8834498847035998e+39
3722.7227227227227 1.8648000377858684e+39
3732.7327327327325 1.8463797427668556e+39
3742.742742742743 1.8281856294310208e+39
3752.7527527527527 1.8102143851273933e+39
3762.7627627627626 1.7924627536350447e+39
3772.772772772773 1.774927534054395e+39
3782.7827827827828 1.7576055797236777e+39
3792.7927927927926 1.7404937971599382e+39
3802.802802802803 1.7235891450239328e+39
3812.812812812813 1.7068886331083227e+39
3822.8228228228227 1.6903893213485617e+39
3832.832832832833 1.674088318855904e+39
3842.842842842843 1.6579827829719625e+39
3852.8528528528527 1.6420699183442698e+39
3862.862862862863 1.626346976022306e+39
3872.872872872873 1.610811252573473e+39
3882.8828828828828 1.59546008921849e+39
3892.892892892893 1.5802908709857626e+39
3902.902902902903 1.5653010258841847e+39
3912.912912912913 1.5504880240939553e+39
3922.922922922923 1.535849377174923e+39
3932.932932932933 1.5213826372920504e+39
3942.942942942943 1.5070853964575285e+39
3952.9529529529527 1.492955285789157e+39
3962.962962962963 1.4789899747845772e+39
3972.972972972973 1.465187170610949e+39
3982.982982982983 1.4515446174097093e+39
3992.992992992993 1.4380600956160212e+39
4003.003003003003 1.424731421292576e+39
4013.013013013013 1.411556445477367e+39
4023.023023023023 1.3985330535451174e+39
4033.033033033033 1.385659164582025e+39
4043.043043043043 1.3729327307734864e+39
4053.053053053053 1.3603517368045134e+39
4063.063063063063 1.3479141992725144e+39
4073.073073073073 1.3356181661121532e+39
4083.0830830830832 1.3234617160320008e+39
4093.093093093093 1.3114429579626967e+39
4103.103103103103 1.2995600305163405e+39
4113.113113113113 1.2878111014568736e+39
4123.123123123123 1.2761943671811528e+39
4133.133133133133 1.2647080522105101e+39
4143.143143143143 1.253350408692526e+39
4153.153153153153 1.2421197159127918e+39
4163.163163163163 1.2310142798164232e+39
4173.173173173173 1.2200324325391096e+39
4183.183183183183 1.2091725319474795e+39
4193.193193193193 1.1984329611885588e+39
4203.203203203203 1.1878121282481318e+39
4213.213213213214 1.1773084655177984e+39
4223.223223223224 1.1669204293705248e+39
4233.2332332332335 1.1566464997445036e+39
4243.243243243243 1.1464851797351409e+39
4253.253253253253 1.1364349951949802e+39
4263.263263263263 1.1264944943413998e+39
4273.273273273273 1.1166622473719017e+39
4283.283283283283 1.1069368460868268e+39
4293.293293293293 1.0973169035193427e+39
4303.303303303303 1.0878010535725336e+39
4313.313313313313 1.078387950663448e+39
4323.323323323323 1.0690762693739401e+39
4333.333333333334 1.0598647041081797e+39
4343.343343343344 1.0507519687566655e+39
4353.353353353354 1.041736796366616e+39
4363.3633633633635 1.0328179388185944e+39
4373.373373373373 1.0239941665092433e+39
4383.383383383383 1.0152642680399898e+39
4393.393393393393 1.006627049911603e+39
4403.403403403403 9.980813362244762e+38
4413.413413413413 9.896259683845116e+38
4423.423423423424 9.812598048144997e+38
4433.4334334334335 9.729817206708691e+38
4443.443443443443 9.647906075656957e+38
4453.453453453454 9.566853732938669e+38
4463.463463463464 9.48664941565303e+38
4473.473473473474 9.40728251742097e+38
4483.483483483484 9.328742585805204e+38
4493.493493493494 9.251019319777558e+38
4503.503503503503 9.174102567232782e+38
4513.513513513513 9.097982322547914e+38
4523.523523523523 9.022648724186111e+38
4533.533533533533 8.948092052344287e+38
4543.543543543543 8.874302726643447e+38
4553.553553553554 8.801271303860978e+38
4563.563563563564 8.728988475704062e+38
4573.573573573573 8.657445066623279e+38
4583.583583583584 8.586632031665737e+38
4593.593593593594 8.516540454366854e+38
4603.603603603604 8.447161544679993e+38
4613.613613613614 8.378486636943316e+38
4623.623623623624 8.310507187883005e+38
4633.6336336336335 8.243214774652161e+38
4643.643643643643 8.176601092904775e+38
4653.653653653653 8.110657954903885e+38
4663.663663663663 8.045377287663444e+38
4673.673673673674 7.9807511311231e+38
4683.683683683684 7.916771636355371e+38
4693.693693693694 7.853431063804426e+38
4703.703703703704 7.790721781555997e+38
4713.713713713714 7.728636263637782e+38
4723.723723723724 7.667167088349663e+38
4733.733733733734 7.606306936623276e+38
4743.743743743744 7.546048590410334e+38
4753.753753753754 7.486384931099089e+38
4763.763763763764 7.427308937958486e+38
4773.773773773773 7.368813686609368e+38
4783.783783783783 7.310892347522365e+38
4793.793793793793 7.253538184541788e+38
4803.803803803804 7.196744553435136e+38
4813.813813813814 7.140504900467739e+38
4823.823823823824 7.084812761001981e+38
4833.833833833834 7.029661758120686e+38
4843.843843843844 6.975045601274247e+38
4853.853853853854 6.920958084950946e+38
4863.863863863864 6.867393087370129e+38
4873.873873873874 6.814344569197755e+38
4883.883883883884 6.761806572283896e+38
4893.893893893894 6.709773218421815e+38
4903.9039039039035 6.6582387081281625e+38
4913.913913913913 6.607197319443943e+38
4923.923923923924 6.5566434067558275e+38
4933.933933933934 6.5065713996374995e+38
4943.943943943944 6.456975801710523e+38
4953.953953953955 6.4078511895245614e+38
4963.9639639639645 6.359192211456435e+38
4973.973973973974 6.3109935866277015e+38
4983.983983983984 6.263250103840497e+38
4993.993993993994 6.215956620531177e+38
5004.004004004004 6.16910806174155e+38
5014.014014014014 6.122699419107278e+38
5024.024024024024 6.07672574986318e+38
5034.0340340340335 6.031182175865166e+38
5044.044044044043 5.98606388262839e+38
5054.054054054054 5.9413661183814346e+38
5064.064064064064 5.8970841931361764e+38
5074.074074074074 5.85321347777305e+38
5084.084084084085 5.809749403141436e+38
5094.0940940940945 5.766687459174947e+38
5104.104104104104 5.724023194021233e+38
5114.114114114114 5.6817522131861444e+38
5124.124124124124 5.6398701786919565e+38
5134.134134134134 5.5983728082493925e+38
5144.144144144144 5.557255874443197e+38
5154.154154154154 5.5165152039310514e+38
5164.1641641641645 5.4761466766555195e+38
5174.174174174174 5.436146225068899e+38
5184.184184184184 5.396509833370614e+38
5194.194194194194 5.357233536757033e+38
5204.204204204204 5.318313420683461e+38
5214.214214214214 5.279745620138046e+38
5224.224224224225 5.2415263189274394e+38
5234.2342342342345 5.203651748973993e+38
5244.244244244244 5.166118189624243e+38
5254.254254254254 5.128921966968567e+38
5264.264264264264 5.0920594531716984e+38
5274.274274274274 5.05552706581405e+38
5284.284284284285 5.019321267243513e+38
5294.294294294295 4.9834385639376625e+38
5304.304304304304 4.947875505876088e+38
5314.314314314314 4.912628685922776e+38
5324.324324324324 4.87769473921826e+38
5334.334334334334 4.8430703425814654e+38
5344.344344344345 4.808752213920989e+38
5354.354354354355 4.7747371116557456e+38
5364.3643643643645 4.741021834144711e+38
5374.374374374374 4.70760321912571e+38
5384.384384384384 4.674478143162995e+38
5394.394394394394 4.641643521103551e+38
5404.404404404404 4.609096305541892e+38
5414.414414414415 4.5768334862932806e+38
5424.424424424425 4.544852089875173e+38
5434.4344344344345 4.5131491789967455e+38
5444.444444444444 4.481721852056398e+38
5454.454454454454 4.4505672426471e+38
5464.464464464464 4.419682519069376e+38
5474.474474474475 4.389064883851888e+38
5484.484484484485 4.358711573279432e+38
5494.494494494495 4.328619856928216e+38
5504.504504504504 4.298787037208358e+38
5514.514514514514 4.269210448913377e+38
5524.524524524524 4.239887458776681e+38
5534.534534534535 4.2108154650348146e+38
5544.544544544545 4.181991896997451e+38
5554.554554554555 4.153414214623932e+38
5564.5645645645645 4.125079908106312e+38
5574.574574574574 4.096986497458754e+38
5584.584584584584 4.069131532113189e+38
5594.594594594595 4.0415125905211094e+38
5604.604604604605 4.014127279761462e+38
5614.614614614615 3.986973235154414e+38
5624.624624624625 3.9600481198810364e+38
5634.6346346346345 3.933349624608706e+38
5644.644644644644 3.906875467122144e+38
5654.654654654654 3.880623391960068e+38
5664.664664664665 3.854591170057244e+38
5674.674674674675 3.828776598391983e+38
5684.684684684685 3.803177499638863e+38
5694.694694694695 3.777791721826692e+38
5704.704704704704 3.752617138001563e+38
5714.714714714714 3.7276516458949564e+38
5724.724724724725 3.702893167596762e+38
5734.734734734735 3.678339649233192e+38
5744.744744744745 3.653989060649459e+38
5754.754754754755 3.6298393950971605e+38
5764.764764764765 3.6058886689263094e+38
5774.774774774774 3.582134921281896e+38
5784.784784784785 3.5585762138049356e+38
5794.794794794795 3.535210630337928e+38
5804.804804804805 3.5120362766346395e+38
5814.814814814815 3.489051280074144e+38
5824.824824824825 3.466253789379077e+38
5834.8348348348345 3.4436419743379825e+38
5844.844844844845 3.421214025531763e+38
5854.854854854855 3.3989681540640716e+38
5864.864864864865 3.376902591295664e+38
5874.874874874875 3.355015588582609e+38
5884.884884884885 3.3333054170182948e+38
5894.894894894895 3.3117703671791814e+38
5904.9049049049045 3.2904087488742302e+38
5914.914914914915 3.2692188908979548e+38
5924.924924924925 3.2481991407870528e+38
5934.934934934935 3.227347864580502e+38
5944.944944944945 3.2066634465831615e+38
5954.954954954955 3.1861442891327262e+38
5964.964964964965 3.165788812370042e+38
5974.974974974975 3.145595454012703e+38
5984.984984984985 3.125562669131896e+38
5994.994994994995 3.105688929932411e+38
6005.005005005005 3.0859727255358e+38
6015.015015015015 3.0664125617666208e+38
6025.025025025025 3.0470069609417113e+38
6035.035035035035 3.027754461662451e+38
6045.045045045045 3.0086536186099785e+38
6055.055055055055 2.9897030023432793e+38
6065.065065065065 2.970901199100149e+38
6075.075075075075 2.9522468106009453e+38
6085.085085085085 2.9337384538551017e+38
6095.0950950950955 2.9153747609703755e+38
6105.105105105105 2.897154378964754e+38
6115.115115115115 2.8790759695809975e+38
6125.125125125125 2.8611382091037832e+38
6135.135135135135 2.8433397881794043e+38
6145.145145145145 2.8256794116379603e+38
6155.155155155155 2.8081557983180563e+38
6165.1651651651655 2.7907676808939054e+38
6175.175175175175 2.7735138057048573e+38
6185.185185185185 2.7563929325872636e+38
6195.195195195195 2.7394038347086923e+38
6205.205205205205 2.7225452984044182e+38
6215.215215215215 2.705816123016162e+38
6225.225225225226 2.6892151207330748e+38
6235.235235235235 2.6727411164348733e+38
6245.245245245245 2.6563929475371614e+38
6255.255255255255 2.640169463838856e+38
6265.265265265265 2.624069527371691e+38
6275.275275275275 2.6080920122518008e+38
6285.285285285286 2.5922358045333072e+38
6295.295295295296 2.5764998020639214e+38
6305.305305305305 2.560882914342476e+38
6315.315315315315 2.545384062378437e+38
6325.325325325325 2.5300021785532833e+38
6335.335335335335 2.514736206483785e+38
6345.345345345346 2.4995851008871086e+38
6355.355355355356 2.4845478274477743e+38
6365.3653653653655 2.4696233626863698e+38
6375.375375375375 2.4548106938300634e+38
6385.385385385385 2.440108818684827e+38
6395.395395395395 2.425516745509404e+38
6405.405405405405 2.41103349289094e+38
6415.415415415416 2.396658089622289e+38
6425.425425425426 2.382389574580962e+38
6435.4354354354355 2.3682269966096726e+38
6445.445445445445 2.3541694143984956e+38
6455.455455455455 2.3402158963685682e+38
6465.465465465465 2.326365520557364e+38
6475.475475475476 2.312617374505459e+38
6485.485485485486 2.298970555144818e+38
6495.495495495496 2.2854241686885423e+38
6505.505505505505 2.2719773305220786e+38
6515.515515515515 2.2586291650958656e+38
6525.525525525525 2.245378805819386e+38
6535.535535535536 2.23222539495661e+38
6545.545545545546 2.2191680835228245e+38
6555.555555555556 2.2062060311827882e+38
6565.5655655655655 2.1933384061502456e+38
6575.575575575575 2.1805643850887323e+38
6585.585585585585 2.1678831530136908e+38
6595.595595595596 2.1552939031958435e+38
6605.605605605606 2.14279583706584e+38
6615.615615615616 2.130388164120131e+38
6625.625625625626 2.118070101828061e+38
6635.6356356356355 2.1058408755401756e+38
6645.645645645645 2.0936997183977025e+38
6655.655655655655 2.0816458712432047e+38
6665.665665665666 2.0696785825323877e+38
6675.675675675676 2.057797108247039e+38
6685.685685685686 2.046000711809086e+38
6695.695695695696 2.0342886639957612e+38
6705.705705705705 2.022660242855849e+38
6715.715715715715 2.011114733627006e+38
6725.725725725726 1.999651428654144e+38
6735.735735735736 1.9882696273088407e+38
6745.745745745746 1.976968635909789e+38
6755.755755755756 1.9657477676442618e+38
6765.7657657657655 1.954606342490554e+38
6775.775775775775 1.9435436871414324e+38
6785.785785785786 1.932559134928542e+38
6795.795795795796 1.9216520257477696e+38
6805.805805805806 1.9108217059855562e+38
6815.815815815816 1.90006752844613e+38
6825.825825825826 1.8893888522796663e+38
6835.8358358358355 1.878785042911339e+38
6845.845845845846 1.8682554719712775e+38
6855.855855855856 1.8577995172253892e+38
6865.865865865866 1.8474165625070583e+38
6875.875875875876 1.8371059976496843e+38
6885.885885885886 1.8268672184200867e+38
6895.895895895896 1.8166996264527196e+38
6905.9059059059055 1.8066026291847134e+38
6915.915915915916 1.7965756397917233e+38
6925.925925925926 1.7866180771245792e+38
6935.935935935936 1.7767293656467107e+38
6945.945945945946 1.7669089353723613e+38
6955.955955955956 1.7571562218055513e+38
6965.965965965966 1.747470665879809e+38
6975.975975975976 1.7378517138986346e+38
6985.985985985986 1.728298817476707e+38
6995.995995995996 1.7188114334818003e+38
7006.006006006006 1.709389023977429e+38
7016.016016016016 1.7000310561661846e+38
7026.026026026026 1.6907370023337704e+38
7036.036036036036 1.6815063397937286e+38
7046.046046046046 1.6723385508328287e+38
7056.056056056056 1.6632331226571336e+38
7066.066066066066 1.6541895473387107e+38
7076.076076076076 1.6452073217630086e+38
7086.086086086086 1.636285947576855e+38
7096.0960960960965 1.6274249311370987e+38
7106.106106106106 1.618623783459865e+38
7116.116116116116 1.6098820201704314e+38
7126.126126126126 1.6011991614537064e+38
7136.136136136136 1.5925747320053044e+38
7146.146146146146 1.5840082609832125e+38
7156.156156156156 1.5754992819600373e+38
7166.1661661661665 1.5670473328758266e+38
7176.176176176176 1.5586519559914576e+38
7186.186186186186 1.550312697842582e+38
7196.196196196196 1.5420291091941243e+38
7206.206206206206 1.5338007449953233e+38
7216.216216216216 1.5256271643353094e+38
7226.226226226227 1.5175079303992126e+38
7236.236236236236 1.5094426104247934e+38
7246.246246246246 1.501430775659587e+38
7256.256256256256 1.4934720013185583e+38
7266.266266266266 1.4855658665422615e+38
7276.276276276276 1.4777119543554882e+38
7286.286286286287 1.4699098516264108e+38
7296.2962962962965 1.4621591490262062e+38
7306.306306306306 1.4544594409891561e+38
7316.316316316316 1.446810325673218e+38
7326.326326326326 1.4392114049210556e+38
7336.336336336336 1.4316622842215357e+38
7346.346346346347 1.4241625726716666e+38
7356.356356356357 1.416711882938995e+38
7366.3663663663665 1.409309831224424e+38
7376.376376376376 1.40195603722549e+38
7386.386386386386 1.3946501241000468e+38
7396.396396396396 1.3873917184303867e+38
7406.406406406406 1.3801804501877723e+38
7416.416416416417 1.373015952697381e+38
7426.426426426427 1.365897862603663e+38
7436.436436436436 1.358825819836094e+38
7446.446446446446 1.3517994675753226e+38
7456.456456456456 1.344818452219722e+38
7466.466466466466 1.3378824233523122e+38
7476.476476476477 1.3309910337080754e+38
7486.486486486487 1.324143939141644e+38
7496.496496496497 1.317340798595358e+38
7506.506506506506 1.3105812740676917e+38
7516.516516516516 1.3038650305820465e+38
7526.526526526526 1.2971917361558917e+38
7536.536536536537 1.2905610617702714e+38
7546.546546546547 1.2839726813396499e+38
7556.556556556557 1.2774262716821053e+38
7566.5665665665665 1.2709215124898628e+38
7576.576576576576 1.2644580863001617e+38
7586.586586586586 1.2580356784664617e+38
7596.596596596597 1.2516539771299583e+38
7606.606606606607 1.245312673191451e+38
7616.616616616617 1.2390114602834959e+38
7626.626626626627 1.232750034742899e+38
7636.6366366366365 1.2265280955835122e+38
7646.646646646646 1.2203453444693311e+38
7656.656656656657 1.2142014856879063e+38
7666.666666666667 1.2080962261240446e+38
7676.676676676677 1.2020292752338147e+38
7686.686686686687 1.1960003450188367e+38
7696.696696696697 1.190009150000866e+38
7706.706706706706 1.1840554071966592e+38
7716.716716716716 1.1781388360931237e+38
7726.726726726727 1.1722591586227412e+38
7736.736736736737 1.1664160991392694e+38
7746.746746746747 1.1606093843937128e+38
7756.756756756757 1.1548387435105608e+38
7766.7667667667665 1.1491039079642914e+38
7776.776776776776 1.1434046115561358e+38
7786.786786786787 1.1377405903910983e+38
7796.796796796797 1.1321115828552353e+38
7806.806806806807 1.1265173295931825e+38
7816.816816816817 1.1209575734859288e+38
7826.826826826827 1.1154320596288433e+38
7836.8368368368365 1.1099405353099362e+38
7846.846846846847 1.1044827499883603e+38
7856.856856856857 1.0990584552731593e+38
7866.866866866867 1.09366740490223e+38
7876.876876876877 1.0883093547215372e+38
7886.886886886887 1.0829840626645405e+38
7896.896896896897 1.0776912887318531e+38
7906.906906906907 1.0724307949711226e+38
7916.916916916917 1.0672023454571307e+38
7926.926926926927 1.0620057062721098e+38
7936.936936936937 1.0568406454862721e+38
7946.946946946947 1.0517069331385577e+38
7956.956956956957 1.0466043412175832e+38
7966.9669669669665 1.0415326436428014e+38
7976.976976976977 1.0364916162458668e+38
7986.986986986987 1.0314810367522e+38
7996.996996996997 1.0265006847627517e+38
8007.007007007007 1.0215503417359656e+38
8017.017017017017 1.0166297909699328e+38
8027.027027027027 1.011738817584745e+38
8037.037037037037 1.006877208505028e+38
8047.047047047047 1.0020447524426733e+38
8057.057057057057 9.972412398797469e+37
8067.067067067067 9.92466463051585e+37
8077.077077077077 9.87720215930072e+37
8087.087087087087 9.830022942070956e+37
8097.0970970970975 9.783124952781762e+37
8107.107107107107 9.736506182262818e+37
8117.117117117117 9.690164638057976e+37
8127.127127127127 9.644098344266855e+37
8137.137137137137 9.598305341387962e+37
8147.147147147147 9.552783686163604e+37
8157.157157157158 9.50753145142636e+37
8167.1671671671675 9.462546725947221e+37
8177.177177177177 9.417827614285333e+37
8187.187187187187 9.373372236639322e+37
8197.197197197198 9.329178728700199e+37
8207.207207207208 9.285245241505804e+37
8217.217217217218 9.241569941296803e+37
8227.227227227228 9.198151009374182e+37
8237.237237237237 9.154986641958254e+37
8247.247247247247 9.112075050049129e+37
8257.257257257257 9.06941445928869e+37
8267.267267267267 9.027003109823946e+37
8277.277277277277 8.984839256171886e+37
8287.287287287287 8.942921167085701e+37
8297.297297297297 8.901247125422416e+37
8307.307307307306 8.85981542801192e+37
8317.317317317316 8.818624385527315e+37
8327.327327327326 8.777672322356671e+37
8337.337337337336 8.736957576476095e+37
8347.347347347348 8.696478499324056e+37
8357.357357357358 8.65623345567715e+37
8367.367367367367 8.616220823526995e+37
8377.377377377377 8.576438993958522e+37
8387.387387387387 8.536886371029449e+37
8397.397397397397 8.497561371651053e+37
8407.407407407409 8.458462425470125e+37
8417.417417417419 8.419587974752182e+37
8427.427427427428 8.380936474265839e+37
8437.437437437438 8.342506391168409e+37
8447.447447447448 8.304296204892645e+37
8457.457457457458 8.266304407034689e+37
8467.467467467468 8.228529501243096e+37
8477.477477477478 8.190970003109071e+37
8487.487487487488 8.153624440057773e+37
8497.497497497498 8.116491351240767e+37
8507.507507507507 8.079569287429532e+37
8517.517517517517 8.042856810910088e+37
8527.527527527527 8.006352495378697e+37
8537.537537537537 7.970054925838584e+37
8547.547547547547 7.933962698497754e+37
8557.557557557557 7.898074420667814e+37
8567.567567567567 7.86238871066384e+37
8577.577577577576 7.82690419770523e+37
8587.587587587586 7.791619521817603e+37
8597.597597597598 7.756533333735634e+37
8607.607607607608 7.721644294806924e+37
8617.617617617618 7.686951076896795e+37
8627.627627627628 7.652452362294059e+37
8637.637637637637 7.618146843617747e+37
8647.647647647647 7.584033223724751e+37
8657.657657657659 7.550110215618399e+37
8667.667667667669 7.516376542357991e+37
8677.677677677679 7.482830936969141e+37
8687.687687687689 7.449472142355116e+37
8697.697697697698 7.416298911208994e+37
8707.707707707708 7.383310005926751e+37
8717.717717717718 7.350504198521165e+37
8727.727727727728 7.317880270536594e+37
8737.737737737738 7.285437012964628e+37
8747.747747747748 7.253173226160546e+37
8757.757757757758 7.221087719760593e+37
8767.767767767768 7.189179312600124e+37
8777.777777777777 7.157446832632515e+37
8787.787787787787 7.1258891168489e+37
8797.797797797797 7.094505011198678e+37
8807.807807807807 7.063293370510832e+37
8817.817817817817 7.032253058416e+37
8827.827827827827 7.001382947269328e+37
8837.837837837837 6.970681918074077e+37
8847.847847847848 6.940148860405978e+37
8857.857857857858 6.909782672338341e+37
8867.867867867868 6.879582260367877e+37
8877.877877877878 6.849546539341257e+37
8887.887887887888 6.8196744323823995e+37
8897.897897897898 6.78996487082046e+37
8907.90790790791 6.760416794118523e+37
8917.91791791792 6.731029149802979e+37
8927.927927927929 6.701800893393617e+37
8937.937937937939 6.672730988334369e+37
8947.947947947949 6.643818405924743e+37
8957.957957957959 6.615062125251915e+37
8967.967967967968 6.586461133123493e+37
8977.977977977978 6.558014424000904e+37
8987.987987987988 6.529720999933463e+37
8997.997997997998 6.501579870493049e+37
9008.008008008008 6.473590052709423e+37
9018.018018018018 6.4457505710061805e+37
9028.028028028028 6.4180604571373e+37
9038.038038038037 6.390518750124318e+37
9048.048048048047 6.363124496194111e+37
9058.058058058057 6.335876748717252e+37
9068.068068068067 6.308774568146995e+37
9078.078078078077 6.281817021958806e+37
9088.088088088087 6.2550031845905e+37
9098.098098098098 6.228333905271757e+37
9108.108108108108 6.201805097203735e+37
9118.118118118118 6.175417322858693e+37
9128.128128128128 6.149169683865979e+37
9138.138138138138 6.123061288521127e+37
9148.148148148148 6.097091251729413e+37
9158.15815815816 6.071258694949932e+37
9168.16816816817 6.0455627461402605e+37
9178.17817817818 6.020002539701559e+37
9188.188188188189 5.994577216424261e+37
9198.198198198199 5.969285923434248e+37
9208.208208208209 5.944127814139558e+37
9218.218218218219 5.91910204817757e+37
9228.228228228229 5.894207791362684e+37
9238.238238238238 5.869444215634544e+37
9248.248248248248 5.844810499006679e+37
9258.258258258258 5.82030582551568e+37
9268.268268268268 5.795929385170837e+37
9278.278278278278 5.771680373904243e+37
9288.288288288288 5.74755799352137e+37
9298.298298298298 5.723561451652127e+37
9308.308308308307 5.699689961702328e+37
9318.31831831832 5.675942742805682e+37
9328.328328328329 5.652319019776181e+37
9338.338338338339 5.628818023060938e+37
9348.348348348349 5.605438988693476e+37
9358.358358358359 5.582181158247458e+37
9368.368368368368 5.559043778790839e+37
9378.378378378378 5.536026102840432e+37
9388.388388388388 5.513127388316929e+37
9398.398398398398 5.490346898500298e+37
9408.408408408408 5.467683901985623e+37
9418.418418418418 5.4451376726393445e+37
9428.428428428428 5.422707489555907e+37
9438.43843843844 5.400392637014794e+37
9448.44844844845 5.378192404437982e+37
9458.458458458459 5.356106086347767e+37
9468.468468468469 5.3341329823249855e+37
9478.478478478479 5.3122723969676265e+37
9488.488488488489 5.290523639849816e+37
9498.498498498499 5.268886025481178e+37
9508.508508508508 5.247358873266583e+37
9518.518518518518 5.225941507466241e+37
9528.528528528528 5.204633257156173e+37
9538.538538538538 5.1834334561890565e+37
9548.548548548548 5.162341443155398e+37
9558.558558558558 5.141356561345092e+37
9568.56856856857 5.120478158709304e+37
9578.57857857858 5.099705587822728e+37
9588.58858858859 5.07903820584616e+37
9598.598598598599 5.058475374489426e+37
9608.608608608609 5.038016459974644e+37
9618.618618618619 5.017660832999826e+37
9628.628628628629 4.997407868702806e+37
9638.638638638638 4.977256946625473e+37
9648.648648648648 4.95720745067837e+37
9658.658658658658 4.937258769105575e+37
9668.668668668668 4.917410294449926e+37
9678.678678678678 4.897661423518534e+37
9688.68868868869 4.87801155734863e+37
9698.6986986987 4.858460101173711e+37
9708.70870870871 4.839006464389975e+37
9718.71871871872 4.819650060523089e+37
9728.728728728729 4.800390307195224e+37
9738.738738738739 4.781226626092406e+37
9748.748748748749 4.762158442932155e+37
9758.758758758759 4.743185187431401e+37
9768.768768768768 4.724306293274709e+37
9778.778778778778 4.7055211980827645e+37
9788.788788788788 4.686829343381158e+37
9798.798798798798 4.668230174569442e+37
9808.808808808808 4.649723140890451e+37
9818.81881881882 4.631307695399918e+37
9828.82882882883 4.612983294936355e+37
9838.83883883884 4.594749400091168e+37
9848.84884884885 4.576605475179089e+37
9858.85885885886 4.558550988208825e+37
9868.868868868869 4.540585410854007e+37
9878.878878878879 4.522708218424359e+37
9888.888888888889 4.504918889837142e+37
9898.898898898899 4.4872169075888445e+37
9908.908908908908 4.46960175772713e+37
9918.918918918918 4.452072929823019e+37
9928.928928928928 4.434629916943322e+37
9938.93893893894 4.417272215623315e+37
9948.94894894895 4.3999993258396645e+37
9958.95895895896 4.382810750983565e+37
9968.96896896897 4.365705997834137e+37
9978.97897897898 4.348684576532043e+37
9988.98898898899 4.331746000553348e+37
9998.998998998999 4.314889786683586e+37
10009.009009009009 4.2981154549920795e+37
10019.019019019019 4.281422528806469e+37
10029.029029029029 4.264810534687458e+37
10039.039039039038 4.2482790024037906e+37
10049.049049049048 4.2318274649074434e+37
10059.059059059058 4.2154554583090264e+37
10069.06906906907 4.199162521853403e+37
10079.07907907908 4.1829481978955343e+37
10089.08908908909 4.1668120318764936e+37
10099.0990990991 4.1507535722997367e+37
10109.10910910911 4.134772370707542e+37
10119.11911911912 4.118867981657671e+37
10129.129129129129 4.1030399627002268e+37
10139.139139139139 4.087287874354714e+37
10149.149149149149 4.0716112800872813e+37
10159.159159159159 4.056009746288187e+37
10169.169169169169 4.0404828422494374e+37
10179.179179179178 4.0250301401426227e+37
10189.18918918919 4.0096512149969405e+37
10199.1991991992 3.994345644677425e+37
10209.20920920921 3.9791130098633254e+37
10219.21921921922 3.963952894026717e+37
10229.22922922923 3.9488648834112503e+37
10239.23923923924 3.933848567011117e+37
10249.24924924925 3.9189035365501714e+37
10259.25925925926 3.9040293864612438e+37
10269.269269269269 3.889225713865623e+37
10279.279279279279 3.874492118552712e+37
10289.289289289289 3.859828202959871e+37
10299.299299299299 3.845233572152405e+37
10309.309309309308 3.83070783380375e+37
10319.31931931932 3.816250598175807e+37
10329.32932932933 3.8018614780994654e+37
10339.33933933934 3.787540088955238e+37
10349.34934934935 3.773286048654142e+37
10359.35935935936 3.759098977618665e+37
10369.36936936937 3.7449784987639347e+37
10379.37937937938 3.730924237479043e+37
10389.38938938939 3.7169358216085004e+37
10399.399399399399 3.703012881433885e+37
10409.409409409409 3.6891550496556203e+37
10419.419419419419 3.6753619613749086e+37
10429.429429429429 3.661633254075826e+37
10439.43943943944 3.6479685676075544e+37
10449.44944944945 3.6343675441667823e+37
10459.45945945946 3.6208298282802255e+37
10469.46946946947 3.607355066787317e+37
10479.47947947948 3.5939429088230287e+37
10489.48948948949 3.5805930058008414e+37
10499.4994994995 3.5673050113958624e+37
10509.50950950951 3.554078581528063e+37
10519.51951951952 3.540913374345686e+37
10529.52952952953 3.5278090502087624e+37
10539.539539539539 3.5147652716727837e+37
10549.549549549549 3.501781703472503e+37
10559.559559559559 3.488858012505868e+37
10569.56956956957 3.475993867818087e+37
10579.57957957958 3.4631889405858456e+37
10589.58958958959 3.4504429041016153e+37
10599.5995995996 3.4377554337581285e+37
10609.60960960961 3.425126207032966e+37
10619.61961961962 3.4125549034732697e+37
10629.62962962963 3.4000412046805886e+37
10639.63963963964 3.387584794295833e+37
10649.64964964965 3.3751853579843874e+37
10659.65965965966 3.3628425834213034e+37
10669.669669669669 3.35055616027664e+37
10679.679679679679 3.338325780200921e+37
10689.68968968969 3.3261511368107033e+37
10699.6996996997 3.314031925674277e+37
10709.70970970971 3.301967844297462e+37
10719.71971971972 3.289958592109537e+37
10729.72972972973 3.2780038704492907e+37
10739.73973973974 3.266103382551154e+37
10749.74974974975 3.254256833531482e+37
10759.75975975976 3.242463930374928e+37
10769.76976976977 3.2307243819209263e+37
10779.77977977978 3.219037898850298e+37
10789.78978978979 3.207404193671958e+37
10799.799799799799 3.195822980709722e+37
10809.809809809809 3.184293976089239e+37
10819.81981981982 3.1728168977250114e+37
10829.82982982983 3.1613914653075325e+37
10839.83983983984 3.1500174002905196e+37
10849.84984984985 3.138694425878257e+37
10859.85985985986 3.1274222670130354e+37
10869.86986986987 3.1162006503626957e+37
10879.87987987988 3.1050293043082717e+37
10889.88988988989 3.0939079589317384e+37
10899.8998998999 3.0828363460038445e+37
10909.90990990991 3.071814198972061e+37
10919.91991991992 3.0608412529486075e+37
10929.92992992993 3.049917244698592e+37
10939.93993993994 3.039041912628232e+37
10949.94994994995 3.028214996773183e+37
10959.95995995996 3.0174362387869436e+37
10969.96996996997 3.0067053819293697e+37
10979.97997997998 2.9960221710552704e+37
10989.98998998999 2.9853863526030947e+37
11000.0 2.97479767458372e+37
