#lamb flux
1000.0 0.007458802110933175
1010.01001001001 0.007881072629147704
1020.0200200200201 0.00830350979569988
1030.03003003003 0.008725293746622115
1040.0400400400401 0.009145687566899074
1050.05005005005 0.009564034917658355
1060.06006006006 0.009979756863943633
1070.07007007007 0.010392348101405484
1080.08008008008 0.010801372754656043
1090.0900900900901 0.011206459895271935
1100.1001001001 0.011607298904132087
1110.11011011011 0.01200363478134197
1120.1201201201202 0.012395263487646644
1130.13013013013 0.012782027384057214
1140.1401401401401 0.013163810821393507
1150.1501501501502 0.0135405359184923
1160.16016016016 0.013912158556813136
1170.1701701701702 0.014278664609928021
1180.1801801801803 0.014640066418733172
1190.1901901901902 0.01499639951698561
1200.2002002002002 0.015347719606773839
1210.2102102102103 0.015694099779605477
1220.2202202202202 0.01603562797578518
1230.2302302302303 0.01637240467251817
1240.2402402402402 0.01670454078958179
1250.2502502502502 0.01703143138871059
1260.2602602602603 0.01735097021659302
1270.2702702702702 0.017659135782750558
1280.2802802802803 0.017955894774137077
1290.2902902902902 0.018241243795843017
1300.3003003003003 0.018515206740070782
1310.3103103103103 0.018777832267659233
1320.3203203203202 0.019029191407357537
1330.3303303303303 0.019269375276007458
1340.3403403403404 0.019498492921049413
1350.3503503503503 0.01971666928529668
1360.3603603603603 0.01992404329269219
1370.3703703703704 0.020120766052746895
1380.3803803803803 0.020306999180533577
1390.3903903903904 0.020482913228450358
1400.4004004004005 0.020648686225452437
1410.4104104104103 0.02080450231906133
1420.4204204204204 0.020950550515177722
1430.4304304304305 0.021087023510531735
1440.4404404404404 0.02121411661249195
1450.4504504504505 0.021332026740903502
1460.4604604604606 0.021440951506631584
1470.4704704704704 0.021541088361534722
1480.4804804804805 0.021632633814678413
1490.4904904904906 0.021715782709713454
1500.5005005005005 0.021790727558481576
1510.5105105105106 0.021857657926067905
1520.5205205205207 0.021916759862690826
1530.5305305305305 0.02196821537800354
1540.5405405405404 0.022012201953575863
1550.5505505505505 0.022048892089527202
1560.5605605605606 0.022078452881494407
1570.5705705705705 0.022101045624340437
1580.5805805805805 0.022116825439244384
1590.5905905905906 0.02212594092106317
1600.6006006006005 0.02212853380312386
1610.6106106106106 0.022124738636901613
1620.6206206206207 0.022114682484363702
1630.6306306306305 0.022098484621130888
1640.6406406406406 0.022076256249029324
1650.6506506506507 0.022048100217097095
1660.6606606606606 0.02201411075068487
1670.6706706706707 0.021974373188970452
1680.6806806806808 0.02192896373201903
1690.6906906906906 0.02187794919949187
1700.7007007007007 0.021821434739222954
1710.7107107107108 0.021759660982999203
1720.7207207207207 0.02169264516946304
1730.7307307307308 0.02162037030095402
1740.7407407407409 0.02154281200584742
1750.7507507507507 0.021459938405787613
1760.7607607607606 0.02137171006009766
1770.770770770771 0.021278080009195486
1780.7807807807808 0.021178993943605902
1790.7907907907907 0.021074390530712542
1800.8008008008007 0.020964201937807597
1810.8108108108108 0.02084835459730682
1820.8208208208207 0.020726770268187738
1830.8308308308308 0.02059936745669708
1840.8408408408409 0.020466063268956912
1850.8508508508507 0.020326775777925597
1860.8608608608608 0.020181426996657308
1870.870870870871 0.020029946558086265
1880.8808808808808 0.01987227620738666
1890.890890890891 0.01970837521460968
1900.900900900901 0.019538226810503007
1910.9109109109108 0.019361845734288268
1920.920920920921 0.01917928695520729
1930.930930930931 0.018990655585820256
1940.940940940941 0.01879611794005667
1950.950950950951 0.01859591359879085
1960.960960960961 0.018390368227130246
1970.970970970971 0.018179906739634554
1980.980980980981 0.017965066234827038
1990.9909909909911 0.01774650792631738
2001.001001001001 0.017525027099197805
2011.0110110110109 0.017301559939766557
2021.0210210210212 0.017077185954997184
2031.031031031031 0.01685312465308121
2041.0410410410411 0.01663072523797492
2051.051051051051 0.016411448315093124
2061.061061061061 0.01619683903458292
2071.071071071071 0.01598849171185827
2081.081081081081 0.0157880067288608
2091.091091091091 0.0155969413640839
2101.101101101101 0.015416757022233414
2111.1111111111113 0.015248766012987412
2121.121121121121 0.015094081441218977
2131.131131131131 0.014953573823290775
2141.141141141141 0.014827837690583741
2151.151151151151 0.014717170701872551
2161.161161161161 0.014621566745614257
2171.1711711711714 0.014540723308206369
2181.1811811811813 0.014474062176887193
2191.191191191191 0.014420761492890526
2201.201201201201 0.014379796394842624
2211.2112112112113 0.014349985064833077
2221.221221221221 0.0143300369220007
2231.2312312312315 0.01431859996010697
2241.2412412412414 0.014314304718099856
2251.2512512512512 0.014315803009456082
2261.261261261261 0.01432180022072766
2271.271271271271 0.014331080640434318
2281.2812812812813 0.014342525837500576
2291.2912912912916 0.014355126540579057
2301.3013013013015 0.014367988765753677
2311.3113113113113 0.014380335108162364
2321.321321321321 0.014391502172530563
2331.331331331331 0.014400935093605719
2341.3413413413414 0.014408180015976007
2351.3513513513512 0.014412875287215729
2361.3613613613616 0.014414741987916159
2371.3713713713714 0.014413574291227147
2381.3813813813813 0.014409230022668015
2391.391391391391 0.014401621683789346
2401.4014014014015 0.014390708113302099
2411.4114114114113 0.014376486886844505
2421.4214214214217 0.014358987500508002
2431.4314314314315 0.014338265341661618
2441.4414414414414 0.014314396421224167
2451.4514514514512 0.014287472822028604
2461.4614614614616 0.014257598806151286
2471.4714714714714 0.014224887518154185
2481.4814814814818 0.01418945821952355
2491.4914914914916 0.014151433990897275
2501.5015015015015 0.01411093984194632
2511.5115115115113 0.014068101173242597
2521.521521521521 0.014023042539538273
2531.5315315315315 0.013975886669191162
2541.541541541542 0.01392675369971848
2551.5515515515517 0.013875760594462485
2561.5615615615616 0.013823020709995715
2571.5715715715714 0.01376864348812257
2581.5815815815813 0.013712734250124802
2591.5915915915916 0.013655394074256342
2601.6016016016015 0.013596719740435647
2611.611611611612 0.013536803728641727
2621.6216216216217 0.013475734259727347
2631.6316316316315 0.013413595369255134
2641.6416416416414 0.013350467006576933
2651.6516516516517 0.013286425152745853
2661.6616616616616 0.013221541952008165
2671.671671671672 0.013155885852595726
2681.6816816816818 0.01308952175335589
2691.6916916916916 0.013022511153437406
2701.7017017017015 0.01295491230281801
2711.711711711712 0.012886780351929564
2721.7217217217217 0.012818167499025061
2731.731731731732 0.012749123134251028
2741.741741741742 0.012679693979650995
2751.7517517517517 0.012609924224538712
2761.7617617617616 0.012539855655853352
2771.7717717717715 0.012469527783247931
2781.781781781782 0.01239897795877459
2791.791791791792 0.012328241491118625
2801.801801801802 0.012257351754403198
2811.811811811812 0.012186340291640582
2821.8218218218217 0.012115236912947382
2831.8318318318316 0.012044069788671834
2841.841841841842 0.011972865537603754
2851.851851851852 0.011901649310453333
2861.861861861862 0.011830444868794796
2871.871871871872 0.01175927465967648
2881.881881881882 0.011688159886101324
2891.8918918918916 0.011617120573580558
2901.901901901902 0.0115461756329609
2911.911911911912 0.011475342919721125
2921.921921921922 0.01140463928992809
2931.931931931932 0.011334080653035853
2941.941941941942 0.01126368202170447
2951.9519519519517 0.011193457558807365
2961.961961961962 0.011123420621788671
2971.971971971972 0.011053583804523842
2981.9819819819822 0.010983958976829489
2991.991991991992 0.010914557321760094
3002.002002002002 0.010845389370822568
3012.012012012012 0.010776465037231555
3022.0220220220217 0.010707793647321951
3032.032032032032 0.010662665905969157
3042.0420420420423 0.01059155680646582
3052.052052052052 0.010519925715497931
3062.062062062062 0.010448006723449725
3072.072072072072 0.010376001412559965
3082.0820820820823 0.010304082246542532
3092.092092092092 0.010232395686283289
3102.102102102102 0.010161065042578436
3112.1121121121123 0.010090193078994161
3122.122122122122 0.010019864379254992
3132.132132132132 0.009950147494281296
3142.1421421421423 0.009881096884238287
3152.152152152152 0.009812754670844411
3162.162162162162 0.009745152214811486
3172.1721721721724 0.00967831153272627
3182.1821821821823 0.009612246566993717
3192.192192192192 0.009546964321692396
3202.202202202202 0.009482465876378946
3212.2122122122123 0.009418747289048159
3222.222222222222 0.009355800398629351
3232.232232232232 0.009293613536593357
3242.2422422422424 0.009232172156468474
3252.252252252252 0.00917145938932457
3262.262262262262 0.009111456532588349
3272.2722722722724 0.009052143478900472
3282.2822822822823 0.008993499091118757
3292.292292292292 0.008935501529010192
3302.3023023023025 0.008878128532657325
3312.3123123123123 0.008821357667129742
3322.322322322322 0.008765166532536782
3332.3323323323325 0.008709532943180762
3342.3423423423424 0.008654435079169142
3352.352352352352 0.008599851613515161
3362.3623623623625 0.008545761817459032
3372.3723723723724 0.008492145646471206
3382.3823823823823 0.008438983809154817
3392.3923923923926 0.008386257821043337
3402.4024024024025 0.008333950045089215
3412.4124124124123 0.00828204372045874
3422.4224224224226 0.008230522981085123
3432.4324324324325 0.008179372865284336
3442.4424424424424 0.008128579317605317
3452.4524524524522 0.008078129183965811
3462.4624624624626 0.008028010201016818
3472.4724724724724 0.007978210980580581
3482.4824824824823 0.007928720989918458
3492.4924924924926 0.007879530528505378
3502.5025025025025 0.007830630701914996
3512.5125125125123 0.007782013393354749
3522.5225225225226 0.007733671233330671
3532.5325325325325 0.007685597567868794
3542.5425425425424 0.007637786425671466
3552.5525525525527 0.007590232484543385
3562.5625625625626 0.00754293103738279
3572.5725725725724 0.00749587795799724
3582.5825825825827 0.007449069666971542
3592.5925925925926 0.007402503097785879
3602.6026026026025 0.007356175663355962
3612.612612612613 0.00731008522314321
3622.6226226226227 0.0072642300509613645
3632.6326326326325 0.007218608803586613
3642.642642642643 0.00717322049026086
3652.6526526526527 0.007128064443161899
3662.6626626626626 0.007083140288900188
3672.672672672673 0.007038447921089343
3682.6826826826828 0.0069939874740258395
3692.6926926926926 0.0069497592975035875
3702.7027027027025 0.006905763932779628
3712.712712712713 0.006862002089699559
3722.7227227227227 0.006818474624983902
3732.7327327327325 0.006775182521670375
3742.742742742743 0.006732126869701762
3752.7527527527527 0.006689308847643925
3762.7627627627626 0.006646729705514671
3772.772772772773 0.006604390748700368
3782.7827827827828 0.0065622933229343055
3792.7927927927926 0.0065204388003081105
3802.802802802803 0.006478828566285561
3812.812812812813 0.006437464007686211
3822.8228228228227 0.006396346501605001
3832.832832832833 0.006355477405232978
3842.842842842843 0.00631485804654338
3852.8528528528527 0.006274489715806996
3862.862862862863 0.006234373657900257
3872.872872872873 0.006194511065369692
3882.8828828828828 0.006154903072216208
3892.892892892893 0.006115550748363345
3902.902902902903 0.006076455094773597
3912.912912912913 0.006037617039177921
3922.922922922923 0.005999037432383874
3932.932932932933 0.005960717045128812
3942.942942942943 0.005922656565445208
3952.9529529529527 0.0058848565965062905
3962.962962962963 0.005847317654920923
3972.972972972973 0.005810040169447826
3982.982982982983 0.0057730244801001895
3992.992992992993 0.005736270837612753
4003.003003003003 0.0056997794032446775
4013.013013013013 0.005663550248892369
4023.023023023023 0.005627583357487716
4033.033033033033 0.005591878623658213
4043.043043043043 0.005556435854626486
4053.053053053053 0.005521254771327908
4063.063063063063 0.005486335009725962
4073.073073073073 0.00545167612230609
4083.0830830830832 0.005417277579729775
4093.093093093093 0.005383138772631638
4103.103103103103 0.005349259013543206
4113.113113113113 0.005315637538928091
4123.123123123123 0.0052822735113140715
4133.133133133133 0.005249166021508605
4143.143143143143 0.005216314090885086
4153.153153153153 0.00518371667372793
4163.163163163163 0.0051513726596254875
4173.173173173173 0.005119280875900427
4183.183183183183 0.00508744009006806
4193.193193193193 0.005055849012313655
4203.203203203203 0.005024506297980587
4213.213213213214 0.004993410550061747
4223.223223223224 0.004962560321687146
4233.2332332332335 0.004931954118601394
4243.243243243243 0.004901590401625191
4253.253253253253 0.0048714675890954105
4263.263263263263 0.004841584059279023
4273.273273273273 0.004811938152756383
4283.283283283283 0.004782528174769949
4293.293293293293 0.004753352397534918
4303.303303303303 0.004724409062508554
4313.313313313313 0.004695696382615454
4323.323323323323 0.004667212544426248
4333.333333333334 0.004638955710287644
4343.343343343344 0.004610924020401909
4353.353353353354 0.004583115594854256
4363.3633633633635 0.004555528535586796
4373.373373373373 0.004528160928318017
4383.383383383383 0.004501010844406883
4393.393393393393 0.004474076342660975
4403.403403403403 0.004447355471088167
4413.413413413413 0.004420846268591561
4423.423423423424 0.004394546766607617
4433.4334334334335 0.004368454990687444
4443.443443443443 0.004342568962021442
4453.453453453454 0.004316886698907614
4463.463463463464 0.004291406218163928
4473.473473473474 0.004266125536485209
4483.483483483484 0.004241042671745236
4493.493493493494 0.004216155644244651
4503.503503503503 0.004191462477905475
4513.513513513513 0.004166961201413092
4523.523523523523 0.004142649849306463
4533.533533533533 0.0041185264630177005
4543.543543543543 0.00409458909186178
4553.553553553554 0.004070835793977564
4563.563563563564 0.004047264637221121
4573.573573573573 0.004023873700012435
4583.583583583584 0.004000661072136622
4593.593593593594 0.003977624855500793
4603.603603603604 0.003954763164847647
4613.613613613614 0.003932074128427042
4623.623623623624 0.003909555888626596
4633.6336336336335 0.003887206602562565
4643.643643643643 0.0038650244426321353
4653.653653653653 0.0038430075970282604
4663.663663663663 0.003821154270218261
4673.673673673674 0.0037994626833872743
4683.683683683684 0.003777931074847775
4693.693693693694 0.0037565577004162088
4703.703703703704 0.003735340833757934
4713.713713713714 0.0037142787667015544
4723.723723723724 0.003693369809523708
4733.733733733734 0.003672612291205426
4743.743743743744 0.0036520045596611156
4753.753753753754 0.003631544981941177
4763.763763763764 0.003611231944409315
4773.773773773773 0.0035910638528955114
4783.783783783783 0.003571039132825687
4793.793793793793 0.0035511562293289484
4803.803803803804 0.003531413607323426
4813.813813813814 0.0035118097515815794
4823.823823823824 0.0034923431667758845
4833.833833833834 0.003473012377505768
4843.843843843844 0.0034538159283066575
4853.853853853854 0.003434752383641956
4863.863863863864 0.0034158203278787697
4873.873873873874 0.0033970183652481684
4883.883883883884 0.0033783451197907425
4893.893893893894 0.003359799235288203
4903.9039039039035 0.003341379375181742
4913.913913913913 0.00332308422247786
4923.923923923924 0.0033049124796423325
4933.933933933934 0.00328686286848299
4943.943943943944 0.003268934130021911
4953.953953953955 0.003251125024357701
4963.9639639639645 0.0032334343305184103
4973.973973973974 0.003215860846305679
4983.983983983984 0.003198403388130678
4993.993993993994 0.003181060790842383
5004.004004004004 0.0031638319075486796
5014.014014014014 0.003146715609430844
5024.024024024024 0.003129710785551825
5034.0340340340335 0.0031128163426588674
5044.044044044043 0.003096031204980853
5054.054054054054 0.00307935431402084
5064.064064064064 0.003062784628344203
5074.074074074074 0.003046321123362763
5084.084084084085 0.0030299627911153097
5094.0940940940945 0.0030137086400448803
5104.104104104104 0.0029975576947731362
5114.114114114114 0.0029815089958721954
5124.124124124124 0.0029655615996342323
5134.134134134134 0.0029497145778391823
5144.144144144144 0.0029339670175207986
5154.154154154154 0.0029183180207314184
5164.1641641641645 0.0029027667043056422
5174.174174174174 0.0028873121996232406
5184.184184184184 0.0028719536523715027
5194.194194194194 0.002856690222307279
5204.204204204204 0.0028415210830189585
5214.214214214214 0.0028264454216885564
5224.224224224225 0.002811462438854162
5234.2342342342345 0.0027965713481729187
5244.244244244244 0.0027817713761847046
5254.254254254254 0.0027670617620767475
5264.264264264264 0.002752441757449256
5274.274274274274 0.002737910626082311
5284.284284284285 0.0027234676437040985
5294.294294294295 0.0027091120977606664
5304.304304304304 0.0026948432871873097
5314.314314314314 0.0026806605221817333
5324.324324324324 0.002666563123979087
5334.334334334334 0.0026525504246289982
5344.344344344345 0.0026386217667746913
5354.354354354355 0.0026247765034343143
5364.3643643643645 0.0026110139977845166
5374.374374374374 0.0025973336229464187
5384.384384384384 0.0025837347617740005
5394.394394394394 0.0025702168066450096
5404.404404404404 0.0025567791592544355
5414.414414414415 0.0025434212304106347
5424.424424424425 0.002530142439834134
5434.4344344344345 0.0025169422159591723
5444.444444444444 0.0025038199957380337
5454.454454454454 0.0024907752244482124
5464.464464464464 0.0024778073555024194
5474.474474474475 0.002464915850261502
5484.484484484485 0.002452100177850274
5494.494494494495 0.0024393598149762903
5504.504504504504 0.00242669424575159
5514.514514514514 0.0024141029615174178
5524.524524524524 0.00240158546067194
5534.534534534535 0.002389141248500969
5544.544544544545 0.002376769837011689
5554.554554554555 0.002364470744769398
5564.5645645645645 0.0023522434967372767
5574.574574574574 0.0023400876241191546
5584.584584584584 0.0023280026642052924
5594.594594594595 0.002315988160221162
5604.604604604605 0.002304043661179237
5614.614614614615 0.0022921687217337325
5624.624624624625 0.002280362902038339
5634.6346346346345 0.0022686257676069028
5644.644644644644 0.00225695688917703
5654.654654654654 0.002245355842576629
5664.664664664665 0.0022338222085933153
5674.674674674675 0.0022223555728467315
5684.684684684685 0.002210955525663676
5694.694694694695 0.00219962166195608
5704.704704704704 0.002188353581101775
5714.714714714714 0.0021771508868280295
5724.724724724725 0.0021660131870978295
5734.734734734735 0.0021549400939988657
5744.744744744745 0.0021439312236352067
5754.754754754755 0.0021329861960216103
5764.764764764765 0.0021221046349804646
5774.774774774774 0.0021112861680413057
5784.784784784785 0.002100530426342875
5794.794794794795 0.002089837044537704
5804.804804804805 0.002079205660699175
5814.814814814815 0.002068635916231007
5824.824824824825 0.002058127455779182
5834.8348348348345 0.0020476799271461977
5844.844844844845 0.0020372929812076997
5854.854854854855 0.002026966271831367
5864.864864864865 0.0020166994557980775
5874.874874874875 0.0020064921927252966
5884.884884884885 0.0019963441449926283
5894.894894894895 0.0019862549776695276
5904.9049049049045 0.0019762243584451116
5914.914914914915 0.0019662519575600313
5924.924924924925 0.0019563374477403893
5934.934934934935 0.0019464805041336192
5944.944944944945 0.0019366808042463536
5954.954954954955 0.0019269380278841687
5964.964964964965 0.0019172518570932317
5974.974974974975 0.001907621976103772
5984.984984984985 0.001898048071275356
5994.994994994995 0.0018885298310439241
6005.005005005005 0.0018790669458705479
6015.015015015015 0.001869659108191883
6025.025025025025 0.0018603060123722655
6035.035035035035 0.001851007354657423
6045.045045045045 0.0018417628331297655
6055.055055055055 0.0018325721476652162
6065.065065065065 0.0018234349998915438
6075.075075075075 0.001814351093148172
6085.085085085085 0.001805320132447418
6095.0950950950955 0.001796341824437134
6105.105105105105 0.0017874158773647172
6115.115115115115 0.0017785420010424401
6125.125125125125 0.0017697199068140955
6135.135135135135 0.0017609493075228977
6145.145145145145 0.0017522299174806126
6155.155155155155 0.0017435614524378992
6165.1651651651655 0.0017349436295558103
6175.175175175175 0.001726376167378436
6185.185185185185 0.0017178587858066468
6195.195195195195 0.0017093912060729274
6205.205205205205 0.0017009731507172349
6215.215215215215 0.0016926043435638906
6225.225225225226 0.0016842845096994576
6235.235235235235 0.001676013375451563
6245.245245245245 0.00166779066836867
6255.255255255255 0.0016596161172007452
6265.265265265265 0.001651489451880791
6275.275275275275 0.0016434104035072496
6285.285285285286 0.001635378704327212
6295.295295295296 0.0016273940877204356
6305.305305305305 0.00161945628818412
6315.315315315315 0.001611565041318455
6325.325325325325 0.001603720083812866
6335.335335335335 0.0015959211534329772
6345.345345345346 0.0015881679890082415
6355.355355355356 0.0015804603304202301
6365.3653653653655 0.001572797918591552
6375.375375375375 0.0015651804954753797
6385.385385385385 0.0015576078040455657
6395.395395395395 0.0015500795882873305
6405.405405405405 0.0015425955931884937
6415.415415415416 0.0015351555647312256
6425.425425425426 0.0015277592498843231
6435.4354354354355 0.0015204063965959542
6445.445445445445 0.0015130967537868884
6455.455455455455 0.0015058300713441657
6465.465465465465 0.0014986061001152125
6475.475475475476 0.0014914245919023638
6485.485485485486 0.001484285299457789
6495.495495495496 0.001477187976478799
6505.505505505505 0.0014701323776035227
6515.515515515515 0.0014631182584069326
6525.525525525525 0.0014561453753972095
6535.535535535536 0.001449213486012422
6545.545545545546 0.0014423223486175246
6555.555555555556 0.0014354717225016343
6565.5655655655655 0.0014286613678755966
6575.575575575575 0.0014218910458698138
6585.585585585585 0.0014151605185323247
6595.595595595596 0.0014084695488271268
6605.605605605606 0.001401817900632726
6615.615615615616 0.0013952053387409015
6625.625625625626 0.0013886316288556745
6635.6356356356355 0.0013820965375924746
6645.645645645645 0.0013755998324774853
6655.655655655655 0.0013691412819471576
6665.665665665666 0.0013627206553478973
6675.675675675676 0.0013563377229358928
6685.685685685686 0.0013499922558770868
6695.695695695696 0.0013436840262472912
6705.705705705705 0.0013374128070324127
6715.715715715715 0.0013311783721288001
6725.725725725726 0.001324980496343706
6735.735735735736 0.0013188189553958293
6745.745745745746 0.0013126935259159661
6755.755755755756 0.0013066039854477411
6765.7657657657655 0.0013005501124484034
6775.775775775775 0.0012945316862897063
6785.785785785786 0.0012885484872588414
6795.795795795796 0.0012826002965594318
6805.805805805806 0.001276686896312572
6815.815815815816 0.0012708080695579156
6825.825825825826 0.001264963600254795
6835.8358358358355 0.0012591532732833786
6845.845845845846 0.001253376874445851
6855.855855855856 0.0012476341904676174
6865.865865865866 0.0012419250089985233
6875.875875875876 0.0012362491186140815
6885.885885885886 0.0012306063088167141
6895.895895895896 0.001224996370036994
6905.9059059059055 0.0012194190936348833
6915.915915915916 0.0012138742719009644
6925.925925925926 0.00120836169805767
6935.935935935936 0.001202881166260489
6945.945945945946 0.0011974324715991645
6955.955955955956 0.0011920154100988694
6965.965965965966 0.0011866297787213559
6975.975975975976 0.0011812753753660838
6985.985985985986 0.0011759519988713176
6995.995995995996 0.001170659449015189
7006.006006006006 0.0011653975265167311
7016.016016016016 0.0011601660330368714
7026.026026026026 0.0011549647711793848
7036.036036036036 0.0011497935444918115
7046.046046046046 0.0011446521574663272
7056.056056056056 0.0011395404155405675
7066.066066066066 0.0011344581250984048
7076.076076076076 0.0011294050934706834
7086.086086086086 0.0011243811289358924
7096.0960960960965 0.0011193860407208
7106.106106106106 0.0011144196390010224
7116.116116116116 0.0011094817349015483
7126.126126126126 0.0011045721404972003
7136.136136136136 0.0010996906688130455
7146.146146146146 0.0010948371338247436
7156.156156156156 0.0010900113504588383
7166.1661661661665 0.001085213134592991
7176.176176176176 0.0010804423030561497
7186.186186186186 0.0010756986736286643
7196.196196196196 0.0010709820650423314
7206.206206206206 0.0010662922969803849
7216.216216216216 0.0010616291900774214
7226.226226226227 0.0010569925659192597
7236.236236236236 0.0010523822470427447
7246.246246246246 0.0010477980569354786
7256.256256256256 0.0010432398200354966
7266.266266266266 0.0010387073617308753
7276.276276276276 0.001034200508359278
7286.286286286287 0.0010297190872074343
7296.2962962962965 0.0010252629265105606
7306.306306306306 0.0010208318554517132
7316.316316316316 0.001016425704161079
7326.326326326326 0.0010120443037152022
7336.336336336336 0.0010076874861361504
7346.346346346347 0.0010033550843906148
7356.356356356357 0.000999046932388952
7366.3663663663665 0.0009947628649841548
7376.376376376376 0.0009905027179707736
7386.386386386386 0.0009862663280837667
7396.396396396396 0.0009820535329972955
7406.406406406406 0.0009778641713234534
7416.416416416417 0.0009736980826109398
7426.426426426427 0.0009695551073436747
7436.436436436436 0.0009654350869393501
7446.446446446446 0.0009613378637479236
7456.456456456456 0.0009572632810500619
7466.466466466466 0.0009532111830555159
7476.476476476477 0.0009491814149014476
7486.486486486487 0.0009451738226506998
7496.496496496497 0.0009411882532900053
7506.506506506506 0.0009372245547281475
7516.516516516516 0.000933282575794068
7526.526526526526 0.0009293621662349133
7536.536536536537 0.0009254631767140393
7546.546546546547 0.0009215854588089572
7556.556556556557 0.0009177288650092326
7566.5665665665665 0.0009138932487143305
7576.576576576576 0.0009100784642314158
7586.586586586586 0.0009062843667731022
7596.596596596597 0.0009025108124551528
7606.606606606607 0.0008987576582941427
7616.616616616617 0.0008950247622050584
7626.626626626627 0.000891311982998869
7636.6366366366365 0.0008876191803800456
7646.646646646646 0.0008839462149440361
7656.656656656657 0.0008802929481746989
7666.666666666667 0.0008766592424416975
7676.676676676677 0.0008730449609978486
7686.686686686687 0.0008694499679764358
7696.696696696697 0.0008658741283884781
7706.706706706706 0.0008623173081199654
7716.716716716716 0.000858779373929054
7726.726726726727 0.0008552601934432231
7736.736736736737 0.0008517596351563996
7746.746746746747 0.0008482775684260443
7756.756756756757 0.0008448138634702058
7766.7667667667665 0.0008413683913645393
7776.776776776776 0.0008379410240392953
7786.786786786787 0.0008345316342762734
7796.796796796797 0.0008311400957057461
7806.806806806807 0.0008277662828033552
7816.816816816817 0.0008244100708869717
7826.826826826827 0.0008210713361135378
7836.8368368368365 0.0008177499554758708
7846.846846846847 0.0008144458067994444
7856.856856856857 0.0008111587687391476
7866.866866866867 0.0008078887207760076
7876.876876876877 0.0008046355432139012
7886.886886886887 0.0008013991171762312
7896.896896896897 0.000798179324602587
7906.906906906907 0.0007949760482453779
7916.916916916917 0.0007917891716664491
7926.926926926927 0.0007886185792336729
7936.936936936937 0.0007854641561175212
7946.946946946947 0.0007823257882876197
7956.956956956957 0.0007792033625092831
7966.9669669669665 0.0007760967663400299
7976.976976976977 0.0007730058881260824
7986.986986986987 0.0007699306169988506
7996.996996996997 0.0007668708428713965
8007.007007007007 0.0007638264564348871
8017.017017017017 0.0007607973491550296
8027.027027027027 0.0007577834132684969
8037.037037037037 0.0007547845417793335
8047.047047047047 0.0007518006284553575
8057.057057057057 0.0007488315678245395
8067.067067067067 0.0007458772551713802
8077.077077077077 0.0007429375865332715
8087.087087087087 0.0007400124586968498
8097.0970970970975 0.0007371017691943363
8107.107107107107 0.0007342054162998755
8117.117117117117 0.0007313232990258569
8127.127127127127 0.000728455317119234
8137.137137137137 0.0007256013710578334
8147.147147147147 0.0007227613620466609
8157.157157157158 0.0007199351920141967
8167.1671671671675 0.0007171227636086872
8177.177177177177 0.0007143239801944325
8187.187187187187 0.0007115387458480683
8197.197197197198 0.0007087669653548422
8207.207207207208 0.0007060085442048899
8217.217217217218 0.0007032633885895053
8227.227227227228 0.0007005314053974078
8237.237237237237 0.0006978125022110105
8247.247247247247 0.0006951065873026836
8257.257257257257 0.0006924135696310179
8267.267267267267 0.0006897333588370855
8277.277277277277 0.0006870658652407053
8287.287287287287 0.0006844109998367021
8297.297297297297 0.0006817686742911693
8307.307307307306 0.0006791388009377341
8317.317317317316 0.0006765212927738201
8327.327327327326 0.0006739160634569146
8337.337337337336 0.000671323027300838
8347.347347347348 0.0006687420992720106
8357.357357357358 0.000666173194985733
8367.367367367367 0.0006636162307024558
8377.377377377377 0.000661071123324065
8387.387387387387 0.0006585377903901624
8397.397397397397 0.0006560161500743579
8407.407407407409 0.0006535061211805588
8417.417417417419 0.0006510076231392713
8427.427427427428 0.0006485205760038993
8437.437437437438 0.0006460449004470567
8447.447447447448 0.0006435805177568789
8457.457457457458 0.0006411273498333459
8467.467467467468 0.0006386853191846075
8477.477477477478 0.0006362543489233165
8487.487487487488 0.0006338343627629698
8497.497497497498 0.0006314252850142571
8507.507507507507 0.0006290270405814139
8517.517517517517 0.0006266395549585856
8527.527527527527 0.000624262754226199
8537.537537537537 0.0006218965650473401
8547.547547547547 0.0006195409146641425
8557.557557557557 0.0006171957308941832
8567.567567567567 0.0006148609421268885
8577.577577577576 0.0006125364773199468
8587.587587587586 0.0006102222659957344
8597.597597597598 0.0006079182382377463
8607.607607607608 0.0006056243246870418
8617.617617617618 0.0006033404565386948
8627.627627627628 0.0006010665655382586
8637.637637637637 0.0005988025839782385
8647.647647647647 0.0005965484446945756
8657.657657657659 0.0005943040810631409
8667.667667667669 0.0005920694269962439
8677.677677677679 0.0005898444169391428
8687.687687687689 0.0005876289858665772
8697.697697697698 0.0005854230692793044
8707.707707707708 0.0005832266032006512
8717.717717717718 0.0005810395241730742
8727.727727727728 0.0005788617692547335
8737.737737737738 0.0005766932760160795
8747.747747747748 0.0005745339825364498
8757.757757757758 0.0005723838274006766
8767.767767767768 0.0005702427496957111
8777.777777777777 0.0005681106890072572
8787.787787787787 0.000565987585416417
8797.797797797797 0.0005638733794963497
8807.807807807807 0.0005617680123089455
8817.817817817817 0.0005596714254015074
8827.827827827827 0.0005575835608034507
8837.837837837837 0.0005555043610230122
8847.847847847848 0.0005534337690439739
8857.857857857858 0.0005513717283224005
8867.867867867868 0.0005493181827833875
8877.877877877878 0.0005472730768178248
8887.887887887888 0.0005452363552791732
8897.897897897898 0.0005432079634802541
8907.90790790791 0.0005411878471900528
8917.91791791792 0.0005391759526305352
8927.927927927929 0.000537172226473478
8937.937937937939 0.0005351766158373133
8947.947947947949 0.0005331890682839851
8957.957957957959 0.0005312095318158225
8967.967967967968 0.0005292379548724243
8977.977977977978 0.0005272742863275573
8987.987987987988 0.0005253184754860701
8997.997997997998 0.0005233704720808216
9008.008008008008 0.0005214302262696192
9018.018018018018 0.0005194976886321752
9028.028028028028 0.0005175728101670763
9038.038038038037 0.0005156555422887661
9048.048048048047 0.0005137458368245421
9058.058058058057 0.0005118436460115674
9068.068068068067 0.0005099489224938955
9078.078078078077 0.000508061619319511
9088.088088088087 0.000506181689937382
9098.098098098098 0.000504342649668005
9108.108108108108 0.0005024842021203482
9118.118118118118 0.0005006341468286241
9128.128128128128 0.0004987924393717825
9138.138138138138 0.0004969590355952323
9148.148148148148 0.0004951338916090835
9158.15815815816 0.0004933169637863983
9168.16816816817 0.0004915082087614612
9178.17817817818 0.0004897075834280536
9188.188188188189 0.0004879150449377456
9198.198198198199 0.0004861305506981965
9208.208208208209 0.00048435405837147236
9218.218218218219 0.00048258552587236936
9228.228228228229 0.00048082491136675195
9238.238238238238 0.00047907217326990394
9248.248248248248 0.000477327270244888
9258.258258258258 0.00047559016120091857
9268.268268268268 0.0004738608052917473
9278.278278278278 0.0004721391619140564
9288.288288288288 0.000470425190705867
9298.298298298298 0.0004687188515449572
9308.308308308307 0.0004670201045472886
9318.31831831832 0.0004653289100654496
9328.328328328329 0.00046364522868710506
9338.338338338339 0.00046196902123345755
9348.348348348349 0.0004603002487577203
9358.358358358359 0.0004586388725436011
9368.368368368368 0.00045698485410379584
9378.378378378378 0.00045533815517849306
9388.388388388388 0.0004536987377338897
9398.398398398398 0.0004520665639607153
9408.408408408408 0.00045044159627276905
9418.418418418418 0.00044882379730546394
9428.428428428428 0.00044721312991438585
9438.43843843844 0.0004456095571738572
9448.44844844845 0.00044401304237551444
9458.458458458459 0.0004424235490268944
9468.468468468469 0.0004408410408500305
9478.478478478479 0.00043926548178005784
9488.488488488489 0.0004376968359638303
9498.498498498499 0.00043613506775854464
9508.508508508508 0.0004345801417303769
9518.518518518518 0.00043303202265312614
9528.528528528528 0.00043149067550686814
9538.538538538538 0.00042995606547661946
9548.548548548548 0.0004284281579510101
9558.558558558558 0.0004269069185209653
9568.56856856857 0.00042539231297839637
9578.57857857858 0.0004238843073149023
9588.58858858859 0.00042238286772047735
9598.598598598599 0.0004208879605822311
9608.608608608609 0.0004193995524831141
9618.618618618619 0.00041791761020065575
9628.628628628629 0.0004164421007057084
9638.638638638638 0.0004149729911612002
9648.648648648648 0.00041351024892089883
9658.658658658658 0.00041205384152818194
9668.668668668668 0.0004106037367148168
9678.678678678678 0.00040915990239974816
9688.68868868869 0.00040772230668789395
9698.6986986987 0.0004062909178689518
9708.70870870871 0.0004048657044162105
9718.71871871872 0.0004034466349853718
9728.728728728729 0.00040203367841338026
9738.738738738739 0.0004006268037172603
9748.748748748749 0.0003992259800929624
9758.758758758759 0.0003978311769142164
9768.768768768768 0.000396442363731393
9778.778778778778 0.0003950595102703741
9788.788788788788 0.00039368258643142844
9798.798798798798 0.00039231156228809906
9808.808808808808 0.0003909464080860936
9818.81881881882 0.00038958709424218615
9828.82882882883 0.00038823359134312636
9838.83883883884 0.0003868858701445524
9848.84884884885 0.000385543901569916
9858.85885885886 0.00038420765670941224
9868.868868868869 0.0003828771068189183
9878.878878878879 0.0003815522233189374
9888.888888888889 0.0003802329777935527
9898.898898898899 0.00037891934198938605
9908.908908908908 0.00037761128781456534
9918.918918918918 0.00037630878733769873
9928.928928928928 0.00037501181278685525
9938.93893893894 0.0003737203365485532
9948.94894894895 0.0003724343311667559
9958.95895895896 0.00037115376934187204
9968.96896896897 0.0003698786239297665
9978.97897897898 0.0003686088679407746
9988.98898898899 0.0003673444745387253
9998.998998998999 0.00036608541703996993
10009.009009009009 0.0003648316689124184
10019.019019019019 0.0003635832037745812
10029.029029029029 0.00036233999539461937
10039.039039039038 0.00036110201768939885
10049.049049049048 0.00035986924472355324
10059.059059059058 0.00035864165070855186
10069.06906906907 0.00035741921000177475
10079.07907907908 0.00035620189710559483
10089.08908908909 0.00035498968666646284
10099.0990990991 0.0003537825534740038
10109.10910910911 0.0003525804724601151
10119.11911911912 0.0003513834186980735
10129.129129129129 0.0003501913674016466
10139.139139139139 0.00034900429392421204
10149.149149149149 0.00034782217375788017
10159.159159159159 0.0003466449825326259
10169.169169169169 0.00034547269601542443
10179.179179179178 0.0003443052901093925
10189.18918918919 0.00034314274085293683
10199.1991991992 0.00034198502441890857
10209.20920920921 0.00034083211711376135
10219.21921921922 0.00033968399537671743
10229.22922922923 0.0003385406357789382
10239.23923923924 0.00033740201502270096
10249.24924924925 0.0003362681099405808
10259.25925925926 0.00033513889749463825
10269.269269269269 0.0003340143547756128
10279.279279279279 0.000332894459002121
10289.289289289289 0.0003317791875198613
10299.299299299299 0.00033066851780082256
10309.309309309308 0.0003295624274425001
10319.31931931932 0.00032846089416711463
10329.32932932933 0.0003273638958208396
10339.33933933934 0.0003262714103730291
10349.34934934935 0.0003251834159154565
10359.35935935936 0.000324099890661554
10369.36936936937 0.00032302081294565923
10379.37937937938 0.0003219461612222668
10389.38938938939 0.0003208759140652844
10399.399399399399 0.0003198100501672941
10409.409409409409 0.00031874854833881955
10419.419419419419 0.00031769138750759604
10429.429429429429 0.0003166385467178476
10439.43943943944 0.00031559000512956803
10449.44944944945 0.0003145457420178071
10459.45945945946 0.0003135057367719604
10469.46946946947 0.000312469968895066
10479.47947947948 0.0003114384180031042
10489.48948948949 0.00031041106382430236
10499.4994994995 0.00030938788619844514
10509.50950950951 0.0003083688650761885
10519.51951951952 0.00030735398051837863
10529.52952952953 0.00030634321269537546
10539.539539539539 0.00030533654188638057
10549.549549549549 0.00030433394847877024
10559.559559559559 0.00030333541296743174
10569.56956956957 0.00030234091595410516
10579.57957957958 0.00030135043814672987
10589.58958958959 0.00030036396035879346
10599.5995995996 0.0002993814635086873
10609.60960960961 0.00029840292861906545
10619.61961961962 0.00029742833681620744
10629.62962962963 0.00029645766932938616
10639.63963963964 0.00029549090749023875
10649.64964964965 0.0002945280327321437
10659.65965965966 0.0002935690265896
10669.669669669669 0.0002926138706976115
10679.679679679679 0.00029166254679107524
10689.68968968969 0.0002907150367041738
10699.6996996997 0.0002897713223697721
10709.70970970971 0.00028883138581881713
10719.71971971972 0.00028789520917974236
10729.72972972973 0.0002869627746778773
10739.73973973974 0.000286034064634858
10749.74974974975 0.00028510906146804503
10759.75975975976 0.0002841877476899423
10769.76976976977 0.0002832701059076212
10779.77977977978 0.0002823561188221495
10789.78978978979 0.000281445769228021
10799.799799799799 0.0002805390400125924
10809.809809809809 0.0002796359141555218
10819.81981981982 0.00027873637472821127
10829.82982982983 0.00027784040489325386
10839.83983983984 0.0002769479879038831
10849.84984984985 0.0002760591071034272
10859.85985985986 0.0002751737459247664
10869.86986986987 0.00027429188788979345
10879.87987987988 0.00027341351660887874
10889.88988988989 0.000272538615780338
10899.8998998999 0.0002716671691899039
10909.90990990991 0.0002707991607102014
10919.91991991992 0.0002699345743002253
10929.92992992993 0.0002690733940048236
10939.93993993994 0.00026821560395418157
10949.94994994995 0.0002673611883633111
10959.95995995996 0.00026651013153154273
10969.96996996997 0.00026566241784202086
10979.97997997998 0.0002648180317612029
10989.98998998999 0.0002639769578383604
11000.0 0.0002631391807050856
