#lamb flux
1000.0 0.04869751209940069
1010.01001001001 0.04965139415367801
1020.0200200200201 0.05051067953149966
1030.03003003003 0.05127908717750699
1040.0400400400401 0.05196068703243567
1050.05005005005 0.05255979899036595
1060.06006006006 0.05308090487287983
1070.07007007007 0.05352857278043861
1080.08008008008 0.05390739298598571
1090.0900900900901 0.05422192441677129
1100.1001001001 0.05447665071140154
1110.11011011011 0.05467594482601013
1120.1201201201202 0.0548240411842835
1130.13013013013 0.05492501441098811
1140.1401401401401 0.054982763749662995
1150.1501501501502 0.05500100233596431
1160.16016016016 0.05498325057390136
1170.1701701701702 0.0549328329392314
1180.1801801801803 0.05485287760991013
1190.1901901901902 0.05474631839585281
1200.2002002002002 0.05461589850812144
1210.2102102102103 0.05446417577026334
1220.2202202202202 0.05429352893152343
1230.2302302302303 0.054106164792945194
1240.2402402402402 0.05390412590307197
1250.2502502502502 0.053686800297060154
1260.2602602602603 0.05344857261637147
1270.2702702702702 0.05317802097585852
1280.2802802802803 0.05287758558938836
1290.2902902902902 0.05254960161780103
1300.3003003003003 0.052196297861534915
1310.3103103103103 0.051819796410945834
1320.3203203203202 0.051422113112315246
1330.3303303303303 0.05100515872175968
1340.3403403403404 0.050570740632666804
1350.3503503503503 0.050120565074833645
1360.3603603603603 0.049656239695124775
1370.3703703703704 0.04917927644019255
1380.3803803803803 0.04869109467161779
1390.3903903903904 0.04819302445276348
1400.4004004004005 0.04768630995471915
1410.4104104104103 0.04717211293599738
1420.4204204204204 0.046651516257172496
1430.4304304304305 0.04612552739747764
1440.4404404404404 0.045595081945555345
1450.4504504504505 0.04506104704113648
1460.4604604604606 0.044524224748461516
1470.4704704704704 0.04398535534579916
1480.4804804804805 0.04344512051851555
1490.4904904904906 0.04290414644584139
1500.5005005005005 0.042363006773820204
1510.5105105105106 0.041822225468938705
1520.5205205205207 0.04128227954867284
1530.5305305305305 0.0407436016866686
1540.5405405405404 0.04020658269154404
1550.5505505505505 0.03967157385937976
1560.5605605605606 0.03913888920088145
1570.5705705705705 0.03860880754498364
1580.5805805805805 0.038081574521332325
1590.5905905905906 0.03755740442466706
1600.6006006006005 0.03703648196463582
1610.6106106106106 0.0365189639050437
1620.6206206206207 0.03600498059697718
1630.6306306306305 0.035494637410684676
1640.6406406406406 0.034988016071547626
1650.6506506506507 0.03448517590597727
1660.6606606606606 0.033986155003632876
1670.6706706706707 0.033490971303020554
1680.6806806806808 0.03299962360831388
1690.6906906906906 0.032512092546184215
1700.7007007007007 0.03202841844769441
1710.7107107107108 0.03154885197285494
1720.7207207207207 0.031073279168130994
1730.7307307307308 0.03060153619151675
1740.7407407407409 0.030133453481258135
1750.7507507507507 0.029668856010395577
1760.7607607607606 0.029207563635225347
1770.770770770771 0.028749391562943778
1780.7807807807808 0.028294150968467317
1790.7907907907907 0.02784164979582377
1800.8008008008007 0.027391693785595986
1810.8108108108108 0.02694408777663743
1820.8208208208207 0.026498637337573114
1830.8308308308308 0.026055150791259706
1840.8408408408409 0.025613441703078398
1850.8508508508507 0.025173331911169026
1860.8608608608608 0.02473465518273666
1870.870870870871 0.02429726158431694
1880.8808808808808 0.02386102265393887
1890.890890890891 0.023425837457588413
1900.900900900901 0.02299163959887193
1910.9109109109108 0.022558405226407886
1920.920920920921 0.022126162044911125
1930.930930930931 0.021694999279577954
1940.940940940941 0.02126507846574812
1950.950950950951 0.02083664483411198
1960.960960960961 0.020410038934714474
1970.970970970971 0.019985707992170545
1980.980980980981 0.019564216315461437
1990.9909909909911 0.01914625390964068
2001.001001001001 0.018732642271797467
2011.0110110110109 0.018324336225138405
2021.0210210210212 0.01792242058508197
2031.031031031031 0.017528100495692985
2041.0410410410411 0.017142684458202315
2051.051051051051 0.01676755942153425
2061.061061061061 0.016404157825580114
2071.071071071071 0.01605391716257704
2081.081081081081 0.015718233398858965
2091.091091091091 0.01539841039413485
2101.101101101101 0.01509560815914714
2111.1111111111113 0.014810793287441249
2121.121121121121 0.014544695079507761
2131.131131131131 0.014297770682102704
2141.141141141141 0.014070181982926956
2151.151151151151 0.013861786085799025
2161.161161161161 0.013672140055939287
2171.1711711711714 0.01350051941821835
2181.1811811811813 0.013345948771498157
2191.191191191191 0.0132072419876263
2201.201201201201 0.013083048889005367
2211.2112112112113 0.012971905083098246
2221.221221221221 0.012872281759333089
2231.2312312312315 0.012782632662215356
2241.2412412412414 0.01270143605465777
2251.2512512512512 0.012627230179121582
2261.261261261261 0.012558641420093487
2271.271271271271 0.012494404997737876
2281.2812812812813 0.012433378532069208
2291.2912912912916 0.01237454918755287
2301.3013013013015 0.012317035338921466
2311.3113113113113 0.012260083804970815
2321.321321321321 0.01220306370210734
2331.331331331331 0.012145457900836319
2341.3413413413414 0.012086852952721416
2351.3513513513512 0.01202692821548799
2361.3613613613616 0.011965444757806379
2371.3713713713714 0.011902234485591605
2381.3813813813813 0.011837189806390121
2391.391391391391 0.01177025404172581
2401.4014014014015 0.011701412710393313
2411.4114114114113 0.011630685737899358
2421.4214214214217 0.011558120596657043
2431.4314314314315 0.011483786345639294
2441.4414414414414 0.011407768514337129
2451.4514514514512 0.01133016476149682
2461.4614614614616 0.011251081231943728
2471.4714714714714 0.011170629532897285
2481.4814814814818 0.011088924252950166
2491.4914914914916 0.011006080951070255
2501.5015015015015 0.010922214548626257
2511.5115115115113 0.010837438063825932
2521.521521521521 0.01075186163458234
2531.5315315315315 0.010665591782340026
2541.541541541542 0.010578730875574406
2551.5515515515517 0.010491376757388985
2561.5615615615616 0.010403622506808331
2571.5715715715714 0.010315556307977482
2581.5815815815813 0.010227261405539229
2591.5915915915916 0.010138816127998572
2601.6016016016015 0.010050293963938134
2611.611611611612 0.009961763678565766
2621.6216216216217 0.009873289460303603
2631.6316316316315 0.009784931089012463
2641.6416416416414 0.00969674411903223
2651.6516516516517 0.009608780071546833
2661.6616616616616 0.009521086631889645
2671.671671671672 0.00943370784832349
2681.6816816816818 0.00934668432958798
2691.6916916916916 0.0092600534391303
2701.7017017017015 0.009173849484445972
2711.711711711712 0.009088103900371233
2721.7217217217217 0.009002845425505036
2731.731731731732 0.00891810027120899
2741.741741741742 0.00883389228284985
2751.7517517517517 0.008750243093120079
2761.7617617617616 0.00866717226740652
2771.7717717717715 0.008584697441280991
2781.781781781782 0.008502834450266018
2791.791791791792 0.008421597452088246
2801.801801801802 0.008340999041674858
2811.811811811812 0.008261050359178483
2821.8218218218217 0.008181761191335608
2831.8318318318316 0.008103140066474434
2841.841841841842 0.008025194343493225
2851.851851851852 0.007947930295129475
2861.861861861862 0.007871353185836039
2871.871871871872 0.007795467344573195
2881.881881881882 0.007720276232816064
2891.8918918918916 0.007645782508065931
2901.901901901902 0.0075719880831419135
2911.911911911912 0.007498894181516802
2921.921921921922 0.0074265013889477805
2931.931931931932 0.007354809701639744
2941.941941941942 0.0072838185711657085
2951.9519519519517 0.0072135269463561805
2961.961961961962 0.007143933312356802
2971.971971971972 0.007075035727041519
2981.9819819819822 0.007006831854957078
2991.991991991992 0.006939318998963457
3002.002002002002 0.006872494129724459
3012.012012012012 0.0068063539131926285
3022.0220220220217 0.006740894736223235
3032.032032032032 0.006692097887364366
3042.0420420420423 0.0066259051405891485
3052.052052052052 0.006559849158853342
3062.062062062062 0.006494084725868364
3072.072072072072 0.00642874266011238
3082.0820820820823 0.006363932497042517
3092.092092092092 0.006299744934651485
3102.102102102102 0.006236254054621897
3112.1121121121123 0.006173519332621584
3122.122122122122 0.006111587451959326
3132.132132132132 0.006050493935029403
3142.1421421421423 0.00599026460683227
3152.152152152152 0.005930916904463156
3162.162162162162 0.005872461045886073
3172.1721721721724 0.005814901070617123
3182.1821821821823 0.005758235764174558
3192.192192192192 0.005702459477349502
3202.202202202202 0.00564756285053742
3212.2122122122123 0.005593533452566055
3222.222222222222 0.0055403563426751614
3232.232232232232 0.005488014563556759
3242.2422422422424 0.00543648957265843
3252.252252252252 0.005385761618289855
3262.262262262262 0.005335810066456742
3272.2722722722724 0.005286613683776425
3282.2822822822823 0.00523815088130515
3292.292292292292 0.005190399923626846
3302.3023023023025 0.005143339107114967
3312.3123123123123 0.005096946910880366
3322.322322322322 0.005051202123556574
3332.3323323323325 0.005006083948746418
3342.3423423423424 0.004961572091658488
3352.352352352352 0.004917646829195117
3362.3623623623625 0.0048742890655137485
3372.3723723723724 0.004831480374867505
3382.3823823823823 0.004789203033336736
3392.3923923923926 0.0047474400408895005
3402.4024024024025 0.004706175135052348
3412.4124124124123 0.004665392797332942
3422.4224224224226 0.004625078253410488
3432.4324324324325 0.004585217467997413
3442.4424424424424 0.0045457971351749804
3452.4524524524522 0.004506804664915366
3462.4624624624626 0.004468228166421805
3472.4724724724724 0.004430056428846153
3482.4824824824823 0.004392278899878252
3492.4924924924926 0.004354885662643633
3502.5025025025025 0.004317867411293909
3512.5125125125123 0.004281215425627834
3522.5225225225226 0.004244921545039223
3532.5325325325325 0.00420897814205062
3542.5425425425424 0.004173378095658202
3552.5525525525527 0.004138114764683471
3562.5625625625626 0.004103181961300546
3572.5725725725724 0.004068573924883849
3582.5825825825827 0.004034285296299691
3592.5925925925926 0.004000311092746007
3602.6026026026025 0.003966646683227536
3612.612612612613 0.003933287764738396
3622.6226226226227 0.003900230339210571
3632.6326326326325 0.0038674706912746456
3642.642642642643 0.0038350053668685636
3652.6526526526527 0.0038028311527205285
3662.6626626626626 0.0037709450567239445
3672.672672672673 0.003739344289214843
3682.6826826826828 0.003708026245155761
3692.6926926926926 0.003676988487224369
3702.7027027027025 0.0036462287298002238
3712.712712712713 0.0036157448238387487
3722.7227227227227 0.0035855347426178887
3732.7327327327325 0.0035555965683396495
3742.742742742743 0.0035259284795662693
3752.7527527527527 0.0034965287394683755
3762.7627627627626 0.003467395684860765
3772.772772772773 0.003438527715999963
3782.7827827827828 0.0034099232871165485
3792.7927927927926 0.0033815808976543865
3802.802802802803 0.003353499084188297
3812.812812812813 0.0033256764129912775
3822.8228228228227 0.003298111473222239
3832.832832832833 0.0032708028707051956
3842.842842842843 0.0032437492222709466
3852.8528528528527 0.0032169491506326446
3862.862862862863 0.003190401279766957
3872.872872872873 0.003164104230773094
3882.8828828828828 0.0031380566181824477
3892.892892892893 0.0031122570466924596
3902.902902902903 0.0030867041082987432
3912.912912912913 0.0030613963798005366
3922.922922922923 0.003036332420655199
3932.932932932933 0.0030115107711584017
3942.942942942943 0.0029869299509274186
3952.9529529529527 0.0029625884576659207
3962.962962962963 0.002938484766189523
3972.972972972973 0.002914617327692157
3982.982982982983 0.0028909845692343676
3992.992992992993 0.0028675848934353945
4003.003003003003 0.002844416678351916
4013.013013013013 0.0028214782775270227
4023.023023023023 0.0027987680201940223
4033.033033033033 0.002776284211620402
4043.043043043043 0.002754025133578107
4053.053053053053 0.002731989044927124
4063.063063063063 0.002710174182300083
4073.073073073073 0.0026885787608763754
4083.0830830830832 0.002667200975234969
4093.093093093093 0.0026460390002758334
4103.103103103103 0.002625090992200525
4113.113113113113 0.002604355089543156
4123.123123123123 0.0025838294142435272
4133.133133133133 0.0025635120727548776
4143.143143143143 0.002543401157179187
4153.153153153153 0.0025234947464235474
4163.163163163163 0.0025037909073715985
4173.173173173173 0.0024842876960645393
4183.183183183183 0.0024649831588866547
4193.193193193193 0.0024458753337507364
4203.203203203203 0.0024269622512792027
4213.213213213214 0.0024082419359770985
4223.223223223224 0.0023897124073935035
4233.2332332332335 0.0023713716812682442
4243.243243243243 0.0023532177706611242
4253.253253253253 0.002335248687061165
4263.263263263263 0.0023174624414736716
4273.273273273273 0.002299857045483151
4283.283283283283 0.0022824305122904004
4293.293293293293 0.002265180857722306
4303.303303303303 0.002248106101213058
4313.313313313313 0.002231204266755773
4323.323323323323 0.002214473383823598
4333.333333333334 0.0021979114882596236
4343.343343343344 0.0021815166231350398
4353.353353353354 0.0021652868395751384
4363.3633633633635 0.0021492201975528637
4373.373373373373 0.002133314766649787
4383.383383383383 0.002117568626784442
4393.393393393393 0.002101979868908076
4403.403403403403 0.002086546595667986
4413.413413413413 0.002071266922038631
4423.423423423424 0.0020561389759208774
4433.4334334334335 0.002041160898709702
4443.443443443443 0.0020263308458308127
4453.453453453454 0.0020116469872466626
4463.463463463464 0.0019971075079324046
4473.473473473474 0.0019827106083223156
4483.483483483484 0.0019684545047273694
4493.493493493494 0.0019543374297245337
4503.503503503503 0.0019403576325185015
4513.513513513513 0.0019265133792765253
4523.523523523523 0.0019128029534370566
4533.533533533533 0.0018992246559929522
4543.543543543543 0.0018857768057499184
4553.553553553554 0.0018724577395609866
4563.563563563564 0.0018592658125377553
4573.573573573573 0.0018461993982391268
4583.583583583584 0.001833256888838318
4593.593593593594 0.0018204366952688864
4603.603603603604 0.0018077372473504997
4613.613613613614 0.0017951569938952287
4623.623623623624 0.0017826944027950515
4633.6336336336335 0.0017703479610913363
4643.643643643643 0.0017581161750270012
4653.653653653653 0.0017459975700820543
4663.663663663663 0.0017339906909932237
4673.673673673674 0.0017220941017583524
4683.683683683684 0.0017103063856262351
4693.693693693694 0.0016986261450725457
4703.703703703704 0.0016870520017625067
4713.713713713714 0.0016755825965009377
4723.723723723724 0.0016642165891702708
4733.733733733734 0.0016529526586571612
4743.743743743744 0.0016417895027682674
4753.753753753754 0.0016307258381357548
4763.763763763764 0.0016197604001131033
4773.773773773773 0.0016088919426617244
4783.783783783783 0.0015981192382289464
4793.793793793793 0.0015874410776178345
4803.803803803804 0.0015768562698493607
4813.813813813814 0.0015663636420173996
4823.823823823824 0.0015559620391369909
4833.833833833834 0.001545650323986328
4843.843843843844 0.001535427376942902
4853.853853853854 0.0015252920958142046
4863.863863863864 0.001515243395663399
4873.873873873874 0.0015052802086303395
4883.883883883884 0.0014954014837483143
4893.893893893894 0.0014856061867568663
4903.9039039039035 0.0014758932999110375
4913.913913913913 0.0014662618217873614
4923.923923923924 0.0014567107670869293
4933.933933933934 0.0014472391664358388
4943.943943943944 0.0014378460661832887
4953.953953953955 0.0014285305281976463
4963.9639639639645 0.0014192916296607175
4973.973973973974 0.001410128462860483
4983.983983983984 0.001401040134982572
4993.993993993994 0.0013920257679006728
5004.004004004004 0.001383084497966128
5014.014014014014 0.001374215475796924
5024.024024024024 0.0013654178660662654
5034.0340340340335 0.001356690847290957
5044.044044044043 0.001348033611619745
5054.054054054054 0.001339445364621819
5064.064064064064 0.00133092532507563
5074.074074074074 0.0013224727247581817
5084.084084084085 0.0013140868082349567
5094.0940940940945 0.0013057668326506096
5104.104104104104 0.0012975120675205616
5114.114114114114 0.001289321794523632
5124.124124124124 0.00128119530729582
5134.134134134134 0.0012731319112253548
5144.144144144144 0.0012651309232491125
5154.154154154154 0.001257191671650511
5164.1641641641645 0.0012493134958589682
5174.174174174174 0.0012414957462510174
5184.184184184184 0.001233737783953154
5194.194194194194 0.001226038980646498
5204.204204204204 0.0012183987183733466
5214.214214214214 0.0012108163893456653
5224.224224224225 0.0012032913957556021
5234.2342342342345 0.0011958231495880663
5244.244244244244 0.0011884110724354215
5254.254254254254 0.0011810545953143592
5264.264264264264 0.0011737531584849695
5274.274274274274 0.0011665062112720755
5284.284284284285 0.0011593132118888447
5294.294294294295 0.0011521736272627253
5304.304304304304 0.001145086932863721
5314.314314314314 0.0011380526125350484
5324.324324324324 0.001131070158326175
5334.334334334334 0.001124139070328282
5344.344344344345 0.001117258856512141
5354.354354354355 0.001110429032568447
5364.3643643643645 0.0011036491217505848
5374.374374374374 0.001096918654719869
5384.384384384384 0.0010902371693932373
5394.394394394394 0.0010836042107934146
5404.404404404404 0.0010770193309015438
5414.414414414415 0.0010704820885122797
5424.424424424425 0.001063992049091351
5434.4344344344345 0.0010575487846355698
5444.444444444444 0.0010511518735352979
5454.454454454454 0.0010448009004393533
5464.464464464464 0.0010384954561223436
5474.474474474475 0.0010322351373544215
5484.484484484485 0.0010260195467734418
5494.494494494495 0.0010198482927595114
5504.504504504504 0.0010137209893119118
5514.514514514514 0.0010076372559283783
5524.524524524524 0.0010015967174867213
5534.534534534535 0.0009955990041287603
5544.544544544545 0.0009896437511465635
5554.554554554555 0.0009837305988709588
5564.5645645645645 0.0009778591925623033
5574.574574574574 0.0009720291823034861
5584.584584584584 0.0009662402228951358
5594.594594594595 0.0009604919737530123
5604.604604604605 0.0009547840988075668
5614.614614614615 0.000949116266405617
5624.624624624625 0.0009434881492141471
5634.6346346346345 0.0009378994241261803
5644.644644644644 0.000932349772168704
5654.654654654654 0.0009268388784126254
5664.664664664665 0.0009213664318847176
5674.674674674675 0.0009159321254815473
5684.684684684685 0.0009105356558853331
5694.694694694695 0.0009051767234817222
5704.704704704704 0.0008998550322794509
5714.714714714714 0.0008945702898318594
5724.724724724725 0.0008893222071602326
5734.734734734735 0.000884110498678938
5744.744744744745 0.0008789348821223322
5754.754754754755 0.000873795078473401
5764.764764764765 0.000868690811894114
5774.774774774774 0.0008636218096574558
5784.784784784785 0.0008585878020811055
5794.794794794795 0.0008535885224627416
5804.804804804805 0.0008486237070169319
5814.814814814815 0.0008436930948135912
5824.824824824825 0.0008387964277179692
5834.8348348348345 0.0008339334503321438
5844.844844844845 0.0008291039099379929
5854.854854854855 0.0008243075564416064
5864.864864864865 0.0008195441423191232
5874.874874874875 0.0008148134225639575
5884.884884884885 0.0008101151546353853
5894.894894894895 0.0008054490984084681
5904.9049049049045 0.0008008150161252835
5914.914914914915 0.0007962126723474349
5924.924924924925 0.0007916418339098183
5934.934934934935 0.0007871022698756054
5944.944944944945 0.0007825937514924426
5954.954954954955 0.0007781160521498072
5964.964964964965 0.0007736689473375233
5974.974974974975 0.000769252214605395
5984.984984984985 0.0007648656335239373
5994.994994994995 0.0007605089856461805
6005.005005005005 0.0007561820544705199
6015.015015015015 0.0007518846254045909
6025.025025025025 0.0007476164857301446
6035.035035035035 0.0007433774245688929
6045.045045045045 0.0007391672328493157
6055.055055055055 0.0007349857032743888
6065.065065065065 0.0007308326302902238
6075.075075075075 0.0007267078100555905
6085.085085085085 0.0007226110404123031
6095.0950950950955 0.0007185421208564478
6105.105105105105 0.0007145008525104303
6115.115115115115 0.000710487038095821
6125.125125125125 0.0007065004819069801
6135.135135135135 0.0007025409897854447
6145.145145145145 0.0006986083690950455
6155.155155155155 0.0006947024286977548
6165.1651651651655 0.0006908229789302238
6175.175175175175 0.0006869698315810106
6185.185185185185 0.0006831427998684633
6195.195195195195 0.000679341698419256
6205.205205205205 0.0006755663432475457
6215.215215215215 0.0006718165517347431
6225.225225225226 0.0006680921426098763
6235.235235235235 0.0006643929359305283
6245.245245245245 0.0006607187530643389
6255.255255255255 0.0006570694166710488
6265.265265265265 0.0006534447506850693
6275.275275275275 0.0006498445802985704
6285.285285285286 0.0006462687319450644
6295.295295295296 0.0006427170332834741
6305.305305305305 0.0006391893131826666
6315.315315315315 0.0006356854017064494
6325.325325325325 0.0006322051300990016
6335.335335335335 0.0006287483307707371
6345.345345345346 0.0006253148372845773
6355.355355355356 0.0006219044843426367
6365.3653653653655 0.000618517107773285
6375.375375375375 0.000615152544518597
6385.385385385385 0.0006118106326221621
6395.395395395395 0.0006084912112172514
6405.405405405405 0.0006051941205153256
6415.415415415416 0.000601919201794873
6425.425425425426 0.0005986662973905743
6435.4354354354355 0.0005954352506827671
6445.445445445445 0.0005922259060872234
6455.455455455455 0.0005890381090452035
6465.465465465465 0.0005858717060138026
6475.475475475476 0.0005827265444565601
6485.485485485486 0.0005796024728343336
6495.495495495496 0.0005764993405964228
6505.505505505505 0.0005734169981719418
6515.515515515515 0.0005703552969614225
6525.525525525525 0.0005673140893286471
6535.535535535536 0.0005642932285926969
6545.545545545546 0.0005612925690202194
6555.555555555556 0.0005583119658178873
6565.5655655655655 0.0005553512751250657
6575.575575575575 0.000552410354006659
6585.585585585585 0.0005494890604461451
6595.595595595596 0.0005465872533387826
6605.605605605606 0.0005437047924849879
6615.615615615616 0.0005408415385838722
6625.625625625626 0.0005379973532269371
6635.6356356356355 0.0005351720988919196
6645.645645645645 0.0005323656389367798
6655.655655655655 0.0005295778375938284
6665.665665665666 0.0005268085599639878
6675.675675675676 0.0005240576720111797
6685.685685685686 0.0005213250405568356
6695.695695695696 0.0005186105332745261
6705.705705705705 0.0005159140186847012
6715.715715715715 0.0005132353661495403
6725.725725725726 0.0005105744458679067
6735.735735735736 0.0005079311288703964
6745.745745745746 0.0005053052870144899
6755.755755755756 0.0005026967929797887
6765.7657657657655 0.0005001055202633405
6775.775775775775 0.0004975313431750503
6785.785785785786 0.000494974136833167
6795.795795795796 0.0004924337771598498
6805.805805805806 0.0004899101408768047
6815.815815815816 0.00048740310550099116
6825.825825825826 0.0004849125493403968
6835.8358358358355 0.0004824383514898711
6845.845845845846 0.0004799803918270241
6855.855855855856 0.00047753855100817844
6865.865865865866 0.00047511271046437925
6875.875875875876 0.00047270275239745237
6885.885885885886 0.00047030855977611577
6895.895895895896 0.0004679300163321362
6905.9059059059055 0.00046556700655653034
6915.915915915916 0.0004632194156958076
6925.925925925926 0.0004608871297482567
6935.935935935936 0.00045857003546026536
6945.945945945946 0.0004562680203226806
6955.955955955956 0.0004539809725672002
6965.965965965966 0.00045170878116279926
6975.975975975976 0.00044945133581218553
6985.985985985986 0.0004472085269482851
6995.995995995996 0.0004449802457307539
7006.006006006006 0.00044276638404251685
7016.016016016016 0.00044056683448633077
7026.026026026026 0.0004383814903813696
7036.036036036036 0.0004362102457598333
7046.046046046046 0.0004340529953635759
7056.056056056056 0.0004319096346407519
7066.066066066066 0.0004297800597424824
7076.076076076076 0.0004276641675195382
7086.086086086086 0.00042556185551903726
7096.0960960960965 0.00042347302198115946
7106.106106106106 0.00042139756583587274
7116.116116116116 0.00041933538669967484
7126.126126126126 0.0004172863848723462
7136.136136136136 0.0004152504613337143
7146.146146146146 0.0004132275177404291
7156.156156156156 0.0004112174564227479
7166.1661661661665 0.00040922018038133114
7176.176176176176 0.0004072355932840448
7186.186186186186 0.00040526359946277337
7196.196196196196 0.000403304103910238
7206.206206206206 0.00040135701227682325
7216.216216216216 0.00039942223086741137
7226.226226226227 0.00039749966663821956
7236.236236236236 0.0003955892271936469
7246.246246246246 0.00039369082078312303
7256.256256256256 0.0003918043562979649
7266.266266266266 0.0003899297432682363
7276.276276276276 0.0003880668918596122
7286.286286286287 0.0003862157128702477
7296.2962962962965 0.0003843761177276497
7306.306306306306 0.000382548018485554
7316.316316316316 0.0003807313278208037
7326.326326326326 0.0003789259590302325
7336.336336336336 0.00037713182602755024
7346.346346346347 0.0003753488433402306
7356.356356356357 0.0003735769261064052
7366.3663663663665 0.0003718159900717537
7376.376376376376 0.0003700659515864038
7386.386386386386 0.00036832672760182903
7396.396396396396 0.00036659823566775066
7406.406406406406 0.0003648803939290417
7416.416416416417 0.0003631731211226327
7426.426426426427 0.00036147633657442215
7436.436436436436 0.0003597899601961868
7446.446446446446 0.00035811391248249345
7456.456456456456 0.00035644811450761876
7466.466466466466 0.0003547924879224641
7476.476476476477 0.00035314695495147785
7486.486486486487 0.00035151143838957967
7496.496496496497 0.00034988586159908464
7506.506506506506 0.000348270148506633
7516.516516516516 0.00034666422360012176
7526.526526526526 0.00034506801192563726
7536.536536536537 0.0003434814390843944
7546.546546546547 0.0003419044312296756
7556.556556556557 0.00034033691506377416
7566.5665665665665 0.0003387788178349407
7576.576576576576 0.0003372300673343329
7586.586586586586 0.000335690591892969
7596.596596596597 0.00033416032037868383
7606.606606606607 0.0003326391821930917
7616.616616616617 0.00033112710726854763
7626.626626626627 0.0003296240260651181
7636.6366366366365 0.0003281298695675527
7646.646646646646 0.0003266445692822613
7656.656656656657 0.0003251680572342948
7666.666666666667 0.00032370026596433195
7676.676676676677 0.00032224112852566886
7686.686686686687 0.0003207905784812151
7696.696696696697 0.0003193485499004937
7706.706706706706 0.0003179149773566473
7716.716716716716 0.0003164897959234489
7726.726726726727 0.0003150729411723184
7736.736736736737 0.00031366434916934476
7746.746746746747 0.0003122639564723134
7756.756756756757 0.00031087170012774115
7766.7667667667665 0.0003094875176679154
7776.776776776776 0.00030811134710794104
7786.786786786787 0.00030674312694279265
7796.796796796797 0.0003053827961443741
7806.806806806807 0.0003040302941585849
7816.816816816817 0.0003026855609023926
7826.826826826827 0.0003013485367609133
7836.8368368368365 0.0003000191625844988
7846.846846846847 0.0002986973796858309
7856.856856856857 0.00029738312983702445
7866.866866866867 0.0002960763552667354
7876.876876876877 0.00029477699865728004
7886.886886886887 0.00029348500314175965
7896.896896896897 0.0002922003123011945
7906.906906906907 0.00029092287016166494
7916.916916916917 0.0002896526211914625
7926.926926926927 0.00028838951029824854
7936.936936936937 0.0002871334828262198
7946.946946946947 0.00028588448455328734
7956.956956956957 0.00028464246168825944
7966.9669669669665 0.0002834073608680362
7976.976976976977 0.00028217912915481263
7986.986986986987 0.0002809577140332921
7996.996996996997 0.00027974306340790625
8007.007007007007 0.00027853512560004827
8017.017017017017 0.0002773338493453122
8027.027027027027 0.00027613918379074543
8037.037037037037 0.00027495107849210773
8047.047047047047 0.00027376948341114324
8057.057057057057 0.00027259434891285984
8067.067067067067 0.00027142562576282063
8077.077077077077 0.00027026326512444515
8087.087087087087 0.0002691072185563206
8097.0970970970975 0.00026795743800952306
8107.107107107107 0.00026681387582495197
8117.117117117117 0.00026567648473067136
8127.127127127127 0.0002645452178392646
8137.137137137137 0.0002634200286451989
8147.147147147147 0.00026230087102220096
8157.157157157158 0.000261187699220644
8167.1671671671675 0.0002600804678649447
8177.177177177177 0.0002589791319509726
8187.187187187187 0.00025788364684346983
8197.197197197198 0.00025679396827348283
8207.207207207208 0.0002557100523358043
8217.217217217218 0.000254631855486428
8227.227227227228 0.00025355933454001374
8237.237237237237 0.00025249244666736476
8247.247247247247 0.0002514311493929162
8257.257257257257 0.0002503754005922358
8267.267267267267 0.0002493251584895351
8277.277277277277 0.000248280381655194
8287.287287287287 0.0002472410290032958
8297.297297297297 0.0002462070597891746
8307.307307307306 0.00024517843360697495
8317.317317317316 0.0002441551103872218
8327.327327327326 0.00024313705039440524
8337.337337337336 0.00024212421422457444
8347.347347347348 0.00024111656280294475
8357.357357357358 0.00024011405738151768
8367.367367367367 0.00023911665953671113
8377.377377377377 0.00023812433116700312
8387.387387387387 0.00023713703449058745
8397.397397397397 0.0002361547320430409
8407.407407407409 0.0002351773866750032
8417.417417417419 0.00023420496154986912
8427.427427427428 0.00023323742014149217
8437.437437437438 0.00023227472623190128
8447.447447447448 0.00023131684390902916
8457.457457457458 0.0002303637375644535
8467.467467467468 0.0002294153718911498
8477.477477477478 0.0002284717118812565
8487.487487487488 0.0002275327228238527
8497.497497497498 0.00022659837030274835
8507.507507507507 0.0002256686201942854
8517.517517517517 0.0002247434386651532
8527.527527527527 0.00022382279217021453
8537.537537537537 0.00022290664745034413
8547.547547547547 0.00022199497153028056
8557.557557557557 0.00022108773171648896
8567.567567567567 0.0002201848955950367
8577.577577577576 0.00021928643102948103
8587.587587587586 0.00021839230615876943
8597.597597597598 0.00021750248939515106
8607.607607607608 0.00021661694942210204
8617.617617617618 0.00021573565519226095
8627.627627627628 0.00021485857592537784
8637.637637637637 0.0002139856811062754
8647.647647647647 0.00021311694048282086
8657.657657657659 0.0002122523240639114
8667.667667667669 0.00021139180211747206
8677.677677677679 0.0002105353451684626
8687.687687687689 0.00020968292399690038
8697.697697697698 0.0002088345096358923
8707.707707707708 0.00020799007336968022
8717.717717717718 0.00020714958673169795
8727.727727727728 0.00020631302150263912
8737.737737737738 0.0002054803497085389
8747.747747747748 0.00020465154361886585
8757.757757757758 0.00020382657574462583
8767.767767767768 0.00020300541883647863
8777.777777777777 0.00020218804588286558
8787.787787787787 0.0002013744301081487
8797.797797797797 0.00020056454497076166
8807.807807807807 0.00019975836416137322
8817.817817817817 0.00019895586160106036
8827.827827827827 0.0001981570114394952
8837.837837837837 0.00019736178805314163
8847.847847847848 0.0001965701660434643
8857.857857857858 0.000195782120235149
8867.867867867868 0.00019499762567433407
8877.877877877878 0.00019421665762685308
8887.887887887888 0.00019343919157648938
8897.897897897898 0.00019266520322324163
8907.90790790791 0.00019189466848160011
8917.91791791792 0.000191127563478835
8927.927927927929 0.0001903638645532948
8937.937937937939 0.00018960354825271696
8947.947947947949 0.0001888465913325484
8957.957957957959 0.0001880929707542779
8967.967967967968 0.000187342663683779
8977.977977977978 0.0001865956474896634
8987.987987987988 0.00018585189974164635
8997.997997997998 0.00018511139820892177
9008.008008008008 0.00018437412085854817
9018.018018018018 0.00018364004585384605
9028.028028028028 0.0001829091515528052
9038.038038038037 0.00018218141650650272
9048.048048048047 0.00018145681945753192
9058.058058058057 0.0001807353393384413
9068.068068068067 0.00018001695527018405
9078.078078078077 0.00017930164656057825
9088.088088088087 0.00017858939270277708
9098.098098098098 0.00017789312484477288
9108.108108108108 0.00017718956771026407
9118.118118118118 0.00017648944933498377
9128.128128128128 0.00017579274979510632
9138.138138138138 0.00017509944929968154
9148.148148148148 0.00017440952818963753
9158.15815815816 0.00017372296693679025
9168.16816816817 0.00017303974614286434
9178.17817817818 0.00017235984653851883
9188.188188188189 0.0001716832489823827
9198.198198198199 0.0001710099344600978
9208.208208208209 0.0001703398840833706
9218.218218218219 0.0001696730790890306
9228.228228228229 0.00016900950083809668
9238.238238238238 0.00016834913081485226
9248.248248248248 0.0001676919506259267
9258.258258258258 0.00016703794199938483
9268.268268268268 0.0001663870867838247
9278.278278278278 0.00016573936694748103
9288.288288288288 0.00016509476457733787
9298.298298298298 0.00016445326187824742
9308.308308308307 0.00016381484117205622
9318.31831831832 0.00016317948489673892
9328.328328328329 0.0001625471756055392
9338.338338338339 0.00016191789596611678
9348.348348348349 0.00016129162875970238
9358.358358358359 0.0001606683568802592
9368.368368368368 0.00016004806333365146
9378.378378378378 0.0001594307312368195
9388.388388388388 0.00015881634381696176
9398.398398398398 0.00015820488441072316
9408.408408408408 0.00015759633646339065
9418.418418418418 0.00015699068352809434
9428.428428428428 0.00015638790926501665
9438.43843843844 0.0001557879974406062
9448.44844844845 0.00015519093192679922
9458.458458458459 0.00015459669670024687
9468.468468468469 0.00015400527584154885
9478.478478478479 0.00015341665353449334
9488.488488488489 0.00015283081406530297
9498.498498498499 0.00015224774182188655
9508.508508508508 0.00015166742129309806
9518.518518518518 0.00015108983706800015
9528.528528528528 0.0001505149738351344
9538.538538538538 0.0001499428163817973
9548.548548548548 0.00014937334959332213
9558.558558558558 0.00014880655845236652
9568.56856856857 0.0001482424280382057
9578.57857857858 0.00014768094352603177
9588.58858858859 0.0001471220901862581
9598.598598598599 0.00014656585338382983
9608.608608608609 0.00014601221857753923
9618.618618618619 0.0001454611713193475
9628.628628628629 0.00014491269725371123
9638.638638638638 0.0001443667821169143
9648.648648648648 0.00014382341173640564
9658.658658658658 0.0001432825720301418
9668.668668668668 0.00014274424900593505
9678.678678678678 0.0001422084287608067
9688.68868868869 0.00014167509748034488
9698.6986986987 0.000141144241438069
9708.70870870871 0.00014061584699479724
9718.71871871872 0.00014008990059802094
9728.728728728729 0.00013956638878128268
9738.738738738739 0.00013904529816355997
9748.748748748749 0.00013852661544865377
9758.758758758759 0.00013801032742458141
9768.768768768768 0.0001374964209629751
9778.778778778778 0.00013698488301848425
9788.788788788788 0.00013647570062818334
9798.798798798798 0.0001359688609109844
9808.808808808808 0.00013546435106705346
9818.81881881882 0.00013496215837723198
9828.82882882883 0.00013446227020246388
9838.83883883884 0.00013396467398322487
9848.84884884885 0.0001334693572389585
9858.85885885886 0.000132976307567515
9868.868868868869 0.00013248551264459602
9878.878878878879 0.00013199696022320225
9888.888888888889 0.00013151063813308654
9898.898898898899 0.00013102653428021067
9908.908908908908 0.00013054463664620663
9918.918918918918 0.00013006493328784208
9928.928928928928 0.0001295874123364901
9938.93893893894 0.00012911206199760274
9948.94894894895 0.0001286388705501894
9958.95895895896 0.00012816782634629824
9968.96896896897 0.0001276989178105028
9978.97897897898 0.00012723213343939153
9988.98898898899 0.0001267674618010625
9998.998998998999 0.0001263048915346206
10009.009009009009 0.00012584441134968032
10019.019019019019 0.00012538601002587063
10029.029029029029 0.00012492967641234546
10039.039039039038 0.00012447539942729653
10049.049049049048 0.00012402316805747081
10059.059059059058 0.00012357297135769145
10069.06906906907 0.00012312479845038253
10079.07907907908 0.00012267863852509758
10089.08908908909 0.000122234480838051
10099.0990990991 0.00012179231471165447
10109.10910910911 0.00012135212953405574
10119.11911911912 0.0001209139147586814
10129.129129129129 0.00012047765990378357
10139.139139139139 0.00012004335455198945
10149.149149149149 0.00011961098834985447
10159.159159159159 0.00011918055100741955
10169.169169169169 0.00011875203229777079
10179.179179179178 0.00011832542205660321
10189.18918918919 0.00011790071018178764
10199.1991991992 0.00011747788663294118
10209.20920920921 0.00011705694143100002
10219.21921921922 0.00011663786465779708
10229.22922922923 0.00011622064645564156
10239.23923923924 0.00011580527702690235
10249.24924924925 0.00011539174663359444
10259.25925925926 0.00011498004559696865
10269.269269269269 0.00011457016429710422
10279.279279279279 0.00011416209317250475
10289.289289289289 0.00011375582271969733
10299.299299299299 0.00011335134349283402
10309.309309309308 0.00011294864610329755
10319.31931931932 0.00011254772121930896
10329.32932932933 0.00011214855956553898
10339.33933933934 0.00011175115192272132
10349.34934934935 0.00011135548912727049
10359.35935935936 0.00011096156207090101
10369.36936936937 0.00011056936170025023
10379.37937937938 0.00011017887901650431
10389.38938938939 0.00010979010507502609
10399.399399399399 0.00010940303098498665
10409.409409409409 0.00010901764790899934
10419.419419419419 0.00010863394706275625
10429.429429429429 0.00010825191971466816
10439.43943943944 0.00010787155718550655
10449.44944944945 0.00010749285084804864
10459.45945945946 0.00010711579212672495
10469.46946946947 0.00010674037249726965
10479.47947947948 0.00010636658348637345
10489.48948948949 0.00010599441667133895
10499.4994994995 0.0001056238636797393
10509.50950950951 0.0001052549161890782
10519.51951951952 0.00010488756592645354
10529.52952952953 0.00010452180466822314
10539.539539539539 0.00010415762423967281
10549.549549549549 0.00010379501651468735
10559.559559559559 0.00010343397341542364
10569.56956956957 0.00010307448691198601
10579.57957957958 0.00010271654902210509
10589.58958958959 0.00010236015181081735
10599.5995995996 0.00010200528739014857
10609.60960960961 0.00010165194791879908
10619.61961961962 0.0001013001256018309
10629.62962962963 0.00010094981269035819
10639.63963963964 0.00010060100148123883
10649.64964964965 0.00010025368431676965
10659.65965965966 9.990785358438258e-05
10669.669669669669 9.956350171634403e-05
10679.679679679679 9.922062118945593e-05
10689.68968968969 9.887920452475931e-05
10699.6996996997 9.853924428724014e-05
10709.70970970971 9.820073308553664e-05
10719.71971971972 9.786366357164983e-05
10729.72972972973 9.752802844065544e-05
10739.73973973974 9.719382043041812e-05
10749.74974974975 9.686103232130806e-05
10759.75975975976 9.652965693591921e-05
10769.76976976977 9.619968713878986e-05
10779.77977977978 9.58711158361255e-05
10789.78978978979 9.554393597552315e-05
10799.799799799799 9.521814054569823e-05
10809.809809809809 9.489372257621313e-05
10819.81981981982 9.457067513720798e-05
10829.82982982983 9.424899133913328e-05
10839.83983983984 9.392866433248445e-05
10849.84984984985 9.360968730753846e-05
10859.85985985986 9.32920534940922e-05
10869.86986986987 9.297575616120312e-05
10879.87987987988 9.266078861693113e-05
10889.88988988989 9.234714420808322e-05
10899.8998998999 9.20348163199592e-05
10909.90990990991 9.172379837609984e-05
10919.91991991992 9.141408383803625e-05
10929.92992992993 9.110566620504185e-05
10939.93993993994 9.079853901388543e-05
10949.94994994995 9.049269583858661e-05
10959.95995995996 9.018813029017243e-05
10969.96996996997 8.988483601643643e-05
10979.97997997998 8.958280670169872e-05
10989.98998998999 8.928203606656852e-05
11000.0 8.898251786770795e-05
