#lamb flux
1000.0 6.775796202664173e-178
1010.01001001001 4.50329576540202e-176
1020.0200200200201 2.7549748990274342e-174
1030.03003003003 1.555152490412619e-172
1040.0400400400401 8.119084975585953e-171
1050.05005005005 3.929090260479992e-169
1060.06006006006 1.766294124410539e-167
1070.07007007007 7.391292648646732e-166
1080.08008008008 2.8849014006808524e-164
1090.0900900900901 1.0522761544849151e-162
1100.1001001001 3.5935294995292455e-161
1110.11011011011 1.1510148697189805e-159
1120.1201201201202 3.463830576822815e-158
1130.13013013013 9.810012679528942e-157
1140.1401401401401 2.6188799564969066e-155
1150.1501501501502 6.600340421529351e-154
1160.16016016016 1.572788117217106e-152
1170.1701701701702 3.548570610485695e-151
1180.1801801801803 7.591384180953258e-150
1190.1901901901902 1.5419040232392493e-148
1200.2002002002002 2.977334333544866e-147
1210.2102102102103 5.472403190496277e-146
1220.2202202202202 9.585994258300114e-145
1230.2302302302303 1.6021973062628672e-143
1240.2402402402402 2.558051149463039e-142
1250.2502502502502 3.9056706972090084e-141
1260.2602602602603 5.708719996789308e-140
1270.2702702702702 7.996270863786311e-139
1280.2802802802803 1.0744265986631183e-137
1290.2902902902902 1.386206266042493e-136
1300.3003003003003 1.7188943253937216e-135
1310.3103103103103 2.0503904931011067e-134
1320.3203203203202 2.354907811094904e-133
1330.3303303303303 2.6063542873278923e-132
1340.3403403403404 2.7821231080188854e-131
1350.3503503503503 2.8665070431469356e-130
1360.3603603603603 2.853011709894663e-129
1370.3703703703704 2.7450996313946196e-128
1380.3803803803803 2.555272618513895e-127
1390.3903903903904 2.3027789777092572e-126
1400.4004004004005 2.0105068442006307e-125
1410.4104104104103 1.7017311321306e-124
1420.4204204204204 1.3973137447332226e-123
1430.4304304304305 1.1137610459614995e-122
1440.4404404404404 8.622932905539351e-122
1450.4504504504505 6.48851337621647e-121
1460.4604604604606 4.7480768528795905e-120
1470.4704704704704 3.380810126611009e-119
1480.4804804804805 2.3436662823367003e-118
1490.4904904904906 1.582623698049762e-117
1500.5005005005005 1.0415859906433621e-116
1510.5105105105106 6.684528357059149e-116
1520.5205205205207 4.185249139792902e-115
1530.5305305305305 2.5577483936843362e-114
1540.5405405405404 1.5264614607832568e-113
1550.5505505505505 8.900320164702354e-113
1560.5605605605606 5.072385768183293e-112
1570.5705705705705 2.8268053103447793e-111
1580.5805805805805 1.5411389346362282e-110
1590.5905905905906 8.223005468995337e-110
1600.6006006006005 4.295743635630248e-109
1610.6106106106106 2.1980462852707866e-108
1620.6206206206207 1.102030149769198e-107
1630.6306306306305 5.4159123719064024e-107
1640.6406406406406 2.6099407211003177e-106
1650.6506506506507 1.2337466892029786e-105
1660.6606606606606 5.722811288862743e-105
1670.6706706706707 2.6057275331013387e-104
1680.6806806806808 1.165009000359012e-103
1690.6906906906906 5.116245578051375e-103
1700.7007007007007 2.207664634458522e-102
1710.7107107107108 9.362870107679337e-102
1720.7207207207207 3.904006233595194e-101
1730.7307307307308 1.6009065948027502e-100
1740.7407407407409 6.458042446591787e-100
1750.7507507507507 2.5635261784406614e-99
1760.7607607607606 1.0016046607706379e-98
1770.770770770771 3.852952730657945e-98
1780.7807807807808 1.459634765832379e-97
1790.7907907907907 5.44702963009324e-97
1800.8008008008007 2.0028556654115998e-96
1810.8108108108108 7.258065434629592e-96
1820.8208208208207 2.5928535868472095e-95
1830.8308308308308 9.133206639422869e-95
1840.8408408408409 3.1729030874709283e-94
1850.8508508508507 1.0873677651400832e-93
1860.8608608608608 3.6768677065695314e-93
1870.870870870871 1.2270300068133136e-92
1880.8808808808808 4.042031736697721e-92
1890.890890890891 1.3146235040257415e-91
1900.900900900901 4.2222903150642907e-91
1910.9109109109108 1.3394479942029536e-90
1920.920920920921 4.197772840332599e-90
1930.930930930931 1.299899622055085e-89
1940.940940940941 3.978133001391162e-89
1950.950950950951 1.2033902998190269e-88
1960.960960960961 3.5988931321517047e-88
1970.970970970971 1.0642473175983464e-87
1980.980980980981 3.1124454067349743e-87
1990.9909909909911 9.003666120935468e-87
2001.001001001001 2.5767181548632516e-86
2011.0110110110109 7.296496177268259e-86
2021.0210210210212 2.0447034424954263e-85
2031.031031031031 5.671293057285768e-85
2041.0410410410411 1.5571684174235928e-84
2051.051051051051 4.233070228513265e-84
2061.061061061061 1.1394759039002833e-83
2071.071071071071 3.037713215021171e-83
2081.081081081081 8.021236422360352e-83
2091.091091091091 2.098208225197408e-82
2101.101101101101 5.43785010639018e-82
2111.1111111111113 1.3964802591947464e-81
2121.121121121121 3.5540844698759016e-81
2131.131131131131 8.965230442508472e-81
2141.141141141141 2.2417660555101906e-80
2151.151151151151 5.557347824965517e-80
2161.161161161161 1.3659842031013314e-79
2171.1711711711714 3.329476562703741e-79
2181.1811811811813 8.0483873475615e-79
2191.191191191191 1.9297182792779256e-78
2201.201201201201 4.589651325305285e-78
2211.2112112112113 1.082963810634586e-77
2221.221221221221 2.535382719081463e-77
2231.2312312312315 5.889988674841644e-77
2241.2412412412414 1.3579129881572676e-76
2251.2512512512512 3.1071367280343904e-76
2261.261261261261 7.057052202903706e-76
2271.271271271271 1.5911226998306203e-75
2281.2812812812813 3.561586275999133e-75
2291.2912912912916 7.915604111172816e-75
2301.3013013013015 1.7468921062111326e-74
2311.3113113113113 3.8285069245478265e-74
2321.321321321321 8.333229757421175e-74
2331.331331331331 1.801591779124856e-73
2341.3413413413414 3.8689795507895935e-73
2351.3513513513512 8.254119062484431e-73
2361.3613613613616 1.7495078179674312e-72
2371.3713713713714 3.6844095699991025e-72
2381.3813813813813 7.710138103434647e-72
2391.391391391391 1.603368864425389e-71
2401.4014014014015 3.313721290744276e-71
2411.4114114114113 6.806806347255602e-71
2421.4214214214217 1.3897887135772268e-70
2431.4314314314315 2.820750485489102e-70
2441.4414414414414 5.6914519159856276e-70
2451.4514514514512 1.14170908718576e-69
2461.4614614614616 2.2771560700683507e-69
2471.4714714714714 4.5161208130501444e-69
2481.4814814814818 8.906430657439151e-69
2491.4914914914916 1.746773934458174e-68
2501.5015015015015 3.407168411236642e-68
2511.5115115115113 6.610022457934003e-68
2521.521521521521 1.275536238980054e-67
2531.5315315315315 2.4484478099225674e-67
2541.541541541542 4.675459475152373e-67
2551.5515515515517 8.882187258413001e-67
2561.5615615615616 1.6788198696662652e-66
2571.5715715715714 3.157204975713732e-66
2581.5815815815813 5.908013913913817e-66
2591.5915915915916 1.100133648850252e-65
2601.6016016016015 2.038634464432218e-65
2611.611611611612 3.759651904715801e-65
2621.6216216216217 6.900718082060148e-65
2631.6316316316315 1.2606744595380423e-64
2641.6416416416414 2.2924344750982564e-64
2651.6516516516517 4.149532304163463e-64
2661.6616616616616 7.477082969331999e-64
2671.671671671672 1.3412765447688676e-63
2681.6816816816818 2.395407786114521e-63
2691.6916916916916 4.259289598304258e-63
2701.7017017017015 7.540718648342884e-63
2711.711711711712 1.3293125744160523e-62
2721.7217217217217 2.333463121926401e-62
2731.731731731732 4.079008071677203e-62
2741.741741741742 7.100812178725947e-62
2751.7517517517517 1.2310652567479075e-61
2761.7617617617616 2.1256569480911794e-61
2771.7717717717715 3.655640776800327e-61
2781.781781781782 6.261970090464213e-61
2791.791791791792 1.0684500842388e-60
2801.801801801802 1.815982359097427e-60
2811.811811811812 3.0746894385200125e-60
2821.8218218218217 5.186101067713175e-60
2831.8318318318316 8.71461848324812e-60
2841.841841841842 1.4589513466076728e-59
2851.851851851852 2.433522508757499e-59
2861.861861861862 4.044351696252228e-59
2871.871871871872 6.697274129598451e-59
2881.881881881882 1.1050940575068082e-58
2891.8918918918916 1.817057138682693e-58
2901.901901901902 2.9772961763453013e-58
2911.911911911912 4.861556440448153e-58
2921.921921921922 7.911229213492023e-58
2931.931931931932 1.2830489924941646e-57
2941.941941941942 2.0739020184172096e-57
2951.9519519519517 3.341133511123312e-57
2961.961961961962 5.365061518948318e-57
2971.971971971972 8.587076693687111e-57
2981.9819819819822 1.3699982792603385e-56
2991.991991991992 2.178777286372931e-56
3002.002002002002 3.45412220528517e-56
3012.012012012012 5.458939980680857e-56
3022.0220220220217 8.600787907992313e-56
3032.032032032032 1.350954889375778e-55
3042.0420420420423 2.1155790357158244e-55
3052.052052052052 3.303060325519185e-55
3062.062062062062 5.141803047122682e-55
3072.072072072072 7.980658361411905e-55
3082.0820820820823 1.2350907169105733e-54
3092.092092092092 1.905935470610058e-54
3102.102102102102 2.9327760927188247e-54
3112.1121121121123 4.500108934017213e-54
3122.122122122122 6.885768560811105e-54
3132.132132132132 1.0507001862681464e-53
3142.1421421421423 1.59887222661496e-53
3152.152152152152 2.4264351602042287e-53
3162.162162162162 3.6724414512856906e-53
3172.1721721721724 5.543492474445808e-53
3182.1821821821823 8.345751090217456e-53
3192.192192192192 1.2531747379436888e-52
3202.202202202202 1.87686394542822e-52
3212.2122122122123 2.8037513253917663e-52
3222.222222222222 4.177747467335212e-52
3232.232232232232 6.209422227365061e-52
3242.2422422422424 9.206121626055936e-52
3252.252252252252 1.3615349750281265e-51
3262.262262262262 2.0087108134382364e-51
3272.2722722722724 2.956326370287555e-51
3282.2822822822823 4.3405362089276747e-51
3292.292292292292 6.357699836168956e-51
3302.3023023023025 9.290343111868847e-51
3312.3123123123123 1.3544030944822153e-50
3322.322322322322 1.969961824743661e-50
3332.3323323323325 2.858712628189911e-50
3342.3423423423424 4.1389961788805592e-50
3352.352352352352 5.979161668658166e-50
3362.3623623623625 8.618171187698176e-50
3372.3723723723724 1.2394476396743088e-49
3382.3823823823823 1.7786401710642672e-49
3392.3923923923926 2.546849875590478e-49
3402.4024024024025 3.6390022701308435e-49
3412.4124124124123 5.1883985875806564e-49
3422.4224224224226 7.381838870008501e-49
3432.4324324324325 1.0480550966000323e-48
3442.4424424424424 1.484909542967189e-48
3452.4524524524522 2.0995205364296577e-48
3462.4624624624626 2.962458821105496e-48
3472.4724724724724 4.1716159115747886e-48
3482.4824824824823 5.862512048433329e-48
3492.4924924924926 8.222391954819696e-48
3502.5025025025025 1.1509463083658318e-47
3512.5125125125123 1.6079102251150659e-47
3522.5225225225226 2.241948703504902e-47
3532.5325325325325 3.119995035142049e-47
3542.5425425425424 4.333647912858771e-47
3552.5525525525527 6.008027166645046e-47
3562.5625625625626 8.313725224308928e-47
3572.5725725725724 1.1482907203643113e-46
3582.5825825825827 1.583096069691037e-46
3592.5925925925926 2.178555628855646e-46
3602.6026026026025 2.9925586511785326e-46
3612.612612612613 4.103324969267946e-46
3622.6226226226227 5.616359496431178e-46
3632.6326326326325 7.67372222456961e-46
3642.642642642643 1.0466363540324202e-45
3652.6526526526527 1.4250510650388007e-45
3662.6626626626626 1.936939897904396e-45
3672.672672672673 2.6282043947648243e-45
3682.6826826826828 3.560127107680031e-45
3692.6926926926926 4.8143901221917556e-45
3702.7027027027025 6.499686832605503e-45
3712.712712712713 8.760418746676408e-45
3722.7227227227227 1.1788116552402943e-44
3732.7327327327325 1.5836415044315664e-44
3742.742742742743 2.124065688742912e-44
3752.7527527527527 2.8443516008358076e-44
3762.7627627627626 3.802843724174402e-44
3772.772772772773 5.076320960269962e-44
3782.7827827827828 6.765665773470884e-44
3792.7927927927926 9.003228960708267e-44
3802.802802802803 1.1962382884622102e-43
3812.812812812813 1.5869895083587898e-43
3822.8228228228227 2.102193131319647e-43
3832.832832832833 2.7804722375554432e-43
3842.842842842843 3.672121524087733e-43
3852.8528528528527 4.842539187914287e-43
3862.862862862863 6.3766398846607615e-43
3872.872872872873 8.384521197684867e-43
3882.8828828828828 1.1008729470645764e-42
3892.892892892893 1.443356345570886e-42
3902.902902902903 1.889697086253571e-42
3912.912912912913 2.4705739600098864e-42
3922.922922922923 3.2254869792235843e-42
3932.932932932933 4.205224383934419e-42
3942.942942942943 5.475000144844942e-42
3952.9529529529527 7.118438897024557e-42
3962.962962962963 9.242630525853686e-42
3972.972972972973 1.1984533145749848e-41
3982.982982982983 1.551907365804959e-41
3992.992992992993 2.0069382767821037e-41
4003.003003003003 2.59197103663088e-41
4013.013013013013 3.343170256738244e-41
4023.023023023023 4.3064889585928536e-41
4033.033033033033 5.540244161917175e-41
4043.043043043043 7.118350718987748e-41
4053.053053053053 9.134376634778426e-41
4063.063063063063 1.1706622352365142e-40
4073.073073073073 1.4984474855253939e-40
4083.0830830830832 1.9156346998089923e-40
4093.093093093093 2.445958572627921e-40
4103.103103103103 3.1192822825253035e-40
4113.113113113113 3.9731352245723495e-40
4123.123123123123 5.054625336408386e-40
4133.133133133133 6.422814518795984e-40
4143.143143143143 8.151665907956384e-40
4153.153153153153 1.0333696499227436e-39
4163.163163163163 1.3084498809838902e-39
4173.173173173173 1.654833206102574e-39
4183.183183183183 2.090502815205916e-39
4193.193193193193 2.6378512171460773e-39
4203.203203203203 3.324730336440531e-39
4213.213213213214 4.1857442777798947e-39
4223.223223223224 5.263839114898593e-39
4233.2332332332335 6.61225584831015e-39
4243.243243243243 8.296926936030775e-39
4253.253253253253 1.0399414033152665e-38
4263.263263263263 1.302050537802528e-38
4273.273273273273 1.6284616348882112e-38
4283.283283283283 2.0345166936683696e-38
4293.293293293293 2.539114625252481e-38
4303.303303303303 3.1655117919203097e-38
4313.313313313313 3.942297272304354e-38
4323.323323323323 4.90457979306091e-38
4333.333333333334 6.095430823131185e-38
4343.343343343344 7.567637375328374e-38
4353.353353353354 9.385828886208123e-38
4363.3633633633635 1.1629055485767141e-37
4373.373373373373 1.4393910421757056e-37
4383.383383383383 1.7798307839714607e-37
4393.393393393393 2.1986049094518826e-37
4403.403403403403 2.713233693707036e-37
4413.413413413413 3.345042805194392e-37
4423.423423423424 4.11996514264544e-37
4433.4334334334335 5.069506397615061e-37
4443.443443443443 6.231906699071119e-37
4453.453453453454 7.65353687700648e-37
4463.463463463464 9.39057520203043e-37
4473.473473473474 1.1511019119646685e-36
4483.483483483484 1.409709673837714e-36
4493.493493493494 1.724815492725238e-36
4503.503503503503 2.1084115154400433e-36
4513.513513513513 2.574960503288092e-36
4523.523523523523 3.141889337397016e-36
4533.533533533533 3.8301779896493195e-36
4543.543543543543 4.665061820301963e-36
4553.553553553554 5.6768682907653634e-36
4563.563563563564 6.90201296972201e-36
4573.573573573573 8.38418415709976e-36
4583.583583583584 1.017575066286178e-35
4593.593593593594 1.2339433383172414e-35
4603.603603603604 1.4950288462500196e-35
4613.613613613614 1.8098058187198614e-35
4623.623623623624 2.1889955521483834e-35
4633.6336336336335 2.645395959882096e-35
4643.643643643643 3.194271278440316e-35
4653.653653653653 3.85381254322875e-35
4663.663663663663 4.6456812525443993e-35
4673.673673673674 5.595650741371671e-35
4683.683683683684 6.734362232051408e-35
4693.693693693694 8.098215371146251e-35
4703.703703703704 9.730416362572398e-35
4713.713713713714 1.1682210637401003e-34
4723.723723723724 1.4014331442324048e-34
4733.733733733734 1.6798700875334034e-34
4743.743743743744 2.0120425856221816e-34
4753.753753753754 2.4080138414257144e-34
4763.763763763764 2.8796737647023805e-34
4773.773773773773 3.4410599914390043e-34
4783.783783783783 4.108733446473881e-34
4793.793793793793 4.902217395806433e-34
4803.803803803804 5.8445103493528524e-34
4813.813813813814 6.9626848042857545e-34
4823.823823823824 8.28858569495315e-34
4833.833833833834 9.859644573494573e-34
4843.843843843844 1.171982802642524e-33
4853.853853853854 1.3920741683040196e-33
4863.863863863864 1.652291444428051e-33
4873.873873873874 1.959729131569349e-33
4883.883883883884 2.3226967533475447e-33
4893.893893893894 2.7509201605668253e-33
4903.9039039039035 3.255775053917788e-33
4913.913913913913 3.850557698691717e-33
4923.923923923924 4.550798544080628e-33
4933.933933933934 5.3746253043269084e-33
4943.943943943944 6.343183023678243e-33
4953.953953953955 7.481119748122789e-33
4963.9639639639645 8.817147682715384e-33
4973.973973973974 1.038469114479231e-32
4983.983983983984 1.2222634254069139e-32
4993.993993993994 1.437618315707723e-32
5004.004004004004 1.68978596955634e-32
5014.014014014014 1.984864583008724e-32
5024.024024024024 2.3299300859095405e-32
5034.0340340340335 2.733187657297169e-32
5044.044044044043 3.2041459000054227e-32
5054.054054054054 3.7538169391391973e-32
5064.064064064064 4.3949461613810976e-32
5074.074074074074 5.142275824483134e-32
5084.084084084085 6.012847346457307e-32
5094.0940940940945 7.026347740480738e-32
5104.104104104104 8.205506403980948e-32
5114.114114114114 9.576549309537842e-32
5124.124124124124 1.1169718593172527e-31
5134.134134134134 1.3019866605788468e-31
5144.144144144144 1.5167134701044523e-31
5154.154154154154 1.7657728394653807e-31
5164.1641641641645 2.0544802064795194e-31
5174.174174174174 2.3889468092068344e-31
5184.184184184184 2.7761947283596193e-31
5194.194194194194 3.2242879615688027e-31
5204.204204204204 3.7424816792006397e-31
5214.214214214214 4.3413920881941134e-31
5224.224224224225 5.033189641298266e-31
5234.2342342342345 5.831818678153536e-31
5244.244244244244 6.753246976356098e-31
5254.254254254254 7.815749129937141e-31
5264.264264264264 9.040228165106654e-31
5274.274274274274 1.0450580354785781e-30
5284.284284284285 1.2074108811191522e-30
5294.294294294295 1.3941992127092936e-30
5304.304304304304 1.608981510970078e-30
5314.314314314314 1.855816951576855e-30
5324.324324324324 2.139333366262899e-30
5334.334334334334 2.4648040868983004e-30
5344.344344344345 2.838234788382883e-30
5354.354354354355 3.266461580595092e-30
5364.3643643643645 3.757261749524381e-30
5374.374374374374 4.3194787147802544e-30
5384.384384384384 4.963162956802925e-30
5394.394394394394 5.699730874361994e-30
5404.404404404404 6.542143763614807e-30
5414.414414414415 7.505109366626461e-30
5424.424424424425 8.605308722601738e-30
5434.4344344344345 9.86165137222255e-30
5444.444444444444 1.1295562317781734e-29
5454.454454454454 1.293130453297449e-29
5464.464464464464 1.4796341250337616e-29
5474.474474474475 1.6921742735908907e-29
5484.484484484485 1.9342642794633445e-29
5494.494494494495 2.2098750841832976e-29
5504.504504504504 2.5234926031583403e-29
5514.514514514514 2.8801820658709484e-29
5524.524524524524 3.285660085443539e-29
5534.534534534535 3.7463753484416717e-29
5544.544544544545 4.2695989140555e-29
5554.554554554555 4.863525220406609e-29
5564.5645645645645 5.53738501572053e-29
5574.574574574574 6.301571564597748e-29
5584.584584584584 7.167781625877004e-29
5594.594594594595 8.149172859937964e-29
5604.604604604605 9.260539501248153e-29
5614.614614614615 1.051850832812838e-28
5624.624624624625 1.1941757177857955e-28
5634.6346346346345 1.3551258493319064e-28
5644.644644644644 1.5370550649480795e-28
5654.654654654654 1.7426040096460015e-28
5664.664664664665 1.9747337673185716e-28
5674.674674674675 2.2367632794554824e-28
5684.684684684685 2.5324109598431633e-28
5694.694694694695 2.8658409560080688e-28
5704.704704704704 3.241714554427626e-28
5714.714714714714 3.665247277317877e-28
5724.724724724725 4.142272274530586e-28
5734.734734734735 4.67931067521904e-28
5744.744744744745 5.283649630945178e-28
5754.754754754755 5.9634288553489255e-28
5764.764764764765 6.7277365459671e-28
5774.774774774774 7.586715661903079e-28
5784.784784784785 8.551681627511099e-28
5794.794794794795 9.63525263780704e-28
5804.804804804805 1.08514938567726e-27
5814.814814814815 1.2216076925952061e-27
5824.824824824825 1.3746456338719078e-27
5834.8348348348345 1.5462064386326835e-27
5844.844844844845 1.738452654649503e-27
5854.854854854855 1.953789936501457e-27
5864.864864864865 2.1948933077004694e-27
5874.874874874875 2.4647361428431478e-27
5884.884884884885 2.766622139183775e-27
5894.894894894895 3.1042205724614317e-27
5904.9049049049045 3.481605159531483e-27
5914.914914914915 3.903296880545767e-27
5924.924924924925 4.3743111463032125e-27
5934.934934934935 4.9002097321824305e-27
5944.944944944945 5.487157939004993e-27
5954.954954954955 6.141987483538848e-27
5964.964964964965 6.872265667407085e-27
5974.974974974975 7.68637142322602e-27
5984.984984984985 8.593578891193429e-27
5994.994994994995 9.604149238429996e-27
6005.005005005005 1.0729431497527197e-26
6015.015015015015 1.1981973270389936e-26
6025.025025025025 1.337564221901226e-26
6035.035035035035 1.4925759346784602e-26
6045.045045045045 1.6649245162783263e-26
6055.055055055055 1.8564779917822123e-26
6065.065065065065 2.0692979205410214e-26
6075.075075075075 2.3056586333817445e-26
6085.085085085085 2.5680682997873724e-26
6095.0950950950955 2.859291991163412e-26
6105.105105105105 3.1823769206455633e-26
6115.115115115115 3.5406800554161664e-26
6125.125125125125 3.9378983142699023e-26
6135.135135135135 4.3781015813091666e-26
6145.145145145145 4.8657687862435984e-26
6155.155155155155 5.405827322946848e-26
6165.1651651651655 6.00369610078924e-26
6175.175175175175 6.665332547956142e-26
6185.185185185185 7.397283912609419e-26
6195.195195195195 8.206743236505628e-26
6205.205205205205 9.101610406695777e-26
6215.215215215215 1.0090558724375988e-25
6225.225225225226 1.118310746601167e-25
6235.235235235235 1.2389700950703394e-25
6245.245245245245 1.3721794669617524e-25
6255.255255255255 1.5191949078379011e-25
6265.265265265265 1.6813931701851286e-25
6275.275275275275 1.860282825296421e-25
6285.285285285286 2.0575163523442157e-25
6295.295295295296 2.274903286475376e-25
6305.305305305305 2.514424514260122e-25
6315.315315315315 2.7782478118154827e-25
6325.325325325325 3.068744728434923e-25
6335.335335335335 3.3885089266254132e-25
6345.345345345346 3.7403760981189577e-25
6355.355355355356 4.127445584733406e-25
6365.3653653653655 4.553103842947586e-25
6375.375375375375 5.0210499017739115e-25
6385.385385385385 5.535322975016184e-25
6395.395395395395 6.100332401333393e-25
6405.405405405405 6.7208900987578395e-25
6415.415415415416 7.402245734492868e-25
6425.425425425426 8.1501248260076e-25
6435.4354354354355 8.97077000572394e-25
6445.445445445445 9.870985699020693e-25
6455.455455455455 1.0858186483946816e-24
6465.465465465465 1.1940449421009234e-24
6475.475475475476 1.3126570662791205e-24
6485.485485485486 1.4426126676015541e-24
6495.495495495496 1.5849540433143648e-24
6505.505505505505 1.7408152956750754e-24
6515.515515515515 1.9114300627881215e-24
6525.525525525525 2.0981398699468882e-24
6535.535535535536 2.302403148783703e-24
6545.545545545546 2.525804974937894e-24
6555.555555555556 2.7700675785949266e-24
6565.5655655655655 3.0370616861357505e-24
6575.575575575575 3.328818755283319e-24
6585.585585585585 3.647544170561987e-24
6595.595595595596 3.995631470604477e-24
6605.605605605606 4.375677683878745e-24
6615.615615615616 4.790499854773847e-24
6625.625625625626 5.243152847707921e-24
6635.6356356356355 5.7369485230166605e-24
6645.645645645645 6.2754763848796044e-24
6655.655655655655 6.862625808457628e-24
6665.665665665666 7.502609960783536e-24
6675.675675675676 8.199991537792203e-24
6685.685685685686 8.959710448217677e-24
6695.695695695696 9.787113583973194e-24
6705.705705705705 1.0687986826072031e-23
6715.715715715715 1.166858944519473e-23
6725.725725725726 1.2735691066694172e-23
6735.735735735736 1.3896611381178274e-23
6745.745745745746 1.5159262793885804e-23
6755.755755755756 1.653219621888412e-23
6765.7657657657655 1.8024650237737704e-23
6775.775775775775 1.964660385676371e-23
6785.785785785786 2.1408833112337253e-23
6795.795795795796 2.3322971790011505e-23
6805.805805805806 2.540157654051342e-23
6815.815815815816 2.765819669402297e-23
6825.825825825826 3.010744909360698e-23
6835.8358358358355 3.276509828932368e-23
6845.845845845846 3.564814245639198e-23
6855.855855855856 3.8774905424009407e-23
6865.865865865866 4.216513522600581e-23
6875.875875875876 4.5840109610531954e-23
6885.885885885886 4.982274897359098e-23
6895.895895895896 5.413773721042519e-23
6905.9059059059055 5.881165100970992e-23
6915.915915915916 6.38730981482283e-23
6925.925925925926 6.935286537837689e-23
6935.935935935936 7.528407653749623e-23
6945.945945945946 8.170236154680425e-23
6955.955955955956 8.864603700874637e-23
6965.965965965966 9.615629915490279e-23
6975.975975975976 1.0427742994249893e-22
6985.985985985986 1.1305701714596882e-22
6995.995995995996 1.2254618934127086e-22
7006.006006006006 1.327998667347045e-22
7016.016016016016 1.4387702884514517e-22
7026.026026026026 1.5584100010895353e-22
7036.036036036036 1.6875975454048955e-22
7046.046046046046 1.8270624064843032e-22
7056.056056056056 1.977587278790444e-22
7066.066066066066 2.1400117593245663e-22
7076.076076076076 2.3152362837689044e-22
7086.086086086086 2.5042263206926635e-22
7096.0960960960965 2.708016839782304e-22
7106.106106106106 2.927717070984735e-22
7116.116116116116 3.164515572426642e-22
7126.126126126126 3.419685626002616e-22
7136.136136136136 3.6945909806084344e-22
7146.146146146146 3.9906919641372863e-22
7156.156156156156 4.30955198655937e-22
7166.1661661661665 4.652844457671678e-22
7176.176176176176 5.022360144436284e-22
7186.186186186186 5.420014994230962e-22
7196.196196196196 5.847858451809274e-22
7206.206206206206 6.308082299323392e-22
7216.216216216216 6.803030050395238e-22
7226.226226226227 7.33520693094057e-22
7236.236236236236 7.907290481259051e-22
7246.246246246246 8.522141815799718e-22
7256.256256256256 9.182817579014348e-22
7266.266266266266 9.89258263780246e-22
7276.276276276276 1.0654923553264516e-21
7286.286286286287 1.1473562876789763e-21
7296.2962962962965 1.2352474317943713e-21
7306.306306306306 1.3295898834172802e-21
7316.316316316316 1.4308361695025564e-21
7326.326326326326 1.53946905764099e-21
7336.336336336336 1.6560034743357742e-21
7346.346346346347 1.780988538287251e-21
7356.356356356357 1.9150097151686652e-21
7366.3663663663665 2.0586911007175366e-21
7376.376376376376 2.212697839324308e-21
7386.386386386386 2.377738685676408e-21
7396.396396396396 2.554568717408763e-21
7406.406406406406 2.7439922071243007e-21
7416.416416416417 2.9468656625807417e-21
7426.426426426427 3.1641010442926485e-21
7436.436436436436 3.396669170272778e-21
7446.446446446446 3.64560331813299e-21
7456.456456456456 3.9120030352866445e-21
7466.466466466466 4.197038168539303e-21
7476.476476476477 4.501953124924413e-21
7486.486486486487 4.828071376239891e-21
7496.496496496497 5.1768002203647256e-21
7506.506506506506 5.549635813089929e-21
7516.516516516516 5.948168484883431e-21
7526.526526526526 6.374088357722109e-21
7536.536536536537 6.829191277875428e-21
7546.546546546547 7.315385081306298e-21
7556.556556556557 7.834696209174605e-21
7566.5665665665665 8.389276691782863e-21
7576.576576576576 8.98141152019887e-21
7586.586586586586 9.613526425724925e-21
7596.596596596597 1.0288196088359088e-20
7606.606606606607 1.1008152796411146e-20
7616.616616616617 1.1776295580506818e-20
7626.626626626627 1.2595699846320856e-20
7636.6366366366365 1.3469627531542493e-20
7646.646646646646 1.4401537813790544e-20
7656.656656656657 1.539509839745844e-20
7666.666666666667 1.6454197408791848e-20
7676.676676676677 1.7582955929879324e-20
7686.686686686687 1.8785741203672092e-20
7696.696696696697 2.006718054364951e-20
7706.706706706706 2.143217598331261e-20
7716.716716716716 2.2885919702315612e-20
7726.726726726727 2.4433910267744946e-20
7736.736736736737 2.608196973083222e-20
7746.746746746747 2.7836261621229677e-20
7756.756756756757 2.97033098829031e-20
7766.7667667667665 3.169001879770484e-20
7776.776776776776 3.3803693944775107e-20
7786.786786786787 3.605206424610111e-20
7796.796796796797 3.844330515082254e-20
7806.806806806807 4.098606301324417e-20
7816.816816816817 4.3689480721956556e-20
7826.826826826827 4.656322464004622e-20
7836.8368368368365 4.961751291901491e-20
7846.846846846847 5.286314525181773e-20
7856.856856856857 5.631153413329977e-20
7866.866866866867 5.997473769932761e-20
7876.876876876877 6.386549421900251e-20
7886.886886886887 6.799725831762426e-20
7896.896896896897 7.238423901141487e-20
7906.906906906907 7.704143963854801e-20
7916.916916916917 8.198469977465295e-20
7926.926926926927 8.723073922478195e-20
7936.936936936937 9.279720418773804e-20
7946.946946946947 9.870271569277848e-20
7956.956956956957 1.0496692041295762e-19
7966.9669669669665 1.116105439637961e-19
7976.976976976977 1.1865544680053837e-19
7986.986986986987 1.2612468283204904e-19
7996.996996996997 1.3404256087434544e-19
8007.007007007007 1.424347090718831e-19
8017.017017017017 1.5132814242008852e-19
8027.027027027027 1.6075133352812385e-19
8037.037037037037 1.7073428676665837e-19
8047.047047047047 1.8130861595137097e-19
8057.057057057057 1.9250762571908232e-19
8067.067067067067 2.0436639675987052e-19
8077.077077077077 2.1692187507515156e-19
8087.087087087087 2.302129654386196e-19
8097.0970970970975 2.4428062924415145e-19
8107.107107107107 2.591679869320956e-19
8117.117117117117 2.7492042519321306e-19
8127.127127127127 2.9158570915739563e-19
8137.137137137137 3.0921409978261017e-19
8147.147147147147 3.278584766680977e-19
8157.157157157158 3.475744665247072e-19
8167.1671671671675 3.684205775444578e-19
8177.177177177177 3.9045833992100594e-19
8187.187187187187 4.137524527824154e-19
8197.197197197198 4.383709378080681e-19
8207.207207207208 4.643852998119509e-19
8217.217217217218 4.918706945855951e-19
8227.227227227228 5.209061043053099e-19
8237.237237237237 5.515745208200271e-19
8247.247247247247 5.839631371483147e-19
8257.257257257257 6.1816354752561e-19
8267.267267267267 6.542719563557497e-19
8277.277277277277 6.923893964344438e-19
8287.287287287287 7.326219568260491e-19
8297.297297297297 7.750810207896761e-19
8307.307307307306 8.1988351416528815e-19
8317.317317317316 8.671521646460184e-19
8327.327327327326 9.170157723788095e-19
8337.337337337336 9.696094923519922e-19
8347.347347347348 1.0250751290452144e-18
8357.357357357358 1.0835614438351295e-18
8367.367367367367 1.1452244756678795e-18
8377.377377377377 1.2102278755288141e-18
8387.387387387387 1.2787432552585644e-18
8397.397397397397 1.3509505512853813e-18
8407.407407407409 1.4270384038636928e-18
8417.417417417419 1.5072045524305258e-18
8427.427427427428 1.5916562477137765e-18
8437.437437437438 1.6806106812482746e-18
8447.447447447448 1.7742954329798976e-18
8457.457457457458 1.8729489376623537e-18
8467.467467467468 1.9768209707751004e-18
8477.477477477478 2.0861731547184664e-18
8487.487487487488 2.2012794860674595e-18
8497.497497497498 2.322426884693557e-18
8507.507507507507 2.449915765592952e-18
8517.517517517517 2.5840606342873497e-18
8527.527527527527 2.7251907066957724e-18
8537.537537537537 2.873650554405529e-18
8547.547547547547 3.0298007763024167e-18
8557.557557557557 3.1940186975552742e-18
8567.567567567567 3.3666990969817416e-18
8577.577577577576 3.54825496385891e-18
8587.587587587586 3.739118285278698e-18
8597.597597597598 3.9397408651842475e-18
8607.607607607608 4.1505951762635046e-18
8617.617617617618 4.372175245914729e-18
8627.627627627628 4.60499757754027e-18
8637.637637637637 4.8496021084672965e-18
8647.647647647647 5.106553205836234e-18
8657.657657657659 5.376440701844602e-18
8667.667667667669 5.659880969777888e-18
8677.677677677679 5.957518042307766e-18
8687.687687687689 6.270024773586509e-18
8697.697697697698 6.598104046716293e-18
8707.707707707708 6.942490028224337e-18
8717.717717717718 7.303949471228326e-18
8727.727727727728 7.683283069029768e-18
8737.737737737738 8.081326860932324e-18
8747.747747747748 8.498953692136475e-18
8757.757757757758 8.937074729624048e-18
8767.767767767768 9.396641036008371e-18
8777.777777777777 9.878645203384838e-18
8787.787787787787 1.038412304928667e-17
8797.797797797797 1.0914155376913695e-17
8807.807807807807 1.1469869801872687e-17
8817.817817817817 1.2052442647738158e-17
8827.827827827827 1.2663100912812715e-17
8837.837837837837 1.3303124310545799e-17
8847.847847847848 1.3973847386140537e-17
8857.857857857858 1.4676661711961127e-17
8867.867867867868 1.5413018164433307e-17
8877.877877877878 1.6184429285212344e-17
8887.887887887888 1.6992471729480177e-17
8897.897897897898 1.7838788804320774e-17
8907.90790790791 1.8725093100211868e-17
8917.91791791792 1.965316921876511e-17
8927.927927927929 2.0624876599942294e-17
8937.937937937939 2.164215245207095e-17
8947.947947947949 2.2707014788085172e-17
8957.957957957959 2.382156557151904e-17
8967.967967967968 2.4987993975886528e-17
8977.977977977978 2.6208579761191095e-17
8987.987987987988 2.7485696771415965e-17
8997.997997997998 2.882181655696722e-17
9008.008008008008 3.0219512126151516e-17
9018.018018018018 3.168146182989492e-17
9028.028028028028 3.321045338403351e-17
9038.038038038037 3.480938803363164e-17
9048.048048048047 3.6481284863911793e-17
9058.058058058057 3.8229285262516793e-17
9068.068068068067 4.0056657537962213e-17
9078.078078078077 4.1966801699269854e-17
9088.088088088087 4.396325440193117e-17
9098.098098098098 4.6049694177234756e-17
9108.108108108108 4.822994630963854e-17
9118.118118118118 5.05079889022347e-17
9128.128128128128 5.2887958171585964e-17
9138.138138138138 5.537415439589878e-17
9148.148148148148 5.797104797539586e-17
9158.15815815816 6.068328569933706e-17
9168.16816816817 6.351569722611048e-17
9178.17817817818 6.64733017830094e-17
9188.188188188189 6.956131509247703e-17
9198.198198198199 7.278515653180485e-17
9208.208208208209 7.615045653345351e-17
9218.218218218219 7.966306423336524e-17
9228.228228228229 8.332905537483938e-17
9238.238238238238 8.715474047575843e-17
9248.248248248248 9.114667326713419e-17
9258.258258258258 9.531165941120722e-17
9268.268268268268 9.965676550751009e-17
9278.278278278278 1.0418932839556307e-16
9288.288288288288 1.0891696476308269e-16
9298.298298298298 1.1384758106884525e-16
9308.308308308307 1.189893837895582e-16
9318.31831831832 1.243508900003781e-16
9328.328328328329 1.2994093829893976e-16
9338.338338338339 1.3576870008304509e-16
9348.348348348349 1.4184369119240823e-16
9358.358358358359 1.4817578392512628e-16
9368.368368368368 1.5477521943985661e-16
9378.378378378378 1.616526205549268e-16
9388.388388388388 1.688190049559017e-16
9398.398398398398 1.7628579882347923e-16
9408.408408408408 1.8406485089380052e-16
9418.418418418418 1.921684469636771e-16
9428.428428428428 2.006093248534738e-16
9438.43843843844 2.0940068984075493e-16
9448.44844844845 2.1855623057811226e-16
9458.458458458459 2.2809013550897375e-16
9468.468468468469 2.380171097954869e-16
9478.478478478479 2.4835239277294833e-16
9488.488488488489 2.591117759456417e-16
9498.498498498499 2.703116215392862e-16
9508.508508508508 2.8196888162566254e-16
9518.518518518518 2.941011178354182e-16
9528.528528528528 3.06726521675438e-16
9538.538538538538 3.198639354675033e-16
9548.548548548548 3.335328739254956e-16
9558.558558558558 3.4775354638870816e-16
9568.56856856857 3.625468797293269e-16
9578.57857857858 3.779345419525611e-16
9588.58858858859 3.93938966508381e-16
9598.598598598599 4.1058337733416107e-16
9608.608608608609 4.2789181464822795e-16
9618.618618618619 4.458891615144965e-16
9628.628628628629 4.646011711991403e-16
9638.638638638638 4.840544953405103e-16
9648.648648648648 5.04276712954227e-16
9658.658658658658 5.252963602956718e-16
9668.668668668668 5.47142961602871e-16
9678.678678678678 5.698470607430854e-16
9688.68868868869 5.934402537871175e-16
9698.6986986987 6.17955222535783e-16
9708.70870870871 6.43425769023781e-16
9718.71871871872 6.698868510264484e-16
9728.728728728729 6.973746185958201e-16
9738.738738738739 7.259264516527473e-16
9748.748748748749 7.55580998662676e-16
9758.758758758759 7.863782164231151e-16
9768.768768768768 8.183594109915868e-16
9778.778778778778 8.515672797835349e-16
9788.788788788788 8.860459548700955e-16
9798.798798798798 9.218410475067848e-16
9808.808808808808 9.589996939242435e-16
9818.81881881882 9.975706024134443e-16
9828.82882882883 1.037604101738038e-15
9838.83883883884 1.0791521909077695e-15
9848.84884884885 1.1222685903468618e-15
9858.85885885886 1.1670087944929547e-15
9868.868868868869 1.2134301258621911e-15
9878.878878878879 1.2615917906172546e-15
9888.888888888889 1.3115549356758391e-15
9898.898898898899 1.3633827073978812e-15
9908.908908908908 1.4171403118906366e-15
9918.918918918918 1.4728950769716303e-15
9928.928928928928 1.5307165158303786e-15
9938.93893893894 1.5906763924305308e-15
9948.94894894895 1.652848788695198e-15
9958.95895895896 1.717310173518818e-15
9968.96896896897 1.7841394736503015e-15
9978.97897897898 1.853418146492539e-15
9988.98898898899 1.9252302548650585e-15
9998.998998998999 1.9996625437768276e-15
10009.009009009009 2.0768045192577033e-15
10019.019019019019 2.156748529298002e-15
10029.029029029029 2.2395898469465054e-15
10039.039039039038 2.3254267556182147e-15
10049.049049049048 2.4143606366646175e-15
10059.059059059058 2.5064960592599667e-15
10069.06906906907 2.60194087265823e-15
10079.07907907908 2.7008063008766237e-15
10089.08908908909 2.803207039862655e-15
10099.0990990991 2.9092613572029225e-15
10109.10910910911 3.0190911944327484e-15
10119.11911911912 3.1328222720074754e-15
10129.129129129129 3.2505841969969072e-15
10139.139139139139 3.372510573566102e-15
10149.149149149149 3.498739116306638e-15
10159.159159159159 3.6294117664837066e-15
10169.169169169169 3.7646748112663896e-15
10179.179179179178 3.904679006008718e-15
10189.18918918919 4.049579699651342e-15
10199.1991991992 4.199536963314631e-15
10209.20920920921 4.354715722155359e-15
10219.21921921922 4.5152858905610245e-15
10229.22922922923 4.681422510756188e-15
10239.23923923924 4.853305894898359e-15
10249.24924924925 5.031121770740801e-15
10259.25925925926 5.215061430941965e-15
10269.269269269269 5.405321886102926e-15
10279.279279279279 5.60210602161516e-15
10289.289289289289 5.805622758402944e-15
10299.299299299299 6.016087217646558e-15
10309.309309309308 6.23372088957332e-15
10319.31931931932 6.4587518064055134e-15
10329.32932932933 6.691414719556529e-15
10339.33933933934 6.931951281167651e-15
10349.34934934935 7.180610230078884e-15
10359.35935935936 7.437647582330653e-15
10369.36936936937 7.703326826294301e-15
10379.37937937938 7.977919122529888e-15
10389.38938938939 8.261703508473941e-15
10399.399399399399 8.55496710805974e-15
10409.409409409409 8.858005346375112e-15
10419.419419419419 9.171122169465732e-15
10429.429429429429 9.494630269391962e-15
10439.43943943944 9.828851314650945e-15
10449.44944944945 1.0174116186076524e-14
10459.45945945946 1.053076521833226e-14
10469.46946946947 1.0899148447115068e-14
10479.47947947948 1.127962586218736e-14
10489.48948948949 1.1672567666360919e-14
10499.4994994995 1.2078354540554262e-14
10509.50950950951 1.2497377915050082e-14
10519.51951951952 1.2930040247080961e-14
10529.52952952953 1.3376755304872031e-14
10539.539539539539 1.3837948458275026e-14
10549.549549549549 1.4314056976126595e-14
10559.559559559559 1.4805530330468704e-14
10569.56956956957 1.5312830507771692e-14
10579.57957957958 1.58364323272987e-14
10589.58958958959 1.637682376675976e-14
10599.5995995996 1.6934506295399133e-14
10609.60960960961 1.750999521466654e-14
10619.61961961962 1.8103820006623652e-14
10629.62962962963 1.8716524690241212e-14
10639.63963963964 1.934866818574128e-14
10649.64964964965 2.0000824687147985e-14
10659.65965965966 2.06735840432051e-14
10669.669669669669 2.1367552146828598e-14
10679.679679679679 2.208335133325961e-14
10689.68968968969 2.2821620787090335e-14
10699.6996996997 2.3583016958334366e-14
10709.70970970971 2.4368213987719358e-14
10719.71971971972 2.5177904141379798e-14
10729.72972972973 2.601279825513303e-14
10739.73973973974 2.6873626188521787e-14
10749.74974974975 2.776113728881426e-14
10759.75975975976 2.867610086514835e-14
10769.76976976977 2.9619306673019896e-14
10779.77977977978 3.059156540930627e-14
10789.78978978979 3.159370921803002e-14
10799.799799799799 3.2626592207063925e-14
10809.809809809809 3.3691090975985874e-14
10819.81981981982 3.478810515529189e-14
10829.82982982983 3.5918557957181066e-14
10839.83983983984 3.708339673813266e-14
10849.84984984985 3.82835935734897e-14
10859.85985985986 3.952014584427565e-14
10869.86986986987 4.079407683647484e-14
10879.87987987988 4.2106436352999125e-14
10889.88988988989 4.3458301338582807e-14
10899.8998998999 4.485077651783839e-14
10909.90990990991 4.6284995046717816e-14
10919.91991991992 4.776211917762271e-14
10929.92992992993 4.9283340938412793e-14
10939.93993993994 5.084988282556405e-14
10949.94994994995 5.246299851173575e-14
10959.95995995996 5.4123973568004936e-14
10969.96996996997 5.5834126201030614e-14
10979.97997997998 5.759480800542131e-14
10989.98998998999 5.940740473157055e-14
11000.0 6.127333706924342e-14
