#lamb flux
1000.0 1.1513535035924216e+39
1010.01001001001 1.2310454512262155e+39
1020.0200200200201 1.3099814115454711e+39
1030.03003003003 1.3878603589308964e+39
1040.0400400400401 1.4644256636246218e+39
1050.05005005005 1.5394639836599855e+39
1060.06006006006 1.612803333309936e+39
1070.07007007007 1.6843105425624488e+39
1080.08008008008 1.7538882973464325e+39
1090.0900900900901 1.8214719232722918e+39
1100.1001001001 1.8870260484845066e+39
1110.11011011011 1.9505412552437656e+39
1120.1201201201202 2.0120308059764335e+39
1130.13013013013 2.0715275082783147e+39
1140.1401401401401 2.129080764970876e+39
1150.1501501501502 2.1847538397998516e+39
1160.16016016016 2.238621356608865e+39
1170.1701701701702 2.290767039590173e+39
1180.1801801801803 2.3412816942351904e+39
1190.1901901901902 2.3902614225808846e+39
1200.2002002002002 2.437806061977851e+39
1210.2102102102103 2.4840178336092857e+39
1220.2202202202202 2.5290001851094673e+39
1230.2302302302303 2.572856810636246e+39
1240.2402402402402 2.615690831445762e+39
1250.2502502502502 2.6573415435253097e+39
1260.2602602602603 2.6971055116593962e+39
1270.2702702702702 2.7335983838942473e+39
1280.2802802802803 2.7668852891589435e+39
1290.2902902902902 2.797040597464865e+39
1300.3003003003003 2.8241464225006876e+39
1310.3103103103103 2.8482912363305925e+39
1320.3203203203202 2.8695685968677934e+39
1330.3303303303303 2.888075986893738e+39
1340.3403403403404 2.9039137618767953e+39
1350.3503503503503 2.917184202666526e+39
1360.3603603603603 2.9279906682554537e+39
1370.3703703703704 2.936436843166955e+39
1380.3803803803803 2.942626073607253e+39
1390.3903903903904 2.9466607862756164e+39
1400.4004004004005 2.948641983628369e+39
1410.4104104104103 2.9486688094116694e+39
1420.4204204204204 2.946838178390347e+39
1430.4304304304305 2.943244464384849e+39
1440.4404404404404 2.9379792409676016e+39
1450.4504504504505 2.9311310694483285e+39
1460.4604604604606 2.9227853290832333e+39
1470.4704704704704 2.913024084764211e+39
1480.4804804804805 2.901925987773864e+39
1490.4904904904906 2.889566205522657e+39
1500.5005005005005 2.876016376511399e+39
1510.5105105105106 2.8613445870811594e+39
1520.5205205205207 2.845615366820993e+39
1530.5305305305305 2.8288896997995037e+39
1540.5405405405404 2.8112250490683935e+39
1550.5505505505505 2.792675392154009e+39
1560.5605605605606 2.7732912655068567e+39
1570.5705705705705 2.7531198161198325e+39
1580.5805805805805 2.732204858754183e+39
1590.5905905905906 2.7105869374301007e+39
1600.6006006006005 2.6883033900474294e+39
1610.6106106106106 2.6653884152042123e+39
1620.6206206206207 2.6418731404785232e+39
1630.6306306306305 2.617785691635761e+39
1640.6406406406406 2.5931512624220006e+39
1650.6506506506507 2.567992184808395e+39
1660.6606606606606 2.5423279997653835e+39
1670.6706706706707 2.516175528873972e+39
1680.6806806806808 2.4895489473288764e+39
1690.6906906906906 2.4624598591611702e+39
1700.7007007007007 2.434929801404678e+39
1710.7107107107108 2.4070148084243716e+39
1720.7207207207207 2.3787125058514197e+39
1730.7307307307308 2.3500124004702903e+39
1740.7407407407409 2.3209030027059425e+39
1750.7507507507507 2.2913718933695882e+39
1760.7607607607606 2.261405812694574e+39
1770.770770770771 2.2309907763864917e+39
1780.7807807807808 2.2001122241713555e+39
1790.7907907907907 2.1687552071537925e+39
1800.8008008008007 2.136904621178861e+39
1810.8108108108108 2.104545494300035e+39
1820.8208208208207 2.071663337350359e+39
1830.8308308308308 2.0382445674311683e+39
1840.8408408408409 2.0042770147832607e+39
1850.8508508508507 1.9697505238658954e+39
1860.8608608608608 1.9346576593746542e+39
1870.870870870871 1.8989945271680962e+39
1880.8808808808808 1.8627617183808404e+39
1890.890890890891 1.825965382060762e+39
1900.900900900901 1.788618427119758e+39
1910.9109109109108 1.7507418478454184e+39
1920.920920920921 1.71236615831319e+39
1930.930930930931 1.673532909466403e+39
1940.940940940941 1.634296248258831e+39
1950.950950950951 1.5947244612248238e+39
1960.960960960961 1.554901425721948e+39
1970.970970970971 1.5149278720209417e+39
1980.980980980981 1.4749223402443533e+39
1990.9909909909911 1.4350217004961346e+39
2001.001001001001 1.3953810957050682e+39
2011.0110110110109 1.3561731685027237e+39
2021.0210210210212 1.3175864495979165e+39
2031.031031031031 1.2798228185178515e+39
2041.0410410410411 1.2430939994491448e+39
2051.051051051051 1.2076171237479475e+39
2061.061061061061 1.1736094716791657e+39
2071.071071071071 1.1412825908591435e+39
2081.081081081081 1.1108360668332435e+39
2091.091091091091 1.0824512803625626e+39
2101.101101101101 1.0562855158270633e+39
2111.1111111111113 1.0324667789958447e+39
2121.121121121121 1.0110896392396842e+39
2131.131131131131 9.922123362468844e+38
2141.141141141141 9.758552948364376e+38
2151.151151151151 9.620010868014034e+38
2161.161161161161 9.505957790631747e+38
2171.1711711711714 9.415515233118995e+38
2181.1811811811813 9.347501800834491e+38
2191.191191191191 9.300477318202268e+38
2201.201201201201 9.272792233558188e+38
2211.2112112112113 9.262639709195242e+38
2221.221221221221 9.268107980157819e+38
2231.2312312312315 9.287230844989071e+38
2241.2412412412414 9.318034505202676e+38
2251.2512512512512 9.358579369504734e+38
2261.261261261261 9.40699585810727e+38
2271.271271271271 9.46151365729584e+38
2281.2812812812813 9.520484261431607e+38
2291.2912912912916 9.582396978353816e+38
2301.3013013013015 9.645888849286746e+38
2311.3113113113113 9.709749137081549e+38
2321.321321321321 9.772919165367056e+38
2331.331331331331 9.834488350893247e+38
2341.3413413413414 9.893687271918245e+38
2351.3513513513512 9.949878569720538e+38
2361.3613613613616 1.0002546401950683e+39
2371.3713713713714 1.005128506860106e+39
2381.3813813813813 1.0095787325091224e+39
2391.391391391391 1.0135832791170768e+39
2401.4014014014015 1.0171276765352279e+39
2411.4114114114113 1.0202039666398038e+39
2421.4214214214217 1.0228097248043284e+39
2431.4314314314315 1.0249471671192317e+39
2441.4414414414414 1.0266223468760414e+39
2451.4514514514512 1.027844440097538e+39
2461.4614614614616 1.0286251171758144e+39
2471.4714714714714 1.0289779958112725e+39
2481.4814814814818 1.028918169264134e+39
2491.4914914914916 1.0284618032868277e+39
2501.5015015015015 1.0276257948695762e+39
2511.5115115115113 1.0264274859923106e+39
2521.521521521521 1.0248844258435261e+39
2531.5315315315315 1.0230141753692978e+39
2541.541541541542 1.020834148498267e+39
2551.5515515515517 1.0183614849095926e+39
2561.5615615615616 1.0156129497407062e+39
2571.5715715715714 1.0126048561492094e+39
2581.5815815815813 1.0093530071345303e+39
2591.5915915915916 1.0058726534815282e+39
2601.6016016016015 1.0021784651054688e+39
2611.611611611612 9.982845134541435e+38
2621.6216216216217 9.94204262958522e+38
2631.6316316316315 9.899505698200443e+38
2641.6416416416414 9.85535686682847e+38
2651.6516516516517 9.809712719658681e+38
2661.6616616616616 9.762684028260943e+38
2671.671671671672 9.71437590893298e+38
2681.6816816816818 9.664888000616445e+38
2691.6916916916916 9.614314657473218e+38
2701.7017017017015 9.562745151266332e+38
2711.711711711712 9.510263879581659e+38
2721.7217217217217 9.456950576679272e+38
2731.731731731732 9.40288052439609e+38
2741.741741741742 9.348124761052298e+38
2751.7517517517517 9.292750286756279e+38
2761.7617617617616 9.236820263871583e+38
2771.7717717717715 9.18039421171377e+38
2781.781781781782 9.123528194796967e+38
2791.791791791792 9.066275004155668e+38
2801.801801801802 9.008684331435658e+38
2811.811811811812 8.950802935584217e+38
2821.8218218218217 8.892674802079133e+38
2831.8318318318316 8.834341294723283e+38
2841.841841841842 8.77584130010028e+38
2851.851851851852 8.71721136483982e+38
2861.861861861862 8.658485825881916e+38
2871.871871871872 8.59969693395928e+38
2881.881881881882 8.540874970538657e+38
2891.8918918918916 8.482048358476194e+38
2901.901901901902 8.42324376665092e+38
2911.911911911912 8.364486208844504e+38
2921.921921921922 8.305799137136154e+38
2931.931931931932 8.24720453007907e+38
2941.941941941942 8.188722975920508e+38
2951.9519519519517 8.130373751121003e+38
2961.961961961962 8.072174894421052e+38
2971.971971971972 8.014143276694698e+38
2981.9819819819822 7.956294666820641e+38
2991.991991991992 7.898643793791694e+38
3002.002002002002 7.84120440527375e+38
3012.012012012012 7.78398932281555e+38
3022.0220220220217 7.727010493900599e+38
3032.032032032032 7.709327552460372e+38
3042.0420420420423 7.64783472195803e+38
3052.052052052052 7.5852808642141e+38
3062.062062062062 7.522060126564867e+38
3072.072072072072 7.458510496765171e+38
3082.0820820820823 7.394919629929687e+38
3092.092092092092 7.331530277146762e+38
3102.102102102102 7.268545302162723e+38
3112.1121121121123 7.206132285536444e+38
3122.122122122122 7.144427725176918e+38
3132.132132132132 7.083540848896995e+38
3142.1421421421423 7.023557059132147e+38
3152.152152152152 6.964541032771891e+38
3162.162162162162 6.906539500537964e+38
3172.1721721721724 6.849583730840807e+38
3182.1821821821823 6.7936917428196675e+38
3192.192192192192 6.738870272527784e+38
3202.202202202202 6.685116515127275e+38
3212.2122122122123 6.632419664634155e+38
3222.222222222222 6.580762271299373e+38
3232.232232232232 6.530121435199651e+38
3242.2422422422424 6.480469853095033e+38
3252.252252252252 6.431776734126679e+38
3262.262262262262 6.3840085985058466e+38
3272.2722722722724 6.337129971999203e+38
3282.2822822822823 6.291103987758105e+38
3292.292292292292 6.245892905874897e+38
3302.3023023023025 6.2014585599791e+38
3312.3123123123123 6.157762739209108e+38
3322.322322322322 6.1147675130078544e+38
3332.3323323323325 6.0724355053879645e+38
3342.3423423423424 6.030730124589755e+38
3352.352352352352 5.989615753406058e+38
3362.3623623623625 5.949057904867262e+38
3372.3723723723724 5.909023347460816e+38
3382.3823823823823 5.869480203596368e+38
3392.3923923923926 5.830398024616283e+38
3402.4024024024025 5.7917478452842685e+38
3412.4124124124123 5.753502220359704e+38
3422.4224224224226 5.71563524557598e+38
3432.4324324324325 5.678122565084664e+38
3442.4424424424424 5.6409413671994665e+38
3452.4524524524522 5.604070370071819e+38
3462.4624624624626 5.5674897987502226e+38
3472.4724724724724 5.531181354916019e+38
3482.4824824824823 5.495128180446053e+38
3492.4924924924926 5.459314815826558e+38
3502.5025025025025 5.423727154329606e+38
3512.5125125125123 5.388352392763083e+38
3522.5225225225226 5.3531789795151724e+38
3532.5325325325325 5.31819656053368e+38
3542.5425425425424 5.283395923808546e+38
3552.5525525525527 5.248768942860882e+38
3562.5625625625626 5.2143085196835925e+38
3572.5725725725724 5.180008527526024e+38
3582.5825825825827 5.145863753867796e+38
3592.5925925925926 5.1118698438839295e+38
3602.6026026026025 5.07802324466475e+38
3612.612612612613 5.044321150418956e+38
3622.6226226226227 5.010761448856341e+38
3632.6326326326325 4.9773426689179444e+38
3642.642642642643 4.944063929995237e+38
3652.6526526526527 4.9109248927562004e+38
3662.6626626626626 4.877925711674695e+38
3672.672672672673 4.845066989340159e+38
3682.6826826826828 4.812349732606971e+38
3692.6926926926926 4.7797753106269456e+38
3702.7027027027025 4.747345414794134e+38
3712.712712712713 4.715062020618234e+38
3722.7227227227227 4.682927351531366e+38
3732.7327327327325 4.65094384462255e+38
3742.742742742743 4.6191141182852664e+38
3752.7527527527527 4.5874409417551394e+38
3762.7627627627626 4.555927206507773e+38
3772.772772772773 4.5245758994805084e+38
3782.7827827827828 4.493390078076428e+38
3792.7927927927926 4.4623728469043204e+38
3802.802802802803 4.431527336204441e+38
3812.812812812813 4.400856681906547e+38
3822.8228228228227 4.370364007264114e+38
3832.832832832833 4.3400524060064734e+38
3842.842842842843 4.309924926949029e+38
3852.8528528528527 4.279984560000569e+38
3862.862862862863 4.250234223505925e+38
3872.872872872873 4.2206767528619934e+38
3882.8828828828828 4.191314890344923e+38
3892.892892892893 4.162151276086891e+38
3902.902902902903 4.1331884401410986e+38
3912.912912912913 4.1044287955747374e+38
3922.922922922923 4.075874632530532e+38
3932.932932932933 4.047528113198816e+38
3942.942942942943 4.019391267643267e+38
3952.9529529529527 3.991465990425216e+38
3962.962962962963 3.963754037972864e+38
3972.972972972973 3.9362570266435155e+38
3982.982982982983 3.908976431428827e+38
3992.992992992993 3.88191358525473e+38
4003.003003003003 3.855069678829933e+38
4013.013013013013 3.8284457609983494e+38
4023.023023023023 3.802042739553251e+38
4033.033033033033 3.7758613824725596e+38
4043.043043043043 3.7499023195367416e+38
4053.053053053053 3.72416604429276e+38
4063.063063063063 3.698652916329362e+38
4073.073073073073 3.6733631638308905e+38
4083.0830830830832 3.648296886378662e+38
4093.093093093093 3.6234540579707695e+38
4103.103103103103 3.598834530232835e+38
4113.113113113113 3.574438035794106e+38
4123.123123123123 3.5502641918047156e+38
4133.133133133133 3.5263125035717725e+38
4143.143143143143 3.5025823682932675e+38
4153.153153153153 3.4790730788703904e+38
4163.163163163163 3.455783827780226e+38
4173.173173173173 3.432713710992139e+38
4183.183183183183 3.409861731912513e+38
4193.193193193193 3.3872268053436362e+38
4203.203203203203 3.364807761443829e+38
4213.213213213214 3.3426033496769333e+38
4223.223223223224 3.3206122427403612e+38
4233.2332332332335 3.2988330404618997e+38
4243.243243243243 3.2772642736564455e+38
4253.253253253253 3.2559044079346532e+38
4263.263263263263 3.2347518474564105e+38
4273.273273273273 3.2138049386227432e+38
4283.283283283283 3.193061973700559e+38
4293.293293293293 3.172521194375295e+38
4303.303303303303 3.152180795227152e+38
4313.313313313313 3.1320389271272685e+38
4323.323323323323 3.1120937005505997e+38
4333.333333333334 3.0923431888029886e+38
4343.343343343344 3.072785431160171e+38
4353.353353353354 3.0534184359170515e+38
4363.3633633633635 3.0342401833459324e+38
4373.373373373373 3.0152486285627304e+38
4383.383383383383 2.996441704300613e+38
4393.393393393393 2.977817323590741e+38
4403.403403403403 2.9593733823501236e+38
4413.413413413413 2.9411077618768184e+38
4423.423423423424 2.923018331253009e+38
4433.4334334334335 2.905102949656595e+38
4443.443443443443 2.8873594685822224e+38
4453.453453453454 2.8697857339727896e+38
4463.463463463464 2.852379588262664e+38
4473.473473473474 2.8351388723338774e+38
4483.483483483484 2.8180614273868564e+38
4493.493493493494 2.8011450967271483e+38
4503.503503503503 2.784387727469857e+38
4513.513513513513 2.7677871721634755e+38
4523.523523523523 2.7513412903349002e+38
4533.533533533533 2.7350479499574993e+38
4543.543543543543 2.7189050288440577e+38
4553.553553553554 2.7029104159665636e+38
4563.563563563564 2.6870620127047523e+38
4573.573573573573 2.6713577340253578e+38
4583.583583583584 2.6557955095940617e+38
4593.593593593594 2.6403732848220814e+38
4603.603603603604 2.625089021849384e+38
4613.613613613614 2.6099407004665014e+38
4623.623623623624 2.5949263189768474e+38
4633.6336336336335 2.5800438950015323e+38
4643.643643643643 2.565291466228556e+38
4653.653653653653 2.550667091108273e+38
4663.663663663663 2.5361688494970076e+38
4673.673673673674 2.5217948432506485e+38
4683.683683683684 2.507543196770055e+38
4693.693693693694 2.4934120575000067e+38
4703.703703703704 2.479399596383488e+38
4713.713713713714 2.4655040082729873e+38
4723.723723723724 2.451723512300496e+38
4733.733733733734 2.438056352207811e+38
4743.743743743744 2.4245007966388054e+38
4753.753753753754 2.4110551393951337e+38
4763.763763763764 2.397717699656978e+38
4773.773773773773 2.384486822170242e+38
4783.783783783783 2.371360877401701e+38
4793.793793793793 2.358338261663452e+38
4803.803803803804 2.3454173972080642e+38
4813.813813813814 2.3325967322957332e+38
4823.823823823824 2.3198747412347464e+38
4833.833833833834 2.3072499243964767e+38
4843.843843843844 2.2947208082061496e+38
4853.853853853854 2.2822859451105264e+38
4863.863863863864 2.2699439135236602e+38
4873.873873873874 2.2576933177518124e+38
4883.883883883884 2.2455327878986135e+38
4893.893893893894 2.233460979751465e+38
4903.9039039039035 2.221476574650226e+38
4913.913913913913 2.2095782793391e+38
4923.923923923924 2.1977648258026884e+38
4933.933933933934 2.1860349710870992e+38
4943.943943943944 2.174387497106964e+38
4953.953953953955 2.1628212104392286e+38
4963.9639639639645 2.1513349421045108e+38
4973.973973973974 2.1399275473367915e+38
4983.983983983984 2.128597905342229e+38
4993.993993993994 2.1173449190477838e+38
5004.004004004004 2.1061675148403633e+38
5014.014014014014 2.0950646422971797e+38
5024.024024024024 2.0840352739079282e+38
5034.0340340340335 2.0730784047894533e+38
5044.044044044043 2.062193052393464e+38
5054.054054054054 2.0513782562079027e+38
5064.064064064064 2.0406330774525043e+38
5074.074074074074 2.0299565987690844e+38
5084.084084084085 2.019347923907071e+38
5094.0940940940945 2.0088061774047698e+38
5104.104104104104 1.9983305042668297e+38
5114.114114114114 1.9879200696383667e+38
5124.124124124124 1.977574058476175e+38
5134.134134134134 1.967291675217456e+38
5144.144144144144 1.957072143446437e+38
5154.154154154154 1.9469147055592918e+38
5164.1641641641645 1.9368186224277017e+38
5174.174174174174 1.9267831730614315e+38
5184.184184184184 1.9168076542702334e+38
5194.194194194194 1.90689138032541e+38
5204.204204204204 1.8970336826213438e+38
5214.214214214214 1.8872339093372757e+38
5224.224224224225 1.877491425099614e+38
5234.2342342342345 1.8678056106450462e+38
5244.244244244244 1.858175862484689e+38
5254.254254254254 1.8486015925695405e+38
5264.264264264264 1.839082227957432e+38
5274.274274274274 1.829617210481731e+38
5284.284284284285 1.82020599642197e+38
5294.294294294295 1.81084805617662e+38
5304.304304304304 1.8015428739381698e+38
5314.314314314314 1.792289947370714e+38
5324.324324324324 1.7830887872901863e+38
5334.334334334334 1.7739389173474156e+38
5344.344344344345 1.7648398737141343e+38
5354.354354354355 1.755791204772093e+38
5364.3643643643645 1.7467924708053936e+38
5374.374374374374 1.737843243696178e+38
5384.384384384384 1.7289431066237673e+38
5394.394394394394 1.7200916537673797e+38
5404.404404404404 1.7112884900125028e+38
5414.414414414415 1.70253323066102e+38
5424.424424424425 1.693825501145187e+38
5434.4344344344345 1.6851649367455053e+38
5444.444444444444 1.676551182312594e+38
5454.454454454454 1.667983891993117e+38
5464.464464464464 1.6594627289598014e+38
5474.474474474475 1.6509873651456338e+38
5484.484484484485 1.6425574809822573e+38
5494.494494494495 1.6341727651426187e+38
5504.504504504504 1.625832914287905e+38
5514.514514514514 1.6175376328187947e+38
5524.524524524524 1.6092866326310571e+38
5534.534534534535 1.6010796328755148e+38
5544.544544544545 1.5929163597223939e+38
5554.554554554555 1.5847965461300655e+38
5564.5645645645645 1.5767199316181999e+38
5574.574574574574 1.5686862620453284e+38
5584.584584584584 1.5606952893908215e+38
5594.594594594595 1.5527467715412665e+38
5604.604604604605 1.5448404720812742e+38
5614.614614614615 1.5369761600886506e+38
5624.624624624625 1.5291536099339728e+38
5634.6346346346345 1.5213726010845304e+38
5644.644644644644 1.5136329179126049e+38
5654.654654654654 1.505934349508097e+38
5664.664664664665 1.498276689495432e+38
5674.674674674675 1.490659735854778e+38
5684.684684684685 1.4830832907474791e+38
5694.694694694695 1.4755471603457325e+38
5704.704704704704 1.46805115466644e+38
5714.714714714714 1.4605950874092118e+38
5724.724724724725 1.4531787757984867e+38
5734.734734734735 1.445802040429722e+38
5744.744744744745 1.438464705119622e+38
5754.754754754755 1.431166596760352e+38
5764.764764764765 1.4239075451777045e+38
5774.774774774774 1.4166873829931713e+38
5784.784784784785 1.409505945489857e+38
5794.794794794795 1.4023630704822166e+38
5804.804804804805 1.3952585981895418e+38
5814.814814814815 1.388192371113157e+38
5824.824824824825 1.3811642339172765e+38
5834.8348348348345 1.3741740333134596e+38
5844.844844844845 1.367221617948631e+38
5854.854854854855 1.3603068382965845e+38
5864.864864864865 1.353429546552941e+38
5874.874874874875 1.3465895965334956e+38
5884.884884884885 1.3397868435758944e+38
5894.894894894895 1.3330211444445941e+38
5904.9049049049045 1.3262923572390417e+38
5914.914914914915 1.3196003413050158e+38
5924.924924924925 1.3129449571490883e+38
5934.934934934935 1.3063260663561184e+38
5944.944944944945 1.2997435315097595e+38
5954.954954954955 1.2931972161158889e+38
5964.964964964965 1.286686984528925e+38
5974.974974974975 1.2802127018809579e+38
5984.984984984985 1.2737742340136518e+38
5994.994994994995 1.2673714474128495e+38
6005.005005005005 1.261004209145824e+38
6015.015015015015 1.2546723868011268e+38
6025.025025025025 1.248375848430969e+38
6035.035035035035 1.242114462496079e+38
6045.045045045045 1.2358880978129869e+38
6055.055055055055 1.2296966235036693e+38
6065.065065065065 1.2235399089475062e+38
6075.075075075075 1.2174178237354956e+38
6085.085085085085 1.2113302376266634e+38
6095.0950950950955 1.2052770205066214e+38
6105.105105105105 1.1992580423482185e+38
6115.115115115115 1.1932731731742236e+38
6125.125125125125 1.1873222830219992e+38
6135.135135135135 1.1814052419101072e+38
6145.145145145145 1.175521919806789e+38
6155.155155155155 1.1696721866002847e+38
6165.1651651651655 1.1638559120709193e+38
6175.175175175175 1.1580729658649318e+38
6185.185185185185 1.152323217469966e+38
6195.195195195195 1.1466065361922088e+38
6205.205205205205 1.1409227911350988e+38
6215.215215215215 1.1352718511795717e+38
6225.225225225226 1.1296535849658016e+38
6235.235235235235 1.1240678608763707e+38
6245.245245245245 1.1185145470208493e+38
6255.255255255255 1.11299351122172e+38
6265.265265265265 1.1075046210016103e+38
6275.275275275275 1.1020477435717933e+38
6285.285285285286 1.0966227458219088e+38
6295.295295295296 1.0912294943108689e+38
6305.305305305305 1.0858678552588958e+38
6315.315315315315 1.0805376945406714e+38
6325.325325325325 1.075238877679535e+38
6335.335335335335 1.069971269842713e+38
6345.345345345346 1.0647347358375263e+38
6355.355355355356 1.0595291401085491e+38
6365.3653653653655 1.0543543467356742e+38
6375.375375375375 1.049210219433057e+38
6385.385385385385 1.0440966215488945e+38
6395.395395395395 1.0390134160660181e+38
6405.405405405405 1.0339604656032543e+38
6415.415415415416 1.0289376324175221e+38
6425.425425425426 1.023944778406649e+38
6435.4354354354355 1.01898176511285e+38
6445.445445445445 1.0140484537268707e+38
6455.455455455455 1.0091447050927263e+38
6465.465465465465 1.0042703797130509e+38
6475.475475475476 9.994253377549908e+37
6485.485485485486 9.94609439056638e+37
6495.495495495496 9.898225431339647e+37
6505.505505505505 9.850645091882402e+37
6515.515515515515 9.803351961139037e+37
6525.525525525525 9.756344625068599e+37
6535.535535535536 9.709621666731849e+37
6545.545545545546 9.66318166638219e+37
6555.555555555556 9.617023201560018e+37
6565.5655655655655 9.571144847190643e+37
6575.575575575575 9.52554517568522e+37
6585.585585585585 9.480222757044685e+37
6595.595595595596 9.435176158966452e+37
6605.605605605606 9.390403946953595e+37
6615.615615615616 9.345904684426474e+37
6625.625625625626 9.30167693283643e+37
6635.6356356356355 9.25771925178158e+37
6645.645645645645 9.214030199124374e+37
6655.655655655655 9.1706083311108e+37
6665.665665665666 9.127452202491112e+37
6675.675675675676 9.084560366641913e+37
6685.685685685686 9.041931375689342e+37
6695.695695695696 8.999563780633403e+37
6705.705705705705 8.95745613147313e+37
6715.715715715715 8.915606977332523e+37
6725.725725725726 8.874014866587161e+37
6735.735735735736 8.832678346991244e+37
6745.745745745746 8.791595965805098e+37
6755.755755755756 8.750766269922931e+37
6765.7657657657655 8.710187806000708e+37
6775.775775775775 8.669859120584119e+37
6785.785785785786 8.629778760236487e+37
6795.795795795796 8.589945271666497e+37
6805.805805805806 8.550357201855728e+37
6815.815815815816 8.511013098185783e+37
6825.825825825826 8.471911508565063e+37
6835.8358358358355 8.433050981554967e+37
6845.845845845846 8.394430066495558e+37
6855.855855855856 8.35604731363053e+37
6865.865865865866 8.317901274231464e+37
6875.875875875876 8.279990500721238e+37
6885.885885885886 8.242313546796618e+37
6895.895895895896 8.204868967549893e+37
6905.9059059059055 8.167655319589511e+37
6915.915915915916 8.130671161159665e+37
6925.925925925926 8.0939150522588e+37
6935.935935935936 8.05738555475695e+37
6945.945945945946 8.021081232511867e+37
6955.955955955956 7.985000651483941e+37
6965.965965965966 7.949142379849804e+37
6975.975975975976 7.913504988114622e+37
6985.985985985986 7.878087049223046e+37
6995.995995995996 7.842887138668703e+37
7006.006006006006 7.807903834602349e+37
7016.016016016016 7.773135717938496e+37
7026.026026026026 7.738581372460578e+37
7036.036036036036 7.704239384924627e+37
7046.046046046046 7.670108345161393e+37
7056.056056056056 7.636186846176913e+37
7066.066066066066 7.6024734842515055e+37
7076.076076076076 7.568966859037195e+37
7086.086086086086 7.535665573653507e+37
7096.0960960960965 7.5025682347816555e+37
7106.106106106106 7.4696734527570875e+37
7116.116116116116 7.436979841660409e+37
7126.126126126126 7.404486019406637e+37
7136.136136136136 7.3721906078327995e+37
7146.146146146146 7.340092232783883e+37
7156.156156156156 7.308189524197077e+37
7166.1661661661665 7.276481116184392e+37
7176.176176176176 7.24496564711357e+37
7186.186186186186 7.213641759687342e+37
7196.196196196196 7.182508101020965e+37
7206.206206206206 7.15156332271817e+37
7216.216216216216 7.120806080945349e+37
7226.226226226227 7.0902350365041265e+37
7236.236236236236 7.059848854902272e+37
7246.246246246246 7.029646206422909e+37
7256.256256256256 6.999625766192137e+37
7266.266266266266 6.969786214244958e+37
7276.276276276276 6.940126235589611e+37
7286.286286286287 6.910644520270235e+37
7296.2962962962965 6.881339763427949e+37
7306.306306306306 6.852210665360324e+37
7316.316316316316 6.823255931579252e+37
7326.326326326326 6.794474272867222e+37
7336.336336336336 6.765864405332052e+37
7346.346346346347 6.737425050460029e+37
7356.356356356357 6.709154935167563e+37
7366.3663663663665 6.681052791851214e+37
7376.376376376376 6.653117358436302e+37
7386.386386386386 6.625347378423959e+37
7396.396396396396 6.597741600936717e+37
7406.406406406406 6.570298780762605e+37
7416.416416416417 6.543017678397802e+37
7426.426426426427 6.515897060087874e+37
7436.436436436436 6.488935697867548e+37
7446.446446446446 6.4621323695990975e+37
7456.456456456456 6.435485859009364e+37
7466.466466466466 6.408994955725364e+37
7476.476476476477 6.382658455308574e+37
7486.486486486487 6.356475159287889e+37
7496.496496496497 6.330443875191218e+37
7506.506506506506 6.304563416575813e+37
7516.516516516516 6.278832603057338e+37
7526.526526526526 6.2532502603376e+37
7536.536536536537 6.227815220231136e+37
7546.546546546547 6.202526320690491e+37
7556.556556556557 6.177382405830326e+37
7566.5665665665665 6.152382325950329e+37
7576.576576576576 6.127524937556956e+37
7586.586586586586 6.102809103384027e+37
7596.596596596597 6.07823369241216e+37
7606.606606606607 6.053797579887162e+37
7616.616616616617 6.029499647337218e+37
7626.626626626627 6.005338782589097e+37
7636.6366366366365 5.981313879783253e+37
7646.646646646646 5.95742383938789e+37
7656.656656656657 5.933667568212015e+37
7666.666666666667 5.910043979417486e+37
7676.676676676677 5.886551992530061e+37
7686.686686686687 5.863190533449514e+37
7696.696696696697 5.839958534458743e+37
7706.706706706706 5.816854934232016e+37
7716.716716716716 5.793878677842261e+37
7726.726726726727 5.771028716767468e+37
7736.736736736737 5.748304008896215e+37
7746.746746746747 5.725703518532338e+37
7756.756756756757 5.703226216398761e+37
7766.7667667667665 5.680871079640479e+37
7776.776776776776 5.658637091826771e+37
7786.786786786787 5.636523242952573e+37
7796.796796796797 5.614528529439119e+37
7806.806806806807 5.592651954133802e+37
7816.816816816817 5.570892526309286e+37
7826.826826826827 5.549249261661914e+37
7836.8368368368365 5.527721182309393e+37
7846.846846846847 5.506307316787773e+37
7856.856856856857 5.485006700047788e+37
7866.866866866867 5.463818373450465e+37
7876.876876876877 5.44274138476216e+37
7886.886886886887 5.421774788148918e+37
7896.896896896897 5.400917644170213e+37
7906.906906906907 5.380169019772112e+37
7916.916916916917 5.35952798827982e+37
7926.926926926927 5.338993629389679e+37
7936.936936936937 5.318565029160566e+37
7946.946946946947 5.298241280004795e+37
7956.956956956957 5.278021480678455e+37
7966.9669669669665 5.257904736271215e+37
7976.976976976977 5.237890158195665e+37
7986.986986986987 5.217976864176129e+37
7996.996996996997 5.198163978237002e+37
8007.007007007007 5.178450630690638e+37
8017.017017017017 5.158835958124749e+37
8027.027027027027 5.139319103389405e+37
8037.037037037037 5.119899215583555e+37
8047.047047047047 5.100575450041175e+37
8057.057057057057 5.081346968316957e+37
8067.067067067067 5.06221293817165e+37
8077.077077077077 5.043172533556983e+37
8087.087087087087 5.024224934600225e+37
8097.0970970970975 5.005369327588376e+37
8107.107107107107 4.986604904952028e+37
8117.117117117117 4.967930865248835e+37
8127.127127127127 4.949346413146702e+37
8137.137137137137 4.930850759406615e+37
8147.147147147147 4.912443120865173e+37
8157.157157157158 4.894122720416821e+37
8167.1671671671675 4.875888786995776e+37
8177.177177177177 4.857740555557672e+37
8187.187187187187 4.839677267060943e+37
8197.197197197198 4.82169816844791e+37
8207.207207207208 4.8038025126256405e+37
8217.217217217218 4.785989558446544e+37
8227.227227227228 4.768258570688713e+37
8237.237237237237 4.750608820036059e+37
8247.247247247247 4.733039583058197e+37
8257.257257257257 4.715550142190126e+37
8267.267267267267 4.698139785711691e+37
8277.277277277277 4.680807807726856e+37
8287.287287287287 4.663553508142755e+37
8297.297297297297 4.646376192648582e+37
8307.307307307306 4.629275172694286e+37
8317.317317317316 4.612249765469087e+37
8327.327327327326 4.595299293879827e+37
8337.337337337336 4.578423086529177e+37
8347.347347347348 4.561620477693638e+37
8357.357357357358 4.544890807301466e+37
8367.367367367367 4.528233420910369e+37
8377.377377377377 4.511647669685145e+37
8387.387387387387 4.495132910375128e+37
8397.397397397397 4.47868850529154e+37
8407.407407407409 4.462313822284708e+37
8417.417417417419 4.44600823472117e+37
8427.427427427428 4.4297711214606585e+37
8437.437437437438 4.4136018668330005e+37
8447.447447447448 4.397499860614882e+37
8457.457457457458 4.381464498006556e+37
8467.467467467468 4.365495179608423e+37
8477.477477477478 4.349591311397534e+37
8487.487487487488 4.3337523047040225e+37
8497.497497497498 4.317977576187444e+37
8507.507507507507 4.302266547813033e+37
8517.517517517517 4.286618646827909e+37
8527.527527527527 4.271033305737203e+37
8537.537537537537 4.255509962280111e+37
8547.547547547547 4.2400480594059026e+37
8557.557557557557 4.224647045249865e+37
8567.567567567567 4.2093063731091943e+37
8577.577577577576 4.1940255014188296e+37
8587.587587587586 4.178803893727251e+37
8597.597597597598 4.163641018672231e+37
8607.607607607608 4.148536349956536e+37
8617.617617617618 4.133489366323599e+37
8627.627627627628 4.1184995515331384e+37
8637.637637637637 4.1035663943367847e+37
8647.647647647647 4.0886893884536207e+37
8657.657657657659 4.0738680325457338e+37
8667.667667667669 4.0591018301937483e+37
8677.677677677679 4.044390289872288e+37
8687.687687687689 4.029732924925459e+37
8697.697697697698 4.0151292535423103e+37
8707.707707707708 4.000578798732255e+37
8717.717717717718 3.9860810883005077e+37
8727.727727727728 3.971635654823466e+37
8737.737737737738 3.9572420356241364e+37
8747.747747747748 3.942899772747505e+37
8757.757757757758 3.928608412935913e+37
8767.767767767768 3.91436750760444e+37
8777.777777777777 3.9001766128162755e+37
8787.787787787787 3.8860352892580783e+37
8797.797797797797 3.8719431022153418e+37
8807.807807807807 3.857899621547767e+37
8817.817817817817 3.8439044216646187e+37
8827.827827827827 3.829957081500107e+37
8837.837837837837 3.8160571844887533e+37
8847.847847847848 3.80220431854077e+37
8857.857857857858 3.788398076017456e+37
8867.867867867868 3.7746380537065705e+37
8877.877877877878 3.760923852797748e+37
8887.887887887888 3.7472550788579025e+37
8897.897897897898 3.7336313418066533e+37
8907.90790790791 3.720052255891751e+37
8917.91791791792 3.7065174396645255e+37
8927.927927927929 3.6930265159553395e+37
8937.937937937939 3.6795791118490627e+37
8947.947947947949 3.666174858660552e+37
8957.957957957959 3.6528133919101495e+37
8967.967967967968 3.6394943512992103e+37
8977.977977977978 3.6262173806856154e+37
8987.987987987988 3.6129821280593316e+37
8997.997997997998 3.5997882455179825e+37
9008.008008008008 3.5866353892424156e+37
9018.018018018018 3.5735232194723177e+37
9028.028028028028 3.5604514004818327e+37
9038.038038038037 3.547419600555201e+37
9048.048048048047 3.5344274919624215e+37
9058.058058058057 3.52147475093493e+37
9068.068068068067 3.5085610576413006e+37
9078.078078078077 3.495686096162967e+37
9088.088088088087 3.482849554469969e+37
9098.098098098098 3.4705876142907154e+37
9108.108108108108 3.4579368672818006e+37
9118.118118118118 3.4453421083735426e+37
9128.128128128128 3.4328030506119605e+37
9138.138138138138 3.420319408680969e+37
9148.148148148148 3.4078908988923868e+37
9158.15815815816 3.39551723917599e+37
9168.16816816817 3.3831981490696616e+37
9178.17817817818 3.3709333497095537e+37
9188.188188188189 3.3587225638203447e+37
9198.198198198199 3.3465655157055425e+37
9208.208208208209 3.334461931237863e+37
9218.218218218219 3.322411537849648e+37
9228.228228228229 3.310414064523346e+37
9238.238238238238 3.298469241782075e+37
9248.248248248248 3.2865768016802076e+37
9258.258258258258 3.274736477794042e+37
9268.268268268268 3.262948005212523e+37
9278.278278278278 3.2512111205280145e+37
9288.288288288288 3.2395255618271344e+37
9298.298298298298 3.227891068681653e+37
9308.308308308307 3.2163073821394283e+37
9318.31831831832 3.204774244715423e+37
9328.328328328329 3.1932914003827638e+37
9338.338338338339 3.18185859456385e+37
9348.348348348349 3.170475574121525e+37
9358.358358358359 3.159142087350309e+37
9368.368368368368 3.1478578839676803e+37
9378.378378378378 3.1366227151054054e+37
9388.388388388388 3.1254363333009313e+37
9398.398398398398 3.114298492488827e+37
9408.408408408408 3.103208947992287e+37
9418.418418418418 3.092167456514666e+37
9428.428428428428 3.081173776131104e+37
9438.43843843844 3.0702276662801605e+37
9448.44844844845 3.0593288877555305e+37
9458.458458458459 3.0484772026978115e+37
9468.468468468469 3.0376723745863006e+37
9478.478478478479 3.0269141682308604e+37
9488.488488488489 3.016202349763845e+37
9498.498498498499 3.00553668663204e+37
9508.508508508508 2.994916947588701e+37
9518.518518518518 2.984342902685604e+37
9528.528528528528 2.9738143232651624e+37
9538.538538538538 2.9633309819525935e+37
9548.548548548548 2.9528926526481256e+37
9558.558558558558 2.942499110519269e+37
9568.56856856857 2.9321501319931113e+37
9578.57857857858 2.9218454947486973e+37
9588.58858858859 2.9115849777094144e+37
9598.598598598599 2.901368361035463e+37
9608.608608608609 2.8911954261163473e+37
9618.618618618619 2.881065955563434e+37
9628.628628628629 2.8709797332025406e+37
9638.638638638638 2.860936544066581e+37
9648.648648648648 2.850936174388255e+37
9658.658658658658 2.8409784115927824e+37
9668.668668668668 2.831063044290683e+37
9678.678678678678 2.8211898622706095e+37
9688.68868868869 2.8113586564922034e+37
9698.6986986987 2.8015692190790316e+37
9708.70870870871 2.791821343311529e+37
9718.71871871872 2.782114823620016e+37
9728.728728728729 2.772449455577742e+37
9738.738738738739 2.762825035893981e+37
9748.748748748749 2.753241362407167e+37
9758.758758758759 2.7436982340780784e+37
9768.768768768768 2.734195450983053e+37
9778.778778778778 2.724732814307264e+37
9788.788788788788 2.715310126338016e+37
9798.798798798798 2.705927190458115e+37
9808.808808808808 2.6965838111392366e+37
9818.81881881882 2.6872797939353774e+37
9828.82882882883 2.6780149454763345e+37
9838.83883883884 2.6687890734612013e+37
9848.84884884885 2.659601986651949e+37
9858.85885885886 2.650453494867008e+37
9868.868868868869 2.64134340897492e+37
9878.878878878879 2.632271540888008e+37
9888.888888888889 2.6232377035561e+37
9898.898898898899 2.614241710960287e+37
9908.908908908908 2.6052833781067224e+37
9918.918918918918 2.596362521020458e+37
9928.928928928928 2.58747895673932e+37
9938.93893893894 2.578632503307826e+37
9948.94894894895 2.5698229797711445e+37
9958.95895895896 2.5610502061690704e+37
9968.96896896897 2.5523140035300706e+37
9978.97897897898 2.543614193865347e+37
9988.98898898899 2.5349506001629384e+37
9998.998998998999 2.5263230463818655e+37
10009.009009009009 2.5177313574463115e+37
10019.019019019019 2.509175359239837e+37
10029.029029029029 2.5006548785996314e+37
10039.039039039038 2.492169743310805e+37
10049.049049049048 2.483719782100714e+37
10059.059059059058 2.4753048246333166e+37
10069.06906906907 2.466924701503574e+37
10079.07907907908 2.4585792442318904e+37
10089.08908908909 2.4502682852585605e+37
10099.0990990991 2.441991657938292e+37
10109.10910910911 2.4337491965347293e+37
10119.11911911912 2.425540736215033e+37
10129.129129129129 2.417366113044482e+37
10139.139139139139 2.4092251639811178e+37
10149.149149149149 2.401117726870408e+37
10159.159159159159 2.393043640439968e+37
10169.169169169169 2.3850027442942922e+37
10179.179179179178 2.376994878909534e+37
10189.18918918919 2.3690198856283056e+37
10199.1991991992 2.3610776066545284e+37
10209.20920920921 2.353167885048298e+37
10219.21921921922 2.345290564720789e+37
10229.22922922923 2.337445490429199e+37
10239.23923923924 2.329632507771711e+37
10249.24924924925 2.3218514631825e+37
10259.25925925926 2.314102203926758e+37
10269.269269269269 2.306384578095767e+37
10279.279279279279 2.2986984346019903e+37
10289.289289289289 2.291043623174195e+37
10299.299299299299 2.283419994352614e+37
10309.309309309308 2.2758273994841293e+37
10319.31931931932 2.2682656907174947e+37
10329.32932932933 2.2607347209985847e+37
10339.33933933934 2.2532343440656593e+37
10349.34934934935 2.2457644144446893e+37
10359.35935935936 2.238324787444684e+37
10369.36936936937 2.2309153191530566e+37
10379.37937937938 2.2235358664310285e+37
10389.38938938939 2.216186286909046e+37
10399.399399399399 2.2088664389822373e+37
10409.409409409409 2.2015761818058976e+37
10419.419419419419 2.194315375290994e+37
10429.429429429429 2.1870838800997126e+37
10439.43943943944 2.179881557641018e+37
10449.44944944945 2.172708270066256e+37
10459.45945945946 2.1655638802647685e+37
10469.46946946947 2.1584482518595536e+37
10479.47947947948 2.151361249202937e+37
10489.48948948949 2.1443027373722764e+37
10499.4994994995 2.1372725821656995e+37
10509.50950950951 2.1302706500978596e+37
10519.51951951952 2.1232968083957189e+37
10529.52952952953 2.116350924994367e+37
10539.539539539539 2.1094328685328557e+37
10549.549549549549 2.1025425083500648e+37
10559.559559559559 2.095679714480591e+37
10569.56956956957 2.0888443576506648e+37
10579.57957957958 2.0820363092741006e+37
10589.58958958959 2.07525544144825e+37
10599.5995995996 2.0685016269500088e+37
10609.60960960961 2.0617747392318273e+37
10619.61961961962 2.0550746524177566e+37
10629.62962962963 2.0484012412995176e+37
10639.63963963964 2.041754381332586e+37
10649.64964964965 2.0351339486323244e+37
10659.65965965966 2.0285398199701113e+37
10669.669669669669 2.0219718727695137e+37
10679.679679679679 2.0154299851024717e+37
10689.68968968969 2.0089140356855175e+37
10699.6996996997 2.0024239038760136e+37
10709.70970970971 1.9959594696684079e+37
10719.71971971972 1.9895206136905218e+37
10729.72972972973 1.983107217199861e+37
10739.73973973974 1.9767191620799421e+37
10749.74974974975 1.9703563308366499e+37
10759.75975975976 1.9640186065946108e+37
10769.76976976977 1.957705873093593e+37
10779.77977977978 1.951418014684935e+37
10789.78978978979 1.945154916327978e+37
10799.799799799799 1.9389164635865446e+37
10809.809809809809 1.932702542625419e+37
10819.81981981982 1.926513040206862e+37
10829.82982982983 1.9203478436871447e+37
10839.83983983984 1.9142068410130962e+37
10849.84984984985 1.9080899207186873e+37
10859.85985985986 1.9019969719216213e+37
10869.86986986987 1.8959278843199551e+37
10879.87987987988 1.8898825481887387e+37
10889.88988988989 1.883860854376675e+37
10899.8998998999 1.877862694302801e+37
10909.90990990991 1.8718879599531918e+37
10919.91991991992 1.865936543877678e+37
10929.92992992993 1.860008339186594e+37
10939.93993993994 1.854103239547536e+37
10949.94994994995 1.8482211391821536e+37
10959.95995995996 1.8423619328629425e+37
10969.96996996997 1.836525515910077e+37
10979.97997997998 1.8307117841882457e+37
10989.98998998999 1.8249206341035195e+37
11000.0 1.8191519626002322e+37
