#lamb flux
1000.0 3.989327528112762e+40
1010.01001001001 4.104718168553679e+40
1020.0200200200201 4.2146065781805983e+40
1030.03003003003 4.319021928898214e+40
1040.0400400400401 4.4180265683089e+40
1050.05005005005 4.511711069657052e+40
1060.06006006006 4.600189663184079e+40
1070.07007007007 4.68359606322499e+40
1080.08008008008 4.762079693145615e+40
1090.0900900900901 4.835802300809007e+40
1100.1001001001 4.904934950253895e+40
1110.11011011011 4.969655370273925e+40
1120.1201201201202 5.030145637245629e+40
1130.13013013013 5.086590167547226e+40
1140.1401401401401 5.139173993960898e+40
1150.1501501501502 5.188081300320966e+40
1160.16016016016 5.233494189157873e+40
1170.1701701701702 5.27559165802761e+40
1180.1801801801803 5.314548761471572e+40
1190.1901901901902 5.350535937013623e+40
1200.2002002002002 5.383718475182893e+40
1210.2102102102103 5.414256115184891e+40
1220.2202202202202 5.442302749478849e+40
1230.2302302302303 5.46800622211765e+40
1240.2402402402402 5.491508207241344e+40
1250.2502502502502 5.512751032206127e+40
1260.2602602602603 5.5312865119205e+40
1270.2702702702702 5.546197765307035e+40
1280.2802802802803 5.557637769933927e+40
1290.2902902902902 5.565757736601702e+40
1300.3003003003003 5.570706600125989e+40
1310.3103103103103 5.572630583692158e+40
1320.3203203203202 5.571672830074988e+40
1330.3303303303303 5.567973093373586e+40
1340.3403403403404 5.561667485286401e+40
1350.3503503503503 5.552888270334149e+40
1360.3603603603603 5.541763704823229e+40
1370.3703703703704 5.528417914721431e+40
1380.3803803803803 5.512970807988083e+40
1390.3903903903904 5.495538017258146e+40
1400.4004004004005 5.476230869121415e+40
1410.4104104104103 5.455156376563073e+40
1420.4204204204204 5.43241725143793e+40
1430.4304304304305 5.408111934138361e+40
1440.4404404404404 5.382334637884403e+40
1450.4504504504505 5.355175405313711e+40
1460.4604604604606 5.326720175280289e+40
1470.4704704704704 5.297050857983488e+40
1480.4804804804805 5.266245416744881e+40
1490.4904904904906 5.234377954929796e+40
1500.5005005005005 5.201518806674568e+40
1510.5105105105106 5.167734630230248e+40
1520.5205205205207 5.133088502870075e+40
1530.5305305305305 5.097640016432285e+40
1540.5405405405404 5.061445372683212e+40
1550.5505505505505 5.024557477788903e+40
1560.5605605605606 4.987026035278153e+40
1570.5705705705705 4.948897636967058e+40
1580.5805805805805 4.910215851395879e+40
1590.5905905905906 4.871021309404927e+40
1600.6006006006005 4.831351786548507e+40
1610.6106106106106 4.791242282116154e+40
1620.6206206206207 4.750725094600182e+40
1630.6306306306305 4.709829893519888e+40
1640.6406406406406 4.6685837875873425e+40
1650.6506506506507 4.627011389280436e+40
1660.6606606606606 4.585134875977597e+40
1670.6706706706707 4.542974047909552e+40
1680.6806806806808 4.500546383298922e+40
1690.6906906906906 4.457867091193855e+40
1700.7007007007007 4.41495715050062e+40
1710.7107107107108 4.371859194499443e+40
1720.7207207207207 4.328577800440286e+40
1730.7307307307308 4.2851116740057363e+40
1740.7407407407409 4.2414582013714464e+40
1750.7507507507507 4.1976134685553e+40
1760.7607607607606 4.1535722908889373e+40
1770.770770770771 4.1093282555786645e+40
1780.7807807807808 4.064873780941501e+40
1790.7907907907907 4.020200196620974e+40
1800.8008008008007 3.97529784991289e+40
1810.8108108108108 3.9301562442668427e+40
1820.8208208208207 3.8847642170708555e+40
1830.8308308308308 3.8391101649606993e+40
1840.8408408408409 3.7931823260929157e+40
1850.8508508508507 3.746969130031386e+40
1860.8608608608608 3.700459627041843e+40
1870.870870870871 3.6536440095484866e+40
1880.8808808808808 3.606514239113254e+40
1890.890890890891 3.55906479232126e+40
1900.900900900901 3.5112935380927955e+40
1910.9109109109108 3.4632027568098473e+40
1920.920920920921 3.414800307781736e+40
1930.930930930931 3.366100945450282e+40
1940.940940940941 3.317127775789694e+40
1950.950950950951 3.267913832060896e+40
1960.960960960961 3.218503733041705e+40
1970.970970970971 3.168955366964242e+40
1980.980980980981 3.1193415210199354e+40
1990.9909909909911 3.06975135051514e+40
2001.001001001001 3.020291555582961e+40
2011.0110110110109 2.971087109883619e+40
2021.0210210210212 2.922281369185722e+40
2031.031031031031 2.874035383252312e+40
2041.0410410410411 2.826526247554003e+40
2051.051051051051 2.779944366912617e+40
2061.061061061061 2.7344895643006734e+40
2071.071071071071 2.690366054455184e+40
2081.081081081081 2.64777640893998e+40
2091.091091091091 2.606914756885893e+40
2101.101101101101 2.5679595792280055e+40
2111.1111111111113 2.5310665463060725e+40
2121.121121121121 2.4963619017747572e+40
2131.131131131131 2.46393689630167e+40
2141.141141141141 2.433843716285262e+40
2151.151151151151 2.406093239180784e+40
2161.161161161161 2.3806547911585684e+40
2171.1711711711714 2.3574579055806435e+40
2181.1811811811813 2.336395906690676e+40
2191.191191191191 2.317330995337651e+40
2201.201201201201 2.3001004103220505e+40
2211.2112112112113 2.284523189466921e+40
2221.221221221221 2.27040705895412e+40
2231.2312312312315 2.257555029985389e+40
2241.2412412412414 2.245771365186841e+40
2251.2512512512512 2.2348666779244653e+40
2261.261261261261 2.2246620311284307e+40
2271.271271271271 2.2149919965046784e+40
2281.2812812812813 2.2057067122841447e+40
2291.2912912912916 2.196673034151892e+40
2301.3013013013015 2.187774909429636e+40
2311.3113113113113 2.178913121185522e+40
2321.321321321321 2.1700045503935876e+40
2331.331331331331 2.1609810947594918e+40
2341.3413413413414 2.1517883663964838e+40
2351.3513513513512 2.142384270609565e+40
2361.3613613613616 2.1327375472764714e+40
2371.3713713713714 2.122826336548598e+40
2381.3813813813813 2.1126368129677004e+40
2391.391391391391 2.1021619171683244e+40
2401.4014014014015 2.0914002022563203e+40
2411.4114114114113 2.0803548025885508e+40
2421.4214214214217 2.069032525733844e+40
2431.4314314314315 2.0574430635007848e+40
2441.4414414414414 2.0455983146888534e+40
2451.4514514514512 2.033511810292305e+40
2461.4614614614616 2.0211982309395881e+40
2471.4714714714714 2.0086730061147311e+40
2481.4814814814818 1.9959519849617773e+40
2491.4914914914916 1.983051169047806e+40
2501.5015015015015 1.9699864982244421e+40
2511.5115115115113 1.9567736815868595e+40
2521.521521521521 1.9434280664156755e+40
2531.5315315315315 1.9299645388551849e+40
2541.541541541542 1.9163974509018954e+40
2551.5515515515517 1.902740569033055e+40
2561.5615615615616 1.8890070404876688e+40
2571.5715715715714 1.8752093738198464e+40
2581.5815815815813 1.8613594308778936e+40
2591.5915915915916 1.8474684278266145e+40
2601.6016016016015 1.833546943230303e+40
2611.611611611612 1.819604931556207e+40
2621.6216216216217 1.8056517407493698e+40
2631.6316316316315 1.7916961327756747e+40
2641.6416416416414 1.7777463062369674e+40
2651.6516516516517 1.7638099203352016e+40
2661.6616616616616 1.7498941196069179e+40
2671.671671671672 1.7360055589690403e+40
2681.6816816816818 1.7221504287158962e+40
2691.6916916916916 1.708334479188668e+40
2701.7017017017015 1.6945630449051279e+40
2711.711711711712 1.6808410679917556e+40
2721.7217217217217 1.6671731208043961e+40
2731.731731731732 1.6535634276590282e+40
2741.741741741742 1.6400158856227177e+40
2751.7517517517517 1.6265340843373254e+40
2761.7617617617616 1.6131213248664303e+40
2771.7717717717715 1.5997806375696703e+40
2781.781781781782 1.5865147990194577e+40
2791.791791791792 1.573326347982999e+40
2801.801801801802 1.560217600498455e+40
2811.811811811812 1.5471906640783152e+40
2821.8218218218217 1.5342474510758808e+40
2831.8318318318316 1.5213896912524744e+40
2841.841841841842 1.508618943583914e+40
2851.851851851852 1.4959366073449638e+40
2861.861861861862 1.483343932510167e+40
2871.871871871872 1.4708420295087514e+40
2881.881881881882 1.4584318783703018e+40
2891.8918918918916 1.4461143372966374e+40
2901.901901901902 1.4338901506939692e+40
2911.911911911912 1.4217599566979442e+40
2921.921921921922 1.4097242942226234e+40
2931.931931931932 1.397783609562912e+40
2941.941941941942 1.385938262578371e+40
2951.9519519519517 1.3741885324848188e+40
2961.961961961962 1.3625346232786303e+40
2971.971971971972 1.3509766688171595e+40
2981.9819819819822 1.3395147375773305e+40
2991.991991991992 1.328148837113076e+40
3002.002002002002 1.316878918231031e+40
3012.012012012012 1.3057048789026507e+40
3022.0220220220217 1.2946265679297813e+40
3032.032032032032 1.2859569031187467e+40
3042.0420420420423 1.274770229418226e+40
3052.052052052052 1.2636007133807257e+40
3062.062062062062 1.2524708890958947e+40
3072.072072072072 1.2413999097899907e+40
3082.0820820820823 1.2304039188435599e+40
3092.092092092092 1.2194963881029566e+40
3102.102102102102 1.208688425385085e+40
3112.1121121121123 1.197989053166258e+40
3122.122122122122 1.1874054604763983e+40
3132.132132132132 1.1769432300039446e+40
3142.1421421421423 1.166606542367018e+40
3152.152152152152 1.156398359432153e+40
3162.162162162162 1.1463205884711875e+40
3172.1721721721724 1.1363742288455973e+40
3182.1821821821823 1.1265595028005233e+40
3192.192192192192 1.1168759718414484e+40
3202.202202202202 1.1073226400577734e+40
3212.2122122122123 1.097898045651296e+40
3222.222222222222 1.0886003418252623e+40
3232.232232232232 1.0794273680922607e+40
3242.2422422422424 1.0703767129672729e+40
3252.252252252252 1.0614457689260875e+40
3262.262262262262 1.0526317804291419e+40
3272.2722722722724 1.0439318857366376e+40
3282.2822822822823 1.0353431531723842e+40
3292.292292292292 1.0268626124309627e+40
3302.3023023023025 1.0184872814653272e+40
3312.3123123123123 1.010214189439414e+40
3322.322322322322 1.0020403961825357e+40
3332.3323323323325 9.939630085388361e+39
3342.3423423423424 9.859791939656681e+39
3352.352352352352 9.780861916989703e+39
3362.3623623623625 9.702813217714364e+39
3372.3723723723724 9.625619921399752e+39
3382.3823823823823 9.549257041525727e+39
3392.3923923923926 9.473700565608697e+39
3402.4024024024025 9.398927482632049e+39
3412.4124124124123 9.324915799435532e+39
3422.4224224224226 9.251644547542966e+39
3432.4324324324325 9.17909378175044e+39
3442.4424424424424 9.10724457165533e+39
3452.4524524524522 9.036078987179058e+39
3462.4624624624626 8.96558007902147e+39
3472.4724724724724 8.895731854881536e+39
3482.4824824824823 8.826519252185545e+39
3492.4924924924926 8.7579281079808e+39
3502.5025025025025 8.689945126576835e+39
3512.5125125125123 8.622557845448734e+39
3522.5225225225226 8.555754599855917e+39
3532.5325325325325 8.489524486574861e+39
3542.5425425425424 8.423857327094912e+39
3552.5525525525527 8.358743630581968e+39
3562.5625625625626 8.294174556874859e+39
3572.5725725725724 8.23014187974348e+39
3582.5825825825827 8.166637950605661e+39
3592.5925925925926 8.10365566287082e+39
3602.6026026026025 8.041188417052672e+39
3612.612612612613 7.979230086770179e+39
3622.6226226226227 7.917774985735198e+39
3632.6326326326325 7.856817835806877e+39
3642.642642642643 7.796353736176484e+39
3652.6526526526527 7.73637813373159e+39
3662.6626626626626 7.676886794635661e+39
3672.672672672673 7.61787577714765e+39
3682.6826826826828 7.559341405696042e+39
3692.6926926926926 7.501280246212834e+39
3702.7027027027025 7.443689082725209e+39
3712.712712712713 7.386564895195923e+39
3722.7227227227227 7.32990483859745e+39
3732.7327327327325 7.273706223199792e+39
3742.742742742743 7.217966496047845e+39
3752.7527527527527 7.162683223600113e+39
3762.7627627627626 7.107854075497914e+39
3772.772772772773 7.053476809431421e+39
3782.7827827827828 6.999549257067013e+39
3792.7927927927926 6.946069310998667e+39
3802.802802802803 6.893034912685116e+39
3812.812812812813 6.840444041333417e+39
3822.8228228228227 6.788294703689152e+39
3832.832832832833 6.736584924693211e+39
3842.842842842843 6.685312738964941e+39
3852.8528528528527 6.634476183071832e+39
3862.862862862863 6.584073288546002e+39
3872.872872872873 6.534102075608568e+39
3882.8828828828828 6.484560547563295e+39
3892.892892892893 6.435446685822156e+39
3902.902902902903 6.386758445525772e+39
3912.912912912913 6.338493751723178e+39
3922.922922922923 6.290650496076006e+39
3932.932932932933 6.243226534053603e+39
3942.942942942943 6.196219682586368e+39
3952.9529529529527 6.149627718146165e+39
3962.962962962963 6.103448375223529e+39
3972.972972972973 6.057679345172795e+39
3982.982982982983 6.012318275397406e+39
3992.992992992993 5.967362768848877e+39
4003.003003003003 5.92281038381422e+39
4013.013013013013 5.878658633967607e+39
4023.023023023023 5.834904988663458e+39
4033.033033033033 5.791546873449199e+39
4043.043043043043 5.748581670777083e+39
4053.053053053053 5.706006720895599e+39
4063.063063063063 5.66381932290207e+39
4073.073073073073 5.622016735939151e+39
4083.0830830830832 5.58059618051883e+39
4093.093093093093 5.53955483995874e+39
4103.103103103103 5.498889861916289e+39
4113.113113113113 5.458598360007314e+39
4123.123123123123 5.4186774154965426e+39
4133.133133133133 5.379124079048344e+39
4143.143143143143 5.33993537252676e+39
4153.153153153153 5.3011082908347656e+39
4163.163163163163 5.26263980378338e+39
4173.173173173173 5.2245268579819845e+39
4183.183183183183 5.1867663787419133e+39
4193.193193193193 5.149355271985875e+39
4203.203203203203 5.1122904261566184e+39
4213.213213213214 5.075568714118597e+39
4223.223223223224 5.039186995047055e+39
4233.2332332332335 5.0031421162994466e+39
4243.243243243243 4.9674309152645906e+39
4253.253253253253 4.9320502211853954e+39
4263.263263263263 4.8969968569514547e+39
4273.273273273273 4.8622676408581944e+39
4283.283283283283 4.827859388329594e+39
4293.293293293293 4.793768913601989e+39
4303.303303303303 4.759993031366587e+39
4313.313313313313 4.7265285583688595e+39
4323.323323323323 4.69337231496305e+39
4333.333333333334 4.660521126620499e+39
4343.343343343344 4.6279718253905787e+39
4353.353353353354 4.5957212513133443e+39
4363.3633633633635 4.563766253783193e+39
4373.373373373373 4.532103692863047e+39
4383.383383383383 4.500730440548682e+39
4393.393393393393 4.469643381983097e+39
4403.403403403403 4.438839416620873e+39
4413.413413413413 4.408315459342646e+39
4423.423423423424 4.3780684415200014e+39
4433.4334334334335 4.348095312031074e+39
4443.443443443443 4.3183930382273964e+39
4453.453453453454 4.2889586068525004e+39
4463.463463463464 4.25978902491301e+39
4473.473473473474 4.23088132050279e+39
4483.483483483484 4.2022325435811376e+39
4493.493493493494 4.173839766705679e+39
4503.503503503503 4.1457000857210083e+39
4513.513513513513 4.1178106204039267e+39
4523.523523523523 4.09016851506628e+39
4533.533533533533 4.062770939116453e+39
4543.543543543543 4.0356150875805e+39
4553.553553553554 4.0086981815839936e+39
4563.563563563564 3.9820174687957e+39
4573.573573573573 3.9555702238341234e+39
4583.583583583584 3.9293537486380685e+39
4593.593593593594 3.903365372802293e+39
4603.603603603604 3.877602453879367e+39
4613.613613613614 3.852062377648884e+39
4623.623623623624 3.826742558355053e+39
4633.6336336336335 3.801640438913861e+39
4643.643643643643 3.7767534910908294e+39
4653.653653653653 3.752079215650473e+39
4663.663663663663 3.727615142478532e+39
4673.673673673674 3.703358830678017e+39
4683.683683683684 3.679307868640145e+39
4693.693693693694 3.655459874091133e+39
4703.703703703704 3.6318124941159086e+39
4713.713713713714 3.608363405159707e+39
4723.723723723724 3.585110313008506e+39
4733.733733733734 3.562050952749286e+39
4743.743743743744 3.539183088711011e+39
4753.753753753754 3.516504514387252e+39
4763.763763763764 3.494013052341348e+39
4773.773773773773 3.4717065540949287e+39
4783.783783783783 3.449582900000728e+39
4793.793793793793 3.4276399991003836e+39
4803.803803803804 3.405875788968139e+39
4813.813813813814 3.38428823554115e+39
4823.823823823824 3.3628753329371734e+39
4833.833833833834 3.341635103260376e+39
4843.843843843844 3.320565596395947e+39
4853.853853853854 3.299664889794225e+39
4863.863863863864 3.2789310882449967e+39
4873.873873873874 3.2583623236425946e+39
4883.883883883884 3.237956754742445e+39
4893.893893893894 3.2177125669096393e+39
4903.9039039039035 3.1976279718601205e+39
4913.913913913913 3.177701207395043e+39
4923.923923923924 3.1579305371288393e+39
4933.933933933934 3.1383142502115365e+39
4943.943943943944 3.118850661045769e+39
4953.953953953955 3.0995381089990364e+39
4963.9639639639645 3.080374958111622e+39
4973.973973973974 3.061359596800621e+39
4983.983983983984 3.042490437560529e+39
4993.993993993994 3.023765916660781e+39
5004.004004004004 3.005184493840623e+39
5014.014014014014 2.9867446520017367e+39
5024.024024024024 2.968444896898901e+39
5034.0340340340335 2.9502837568291294e+39
5044.044044044043 2.932259782319525e+39
5054.054054054054 2.914371545814226e+39
5064.064064064064 2.8966176413607096e+39
5074.074074074074 2.8789966842957613e+39
5084.084084084085 2.8615073109313535e+39
5094.0940940940945 2.844148178240737e+39
5104.104104104104 2.826917963544944e+39
5114.114114114114 2.809815364199961e+39
5124.124124124124 2.792839097284805e+39
5134.134134134134 2.775987899290685e+39
5144.144144144144 2.759260525811464e+39
5154.154154154154 2.7426557512356195e+39
5164.1641641641645 2.726172368439852e+39
5174.174174174174 2.7098091884845474e+39
5184.184184184184 2.693565040311213e+39
5194.194194194194 2.6774387704420543e+39
5204.204204204204 2.6614292426818543e+39
5214.214214214214 2.645535337822233e+39
5224.224224224225 2.6297559533484604e+39
5234.2342342342345 2.6140900031489044e+39
5244.244244244244 2.598536417227239e+39
5254.254254254254 2.5830941414175076e+39
5264.264264264264 2.5677621371021088e+39
5274.274274274274 2.5525393809328444e+39
5284.284284284285 2.5374248645550433e+39
5294.294294294295 2.5224175943348785e+39
5304.304304304304 2.5075165910899147e+39
5314.314314314314 2.4927208898229736e+39
5324.324324324324 2.4780295394593325e+39
5334.334334334334 2.463441602587349e+39
5344.344344344345 2.448956155202506e+39
5354.354354354355 2.4345722864549685e+39
5364.3643643643645 2.4202890984006252e+39
5374.374374374374 2.4061057057557025e+39
5384.384384384384 2.3920212356549283e+39
5394.394394394394 2.3780348274132937e+39
5404.404404404404 2.3641456322914116e+39
5414.414414414415 2.350352813264496e+39
5424.424424424425 2.3366555447949695e+39
5434.4344344344345 2.3230530126086845e+39
5444.444444444444 2.309544413474786e+39
5454.454454454454 2.29612895498921e+39
5464.464464464464 2.2828058553617873e+39
5474.474474474475 2.269574343206981e+39
5484.484484484485 2.2564336573382202e+39
5494.494494494495 2.2433830465658304e+39
5504.504504504504 2.230421769498548e+39
5514.514514514514 2.2175490943485843e+39
5524.524524524524 2.2047642987402485e+39
5534.534534534535 2.1920666695220713e+39
5544.544544544545 2.179455502582446e+39
5554.554554554555 2.1669301026687255e+39
5564.5645645645645 2.1544897832097684e+39
5574.574574574574 2.14213386614191e+39
5584.584584584584 2.1298616817383104e+39
5594.594594594595 2.1176725684416525e+39
5604.604604604605 2.10556587270019e+39
5614.614614614615 2.0935409488070453e+39
5624.624624624625 2.0815971587427912e+39
5634.6346346346345 2.0697338720212408e+39
5644.644644644644 2.0579504655384137e+39
5654.654654654654 2.046246323424657e+39
5664.664664664665 2.0346208368998524e+39
5674.674674674675 2.023073404131719e+39
5684.684684684685 2.0116034300971087e+39
5694.694694694695 2.0002103264463068e+39
5704.704704704704 1.9888935113702763e+39
5714.714714714714 1.977652409470797e+39
5724.724724724725 1.9664864516334706e+39
5734.734734734735 1.9553950749035474e+39
5744.744744744745 1.9443777223645243e+39
5754.754754754755 1.933433843019474e+39
5764.764764764765 1.9225628916750768e+39
5774.774774774774 1.9117643288282912e+39
5784.784784784785 1.9010376205556264e+39
5794.794794794795 1.8903822384049852e+39
5804.804804804805 1.8797976592900184e+39
5814.814814814815 1.869283365386957e+39
5824.824824824825 1.8588388440338746e+39
5834.8348348348345 1.8484635876323347e+39
5844.844844844845 1.8381570935513975e+39
5854.854854854855 1.8279188640339116e+39
5864.864864864865 1.8177484061050742e+39
5874.874874874875 1.8076452314832113e+39
5884.884884884885 1.797608856492731e+39
5894.894894894895 1.7876388019792037e+39
5904.9049049049045 1.7777345932265462e+39
5914.914914914915 1.7678957598762442e+39
5924.924924924925 1.758121835848598e+39
5934.934934934935 1.7484123592659127e+39
5944.944944944945 1.7387668723776483e+39
5954.954954954955 1.7291849214874286e+39
5964.964964964965 1.7196660568819172e+39
5974.974974974975 1.7102098327614917e+39
5984.984984984985 1.7008158071726986e+39
5994.994994994995 1.6914835419424286e+39
6005.005005005005 1.6822126026137927e+39
6015.015015015015 1.673002558383653e+39
6025.025025025025 1.6638529820417775e+39
6035.035035035035 1.6547634499115663e+39
6045.045045045045 1.6457335417923378e+39
6055.055055055055 1.6367628409031178e+39
6065.065065065065 1.6278509338279046e+39
6075.075075075075 1.6189974104623814e+39
6085.085085085085 1.6102018639620298e+39
6095.0950950950955 1.601463890691621e+39
6105.105105105105 1.592783090176045e+39
6115.115115115115 1.5841590650524513e+39
6125.125125125125 1.575591421023657e+39
6135.135135135135 1.567079766812817e+39
6145.145145145145 1.5586237141192817e+39
6155.155155155155 1.550222877575664e+39
6165.1651651651655 1.5418768747060396e+39
6175.175175175175 1.5335853258852843e+39
6185.185185185185 1.525347854299491e+39
6195.195195195195 1.5171640859074723e+39
6205.205205205205 1.509033649403283e+39
6215.215215215215 1.50095617617976e+39
6225.225225225226 1.4929313002930525e+39
6235.235235235235 1.4849586584280967e+39
6245.245245245245 1.4770378898650355e+39
6255.255255255255 1.4691686364465353e+39
6265.265265265265 1.4613505425459838e+39
6275.275275275275 1.4535832550365548e+39
6285.285285285286 1.4458664232610935e+39
6295.295295295296 1.4381996990028222e+39
6305.305305305305 1.4305827364568216e+39
6315.315315315315 1.42301519220229e+39
6325.325325325325 1.4154967251755353e+39
6335.335335335335 1.4080269966436905e+39
6345.345345345346 1.4006056701791302e+39
6355.355355355356 1.3932324116345687e+39
6365.3653653653655 1.385906889118813e+39
6375.375375375375 1.37862877297316e+39
6385.385385385385 1.3713977357484085e+39
6395.395395395395 1.364213452182484e+39
6405.405405405405 1.3570755991786394e+39
6415.415415415416 1.3499838557842177e+39
6425.425425425426 1.3429379031699788e+39
6435.4354354354355 1.3359374246099357e+39
6445.445445445445 1.32898210546173e+39
6455.455455455455 1.3220716331474826e+39
6465.465465465465 1.3152056971351478e+39
6475.475475475476 1.3083839889203207e+39
6485.485485485486 1.3016062020085062e+39
6495.495495495496 1.2948720318978169e+39
6505.505505505505 1.2881811760621038e+39
6515.515515515515 1.2815333339344916e+39
6525.525525525525 1.2749282068913114e+39
6535.535535535536 1.2683654982364136e+39
6545.545545545546 1.261844913185863e+39
6555.555555555556 1.2553661588529701e+39
6565.5655655655655 1.2489289442336905e+39
6575.575575575575 1.2425329801923433e+39
6585.585585585585 1.2361779794476582e+39
6595.595595595596 1.229863656559132e+39
6605.605605605606 1.2235897279136866e+39
6615.615615615616 1.2173559117126153e+39
6625.625625625626 1.2111619279588072e+39
6635.6356356356355 1.2050074984442474e+39
6645.645645645645 1.1988923467377719e+39
6655.655655655655 1.1928161981730692e+39
6665.665665665666 1.1867787798369357e+39
6675.675675675676 1.1807798205577521e+39
6685.685685685686 1.1748190508941865e+39
6695.695695695696 1.1688962031241193e+39
6705.705705705705 1.1630110112337674e+39
6715.715715715715 1.157163210907012e+39
6725.725725725726 1.1513525395149228e+39
6735.735735735736 1.1455787361054571e+39
6745.745745745746 1.1398415413933446e+39
6755.755755755756 1.1341406977501465e+39
6765.7657657657655 1.1284759491944647e+39
6775.775775775775 1.1228470413823227e+39
6785.785785785786 1.1172537215976949e+39
6795.795795795796 1.1116957387431744e+39
6805.805805805806 1.1061728433307913e+39
6815.815815815816 1.1006847874729555e+39
6825.825825825826 1.0952313248735356e+39
6835.8358358358355 1.0898122108190573e+39
6845.845845845846 1.0844272021700203e+39
6855.855855855856 1.0790760573523305e+39
6865.865865865866 1.073758536348841e+39
6875.875875875876 1.0684744006909926e+39
6885.885885885886 1.0632234134505605e+39
6895.895895895896 1.0580053392314958e+39
6905.9059059059055 1.052819944161854e+39
6915.915915915916 1.0476669958858127e+39
6925.925925925926 1.0425462635557794e+39
6935.935935935936 1.0374575178245684e+39
6945.945945945946 1.0324005308376636e+39
6955.955955955956 1.0273750762255504e+39
6965.965965965966 1.0223809290961184e+39
6975.975975975976 1.017417866027132e+39
6985.985985985986 1.0124856650587652e+39
6995.995995995996 1.0075841056861937e+39
7006.006006006006 1.00271296885225e+39
7016.016016016016 9.978720369401325e+38
7026.026026026026 9.930610937661666e+38
7036.036036036036 9.882799245726196e+38
7046.046046046046 9.83528316020562e+38
7056.056056056056 9.788060561827745e+38
7066.066066066066 9.741129345366987e+38
7076.076076076076 9.694487419574347e+38
7086.086086086086 9.648132707107723e+38
7096.0960960960965 9.602063144462652e+38
7106.106106106106 9.556276681903396e+38
7116.116116116116 9.510771283394386e+38
7126.126126126126 9.46554492653199e+38
7136.136136136136 9.420595602476627e+38
7146.146146146146 9.375921315885135e+38
7156.156156156156 9.33152008484346e+38
7166.1661661661665 9.287389940799646e+38
7176.176176176176 9.243528928497024e+38
7186.186186186186 9.199935105907718e+38
7196.196196196196 9.156606544166363e+38
7206.206206206206 9.113541327504034e+38
7216.216216216216 9.070737553182457e+38
7226.226226226227 9.028193331428353e+38
7236.236236236236 8.985906785368079e+38
7246.246246246246 8.943876050962341e+38
7256.256256256256 8.90209927694123e+38
7266.266266266266 8.860574624739342e+38
7276.276276276276 8.819300268431112e+38
7286.286286286287 8.77827439466629e+38
7296.2962962962965 8.737495202605616e+38
7306.306306306306 8.696960903856605e+38
7316.316316316316 8.656669722409538e+38
7326.326326326326 8.616619894573526e+38
7336.336336336336 8.576809668912783e+38
7346.346346346347 8.537237306183003e+38
7356.356356356357 8.497901079267903e+38
7366.3663663663665 8.458799273115806e+38
7376.376376376376 8.41993018467649e+38
7386.386386386386 8.381292122838053e+38
7396.396396396396 8.342883408363952e+38
7406.406406406406 8.304702373830135e+38
7416.416416416417 8.266747363562305e+38
7426.426426426427 8.229016733573338e+38
7436.436436436436 8.191508851500738e+38
7446.446446446446 8.154222096544254e+38
7456.456456456456 8.11715485940364e+38
7466.466466466466 8.080305542216462e+38
7476.476476476477 8.043672558496061e+38
7486.486486486487 8.007254333069633e+38
7496.496496496497 7.971049302016389e+38
7506.506506506506 7.935055912605838e+38
7516.516516516516 7.899272623236231e+38
7526.526526526526 7.863697903373009e+38
7536.536536536537 7.828330233487497e+38
7546.546546546547 7.793168104995623e+38
7556.556556556557 7.758210020196765e+38
7566.5665665665665 7.723454492212737e+38
7576.576576576576 7.68890004492687e+38
7586.586586586586 7.654545212923234e+38
7596.596596596597 7.620388541425928e+38
7606.606606606607 7.586428586238609e+38
7616.616616616617 7.552663913683954e+38
7626.626626626627 7.519093100543418e+38
7636.6366366366365 7.48571473399705e+38
7646.646646646646 7.452527411563401e+38
7656.656656656657 7.41952974103962e+38
7666.666666666667 7.386720340441639e+38
7676.676676676677 7.354097837944516e+38
7686.686686686687 7.32166087182289e+38
7696.696696696697 7.289408090391563e+38
7706.706706706706 7.257338151946269e+38
7716.716716716716 7.225449724704526e+38
7726.726726726727 7.193741486746645e+38
7736.736736736737 7.162212125956896e+38
7746.746746746747 7.13086033996481e+38
7756.756756756757 7.099684836086622e+38
7766.7667667667665 7.068684331266858e+38
7776.776776776776 7.037857552020104e+38
7786.786786786787 7.00720323437289e+38
7796.796796796797 6.976720123805737e+38
7806.806806806807 6.946406975195394e+38
7816.816816816817 6.916262552757176e+38
7826.826826826827 6.886285629987521e+38
7836.8368368368365 6.856474989606674e+38
7846.846846846847 6.826829423501537e+38
7856.856856856857 6.797347732668724e+38
7866.866866866867 6.768028727157718e+38
7876.876876876877 6.738871226014269e+38
7886.886886886887 6.7098740572239185e+38
7896.896896896897 6.6810360576557285e+38
7906.906906906907 6.6523560730061565e+38
7916.916916916917 6.623832957743143e+38
7926.926926926927 6.5954655750503714e+38
7936.936936936937 6.567252796771665e+38
7946.946946946947 6.5391935033556576e+38
7956.956956956957 6.511286583800578e+38
7966.9669669669665 6.483530935599248e+38
7976.976976976977 6.455925464684271e+38
7986.986986986987 6.428469085373422e+38
7996.996996996997 6.401160720315205e+38
8007.007007007007 6.373999300434637e+38
8017.017017017017 6.3469837648792004e+38
8027.027027027027 6.320113060965032e+38
8037.037037037037 6.2933861441232644e+38
8047.047047047047 6.266801977846633e+38
8057.057057057057 6.2403595336362024e+38
8067.067067067067 6.214057790948379e+38
8077.077077077077 6.187895737142093e+38
8087.087087087087 6.1618723674261824e+38
8097.0970970970975 6.135986684806995e+38
8107.107107107107 6.1102377000362355e+38
8117.117117117117 6.084624431558949e+38
8127.127127127127 6.059145905461803e+38
8137.137137137137 6.033801155421516e+38
8147.147147147147 6.008589222653542e+38
8157.157157157158 5.9835091558609755e+38
8167.1671671671675 5.958560011183636e+38
8177.177177177177 5.9337408521474195e+38
8187.187187187187 5.909050749613838e+38
8197.197197197198 5.8844887817297956e+38
8207.207207207208 5.860054033877589e+38
8217.217217217218 5.835745598625121e+38
8227.227227227228 5.8115625756763454e+38
8237.237237237237 5.787504071821948e+38
8247.247247247247 5.76356920089023e+38
8257.257257257257 5.739757083698248e+38
8267.267267267267 5.716066848003144e+38
8277.277277277277 5.692497628453765e+38
8287.287287287287 5.669048566542436e+38
8297.297297297297 5.645718810557028e+38
8307.307307307306 5.62250751553322e+38
8317.317317317316 5.599413843207007e+38
8327.327327327326 5.576436961967437e+38
8337.337337337336 5.553576046809592e+38
8347.347347347348 5.530830279287761e+38
8357.357357357358 5.508198847468923e+38
8367.367367367367 5.485680945886376e+38
8377.377377377377 5.463275775493664e+38
8387.387387387387 5.440982543618712e+38
8397.397397397397 5.4188004639182094e+38
8407.407407407409 5.396728756332204e+38
8417.417417417419 5.374766647038979e+38
8427.427427427428 5.3529133684100996e+38
8437.437437437438 5.331168158965761e+38
8447.447447447448 5.309530263330325e+38
8457.457457457458 5.287998932188133e+38
8467.467467467468 5.266573422239514e+38
8477.477477477478 5.245252996157062e+38
8487.487487487488 5.224036922542134e+38
8497.497497497498 5.202924475881595e+38
8507.507507507507 5.1819149365047846e+38
8517.517517517517 5.161007590540733e+38
8527.527527527527 5.140201729875616e+38
8537.537537537537 5.119496652110432e+38
8547.547547547547 5.0988916605189325e+38
8557.557557557557 5.078386064005772e+38
8567.567567567567 5.057979177064907e+38
8577.577577577576 5.037670319738224e+38
8587.587587587586 5.017458817574414e+38
8597.597597597598 4.997344001588058e+38
8607.607607607608 4.97732520821898e+38
8617.617617617618 4.957401779291812e+38
8627.627627627628 4.937573061975789e+38
8637.637637637637 4.917838408744815e+38
8647.647647647647 4.8981971773377085e+38
8657.657657657659 4.878648730718724e+38
8667.667667667669 4.859192437038308e+38
8677.677677677679 4.839827669594042e+38
8687.687687687689 4.8205538067918605e+38
8697.697697697698 4.801370232107498e+38
8707.707707707708 4.782276334048146e+38
8717.717717717718 4.763271506114362e+38
8727.727727727728 4.7443551467621775e+38
8737.737737737738 4.725526659365491e+38
8747.747747747748 4.706785452178627e+38
8757.757757757758 4.688130938299168e+38
8767.767767767768 4.669562535630988e+38
8777.777777777777 4.651079666847543e+38
8787.787787787787 4.632681759355353e+38
8797.797797797797 4.614368245257727e+38
8807.807807807807 4.596138561318732e+38
8817.817817817817 4.577992148927345e+38
8827.827827827827 4.559928454061867e+38
8837.837837837837 4.541946927254539e+38
8847.847847847848 4.524047023556393e+38
8857.857857857858 4.506228202502322e+38
8867.867867867868 4.4884899280763534e+38
8877.877877877878 4.470831668677175e+38
8887.887887887888 4.4532528970838556e+38
8897.897897897898 4.4357530904217946e+38
8907.90790790791 4.418331730128888e+38
8917.91791791792 4.400988301921916e+38
8927.927927927929 4.3837222957631315e+38
8937.937937937939 4.366533205827096e+38
8947.947947947949 4.3494205304676874e+38
8957.957957957959 4.332383772185363e+38
8967.967967967968 4.3154224375946115e+38
8977.977977977978 4.29853603739162e+38
8987.987987987988 4.281724086322162e+38
8997.997997997998 4.264986103149691e+38
9008.008008008008 4.2483216106236375e+38
9018.018018018018 4.231730135447928e+38
9028.028028028028 4.2152112082496995e+38
9038.038038038037 4.198764363548232e+38
9048.048048048047 4.182389139724079e+38
9058.058058058057 4.1660850789884095e+38
9068.068068068067 4.149851727352542e+38
9078.078078078077 4.1336886345977064e+38
9088.088088088087 4.117595354244981e+38
9098.098098098098 4.101796258765308e+38
9108.108108108108 4.085887261231275e+38
9118.118118118118 4.070054480121372e+38
9128.128128128128 4.0542974829858795e+38
9138.138138138138 4.038615840195616e+38
9148.148148148148 4.023009124921274e+38
9158.15815815816 4.007476913112905e+38
9168.16816816817 3.99201878347962e+38
9178.17817817818 3.976634317469383e+38
9188.188188188189 3.9613230992490284e+38
9198.198198198199 3.946084715684393e+38
9208.208208208209 3.930918756320659e+38
9218.218218218219 3.91582481336281e+38
9228.228228228229 3.9008024816562456e+38
9238.238238238238 3.8858513586676005e+38
9248.248248248248 3.870971044465653e+38
9258.258258258258 3.85616114170243e+38
9268.268268268268 3.841421255594454e+38
9278.278278278278 3.826750993904123e+38
9288.288288288288 3.812149966921265e+38
9298.298298298298 3.797617787444829e+38
9308.308308308307 3.783154070764705e+38
9318.31831831832 3.768758434643724e+38
9328.328328328329 3.754430499299787e+38
9338.338338338339 3.740169887388106e+38
9348.348348348349 3.725976223983637e+38
9358.358358358359 3.711849136563622e+38
9368.368368368368 3.697788254990278e+38
9378.378378378378 3.6837932114936206e+38
9388.388388388388 3.669863640654435e+38
9398.398398398398 3.6559991793873594e+38
9408.408408408408 3.642199466924132e+38
9418.418418418418 3.6284641447969416e+38
9428.428428428428 3.61479285682194e+38
9438.43843843844 3.6011852490828575e+38
9448.44844844845 3.587640969914765e+38
9458.458458458459 3.574159669887964e+38
9468.468468468469 3.560741001791988e+38
9478.478478478479 3.5473846206197544e+38
9488.488488488489 3.534090183551825e+38
9498.498498498499 3.520857349940784e+38
9508.508508508508 3.507685781295773e+38
9518.518518518518 3.4945751412671054e+38
9528.528528528528 3.481525095631026e+38
9538.538538538538 3.468535312274593e+38
9548.548548548548 3.45560546118066e+38
9558.558558558558 3.442735214413001e+38
9568.56856856857 3.429924246101522e+38
9578.57857857858 3.417172232427629e+38
9588.58858858859 3.40447885160966e+38
9598.598598598599 3.3918437838884846e+38
9608.608608608609 3.379266711513167e+38
9618.618618618619 3.3667473187267814e+38
9628.628628628629 3.3542852917523156e+38
9638.638638638638 3.3418803187786838e+38
9648.648648648648 3.3295320899468647e+38
9658.658658658658 3.3172402973361324e+38
9668.668668668668 3.305004634950409e+38
9678.678678678678 3.292824798704701e+38
9688.68868868869 3.280700486411665e+38
9698.6986986987 3.2686313977682707e+38
9708.70870870871 3.256617234342555e+38
9718.71871871872 3.244657699560497e+38
9728.728728728729 3.2327524986929857e+38
9738.738738738739 3.220901338842887e+38
9748.748748748749 3.2091039289322208e+38
9758.758758758759 3.197359979689424e+38
9768.768768768768 3.185669203636719e+38
9778.778778778778 3.1740313150775903e+38
9788.788788788788 3.1624460300843302e+38
9798.798798798798 3.1509130664857157e+38
9808.808808808808 3.13943214385475e+38
9818.81881881882 3.1280029834965153e+38
9828.82882882883 3.1166253084361263e+38
9838.83883883884 3.1052988434067457e+38
9848.84884884885 3.094023314837726e+38
9858.85885885886 3.082798450842822e+38
9868.868868868869 3.07162398120851e+38
9878.878878878879 3.0604996373823714e+38
9888.888888888889 3.0494251524615983e+38
9898.898898898899 3.038400261181558e+38
9908.908908908908 3.0274246999044626e+38
9918.918918918918 3.016498206608121e+38
9928.928928928928 3.005620520874773e+38
9938.93893893894 2.9947913838800136e+38
9948.94894894895 2.9840105383818056e+38
9958.95895895896 2.97327772870956e+38
9968.96896896897 2.9625927007533247e+38
9978.97897897898 2.9519552019530272e+38
9988.98898898899 2.941364981287827e+38
9998.998998998999 2.930821789265526e+38
10009.009009009009 2.9203253779120787e+38
10019.019019019019 2.9098755007611674e+38
10029.029029029029 2.8994719128438624e+38
10039.039039039038 2.889114370678364e+38
10049.049049049048 2.8788026322598172e+38
10059.059059059058 2.868536457050206e+38
10069.06906906907 2.8583156059683204e+38
10079.07907907908 2.8481398413798173e+38
10089.08908908909 2.8380089270873197e+38
10099.0990990991 2.827922628320634e+38
10109.10910910911 2.8178807117270073e+38
10119.11911911912 2.8078829453614806e+38
10129.129129129129 2.797929098677301e+38
10139.139139139139 2.7880189425164156e+38
10149.149149149149 2.7781522491000244e+38
10159.159159159159 2.7683287920192215e+38
10169.169169169169 2.7585483462256988e+38
10179.179179179178 2.74881068802251e+38
10189.18918918919 2.7391155950549178e+38
10199.1991991992 2.7294628463013116e+38
10209.20920920921 2.7198522220641732e+38
10219.21921921922 2.7102835039611365e+38
10229.22922922923 2.700756474916092e+38
10239.23923923924 2.6912709191503752e+38
10249.24924924925 2.681826622174009e+38
10259.25925925926 2.6724233707770163e+38
10269.269269269269 2.6630609530208015e+38
10279.279279279279 2.653739158229586e+38
10289.289289289289 2.6444577769819167e+38
10299.299299299299 2.6352166011022347e+38
10309.309309309308 2.626015423652507e+38
10319.31931931932 2.6168540389239232e+38
10329.32932932933 2.6077322424286527e+38
10339.33933933934 2.5986498308916474e+38
10349.34934934935 2.589606602242543e+38
10359.35935935936 2.5806023556075802e+38
10369.36936936937 2.5716368913016082e+38
10379.37937937938 2.5627100108201473e+38
10389.38938938939 2.5538215168314974e+38
10399.399399399399 2.5449712131689194e+38
10409.409409409409 2.536158904822867e+38
10419.419419419419 2.527384397933271e+38
10429.429429429429 2.5186474997818997e+38
10439.43943943944 2.5099480187847482e+38
10449.44944944945 2.501285764484512e+38
10459.45945945946 2.492660547543091e+38
10469.46946946947 2.484072179734171e+38
10479.47947947948 2.4755204739358406e+38
10489.48948948949 2.4670052441232746e+38
10499.4994994995 2.4585263053614728e+38
10509.50950950951 2.450083473798039e+38
10519.51951951952 2.441676566656025e+38
10529.52952952953 2.4333054022268273e+38
10539.539539539539 2.424969799863125e+38
10549.549549549549 2.4166695799718808e+38
10559.559559559559 2.408404564007391e+38
10569.56956956957 2.4001745744643755e+38
10579.57957957958 2.3919794348711417e+38
10589.58958958959 2.3838189697827704e+38
10599.5995995996 2.3756930047743722e+38
10609.60960960961 2.3676013664343836e+38
10619.61961961962 2.359543882357918e+38
10629.62962962963 2.3515203811401588e+38
10639.63963963964 2.3435306923697966e+38
10649.64964964965 2.335574646622539e+38
10659.65965965966 2.3276520754546317e+38
10669.669669669669 2.3197628113964545e+38
10679.679679679679 2.311906687946151e+38
10689.68968968969 2.3040835395633065e+38
10699.6996996997 2.29629320166268e+38
10709.70970970971 2.2885355106079624e+38
10719.71971971972 2.280810303705601e+38
10729.72972972973 2.273117419198661e+38
10739.73973973974 2.2654566962607214e+38
10749.74974974975 2.2578279749898323e+38
10759.75975975976 2.2502310964025037e+38
10769.76976976977 2.2426659024277415e+38
10779.77977977978 2.2351322359011273e+38
10789.78978978979 2.227629940558939e+38
10799.799799799799 2.2201588610323176e+38
10809.809809809809 2.2127188428414696e+38
10819.81981981982 2.2053097323899143e+38
10829.82982982983 2.1979313769587803e+38
10839.83983983984 2.190583624701127e+38
10849.84984984985 2.183266324636318e+38
10859.85985985986 2.175979326644434e+38
10869.86986986987 2.1687224814607242e+38
10879.87987987988 2.1614956406700934e+38
10889.88988988989 2.1542986567016395e+38
10899.8998998999 2.147131382823216e+38
10909.90990990991 2.1399936731360474e+38
10919.91991991992 2.132885382569368e+38
10929.92992992993 2.125806366875116e+38
10939.93993993994 2.118756482622648e+38
10949.94994994995 2.1117355871935105e+38
10959.95995995996 2.104743538776227e+38
10969.96996996997 2.09778019636114e+38
10979.97997997998 2.0908454197352812e+38
10989.98998998999 2.0839390694772787e+38
11000.0 2.0770610069523044e+38
