#lamb flux
1000.0 0.7812127575659494
1010.01001001001 0.8111204733388999
1020.0200200200201 0.8411437821212716
1030.03003003003 0.8712474909744565
1040.0400400400401 0.9013970625968272
1050.05005005005 0.9315586911591042
1060.06006006006 0.9616993705055827
1070.07007007007 0.9917869549539412
1080.08008008008 1.0217902129542873
1090.0900900900901 1.0516788738905685
1100.1001001001 1.0814236683252283
1110.11011011011 1.1109963620012147
1120.1201201201202 1.1403697839249025
1130.13013013013 1.1695178488591995
1140.1401401401401 1.198415574558864
1150.1501501501502 1.227039094079904
1160.16016016016 1.2553656634924921
1170.1701701701702 1.2833736653221883
1180.1801801801803 1.311042608037952
1190.1901901901902 1.3383531218974754
1200.2002002002002 1.3652869514513122
1210.2102102102103 1.3918269449970666
1220.2202202202202 1.4179570412639582
1230.2302302302303 1.4436622535964794
1240.2402402402402 1.4689286518937734
1250.2502502502502 1.4937433146370045
1260.2602602602603 1.5180942772894401
1270.2702702702702 1.5419704937081515
1280.2802802802803 1.5653620379731024
1290.2902902902902 1.588259925662945
1300.3003003003003 1.6106560869926334
1310.3103103103103 1.632543339151788
1320.3203203203202 1.653915358001997
1330.3303303303303 1.6747666492799074
1340.3403403403404 1.6950925194418875
1350.3503503503503 1.714889046275464
1360.3603603603603 1.7341530493925792
1370.3703703703704 1.7528820607099223
1380.3803803803803 1.7710742950123668
1390.3903903903904 1.7887286206867348
1400.4004004004005 1.8058445307046562
1410.4104104104103 1.8224221139255232
1420.4204204204204 1.8384620267829912
1430.4304304304305 1.8539654654114708
1440.4404404404404 1.8689341382625755
1450.4504504504505 1.8833702392551996
1460.4604604604606 1.8972764214972722
1470.4704704704704 1.9106557716118342
1480.4804804804805 1.9235117846951109
1490.4904904904906 1.9358483399296789
1500.5005005005005 1.947669676871535
1510.5105105105106 1.9589803724260049
1520.5205205205207 1.9697853185237497
1530.5305305305305 1.9800897005049076
1540.5405405405404 1.989898976216324
1550.5505505505505 1.999218855824099
1560.5605605605606 2.0080552823411755
1570.5705705705705 2.0164144128674493
1580.5805805805805 2.024302600537815
1590.5905905905906 2.0317263771717746
1600.6006006006005 2.0386924366165657
1610.6106106106106 2.0452076187743646
1620.6206206206207 2.051278894302798
1630.6306306306305 2.056913349976942
1640.6406406406406 2.062118174699963
1650.6506506506507 2.06690064614875
1660.6606606606606 2.0712681180402357
1670.6706706706707 2.075228008003429
1680.6806806806808 2.078787786041812
1690.6906906906906 2.081954963570328
1700.7007007007007 2.084737085022889
1710.7107107107108 2.0871417221334685
1720.7207207207207 2.089176449549893
1730.7307307307308 2.0908488438713286
1740.7407407407409 2.0921664764445724
1750.7507507507507 2.093136905506863
1760.7607607607606 2.0937676687904783
1770.770770770771 2.0940662765736877
1780.7807807807808 2.094040205163015
1790.7907907907907 2.0936968907922515
1800.8008008008007 2.093043723924218
1810.8108108108108 2.0920880439419545
1820.8208208208207 2.0908371342167786
1830.8308308308308 2.089298217541513
1840.8408408408409 2.087478451918116
1850.8508508508507 2.0853849266900033
1860.8608608608608 2.0830246590105115
1870.870870870871 2.0804045906400384
1880.8808808808808 2.0775315850656657
1890.890890890891 2.0744124249380707
1900.900900900901 2.071053809821559
1910.9109109109108 2.067462354253577
1920.920920920921 2.063644586110195
1930.930930930931 2.0596069452733285
1940.940940940941 2.055355782593724
1950.950950950951 2.050897359140419
1960.960960960961 2.0462378457223767
1970.970970970971 2.041383322660584
1980.980980980981 2.0363397797792304
1990.9909909909911 2.0311131165721
2001.001001001001 2.025709142485954
2011.0110110110109 2.020133577246583
2021.0210210210212 2.0143920511376288
2031.031031031031 2.0084901051289736
2041.0410410410411 2.002433190743965
2051.051051051051 1.9962266695564097
2061.061061061061 1.9898758122228075
2071.071071071071 1.983385796985628
2081.081081081081 1.9767617076302797
2091.091091091091 1.9700085309401916
2101.101101101101 1.963131153765331
2111.1111111111113 1.9561343598907583
2121.121121121121 1.9490228269516303
2131.131131131131 1.9418011236774906
2141.141141141141 1.9344737077518932
2151.151151151151 1.927044924538618
2161.161161161161 1.9195190068551826
2171.1711711711714 1.9119000758774616
2181.1811811811813 1.904192143150744
2191.191191191191 1.8963991135796405
2201.201201201201 1.8885247891873256
2211.2112112112113 1.8805728733843345
2221.221221221221 1.872546975472262
2231.2312312312315 1.8644506151258338
2241.2412412412414 1.8562872266398336
2251.2512512512512 1.8480601627851903
2261.261261261261 1.8397726981805824
2271.271271271271 1.831428032143508
2281.2812812812813 1.8230292910323505
2291.2912912912916 1.8145795301254213
2301.3013013013015 1.8060817351043241
2311.3113113113113 1.7975388232186946
2321.321321321321 1.788953644209917
2331.331331331331 1.7803289810655758
2341.3413413413414 1.7716675506668638
2351.3513513513512 1.7629720043797878
2361.3613613613616 1.7542449286296213
2371.3713713713714 1.745488845487404
2381.3813813813813 1.7367062132881106
2391.391391391391 1.727899427292577
2401.4014014014015 1.719070820399298
2411.4114114114113 1.7102226639078226
2421.4214214214217 1.7013571683323145
2431.4314314314315 1.6924764842617046
2441.4414414414414 1.6835827032616189
2451.4514514514512 1.6746778588125555
2461.4614614614616 1.6657639272785796
2471.4714714714714 1.6568428289008867
2481.4814814814818 1.6479164288108512
2491.4914914914916 1.6389865380576105
2501.5015015015015 1.6300549146456795
2511.5115115115113 1.6211232645785927
2521.521521521521 1.612193242905042
2531.5315315315315 1.6032664547644493
2541.541541541542 1.5943444564293232
2551.5515515515517 1.585428756342145
2561.5615615615616 1.576520816144848
2571.5715715715714 1.5676220516992994
2581.5815815815813 1.5587338340974024
2591.5915915915916 1.5498574906597171
2601.6016016016015 1.5409943059216578
2611.611611611612 1.5321455226065193
2621.6216216216217 1.5233123425847208
2631.6316316316315 1.5144959278187622
2641.6416416416414 1.5056974012935456
2651.6516516516517 1.496917847931733
2661.6616616616616 1.488158315493949
2671.671671671672 1.479419815463662
2681.6816816816818 1.4707033239166598
2691.6916916916916 1.4620097823750628
2701.7017017017015 1.4533400986458636
2711.711711711712 1.4446951476440155
2721.7217217217217 1.4360757722001403
2731.731731731732 1.4274827838528894
2741.741741741742 1.4189169636261085
2751.7517517517517 1.4103790627908723
2761.7617617617616 1.4018698036125512
2771.7717717717715 1.3933898800830335
2781.781781781782 1.3849399586382607
2791.791791791792 1.3765206788612463
2801.801801801802 1.3681326541707317
2811.811811811812 1.359776472495667
2821.8218218218217 1.3514526969356917
2831.8318318318316 1.3431618664078149
2841.841841841842 1.3349044962794563
2851.851851851852 1.3266810789880839
2861.861861861862 1.3184920846476
2871.871871871872 1.3103379616417035
2881.881881881882 1.3022191372044147
2891.8918918918916 1.294136017987973
2901.901901901902 1.2860889906182909
2911.911911911912 1.2780784222381911
2921.921921921922 1.270104661038604
2931.931931931932 1.262168036777945
2941.941941941942 1.254268861289867
2951.9519519519517 1.246407428979582
2961.961961961962 1.2385840173089677
2971.971971971972 1.230798887270641
2981.9819819819822 1.2230522838512106
2991.991991991992 1.2153444364838917
3002.002002002002 1.2076755594906965
3012.012012012012 1.2000458525143711
3022.0220220220217 1.1924555009402913
3032.032032032032 1.184905814202011
3042.0420420420423 1.1773945296803237
3052.052052052052 1.1699230361266286
3062.062062062062 1.1624914769539216
3072.072072072072 1.155099981728846
3082.0820820820823 1.1477486667038326
3092.092092092092 1.1404376353251084
3102.102102102102 1.1331669787180378
3112.1121121121123 1.1259367761511692
3122.122122122122 1.1187470954802523
3132.132132132132 1.111597993573405
3142.1421421421423 1.1044895167185271
3152.152152152152 1.0974217010139802
3162.162162162162 1.09039457274347
3172.1721721721724 1.0834081487360305
3182.1821821821823 1.0764624367119076
3192.192192192192 1.0695574356151198
3202.202202202202 1.0626931359333993
3212.2122122122123 1.0558695200061743
3222.222222222222 1.049086562321216
3232.232232232232 1.0423442298005128
3242.2422422422424 1.0356424820759207
3252.252252252252 1.0289812717550857
3262.262262262262 1.0223605446781006
3272.2722722722724 1.0157802401653468
3282.2822822822823 1.0092402912569145
3292.292292292292 1.0027406249439987
3302.3023023023025 0.9962811623926172
3312.3123123123123 0.9898618191599992
3322.322322322322 0.9834825054039475
3332.3323323323325 0.9771431260854787
3342.3423423423424 0.9708435811650238
3352.352352352352 0.9645837657924283
3362.3623623623625 0.9583635704910368
3372.3723723723724 0.9521828813360523
3382.3823823823823 0.946041580127417
3392.3923923923926 0.9399395445574148
3402.4024024024025 0.9338766483731863
3412.4124124124123 0.9278527615343369
3422.4224224224226 0.9218677503658285
3432.4324324324325 0.9159214777063063
3442.4424424424424 0.9100138030520206
3452.4524524524522 0.9041445826964928
3462.4624624624626 0.8983136698660737
3472.4724724724724 0.8925209148515197
3482.4824824824823 0.8867661651357165
3492.4924924924926 0.8810492655176794
3502.5025025025025 0.8753700582329405
3512.5125125125123 0.8697283830704352
3522.5225225225226 0.8641240774859974
3532.5325325325325 0.8585569767125614
3542.5425425425424 0.8530269138671727
3552.5525525525527 0.8475337200548942
3562.5625625625626 0.8420772244697126
3572.5725725725724 0.8366572544925058
3582.5825825825827 0.8312736357861845
3592.5925925925926 0.8259261923880644
3602.6026026026025 0.820614746799558
3612.612612612613 0.8153391200732553
3622.6226226226227 0.810099131897469
3632.6326326326325 0.804894600678304
3642.642642642643 0.7997253436193358
3652.6526526526527 0.7945911767989425
3662.6626626626626 0.7894919152453612
3672.672672672673 0.7844273730095372
3682.6826826826828 0.7793973632358059
3692.6926926926926 0.7744016982304879
3702.7027027027025 0.7694401895284243
3712.712712712713 0.764512647957533
3722.7227227227227 0.7596188837014234
3732.7327327327325 0.7547587063601101
3742.742742742743 0.7499319250089044
3752.7527527527527 0.7451383482554983
3762.7627627627626 0.740377784295307
3772.772772772773 0.7356500409651106
3782.7827827827828 0.7309549257950341
3792.7927927927926 0.7262922460589142
3802.802802802803 0.7216618088230915
3812.812812812813 0.7170634209936678
3822.8228228228227 0.712496889362267
3832.832832832833 0.7079620206503447
3842.842842842843 0.703458621552073
3852.8528528528527 0.6989864987758463
3862.862862862863 0.6945454590844365
3872.872872872873 0.6901353093338423
3882.8828828828828 0.6857558565108454
3892.892892892893 0.6814069077693415
3902.902902902903 0.6770882704654364
3912.912912912913 0.6727997521913729
3922.922922922923 0.6685411608083001
3932.932932932933 0.6643123044779232
3942.942942942943 0.6601129916930575
3952.9529529529527 0.6559430313071187
3962.962962962963 0.6518022325625776
3972.972972972973 0.6476904051184026
3982.982982982983 0.6436073590765222
3992.992992992993 0.6395529050073221
4003.003003003003 0.6355268539742225
4013.013013013013 0.6315290175573346
4023.023023023023 0.6275592078762419
4033.033033033033 0.6236172376119175
4043.043043043043 0.6197029200278026
4053.053053053053 0.6158160689900756
4063.063063063063 0.6119564989871209
4073.073073073073 0.6081240251482302
4083.0830830830832 0.6043184632615504
4093.093093093093 0.6005396297913033
4103.103103103103 0.5967873418942881
4113.113113113113 0.5930614174357032
4123.123123123123 0.589361675004281
4133.133133133133 0.5856879339267804
4143.143143143143 0.5820400142818362
4153.153153153153 0.5784177369131918
4163.163163163163 0.5748209234423314
4173.173173173173 0.5712493962805233
4183.183183183183 0.5677029786403004
4193.193193193193 0.5641814945463823
4203.203203203203 0.5606847688460631
4213.213213213214 0.5572126272190786
4223.223223223224 0.553764896186964
4233.2332332332335 0.5503414031219196
4243.243243243243 0.546941976255199
4253.253253253253 0.5435664446850303
4263.263263263263 0.5402146383840896
4273.273273273273 0.5368863882065323
4283.283283283283 0.5335815258946015
4293.293293293293 0.5302998840848222
4303.303303303303 0.5270412963137953
4313.313313313313 0.5238055970236033
4323.323323323323 0.5205926215668357
4333.333333333334 0.5174022062112515
4343.343343343344 0.5142341881440844
4353.353353353354 0.5110884054760049
4363.3633633633635 0.5079646972447472
4373.373373373373 0.5048629034184128
4383.383383383383 0.5017828648984605
4393.393393393393 0.49872442352239094
4403.403403403403 0.4956874220661388
4413.413413413413 0.49267170424617573
4423.423423423424 0.4896771147213405
4433.4334334334335 0.48670349909439803
4443.443443443443 0.4837507039133406
4453.453453453454 0.48081857667243705
4463.463463463464 0.47790696581304215
4473.473473473474 0.4750157207241636
4483.483483483484 0.4721446917428101
4493.493493493494 0.46929373015411235
4503.503503503503 0.4664626881912355
4513.513513513513 0.46365141903508467
4523.523523523523 0.46085977681380924
4533.533533533533 0.45808761660212
4543.543543543543 0.45533479442041586
4553.553553553554 0.4526011672337337
4563.563563563564 0.44988659295052597
4573.573573573573 0.44719093042126784
4583.583583583584 0.44451403943690737
4593.593593593594 0.4418557807271581
4603.603603603604 0.43921601595864057
4613.613613613614 0.436594607732883
4623.623623623624 0.4339914195841794
4633.6336336336335 0.43140631597731377
4643.643643643643 0.4288391623051597
4653.653653653653 0.42628982488614836
4663.663663663663 0.4237581709616238
4673.673673673674 0.4212440686930792
4683.683683683684 0.4187473871592845
4693.693693693694 0.41626799635330675
4703.703703703704 0.4138057671794296
4713.713713713714 0.41136057144997507
4723.723723723724 0.40893228188203046
4733.733733733734 0.40652077209408505
4743.743743743744 0.4041259166025832
4753.753753753754 0.4017475908183918
4763.763763763764 0.3993856710431918
4773.773773773773 0.39704003446579006
4783.783783783783 0.394710559158365
4793.793793793793 0.392397124072638
4803.803803803804 0.390099609035981
4813.813813813814 0.3878178947474635
4823.823823823824 0.3855518627738371
4833.833833833834 0.38330139554546405
4843.843843843844 0.38106637635219404
4853.853853853854 0.3788466893391863
4863.863863863864 0.37664221950268695
4873.873873873874 0.37445285268575706
4883.883883883884 0.3722784755739604
4893.893893893894 0.37011897569100777
4903.9039039039035 0.36797424139436485
4913.913913913913 0.3658441618708221
4923.923923923924 0.36372862713203097
4933.933933933934 0.36162752801000997
4943.943943943944 0.3595407561526179
4953.953953953955 0.35746820401900126
4963.9639639639645 0.355409764875017
4973.973973973974 0.3533653327886275
4983.983983983984 0.35133480262527755
4993.993993993994 0.34931807004324905
5004.004004004004 0.3473150314889971
5014.014014014014 0.34532558419247034
5024.024024024024 0.3433496261624143
5034.0340340340335 0.3413870561816639
5044.044044044043 0.3394377738024203
5054.054054054054 0.33750167934152026
5064.064064064064 0.3355786738756951
5074.074074074074 0.3336686592368209
5084.084084084085 0.3317715380071631
5094.0940940940945 0.32988721351461714
5104.104104104104 0.3280155898279429
5114.114114114114 0.3261565717519974
5124.124124124124 0.32431006482296687
5134.134134134134 0.32247597530359723
5144.144144144144 0.32065421017842477
5154.154154154154 0.3188446771490115
5164.1641641641645 0.31704728462917897
5174.174174174174 0.3152619417402499
5184.184184184184 0.31348855830629185
5194.194194194194 0.3117270448493672
5204.204204204204 0.3099773125847907
5214.214214214214 0.3082392734163933
5224.224224224225 0.3065128399317936
5234.2342342342345 0.30479792539768125
5244.244244244244 0.3030944437551056
5254.254254254254 0.301402309614779
5264.264264264264 0.2997214382523886
5274.274274274274 0.29805174560392217
5284.284284284285 0.29639314826100405
5294.294294294295 0.29474556346624736
5304.304304304304 0.2931089091086162
5314.314314314314 0.2914831037188063
5324.324324324324 0.28986806646463725
5334.334334334334 0.2882637171464626
5344.344344344345 0.28666997619259427
5354.354354354355 0.28508676465474486
5364.3643643643645 0.28351400420348566
5374.374374374374 0.28195161712372313
5384.384384384384 0.28039952631019305
5394.394394394394 0.27885765526297235
5404.404404404404 0.27732592808300993
5414.414414414415 0.2758042694676772
5424.424424424425 0.2742926047063378
5434.4344344344345 0.2727908596759358
5444.444444444444 0.2712989608366055
5454.454454454454 0.269816835227302
5464.464464464464 0.26834441046145086
5474.474474474475 0.2668816147226199
5484.484484484485 0.26542837676021247
5494.494494494495 0.2639846258851811
5504.504504504504 0.2625502919657645
5514.514514514514 0.2611253054232448
5524.524524524524 0.2597095972277289
5534.534534534535 0.2583030988939514
5544.544544544545 0.25690574247709924
5554.554554554555 0.2555174605686606
5564.5645645645645 0.2541381862922962
5574.574574574574 0.2527678532997337
5584.584584584584 0.25140639576668583
5594.594594594595 0.2500537483887901
5604.604604604605 0.2487098463775756
5614.614614614615 0.24737462545644984
5624.624624624625 0.24604802185671143
5634.6346346346345 0.24472997231358595
5644.644644644644 0.24342041406228607
5654.654654654654 0.24211928483409592
5664.664664664665 0.24082652285247771
5674.674674674675 0.2395420668292065
5684.684684684685 0.23826585596052471
5694.694694694695 0.23699782992332358
5704.704704704704 0.23573792887134862
5714.714714714714 0.23448609343142882
5724.724724724725 0.2332422646997308
5734.734734734735 0.23200638423803702
5744.744744744745 0.23077839407004871
5754.754754754755 0.2295582366777123
5764.764764764765 0.22834585499757232
5774.774774774774 0.22714119241714661
5784.784784784785 0.22594419277132693
5794.794794794795 0.22475480033880424
5804.804804804805 0.22357295983851777
5814.814814814815 0.2223986164261284
5824.824824824825 0.22123171569051747
5834.8348348348345 0.2200722036503082
5844.844844844845 0.21892002675041317
5854.854854854855 0.21777513185860492
5864.864864864865 0.21663746626211036
5874.874874874875 0.215506977664231
5884.884884884885 0.2143836141809853
5894.894894894895 0.21326732433777662
5904.9049049049045 0.21215805706608384
5914.914914914915 0.21105576170017692
5924.924924924925 0.20996038797385613
5934.934934934935 0.20887188601721374
5944.944944944945 0.20779020635342163
5954.954954954955 0.20671529989554058
5964.964964964965 0.20564711794335386
5974.974974974975 0.20458561218022447
5984.984984984985 0.20353073466997534
5994.994994994995 0.2024824378537929
6005.005005005005 0.2014406745471538
6015.015015015015 0.20040539793677484
6025.025025025025 0.19937656157758588
6035.035035035035 0.1983541193897253
6045.045045045045 0.1973380256555593
6055.055055055055 0.19632823501672214
6065.065065065065 0.19532470247118044
6075.075075075075 0.19432738337031952
6085.085085085085 0.19333623341605194
6095.0950950950955 0.1923512086579487
6105.105105105105 0.1913722654903918
6115.115115115115 0.19039936064975022
6125.125125125125 0.18943245121157617
6135.135135135135 0.18847149458782486
6145.145145145145 0.18751644852409427
6155.155155155155 0.18656727109688814
6165.1651651651655 0.18562392071089917
6175.175175175175 0.1846863560963145
6185.185185185185 0.18375453630614152
6195.195195195195 0.18282842071355596
6205.205205205205 0.18190796900926995
6215.215215215215 0.1809931411989211
6225.225225225226 0.18008389760048346
6235.235235235235 0.17918019884169706
6245.245245245245 0.17828200585752008
6255.255255255255 0.17738927988760048
6265.265265265265 0.17650198247376706
6275.275275275275 0.17562007545754227
6285.285285285286 0.17474352097767423
6295.295295295296 0.17387228146768843
6305.305305305305 0.17300631965345925
6315.315315315315 0.17214559855080194
6325.325325325325 0.17129008146308303
6335.335335335335 0.17043973197885087
6345.345345345346 0.1695945139694846
6355.355355355356 0.16875439158686384
6365.3653653653655 0.16791932926105516
6375.375375375375 0.1670892916980197
6385.385385385385 0.16626424387733746
6395.395395395395 0.165444151049952
6405.405405405405 0.16462897873593277
6415.415415415416 0.16381869272225535
6425.425425425426 0.16301325906060152
6435.4354354354355 0.16221264406517505
6445.445445445445 0.1614168143105383
6455.455455455455 0.16062573662946372
6465.465465465465 0.15983937811080617
6475.475475475476 0.15905770609739014
6485.485485485486 0.15828068818391627
6495.495495495496 0.15750829221488424
6505.505505505505 0.15674048628253315
6515.515515515515 0.15597723872479935
6525.525525525525 0.15521851812329104
6535.535535535536 0.15446429330127895
6545.545545545546 0.1537145333217059
6555.555555555556 0.15296920748521012
6565.5655655655655 0.1522282853281674
6575.575575575575 0.1514917366207483
6585.585585585585 0.1507595313649922
6595.595595595596 0.15003163979289724
6605.605605605606 0.14930803236452633
6615.615615615616 0.148588679766129
6625.625625625626 0.14787355290827892
6635.6356356356355 0.14716262292402735
6645.645645645645 0.146455861167072
6655.655655655655 0.1457532392099407
6665.665665665666 0.1450547288421915
6675.675675675676 0.14436030206862716
6685.685685685686 0.14366993110752418
6695.695695695696 0.14298358838887842
6705.705705705705 0.14230124655266363
6715.715715715715 0.14162287844710597
6725.725725725726 0.140948457126973
6735.735735735736 0.14027795585187586
6745.745745745746 0.13961134808458758
6755.755755755756 0.13894860748937488
6765.7657657657655 0.13828970793034334
6775.775775775775 0.13763462346979774
6785.785785785786 0.13698332836661575
6795.795795795796 0.1363357970746354
6805.805805805806 0.13569200424105637
6815.815815815816 0.1350519247048547
6825.825825825826 0.13441553349521107
6835.8358358358355 0.1337828058299524
6845.845845845846 0.1331537171140065
6855.855855855856 0.13252824293787047
6865.865865865866 0.13190635907609138
6875.875875875876 0.1312880414857597
6885.885885885886 0.13067326630501686
6895.895895895896 0.13006200985157418
6905.9059059059055 0.1294542486212452
6915.915915915916 0.12884995928648957
6925.925925925926 0.12824911869497088
6935.935935935936 0.12765170386812494
6945.945945945946 0.12705769199974182
6955.955955955956 0.12646706045455894
6965.965965965966 0.125879786766867
6975.975975975976 0.12529584863912677
6985.985985985986 0.12471522394059878
6995.995995995996 0.12413789070598404
7006.006006006006 0.12356382713407604
7016.016016016016 0.12299301158642542
7026.026026026026 0.12242542258601463
7036.036036036036 0.12186103881594508
7046.046046046046 0.121299839118135
7056.056056056056 0.12074180249202801
7066.066066066066 0.12018690809331342
7076.076076076076 0.11963513523265736
7086.086086086086 0.11908646337444398
7096.0960960960965 0.11854087213552861
7106.106106106106 0.1179983412840004
7116.116116116116 0.11745885073795652
7126.126126126126 0.11692238056428596
7136.136136136136 0.11638891097746454
7146.146146146146 0.11585842233835947
7156.156156156156 0.11533089515304445
7166.1661661661665 0.11480631007162545
7176.176176176176 0.11428464788707511
7186.186186186186 0.11376588953407867
7196.196196196196 0.11325001608788868
7206.206206206206 0.11273700876319015
7216.216216216216 0.11222684891297474
7226.226226226227 0.11171951802742519
7236.236236236236 0.11121499773280907
7246.246246246246 0.11071326979038168
7256.256256256256 0.1102143160952988
7266.266266266266 0.10971811867553839
7276.276276276276 0.10922465969083163
7286.286286286287 0.10873392143160308
7296.2962962962965 0.10824588631791988
7306.306306306306 0.1077605368984498
7316.316316316316 0.10727785584942859
7326.326326326326 0.10679782597363525
7336.336336336336 0.10632043019937745
7346.346346346347 0.10584565157948399
7356.356356356357 0.10537347329030756
7366.3663663663665 0.10490387863073412
7376.376376376376 0.10443685102120243
7386.386386386386 0.10397237400273099
7396.396396396396 0.10351043123595365
7406.406406406406 0.10305100650016302
7416.416416416417 0.10259408369236249
7426.426426426427 0.10213964682632648
7436.436436436436 0.10168768003166785
7446.446446446446 0.10123816755291393
7456.456456456456 0.10079109374859054
7466.466466466466 0.10034644309031322
7476.476476476477 0.09990420016188663
7486.486486486487 0.09946434965841167
7496.496496496497 0.09902687638539985
7506.506506506506 0.09859176525789518
7516.516516516516 0.09815900129960424
7526.526526526526 0.09772856964203254
7536.536536536537 0.09730045552362926
7546.546546546547 0.09687464428893863
7556.556556556557 0.09645112138775881
7566.5665665665665 0.09602987237430749
7576.576576576576 0.09561088290639531
7586.586586586586 0.09519413874460564
7596.596596596597 0.09477962575148129
7606.606606606607 0.0943673298907192
7616.616616616617 0.09395723722637025
7626.626626626627 0.09354933392204726
7636.6366366366365 0.09314360624013916
7646.646646646646 0.09274004054103169
7656.656656656657 0.09233862328233494
7666.666666666667 0.09193934101811743
7676.676676676677 0.09154218039814657
7686.686686686687 0.09114712816713558
7696.696696696697 0.09075417116399667
7706.706706706706 0.09036329632110085
7716.716716716716 0.08997449066354378
7726.726726726727 0.08958774130841769
7736.736736736737 0.0892030354640898
7746.746746746747 0.08882036042948642
7756.756756756757 0.08843970359338359
7766.7667667667665 0.08806105243370321
7776.776776776776 0.08768439451681545
7786.786786786787 0.08730971749684698
7796.796796796797 0.08693700911499484
7806.806806806807 0.08656625719884638
7816.816816816817 0.08619744966170456
7826.826826826827 0.08583057450191953
7836.8368368368365 0.08546561980222514
7846.846846846847 0.0851025737290814
7856.856856856857 0.08474142453202273
7866.866866866867 0.08438216054301083
7876.876876876877 0.08402477017579427
7886.886886886887 0.08366924192527196
7896.896896896897 0.08331556436686348
7906.906906906907 0.08296372615588336
7916.916916916917 0.08261371602692169
7926.926926926927 0.08226552279322918
7936.936936936937 0.08191913534610758
7946.946946946947 0.08157454265430551
7956.956956956957 0.08123173376341906
7966.9669669669665 0.08089069779529728
7976.976976976977 0.08055142394745302
7986.986986986987 0.08021390149247855
7996.996996996997 0.07987811977746587
8007.007007007007 0.07954406822343203
8017.017017017017 0.07921173632474936
8027.027027027027 0.07888111364858034
8037.037037037037 0.07855218983431698
8047.047047047047 0.07822495459302559
8057.057057057057 0.07789939770689498
8067.067067067067 0.07757550902869068
8077.077077077077 0.07725327848121237
8087.087087087087 0.07693269605675687
8097.0970970970975 0.07661375181658489
8107.107107107107 0.07629643589039298
8117.117117117117 0.07598073847578869
8127.127127127127 0.07566664983777148
8137.137137137137 0.0753541603082168
8147.147147147147 0.07504326028536522
8157.157157157158 0.0747339402333153
8167.1671671671675 0.07442619068152098
8177.177177177177 0.07412000222429303
8187.187187187187 0.0738153655203046
8197.197197197198 0.07351227129210085
8207.207207207208 0.0732107103256128
8217.217217217218 0.07291067346967502
8227.227227227228 0.07261215163554738
8237.237237237237 0.07231513579644082
8247.247247247247 0.0720196169870469
8257.257257257257 0.07172558630307134
8267.267267267267 0.07143303490077145
8277.277277277277 0.07114195399649727
8287.287287287287 0.07085233486623642
8297.297297297297 0.07056416884516299
8307.307307307306 0.07027744732718995
8317.317317317316 0.06999216176452515
8327.327327327326 0.06970830366723119
8337.337337337336 0.0694258646027889
8347.347347347348 0.06914483619566403
8357.357357357358 0.06886521012687828
8367.367367367367 0.06858697813358285
8377.377377377377 0.06831013200863634
8387.387387387387 0.06803466360018573
8397.397397397397 0.06776056481125071
8407.407407407409 0.06748782759931174
8417.417417417419 0.06721644397590129
8427.427427427428 0.06694640600619822
8437.437437437438 0.06667770580862595
8447.447447447448 0.0664103355544535
8457.457457457458 0.06614428746740009
8467.467467467468 0.06587955382324275
8477.477477477478 0.0656161269494272
8487.487487487488 0.06535399922468195
8497.497497497498 0.06509316307863558
8507.507507507507 0.064833610991437
8517.517517517517 0.06457533549337895
8527.527527527527 0.0643183291645244
8537.537537537537 0.06406258463433623
8547.547547547547 0.06380809458130966
8557.557557557557 0.06355485173260789
8567.567567567567 0.06330284886370058
8577.577577577576 0.06305207879800508
8587.587587587586 0.06280253440653119
8597.597597597598 0.062554208607528
8607.607607607608 0.062307094366134234
8617.617617617618 0.06206118469403106
8627.627627627628 0.061816472649097745
8637.637637637637 0.061572951335070424
8647.647647647647 0.061330613901203125
8657.657657657659 0.06108945354193187
8667.667667667669 0.060849463496541606
8677.677677677679 0.0606106370488353
8687.687687687689 0.060372967526806216
8697.697697697698 0.06013644830231266
8707.707707707708 0.059901072790755246
8717.717717717718 0.05966683445075701
8727.727727727728 0.05943372678384567
8737.737737737738 0.05920174333413905
8747.747747747748 0.058970877688032476
8757.757757757758 0.05874112347388886
8767.767767767768 0.058512474361731556
8777.777777777777 0.05828492406293918
8787.787787787787 0.05805846632994338
8797.797797797797 0.05783309495592855
8807.807807807807 0.057608803774534416
8817.817817817817 0.05738558665956051
8827.827827827827 0.05716343752467364
8837.837837837837 0.056942350323116966
8847.847847847848 0.05672231904742192
8857.857857857858 0.05650333772912248
8867.867867867868 0.05628540043847117
8877.877877877878 0.05606850128415784
8887.887887887888 0.05585263441303057
8897.897897897898 0.0556377940098187
8907.90790790791 0.05542397429685807
8917.91791791792 0.05521116953381865
8927.927927927929 0.054999374017434016
8937.937937937939 0.05478858208123324
8947.947947947949 0.05457878809527474
8957.957957957959 0.05436998646588241
8967.967967967968 0.05416217163538369
8977.977977977978 0.05395533808184976
8987.987987987988 0.05374948031883785
8997.997997997998 0.0535445928951355
9008.008008008008 0.053340670394506934
9018.018018018018 0.05313770743544137
9028.028028028028 0.052935698670903364
9038.038038038037 0.05273463878808507
9048.048048048047 0.05253452250816057
9058.058058058057 0.052335344586041985
9068.068068068067 0.05213709981013764
9078.078078078077 0.05193978300211207
9088.088088088087 0.051743389016647906
9098.098098098098 0.05154791424827133
9108.108108108108 0.051353350911318686
9118.118118118118 0.05115969520857286
9128.128128128128 0.05096694212445926
9138.138138138138 0.05077508667525391
9148.148148148148 0.050584123908856485
9158.15815815816 0.05039404890456476
9168.16816816817 0.05020485677285163
9178.17817817818 0.05001654265514294
9188.188188188189 0.04982910172359771
9198.198198198199 0.04964252918088972
9208.208208208209 0.0494568202599912
9218.218218218219 0.04927197022395775
9228.228228228229 0.049087974365715124
9238.238238238238 0.048904828007847914
9248.248248248248 0.048722526502389445
9258.258258258258 0.04854106523061362
9268.268268268268 0.04836043960282839
9278.278278278278 0.048180645058170525
9288.288288288288 0.048001677064402386
9298.298298298298 0.04782353111771003
9308.308308308307 0.04764620274250285
9318.31831831832 0.04746968749121499
9328.328328328329 0.04729398094410817
9338.338338338339 0.0471190787090759
9348.348348348349 0.04694497642144945
9358.358358358359 0.046771669743805214
9368.368368368368 0.04659915436577355
9378.378378378378 0.046427426003849186
9388.388388388388 0.04625648040120294
9398.398398398398 0.046086313327495035
9408.408408408408 0.045916920578689804
9418.418418418418 0.04574829797687173
9428.428428428428 0.045580441370063146
9438.43843843844 0.045413346632043064
9448.44844844845 0.045247009662167575
9458.458458458459 0.04508142638519163
9468.468468468469 0.04491659275109197
9478.478478478479 0.044752504734891785
9488.488488488489 0.04458915833648642
9498.498498498499 0.044426549580470424
9508.508508508508 0.044264674515966294
9518.518518518518 0.04410352921645398
9528.528528528528 0.04394310977960209
9538.538538538538 0.04378341232710033
9548.548548548548 0.04362443300449297
9558.558558558558 0.04346616798101405
9568.56856856857 0.043308613449423265
9578.57857857858 0.04315176562584374
9588.58858858859 0.04299562074960041
9598.598598598599 0.04284017508306016
9608.608608608609 0.042685424911472786
9618.618618618619 0.04253136654281344
9628.628628628629 0.04237799630762623
9638.638638638638 0.04222531055886876
9648.648648648648 0.04207330567175819
9658.658658658658 0.04192197804361826
9668.668668668668 0.04177132409372761
9678.678678678678 0.04162134026316908
9688.68868868869 0.04147202301468024
9698.6986986987 0.041323368832505175
9708.70870870871 0.04117537422224712
9718.71871871872 0.04102803571072245
9728.728728728729 0.04088134984581568
9738.738738738739 0.040735313196335526
9748.748748748749 0.04058992235187216
9758.758758758759 0.04044517392265539
9768.768768768768 0.0403010645394141
9778.778778778778 0.040157590853236516
9788.788788788788 0.04001474953543172
9798.798798798798 0.0398725372773922
9808.808808808808 0.03973095079045718
9818.81881881882 0.039589986805777355
9828.82882882883 0.03944964207418045
9838.83883883884 0.03930991336603759
9848.84884884885 0.03917079747113105
9858.85885885886 0.03903229119852282
9868.868868868869 0.03889439137642404
9878.878878878879 0.03875709485206564
9888.888888888889 0.03862039849156975
9898.898898898899 0.03848429917982217
9908.908908908908 0.03834879382034586
9918.918918918918 0.038213879335175144
9928.928928928928 0.03807955266473111
9938.93893893894 0.03794581076769778
9948.94894894895 0.03781265062089929
9958.95895895896 0.03768006921917786
9968.96896896897 0.03754806357527284
9978.97897897898 0.03741663071970053
9988.98898898899 0.037285767700634964
9998.998998998999 0.03715547158378944
10009.009009009009 0.037025739452299235
10019.019019019019 0.03689656840660481
10029.029029029029 0.03676795556433613
10039.039039039038 0.03663989806019779
10049.049049049048 0.03651239304585498
10059.059059059058 0.03638543768982017
10069.06906906907 0.03625902917734093
10079.07907907908 0.03613316471028832
10089.08908908909 0.03600784150704604
10099.0990990991 0.03588305680240083
10109.10910910911 0.03575880784743309
10119.11911911912 0.0356350919094088
10129.129129129129 0.035511906271671945
10139.139139139139 0.03538924823353789
10149.149149149149 0.035267115110187326
10159.159159159159 0.03514550423256137
10169.169169169169 0.035024412947257
10179.179179179178 0.03490383861642358
10189.18918918919 0.034783778617659925
10199.1991991992 0.03466423034391239
10209.20920920921 0.034545191203373356
10219.21921921922 0.034426658619380726
10229.22922922923 0.03430863003031806
10239.23923923924 0.034191102889515455
10249.24924924925 0.03407407466515111
10259.25925925926 0.033957542840153676
10269.269269269269 0.03384150491210527
10279.279279279279 0.0337259583931452
10289.289289289289 0.03361090080987441
10299.299299299299 0.03349632970326061
10309.309309309308 0.03338224262854409
10319.31931931932 0.0332686371551442
10329.32932932933 0.03315551086656666
10339.33933933934 0.03304286136031119
10349.34934934935 0.03293068624778022
10359.35935935936 0.03281898315418805
10369.36936936937 0.03270774971847059
10379.37937937938 0.03259698359319601
10389.38938938939 0.032486682444475765
10399.399399399399 0.032376843951876434
10409.409409409409 0.03226746580833216
10419.419419419419 0.032158545720057635
10429.429429429429 0.03205008140646188
10439.43943943944 0.03194207060006248
10449.44944944945 0.03183451104640055
10459.45945945946 0.031727400503956255
10469.46946946947 0.03162073674406493
10479.47947947948 0.03151451755083386
10489.48948948949 0.0314087407210596
10499.4994994995 0.031303404064145966
10509.50950950951 0.031198505402022476
10519.51951951952 0.031094042569063528
10529.52952952953 0.030990013412008084
10539.539539539539 0.030886415789879884
10549.549549549549 0.03078324757390837
10559.559559559559 0.03068050664745
10569.56956956957 0.030578190905910248
10579.57957957958 0.03047629825666616
10589.58958958959 0.030374826618989357
10599.5995995996 0.03027377392396973
10609.60960960961 0.030173138114439554
10619.61961961962 0.030072917144898216
10629.62962962963 0.029973108981437478
10639.63963963964 0.029873711601667154
10649.64964964965 0.02977472299464159
10659.65965965966 0.029676141160786335
10669.669669669669 0.029577964111825533
10679.679679679679 0.029480189870709817
10689.68968968969 0.029382816471544608
10699.6996996997 0.029285841959519113
10709.70970970971 0.029189264390835582
10719.71971971972 0.029093081832639214
10729.72972972973 0.028997292362948648
10739.73973973974 0.028901894070586704
10749.74974974975 0.02880688505511176
10759.75975975976 0.028712263426749672
10769.76976976977 0.02861802730632599
10779.77977977978 0.028524174825198877
10789.78978978979 0.028430704125192243
10799.799799799799 0.028337613358529645
10809.809809809809 0.028244900687768342
10819.81981981982 0.028152564285734063
10829.82982982983 0.02806060233545615
10839.83983983984 0.02796901303010304
10849.84984984985 0.027877794572918405
10859.85985985986 0.02778694517715757
10869.86986986987 0.027696463066024492
10879.87987987988 0.027606346472609063
10889.88988988989 0.027516593639825053
10899.8998998999 0.02742720282034817
10909.90990990991 0.02733817227655489
10919.91991991992 0.02724950028046148
10929.92992992993 0.02716118511366353
10939.93993993994 0.02707322506727595
10949.94994994995 0.026985618441873305
10959.95995995996 0.026898363547430585
10969.96996996997 0.026811458703264415
10979.97997997998 0.026724902237974683
10989.98998998999 0.026638692489386485
11000.0 0.026552827804492612
