#lamb flux
1000.0 1.279932551668233e+40
1010.01001001001 1.3091580480116441e+40
1020.0200200200201 1.3353992959953489e+40
1030.03003003003 1.3587627838565955e+40
1040.0400400400401 1.3793713439106528e+40
1050.05005005005 1.3973599875897435e+40
1060.06006006006 1.4128722324621489e+40
1070.07007007007 1.4260569136641936e+40
1080.08008008008 1.4370654588308248e+40
1090.0900900900901 1.4460495964709228e+40
1100.1001001001 1.4531594620156419e+40
1110.11011011011 1.4585420627551298e+40
1120.1201201201202 1.4623400619401194e+40
1130.13013013013 1.4646908429226008e+40
1140.1401401401401 1.4657258158972902e+40
1150.1501501501502 1.4655699322216426e+40
1160.16016016016 1.464341374150767e+40
1170.1701701701702 1.462151390905026e+40
1180.1801801801803 1.4591042551275998e+40
1190.1901901901902 1.4552973168677214e+40
1200.2002002002002 1.4508211351605298e+40
1210.2102102102103 1.445759670012796e+40
1220.2202202202202 1.440190520114204e+40
1230.2302302302303 1.4341851938620149e+40
1240.2402402402402 1.4278094033107305e+40
1250.2502502502502 1.4210363833865378e+40
1260.2602602602603 1.413665504626135e+40
1270.2702702702702 1.4052950555171556e+40
1280.2802802802803 1.396006423629208e+40
1290.2902902902902 1.3858774072399698e+40
1300.3003003003003 1.3749821370732553e+40
1310.3103103103103 1.363391039474433e+40
1320.3203203203202 1.3511708349247684e+40
1330.3303303303303 1.3383845663860172e+40
1340.3403403403404 1.325091652532172e+40
1350.3503503503503 1.311347961461033e+40
1360.3603603603603 1.2972059009801362e+40
1370.3703703703704 1.2827145220272527e+40
1380.3803803803803 1.2679196322142917e+40
1390.3903903903904 1.2528639168750352e+40
1400.4004004004005 1.2375870653524482e+40
1410.4104104104103 1.222125900581863e+40
1420.4204204204204 1.2065145103137612e+40
1430.4304304304305 1.190784378576269e+40
1440.4404404404404 1.1749645162050606e+40
1450.4504504504505 1.1590815894692118e+40
1460.4604604604606 1.1431600459981655e+40
1470.4704704704704 1.1272222373692783e+40
1480.4804804804805 1.1112885378498285e+40
1490.4904904904906 1.0953774589036627e+40
1500.5005005005005 1.0795057591729392e+40
1510.5105105105106 1.0636885497313832e+40
1520.5205205205207 1.0479393944788034e+40
1530.5305305305305 1.032270405608838e+40
1540.5405405405404 1.0166923341344946e+40
1550.5505505505505 1.0012146555002347e+40
1560.5605605605606 9.858456503463734e+39
1570.5705705705705 9.705924805225979e+39
1580.5805805805805 9.554612604732774e+39
1590.5905905905906 9.404571241391686e+39
1600.6006006006005 9.255842875387468e+39
1610.6106106106106 9.10846107208763e+39
1620.6206206206207 8.962451346984139e+39
1630.6306306306305 8.817831673256615e+39
1640.6406406406406 8.674612954183783e+39
1650.6506506506507 8.532799462781811e+39
1660.6606606606606 8.392389251216134e+39
1670.6706706706707 8.253374532729485e+39
1680.6806806806808 8.115742039060121e+39
1690.6906906906906 7.979473356603105e+39
1700.7007007007007 7.844570045322903e+39
1710.7107107107108 7.711101835959031e+39
1720.7207207207207 7.579021422156642e+39
1730.7307307307308 7.448266418061117e+39
1740.7407407407409 7.318773614326544e+39
1750.7507507507507 7.190479058797545e+39
1760.7607607607606 7.063318169697176e+39
1770.770770770771 6.937225889033515e+39
1780.7807807807808 6.812136885283187e+39
1790.7907907907907 6.68798581592038e+39
1800.8008008008007 6.564707662026898e+39
1810.8108108108108 6.442238149018744e+39
1820.8208208208207 6.320514269412218e+39
1830.8308308308308 6.199474925450448e+39
1840.8408408408409 6.079061711200363e+39
1850.8508508508507 5.959219855235747e+39
1860.8608608608608 5.839899345996919e+39
1870.870870870871 5.721056262027428e+39
1880.8808808808808 5.602654328092401e+39
1890.890890890891 5.484666715123852e+39
1900.900900900901 5.3670780963357665e+39
1910.9109109109108 5.249886962913021e+39
1920.920920920921 5.133108189539082e+39
1930.930930930931 5.016775821820288e+39
1940.940940940941 4.900946033651402e+39
1950.950950950951 4.7857001723228093e+39
1960.960960960961 4.6711477728470466e+39
1970.970970970971 4.557429381629625e+39
1980.980980980981 4.4447189855294056e+39
1990.9909909909911 4.333225799430047e+39
2001.001001001001 4.223195129337498e+39
2011.0110110110109 4.1149080061008067e+39
2021.0210210210212 4.0086792857169746e+39
2031.031031031031 3.904853944598197e+39
2041.0410410410411 3.803801369475196e+39
2051.051051051051 3.7059075555591716e+39
2061.061061061061 3.61156528119955e+39
2071.071071071071 3.5211625130510284e+39
2081.081081081081 3.4350694950830654e+39
2091.091091091091 3.353625163092949e+39
2101.101101101101 3.277123675514901e+39
2111.1111111111113 3.20580193434988e+39
2121.121121121121 3.139828967066372e+39
2131.131131131131 3.079297943370424e+39
2141.141141141141 3.0242214164909306e+39
2151.151151151151 2.9745301279309953e+39
2161.161161161161 2.930075428884201e+39
2171.1711711711714 2.8906350867352314e+39
2181.1811811811813 2.8559219953886136e+39
2191.191191191191 2.825595120244899e+39
2201.201201201201 2.799271898143641e+39
2211.2112112112113 2.7765412832205324e+39
2221.221221221221 2.7569766743435666e+39
2231.2312312312315 2.7401480635696074e+39
2241.2412412412414 2.7256328883306625e+39
2251.2512512512512 2.7130252321465828e+39
2261.261261261261 2.701943180669965e+39
2271.271271271271 2.692034286694058e+39
2281.2812812812813 2.6829792191317082e+39
2291.2912912912916 2.6744937616289324e+39
2301.3013013013015 2.666329385561556e+39
2311.3113113113113 2.658272652235894e+39
2321.321321321321 2.6501437049403014e+39
2331.331331331331 2.6417940988921882e+39
2341.3413413413414 2.6331041920163435e+39
2351.3513513513512 2.6239802872253872e+39
2361.3613613613616 2.6143516818450913e+39
2371.3713713713714 2.604167745325253e+39
2381.3813813813813 2.5933951146205748e+39
2391.391391391391 2.5820150689079765e+39
2401.4014014014015 2.570021122187115e+39
2411.4114114114113 2.5574168538190825e+39
2421.4214214214217 2.5442139828760593e+39
2431.4314314314315 2.5304306817856214e+39
2441.4414414414414 2.516090117555231e+39
2451.4514514514512 2.5012192042455793e+39
2461.4614614614616 2.485847547757339e+39
2471.4714714714714 2.4700065629050282e+39
2481.4814814814818 2.4537287427527754e+39
2491.4914914914916 2.4370470609389042e+39
2501.5015015015015 2.4199944889511564e+39
2511.5115115115113 2.402603611828401e+39
2521.521521521521 2.3849063274077473e+39
2531.5315315315315 2.3669336159015067e+39
2541.541541541542 2.3487153682041947e+39
2551.5515515515517 2.3302802628493093e+39
2561.5615615615616 2.311655682932409e+39
2571.5715715715714 2.2928676655781346e+39
2581.5815815815813 2.2739408776513007e+39
2591.5915915915916 2.2548986123998397e+39
2601.6016016016015 2.235762802577738e+39
2611.611611611612 2.2165540463395333e+39
2621.6216216216217 2.197291642835622e+39
2631.6316316316315 2.177993634981086e+39
2641.6416416416414 2.158676857331458e+39
2651.6516516516517 2.1393569873870646e+39
2661.6616616616616 2.1200485989734757e+39
2671.671671671672 2.1007652166176036e+39
2681.6816816816818 2.0815193700652073e+39
2691.6916916916916 2.06232264827273e+39
2701.7017017017015 2.0431857523606156e+39
2711.711711711712 2.0241185471417168e+39
2721.7217217217217 2.0051301109414918e+39
2731.731731731732 1.986228783510398e+39
2741.741741741742 1.9674222118963105e+39
2751.7517517517517 1.948717394198722e+39
2761.7617617617616 1.9301207211693818e+39
2771.7717717717715 1.9116380156575542e+39
2781.781781781782 1.8932745699242495e+39
2791.791791791792 1.875035180869645e+39
2801.801801801802 1.8569241832327787e+39
2811.811811811812 1.8389454808334005e+39
2821.8218218218217 1.821102575933368e+39
2831.8318318318316 1.803398596799806e+39
2841.841841841842 1.785836323555012e+39
2851.851851851852 1.7684182123992034e+39
2861.861861861862 1.7511464182919508e+39
2871.871871871872 1.7340228161769895e+39
2881.881881881882 1.7170490208331256e+39
2891.8918918918916 1.700226405431435e+39
2901.901901901902 1.6835561188760295e+39
2911.911911911912 1.6670391020025068e+39
2921.921921921922 1.6506761027047938e+39
2931.931931931932 1.6344676900576898e+39
2941.941941941942 1.6184142674988977e+39
2951.9519519519517 1.6025160851308994e+39
2961.961961961962 1.586773251199637e+39
2971.971971971972 1.571185742803629e+39
2981.9819819819822 1.5557534158839866e+39
2991.991991991992 1.540476014542687e+39
3002.002002002002 1.5253531797335438e+39
3012.012012012012 1.5103844573675013e+39
3022.0220220220217 1.4955693058712083e+39
3032.032032032032 1.485573268180465e+39
3042.0420420420423 1.4704540547606225e+39
3052.052052052052 1.455331359947038e+39
3062.062062062062 1.4402509842517018e+39
3072.072072072072 1.4252516805884413e+39
3082.0820820820823 1.4103659405818367e+39
3092.092092092092 1.3956207138432892e+39
3102.102102102102 1.3810380627566144e+39
3112.1121121121123 1.3666357560021044e+39
3122.122122122122 1.3524278044821607e+39
3132.132132132132 1.338424943550475e+39
3142.1421421421423 1.3246350655369728e+39
3152.152152152152 1.3110636065400331e+39
3162.162162162162 1.2977138913564686e+39
3172.1721721721724 1.2845874402621331e+39
3182.1821821821823 1.2716842411610115e+39
3192.192192192192 1.2590029904026116e+39
3202.202202202202 1.246541305337799e+39
3212.2122122122123 1.2342959114500448e+39
3222.222222222222 1.2222628066687074e+39
3232.232232232232 1.2104374052477499e+39
3242.2422422422424 1.1988146633802115e+39
3252.252252252252 1.187389188517715e+39
3262.262262262262 1.1761553341764838e+39
3272.2722722722724 1.1651072818371833e+39
3282.2822822822823 1.1542391113855006e+39
3292.292292292292 1.143544861393385e+39
3302.3023023023025 1.1330185804068702e+39
3312.3123123123123 1.122654370284603e+39
3322.322322322322 1.1124464225209977e+39
3332.3323323323325 1.1023890483883276e+39
3342.3423423423424 1.0924767036424637e+39
3352.352352352352 1.0827040084562967e+39
3362.3623623623625 1.073065763172608e+39
3372.3723723723724 1.0635569604033013e+39
3382.3823823823823 1.0541727939438659e+39
3392.3923923923926 1.044908664920137e+39
3402.4024024024025 1.0357601855379922e+39
3412.4124124124123 1.0267231807652686e+39
3422.4224224224226 1.0177936882382327e+39
3432.4324324324325 1.008967956651969e+39
3442.4424424424424 1.000242442864622e+39
3452.4524524524522 9.916138079192061e+38
3462.4624624624626 9.83078912163265e+38
3472.4724724724724 9.746348096257893e+38
3482.4824824824823 9.662787417921231e+38
3492.4924924924926 9.580081309009921e+38
3502.5025025025025 9.498205728728695e+38
3512.5125125125123 9.417138299656653e+38
3522.5225225225226 9.336858232418432e+38
3532.5325325325325 9.257346249204675e+38
3542.5425425425424 9.178584506782261e+38
3552.5525525525527 9.100556519549914e+38
3562.5625625625626 9.023247083119218e+38
3572.5725725725724 8.946642198833301e+38
3582.5825825825827 8.87072899957508e+38
3592.5925925925926 8.795495677162787e+38
3602.6026026026025 8.720931411582361e+38
3612.612612612613 8.647026302263151e+38
3622.6226226226227 8.573771301564975e+38
3632.6326326326325 8.501158150610404e+38
3642.642642642643 8.429179317565821e+38
3652.6526526526527 8.357827938447618e+38
3662.6626626626626 8.287097760506126e+38
3672.672672672673 8.216983088218791e+38
3682.6826826826828 8.147478731905413e+38
3692.6926926926926 8.078579958961966e+38
3702.7027027027025 8.010282447695253e+38
3712.712712712713 7.942582243728359e+38
3722.7227227227227 7.87547571893607e+38
3732.7327327327325 7.808959532860124e+38
3742.742742742743 7.743030596546746e+38
3752.7527527527527 7.67768603874191e+38
3762.7627627627626 7.612923174374711e+38
3772.772772772773 7.54873947525465e+38
3782.7827827827828 7.485132542905162e+38
3792.7927927927926 7.422100083453065e+38
3802.802802802803 7.359639884491744e+38
3812.812812812813 7.297749793834443e+38
3822.8228228228227 7.236427700073488e+38
3832.832832832833 7.175671514861056e+38
3842.842842842843 7.115479156827357e+38
3852.8528528528527 7.055848537052805e+38
3862.862862862863 6.99677754601184e+38
3872.872872872873 6.938264041907406e+38
3882.8828828828828 6.880305840316501e+38
3892.892892892893 6.822900705069608e+38
3902.902902902903 6.7660463402880776e+38
3912.912912912913 6.7097403835064285e+38
3922.922922922923 6.6539803998083934e+38
3932.932932932933 6.5987638769082706e+38
3942.942942942943 6.544088221111331e+38
3952.9529529529527 6.489950754089899e+38
3962.962962962963 6.4363487104141665e+38
3972.972972972973 6.383279235779336e+38
3982.982982982983 6.3307393858735446e+38
3992.992992992993 6.278726125833344e+38
4003.003003003003 6.227236330236449e+38
4013.013013013013 6.176266783583607e+38
4023.023023023023 6.1258141812243346e+38
4033.033033033033 6.075875130683527e+38
4043.043043043043 6.0264461533483615e+38
4053.053053053053 5.977523686477412e+38
4063.063063063063 5.929104085495932e+38
4073.073073073073 5.881183626543727e+38
4083.0830830830832 5.833758509243975e+38
4093.093093093093 5.786824859663535e+38
4103.103103103103 5.7403787334371705e+38
4113.113113113113 5.694416119030165e+38
4123.123123123123 5.648932941115358e+38
4133.133133133133 5.603925064042728e+38
4143.143143143143 5.5593882953810116e+38
4153.153153153153 5.515318389512576e+38
4163.163163163163 5.471711051264215e+38
4173.173173173173 5.4285619395580306e+38
4183.183183183183 5.38586667106785e+38
4193.193193193193 5.343620823867895e+38
4203.203203203203 5.301819941061722e+38
4213.213213213214 5.260459534380537e+38
4223.223223223224 5.2195350877409726e+38
4233.2332332332335 5.179042060753619e+38
4243.243243243243 5.1389758921743325e+38
4253.253253253253 5.099332003291418e+38
4263.263263263263 5.060105801242465e+38
4273.273273273273 5.021292682255437e+38
4283.283283283283 4.982888034809371e+38
4293.293293293293 4.944887242710685e+38
4303.303303303303 4.907285688081633e+38
4313.313313313313 4.8700787542581856e+38
4323.323323323323 4.8332618285949554e+38
4333.333333333334 4.796830305175452e+38
4343.343343343344 4.760779587426253e+38
4353.353353353354 4.72510509063418e+38
4363.3633633633635 4.689802244365913e+38
4373.373373373373 4.6548664947898374e+38
4383.383383383383 4.620293306900197e+38
4393.393393393393 4.586078166643954e+38
4403.403403403403 4.552216582950996e+38
4413.413413413413 4.5187040896685266e+38
4423.423423423424 4.48553624740077e+38
4433.4334334334335 4.4527086452552194e+38
4443.443443443443 4.420216902496847e+38
4453.453453453454 4.388056670111872e+38
4463.463463463464 4.356223632282816e+38
4473.473473473474 4.324713507776551e+38
4483.483483483484 4.293522051247389e+38
4493.493493493494 4.2626450544570775e+38
4503.503503503503 4.232078347413843e+38
4513.513513513513 4.20181779943255e+38
4523.523523523523 4.1718593201181075e+38
4533.533533533533 4.1421988602744196e+38
4543.543543543543 4.1128324127409415e+38
4553.553553553554 4.0837560131591966e+38
4563.563563563564 4.054965740671453e+38
4573.573573573573 4.026457718553769e+38
4583.583583583584 3.9982281147856994e+38
4593.593593593594 3.970273142558847e+38
4603.603603603604 3.9425890607264776e+38
4613.613613613614 3.9151721741964206e+38
4623.623623623624 3.888018834269346e+38
4633.6336336336335 3.8611254389246404e+38
4643.643643643643 3.8344884330559236e+38
4653.653653653653 3.808104308658297e+38
4663.663663663663 3.781969604969352e+38
4673.673673673674 3.756080908565939e+38
4683.683683683684 3.730434853418645e+38
4693.693693693694 3.7050281209058745e+38
4703.703703703704 3.679857439789423e+38
4713.713713713714 3.6549195861533505e+38
4723.723723723724 3.630211383307927e+38
4733.733733733734 3.605729701660377e+38
4743.743743743744 3.581471458554124e+38
4753.753753753754 3.557433618078143e+38
4763.763763763764 3.533613190848032e+38
4773.773773773773 3.5100072337602985e+38
4783.783783783783 3.486612849721444e+38
4793.793793793793 3.463427187353187e+38
4803.803803803804 3.4404474406752844e+38
4813.813813813814 3.41767084876732e+38
4823.823823823824 3.3950946954107144e+38
4833.833833833834 3.372716308712269e+38
4843.843843843844 3.3505330607104514e+38
4853.853853853854 3.3285423669655842e+38
4863.863863863864 3.306741686135092e+38
4873.873873873874 3.285128519534895e+38
4883.883883883884 3.2637004106879985e+38
4893.893893893894 3.2424549448612925e+38
4903.9039039039035 3.2213897485915308e+38
4913.913913913913 3.2005024892014433e+38
4923.923923923924 3.1797908743068472e+38
4933.933933933934 3.1592526513156645e+38
4943.943943943944 3.138885606919614e+38
4953.953953953955 3.1186875665794317e+38
4963.9639639639645 3.0986563940043424e+38
4973.973973973974 3.0787899906264975e+38
4983.983983983984 3.0590862950711226e+38
4993.993993993994 3.039543282622985e+38
5004.004004004004 3.0201589646898437e+38
5014.014014014014 3.0009313882635016e+38
5024.024024024024 2.9818586353789737e+38
5034.0340340340335 2.9629388225724245e+38
5044.044044044043 2.944170100338287e+38
5054.054054054054 2.9255506525861453e+38
5064.064064064064 2.90707869609782e+38
5074.074074074074 2.888752479985093e+38
5084.084084084085 2.870570285148537e+38
5094.0940940940945 2.8525304237378275e+38
5104.104104104104 2.8346312386139205e+38
5114.114114114114 2.816871102813473e+38
5124.124124124124 2.7992484190158393e+38
5134.134134134134 2.781761619012975e+38
5144.144144144144 2.7644091631825323e+38
5154.154154154154 2.7471895399644708e+38
5164.1641641641645 2.730101265341416e+38
5174.174174174174 2.7131428823230465e+38
5184.184184184184 2.6963129604347267e+38
5194.194194194194 2.67961009521062e+38
5204.204204204204 2.6630329076914988e+38
5214.214214214214 2.6465800439274136e+38
5224.224224224225 2.6302501744854274e+38
5234.2342342342345 2.61404199396258e+38
5244.244244244244 2.597954220504214e+38
5254.254254254254 2.5819855953278374e+38
5264.264264264264 2.5661348822526166e+38
5274.274274274274 2.5504008672346547e+38
5284.284284284285 2.53478235790813e+38
5294.294294294295 2.519278183132423e+38
5304.304304304304 2.5038871925452832e+38
5314.314314314314 2.488608256122163e+38
5324.324324324324 2.473440263741735e+38
5334.334334334334 2.458382124757703e+38
5344.344344344345 2.4434327675769138e+38
5354.354354354355 2.428591139243863e+38
5364.3643643643645 2.4138562050315784e+38
5374.374374374374 2.399226948038963e+38
5384.384384384384 2.3847023687945843e+38
5394.394394394394 2.3702814848669414e+38
5404.404404404404 2.3559633304812213e+38
5414.414414414415 2.3417469561425447e+38
5424.424424424425 2.327631428265704e+38
5434.4344344344345 2.313615828811378e+38
5444.444444444444 2.2996992549288247e+38
5454.454454454454 2.2858808186050333e+38
5464.464464464464 2.2721596463203012e+38
5474.474474474475 2.258534878710227e+38
5484.484484484485 2.2450056702340824e+38
5494.494494494495 2.2315711888495305e+38
5504.504504504504 2.2182306156936504e+38
5514.514514514514 2.2049831447702317e+38
5524.524524524524 2.191827982643302e+38
5534.534534534535 2.1787643481368215e+38
5544.544544544545 2.1657914720405118e+38
5554.554554554555 2.1529085968217556e+38
5564.5645645645645 2.1401149763435246e+38
5574.574574574574 2.1274098755882633e+38
5584.584584584584 2.1147925703876816e+38
5594.594594594595 2.1022623471583757e+38
5604.604604604605 2.0898185026432588e+38
5614.614614614615 2.077460343658657e+38
5624.624624624625 2.0651871868470927e+38
5634.6346346346345 2.0529983584356232e+38
5644.644644644644 2.0408931939996855e+38
5654.654654654654 2.0288710382323904e+38
5664.664664664665 2.0169312447191536e+38
5674.674674674675 2.0050731757176535e+38
5684.684684684685 1.9932962019429627e+38
5694.694694694695 1.98159970235785e+38
5704.704704704704 1.96998306396813e+38
5714.714714714714 1.9584456816230087e+38
5724.724724724725 1.9469869578203298e+38
5734.734734734735 1.9356063025166654e+38
5744.744744744745 1.9243031329421507e+38
5754.754754754755 1.913076873419996e+38
5764.764764764765 1.9019269551906094e+38
5774.774774774774 1.890852816240222e+38
5784.784784784785 1.879853901133968e+38
5794.794794794795 1.8689296608533163e+38
5804.804804804805 1.8580795526377972e+38
5814.814814814815 1.847303039830923e+38
5824.824824824825 1.8365995917302493e+38
5834.8348348348345 1.8259686834414715e+38
5844.844844844845 1.8154097957365126e+38
5854.854854854855 1.8049224149154832e+38
5864.864864864865 1.794506032672476e+38
5874.874874874875 1.7841601459651003e+38
5884.884884884885 1.7738842568876747e+38
5894.894894894895 1.763677872548014e+38
5904.9049049049045 1.753540504947737e+38
5914.914914914915 1.7434716708660063e+38
5924.924924924925 1.7334708917466464e+38
5934.934934934935 1.723537693588539e+38
5944.944944944945 1.713671606839269e+38
5954.954954954955 1.7038721662918902e+38
5964.964964964965 1.6941389109847934e+38
5974.974974974975 1.684471384104575e+38
5984.984984984985 1.6748691328918513e+38
5994.994994994995 1.6653317085499387e+38
6005.005005005005 1.6558586661563445e+38
6015.015015015015 1.6464495645769953e+38
6025.025025025025 1.6371039663831348e+38
6035.035035035035 1.6278214377708307e+38
6045.045045045045 1.6186015484830275e+38
6055.055055055055 1.6094438717340717e+38
6065.065065065065 1.6003479841366636e+38
6075.075075075075 1.5913134656311575e+38
6085.085085085085 1.5823398994171614e+38
6095.0950950950955 1.5734268718873762e+38
6105.105105105105 1.564573972563609e+38
6115.115115115115 1.5557807940349011e+38
6125.125125125125 1.54704693189773e+38
6135.135135135135 1.5383719846982158e+38
6145.145145145145 1.5297555538762722e+38
6155.155155155155 1.5211972437116712e+38
6165.1651651651655 1.5126966612719398e+38
6175.175175175175 1.5042534163620639e+38
6185.185185185185 1.4958671214759236e+38
6195.195195195195 1.4875373917494335e+38
6205.205205205205 1.4792638449153193e+38
6215.215215215215 1.4710461012594923e+38
6225.225225225226 1.4628837835789807e+38
6235.235235235235 1.4547765171413492e+38
6245.245245245245 1.4467239296455929e+38
6255.255255255255 1.4387256511844365e+38
6265.265265265265 1.4307813142080007e+38
6275.275275275275 1.422890553488804e+38
6285.285285285286 1.4150530060880438e+38
6295.295295295296 1.407268311323132e+38
6305.305305305305 1.3995361107364214e+38
6315.315315315315 1.3918560480651169e+38
6325.325325325325 1.3842277692123024e+38
6335.335335335335 1.3766509222190649e+38
6345.345345345346 1.36912515723767e+38
6355.355355355356 1.3616501265057659e+38
6365.3653653653655 1.354225484321562e+38
6375.375375375375 1.3468508870199663e+38
6385.385385385385 1.3395259929496373e+38
6395.395395395395 1.3322504624509268e+38
6405.405405405405 1.3250239578346752e+38
6415.415415415416 1.3178461433618286e+38
6425.425425425426 1.3107166852238595e+38
6435.4354354354355 1.3036352515239392e+38
6445.445445445445 1.296601512258863e+38
6455.455455455455 1.2896151393016724e+38
6465.465465465465 1.2826758063849699e+38
6475.475475475476 1.2757831890848867e+38
6485.485485485486 1.2689369648056818e+38
6495.495495495496 1.2621368127649474e+38
6505.505505505505 1.2553824139793986e+38
6515.515515515515 1.248673451251224e+38
6525.525525525525 1.2420096091549715e+38
6535.535535535536 1.2353905740249437e+38
6545.545545545546 1.228816033943104e+38
6555.555555555556 1.22228567872743e+38
6565.5655655655655 1.2157991999207424e+38
6575.575575575575 1.209356290779953e+38
6585.585585585585 1.2029566462657319e+38
6595.595595595596 1.196599963032569e+38
6605.605605605606 1.1902859394192142e+38
6615.615615615616 1.1840142754394775e+38
6625.625625625626 1.1777846727733694e+38
6635.6356356356355 1.1715968347585763e+38
6645.645645645645 1.165450466382241e+38
6655.655655655655 1.1593452742730398e+38
6665.665665665666 1.1532809666935475e+38
6675.675675675676 1.147257253532863e+38
6685.685685685686 1.1412738462994914e+38
6695.695695695696 1.1353304581144703e+38
6705.705705705705 1.129426803704716e+38
6715.715715715715 1.1235625993965927e+38
6725.725725725726 1.1177375631096823e+38
6735.735735735736 1.111951414350742e+38
6745.745745745746 1.1062038742078494e+38
6755.755755755756 1.1004946653447164e+38
6765.7657657657655 1.0948235119951563e+38
6775.775775775775 1.0891901399577086e+38
6785.785785785786 1.0835942765904e+38
6795.795795795796 1.0780356508056375e+38
6805.805805805806 1.072513993065222e+38
6815.815815815816 1.067029035375479e+38
6825.825825825826 1.0615805112824902e+38
6835.8358358358355 1.056168155867425e+38
6845.845845845846 1.0507917057419642e+38
6855.855855855856 1.0454508990438016e+38
6865.865865865866 1.040145475432227e+38
6875.875875875876 1.0348751760837695e+38
6885.885885885886 1.0296397436879157e+38
6895.895895895896 1.0244389224428757e+38
6905.9059059059055 1.0192724580514031e+38
6915.915915915916 1.0141400977166604e+38
6925.925925925926 1.0090415901381233e+38
6935.935935935936 1.0039766855075207e+38
6945.945945945946 9.989451355048058e+37
6955.955955955956 9.939466932941509e+37
6965.965965965966 9.88981113519965e+37
6975.975975975976 9.84048152302927e+37
6985.985985985986 9.79147567236035e+37
6995.995995995996 9.7427911738066e+37
7006.006006006006 9.694425632626092e+37
7016.016016016016 9.646376668681903e+37
7026.026026026026 9.59864191640274e+37
7036.036036036036 9.551219024743575e+37
7046.046046046046 9.504105657146154e+37
7056.056056056056 9.457299491499447e+37
7066.066066066066 9.410798220099948e+37
7076.076076076076 9.364599549611896e+37
7086.086086086086 9.31870120102726e+37
7096.0960960960965 9.273100909625617e+37
7106.106106106106 9.227796424933717e+37
7116.116116116116 9.182785510684961e+37
7126.126126126126 9.138065944778545e+37
7136.136136136136 9.093635519238377e+37
7146.146146146146 9.049492040171753e+37
7156.156156156156 9.0056333277277e+37
7166.1661661661665 8.962057216055088e+37
7176.176176176176 8.918761553260394e+37
7186.186186186186 8.87574420136518e+37
7196.196196196196 8.833003036263234e+37
7206.206206206206 8.79053594767738e+37
7216.216216216216 8.748340839115992e+37
7226.226226226227 8.706415627829087e+37
7236.236236236236 8.66475824476417e+37
7246.246246246246 8.623366634521628e+37
7256.256256256256 8.582238755309849e+37
7266.266266266266 8.541372578899938e+37
7276.276276276276 8.500766090580088e+37
7286.286286286287 8.460417289109586e+37
7296.2962962962965 8.420324186672442e+37
7306.306306306306 8.380484808830693e+37
7316.316316316316 8.340897194477309e+37
7326.326326326326 8.301559395788725e+37
7336.336336336336 8.26246947817707e+37
7346.346346346347 8.22362552024197e+37
7356.356356356357 8.18502561372206e+37
7366.3663663663665 8.146667863446041e+37
7376.376376376376 8.108550387283526e+37
7386.386386386386 8.070671316095411e+37
7396.396396396396 8.033028793683984e+37
7406.406406406406 7.995620976742639e+37
7416.416416416417 7.95844603480529e+37
7426.426426426427 7.9215021501954645e+37
7436.436436436436 7.884787517975028e+37
7446.446446446446 7.848300345892608e+37
7456.456456456456 7.812038854331747e+37
7466.466466466466 7.776001276258675e+37
7476.476476476477 7.74018585716983e+37
7486.486486486487 7.704590855039084e+37
7496.496496496497 7.669214540264648e+37
7506.506506506506 7.634055195615708e+37
7516.516516516516 7.59911111617883e+37
7526.526526526526 7.564380609304003e+37
7536.536536536537 7.529861994550537e+37
7546.546546546547 7.49555360363262e+37
7556.556556556557 7.461453780364658e+37
7566.5665665665665 7.427560880606393e+37
7576.576576576576 7.393873272207755e+37
7586.586586586586 7.360389334953541e+37
7596.596596596597 7.327107460507807e+37
7606.606606606607 7.294026052358174e+37
7616.616616616617 7.261143525759776e+37
7626.626626626627 7.2284583076791385e+37
7636.6366366366365 7.195968836737851e+37
7646.646646646646 7.163673563156006e+37
7656.656656656657 7.131570948695555e+37
7666.666666666667 7.099659466603439e+37
7676.676676676677 7.067937601554605e+37
7686.686686686687 7.036403849594866e+37
7696.696696696697 7.005056718083621e+37
7706.706706706706 6.973894725636462e+37
7716.716716716716 6.942916402067667e+37
7726.726726726727 6.912120288332546e+37
7736.736736736737 6.881504936469724e+37
7746.746746746747 6.851068909543299e+37
7756.756756756757 6.820810781584955e+37
7766.7667667667665 6.790729137535921e+37
7776.776776776776 6.760822573188948e+37
7786.786786786787 6.731089695130144e+37
7796.796796796797 6.70152912068079e+37
7806.806806806807 6.672139477839117e+37
7816.816816816817 6.642919405221992e+37
7826.826826826827 6.613867552006635e+37
7836.8368368368365 6.58498257787225e+37
7846.846846846847 6.55626315294165e+37
7856.856856856857 6.527707957722925e+37
7866.866866866867 6.499315683050981e+37
7876.876876876877 6.471085030029219e+37
7886.886886886887 6.443014709971115e+37
7896.896896896897 6.415103444341879e+37
7906.906906906907 6.387349964700078e+37
7916.916916916917 6.3597530126393535e+37
7926.926926926927 6.33231133973011e+37
7936.936936936937 6.305023707461253e+37
7946.946946946947 6.277888887182028e+37
7956.956956956957 6.250905660043833e+37
7966.9669669669665 6.224072816942141e+37
7976.976976976977 6.1973891584584705e+37
7986.986986986987 6.170853494802419e+37
7996.996996996997 6.144464645753776e+37
8007.007007007007 6.11822144060472e+37
8017.017017017017 6.092122718102089e+37
8027.027027027027 6.066167326389769e+37
8037.037037037037 6.040354122951131e+37
8047.047047047047 6.014681974551643e+37
8057.057057057057 5.9891497571815e+37
8067.067067067067 5.963756355998426e+37
8077.077077077077 5.938500665270586e+37
8087.087087087087 5.913381588319591e+37
8097.0970970970975 5.888398037463646e+37
8107.107107107107 5.863548933960853e+37
8117.117117117117 5.838833207952585e+37
8127.127127127127 5.81424979840706e+37
8137.137137137137 5.789797653063023e+37
8147.147147147147 5.765475728373587e+37
8157.157157157158 5.741282989450224e+37
8167.1671671671675 5.717218410006904e+37
8177.177177177177 5.693280972304395e+37
8187.187187187187 5.669469667094734e+37
8197.197197197198 5.64578349356585e+37
8207.207207207208 5.622221459286354e+37
8217.217217217218 5.598782580150525e+37
8227.227227227228 5.57546588032343e+37
8237.237237237237 5.552270392186277e+37
8247.247247247247 5.529195156281882e+37
8257.257257257257 5.506239221260392e+37
8267.267267267267 5.483401643825136e+37
8277.277277277277 5.460681488678707e+37
8287.287287287287 5.438077828469208e+37
8297.297297297297 5.415589743736708e+37
8307.307307307306 5.393216322859897e+37
8317.317317317316 5.370956662002931e+37
8327.327327327326 5.348809865062493e+37
8337.337337337336 5.326775043615051e+37
8347.347347347348 5.304851316864305e+37
8357.357357357358 5.283037811588896e+37
8367.367367367367 5.261333662090253e+37
8377.377377377377 5.239738010140719e+37
8387.387387387387 5.218250004931844e+37
8397.397397397397 5.19686880302293e+37
8407.407407407409 5.175593568289763e+37
8417.417417417419 5.154423471873595e+37
8427.427427427428 5.1333576921303145e+37
8437.437437437438 5.112395414579869e+37
8447.447447447448 5.091535831855885e+37
8457.457457457458 5.070778143655554e+37
8467.467467467468 5.050121556689694e+37
8477.477477477478 5.029565284633065e+37
8487.487487487488 5.009108548074925e+37
8497.497497497498 4.988750574469792e+37
8507.507507507507 4.968490598088446e+37
8517.517517517517 4.948327859969166e+37
8527.527527527527 4.928261607869211e+37
8537.537537537537 4.9082910962164865e+37
8547.547547547547 4.88841558606152e+37
8557.557557557557 4.868634345029598e+37
8567.567567567567 4.848946647273189e+37
8577.577577577576 4.829351773424572e+37
8587.587587587586 4.809849010548732e+37
8597.597597597598 4.790437652096445e+37
8607.607607607608 4.771116997857663e+37
8617.617617617618 4.751886353915074e+37
8627.627627627628 4.732745032597942e+37
8637.637637637637 4.713692352436178e+37
8647.647647647647 4.694727638114622e+37
8657.657657657659 4.675850220427603e+37
8667.667667667669 4.657059436233729e+37
8677.677677677679 4.638354628410869e+37
8687.687687687689 4.619735145811447e+37
8697.697697697698 4.601200343217918e+37
8707.707707707708 4.582749581298514e+37
8717.717717717718 4.564382226563216e+37
8727.727727727728 4.546097651319954e+37
8737.737737737738 4.527895233631079e+37
8747.747747747748 4.509774357270037e+37
8757.757757757758 4.491734411678292e+37
8767.767767767768 4.4737747919225e+37
8777.777777777777 4.4558948986519095e+37
8787.787787787787 4.438094138055994e+37
8797.797797797797 4.420371921822325e+37
8807.807807807807 4.402727667094698e+37
8817.817817817817 4.38516079643145e+37
8827.827827827827 4.367670737764071e+37
8837.837837837837 4.350256924356004e+37
8847.847847847848 4.332918794761695e+37
8857.857857857858 4.315655792785894e+37
8867.867867867868 4.298467367443144e+37
8877.877877877878 4.281352972917553e+37
8887.887887887888 4.264312068522771e+37
8897.897897897898 4.2473441186621967e+37
8907.90790790791 4.230448592789424e+37
8917.91791791792 4.213624965368919e+37
8927.927927927929 4.196872715836919e+37
8937.937937937939 4.180191328562564e+37
8947.947947947949 4.1635802928092526e+37
8957.957957957959 4.147039102696235e+37
8967.967967967968 4.130567257160422e+37
8977.977977977978 4.1141642599184145e+37
8987.987987987988 4.0978296194287755e+37
8997.997997997998 4.0815628488545157e+37
9008.008008008008 4.065363466025792e+37
9018.018018018018 4.049230993402852e+37
9028.028028028028 4.033164958039173e+37
9038.038038038037 4.0171648915448442e+37
9048.048048048047 4.001230330050156e+37
9058.058058058057 3.9853608141694075e+37
9068.068068068067 3.9695558889649323e+37
9078.078078078077 3.953815103911352e+37
9088.088088088087 3.9381380128600303e+37
9098.098098098098 3.922899870638074e+37
9108.108108108108 3.907425657738418e+37
9118.118118118118 3.8920267166479127e+37
9128.128128128128 3.8767026143783935e+37
9138.138138138138 3.8614529208005384e+37
9148.148148148148 3.8462772086226884e+37
9158.15815815816 3.831175053369835e+37
9168.16816816817 3.816146033362821e+37
9178.17817817818 3.8011897296976583e+37
9188.188188188189 3.786305726225037e+37
9198.198198198199 3.771493609530001e+37
9208.208208208209 3.7567529689118013e+37
9218.218218218219 3.74208339636389e+37
9228.228228228229 3.7274844865540786e+37
9238.238238238238 3.71295583680488e+37
9248.248248248248 3.6984970470739828e+37
9258.258258258258 3.6841077199349033e+37
9268.268268268268 3.669787460557779e+37
9278.278278278278 3.6555358766903285e+37
9288.288288288288 3.641352578638961e+37
9298.298298298298 3.6272371792500383e+37
9308.308308308307 3.61318929389128e+37
9318.31831831832 3.5992085404333393e+37
9328.328328328329 3.5852945392315163e+37
9338.338338338339 3.571446913107601e+37
9348.348348348349 3.5576652873318833e+37
9358.358358358359 3.5439492896053146e+37
9368.368368368368 3.5302985500417866e+37
9378.378378378378 3.5167127011505737e+37
9388.388388388388 3.503191377818909e+37
9398.398398398398 3.489734217294694e+37
9408.408408408408 3.4763408591693623e+37
9418.418418418418 3.4630109453608575e+37
9428.428428428428 3.4497441200967784e+37
9438.43843843844 3.4365400298976284e+37
9448.44844844845 3.423398323560215e+37
9458.458458458459 3.4103186521411815e+37
9468.468468468469 3.3973006689406617e+37
9478.478478478479 3.384344029486081e+37
9488.488488488489 3.3714483915160636e+37
9498.498498498499 3.358613414964483e+37
9508.508508508508 3.3458387619446497e+37
9518.518518518518 3.333124096733597e+37
9528.528528528528 3.3204690857565105e+37
9538.538538538538 3.3078733975712828e+37
9548.548548548548 3.2953367028531767e+37
9558.558558558558 3.282858674379625e+37
9568.56856856857 3.270438987015143e+37
9578.57857857858 3.2580773176963614e+37
9588.58858858859 3.2457733454171765e+37
9598.598598598599 3.233526751214025e+37
9608.608608608609 3.2213372181512595e+37
9618.618618618619 3.2092044313066625e+37
9628.628628628629 3.197128077757052e+37
9638.638638638638 3.185107846564017e+37
9648.648648648648 3.1731434287597507e+37
9658.658658658658 3.1612345173330144e+37
9668.668668668668 3.1493808072151977e+37
9678.678678678678 3.137581995266486e+37
9688.68868868869 3.125837780262148e+37
9698.6986986987 3.1141478628789257e+37
9708.70870870871 3.102511945681531e+37
9718.71871871872 3.09092973310924e+37
9728.728728728729 3.0794009314626163e+37
9738.738738738739 3.0679252488903065e+37
9748.748748748749 3.0565023953759692e+37
9758.758758758759 3.04513208272528e+37
9768.768768768768 3.0338140245530596e+37
9778.778778778778 3.02254793627049e+37
9788.788788788788 3.0113335350724284e+37
9798.798798798798 3.000170539924841e+37
9808.808808808808 2.9890586715522967e+37
9818.81881881882 2.9779976524255973e+37
9828.82882882883 2.96698720674949e+37
9838.83883883884 2.956027060450457e+37
9848.84884884885 2.9451169411646276e+37
9858.85885885886 2.9342565782257667e+37
9868.868868868869 2.923445702653372e+37
9878.878878878879 2.9126840471408433e+37
9888.888888888889 2.901971346043759e+37
9898.898898898899 2.8913073353682375e+37
9908.908908908908 2.880691752759392e+37
9918.918918918918 2.870124337489869e+37
9928.928928928928 2.859604830448483e+37
9938.93893893894 2.849132974128929e+37
9948.94894894895 2.8387085126185977e+37
9958.95895895896 2.828331191587457e+37
9968.96896896897 2.818000758277034e+37
9978.97897897898 2.807716961489479e+37
9988.98898898899 2.797479551576712e+37
9998.998998998999 2.787288280429647e+37
10009.009009009009 2.7771429014675142e+37
10019.019019019019 2.767043169627249e+37
10029.029029029029 2.75698884135297e+37
10039.039039039038 2.746979674585538e+37
10049.049049049048 2.7370154287521896e+37
10059.059059059058 2.727095864756257e+37
10069.06906906907 2.7172207449669622e+37
10079.07907907908 2.7073898332092958e+37
10089.08908908909 2.697602894753956e+37
10099.0990990991 2.6878596963073905e+37
10109.10910910911 2.6781600060018905e+37
10119.11911911912 2.6685035933857735e+37
10129.129129129129 2.658890229413638e+37
10139.139139139139 2.6493196864366957e+37
10149.149149149149 2.639791738193161e+37
10159.159159159159 2.6303061597987445e+37
10169.169169169169 2.6208627277371865e+37
10179.179179179178 2.6114612198508847e+37
10189.18918918919 2.6021014153315757e+37
10199.1991991992 2.5927830947111123e+37
10209.20920920921 2.5835060398522764e+37
10219.21921921922 2.574270033939695e+37
10229.22922922923 2.5650748614707982e+37
10239.23923923924 2.5559203082468685e+37
10249.24924924925 2.5468061613641387e+37
10259.25925925926 2.5377322092049667e+37
10269.269269269269 2.5286982414290796e+37
10279.279279279279 2.5197040489648736e+37
10289.289289289289 2.5107494240007903e+37
10299.299299299299 2.5018341599767494e+37
10309.309309309308 2.492958051575652e+37
10319.31931931932 2.4841208947149453e+37
10329.32932932933 2.4753224865382563e+37
10339.33933933934 2.4665626254070666e+37
10349.34934934935 2.4578411108924864e+37
10359.35935935936 2.4491577437670575e+37
10369.36936936937 2.4405123259966313e+37
10379.37937937938 2.4319046607323134e+37
10389.38938938939 2.4233345523024544e+37
10399.399399399399 2.4148018062047127e+37
10409.409409409409 2.406306229098169e+37
10419.419419419419 2.397847628795504e+37
10429.429429429429 2.389425814255233e+37
10439.43943943944 2.381040595574e+37
10449.44944944945 2.3726917839789258e+37
10459.45945945946 2.364379191820015e+37
10469.46946946947 2.356102632562625e+37
10479.47947947948 2.347861920779978e+37
10489.48948948949 2.3396568721457378e+37
10499.4994994995 2.3314873034266517e+37
10509.50950950951 2.3233530324752193e+37
10519.51951951952 2.3152538782224443e+37
10529.52952952953 2.3071896606706224e+37
10539.539539539539 2.299160200886189e+37
10549.549549549549 2.2911653209926224e+37
10559.559559559559 2.2832048441633917e+37
10569.56956956957 2.275278594614962e+37
10579.57957957958 2.2673863975998573e+37
10589.58958958959 2.2595280793997573e+37
10599.5995995996 2.2517034673186636e+37
10609.60960960961 2.2439123896761077e+37
10619.61961961962 2.2361546758004056e+37
10629.62962962963 2.228430156021973e+37
10639.63963963964 2.220738661666674e+37
10649.64964964965 2.213080025049241e+37
10659.65965965966 2.205454079466717e+37
10669.669669669669 2.1978606591919633e+37
10679.679679679679 2.190299599467214e+37
10689.68968968969 2.18277073649767e+37
10699.6996996997 2.175273907445147e+37
10709.70970970971 2.167808950421763e+37
10719.71971971972 2.1603757044836785e+37
10729.72972972973 2.152974009624884e+37
10739.73973973974 2.145603706771022e+37
10749.74974974975 2.138264637773265e+37
10759.75975975976 2.130956645402235e+37
10769.76976976977 2.1236795733419642e+37
10779.77977977978 2.116433266183906e+37
10789.78978978979 2.1092175694209784e+37
10799.799799799799 2.102032329441669e+37
10809.809809809809 2.094877393524163e+37
10819.81981981982 2.0877526098305265e+37
10829.82982982983 2.0806578274009287e+37
10839.83983983984 2.073592896147906e+37
10849.84984984985 2.0665576668506656e+37
10859.85985985986 2.0595519911494343e+37
10869.86986986987 2.052575721539845e+37
10879.87987987988 2.0456287113673654e+37
10889.88988988989 2.038710814821769e+37
10899.8998998999 2.0318218869316383e+37
10909.90990990991 2.0249617835589207e+37
10919.91991991992 2.0181303613935078e+37
10929.92992992993 2.0113274779478694e+37
10939.93993993994 2.0045529915517148e+37
10949.94994994995 1.9978067613466984e+37
10959.95995995996 1.991088647281161e+37
10969.96996996997 1.9843985101049095e+37
10979.97997997998 1.9777362113640342e+37
10989.98998998999 1.9711016133957644e+37
11000.0 1.964494579323359e+37
