#lamb flux
1000.0 0.5493515994973034
1010.01001001001 0.559446589508021
1020.0200200200201 0.5681406314896493
1030.03003003003 0.5755029490961668
1040.0400400400401 0.5816087294043154
1050.05005005005 0.5865370586907204
1060.06006006006 0.5903691500456063
1070.07007007007 0.5931868490829881
1080.08008008008 0.5950713981266166
1090.0900900900901 0.5961024356805705
1100.1001001001 0.5963572062337674
1110.11011011011 0.5959099550598139
1120.1201201201202 0.5948314832843224
1130.13013013013 0.5931888397937001
1140.1401401401401 0.5910451283057393
1150.1501501501502 0.5884594099210328
1160.16016016016 0.5854866835796146
1170.1701701701702 0.5821779289528412
1180.1801801801803 0.5785801983315505
1190.1901901901902 0.5747367459782987
1200.2002002002002 0.5706871851639977
1210.2102102102103 0.5664676646921109
1220.2202202202202 0.5621110581222672
1230.2302302302303 0.5576471601427753
1240.2402402402402 0.5531028856164536
1250.2502502502502 0.5484658915042778
1260.2602602602603 0.543651199171123
1270.2702702702702 0.5384911229924351
1280.2802802802803 0.5330213186382693
1290.2902902902902 0.5272754437707828
1300.3003003003003 0.5212851698608367
1310.3103103103103 0.5150802101028343
1320.3203203203202 0.5086883605067526
1330.3303303303303 0.5021355515844114
1340.3403403403404 0.4954459083622928
1350.3503503503503 0.48864181674427815
1360.3603603603603 0.481743994513889
1370.3703703703704 0.47477156550713867
1380.3803803803803 0.46774213570461753
1390.3903903903904 0.46067187018599
1400.4004004004005 0.45357557006295773
1410.4104104104103 0.446466748659462
1420.4204204204204 0.4393577063419707
1430.4304304304305 0.4322596035197175
1440.4404404404404 0.42518253143634
1450.4504504504505 0.4181355804619433
1460.4604604604606 0.41112690566974625
1470.4704704704704 0.40416378954541987
1480.4804804804805 0.3972527017313672
1490.4904904904906 0.39039935575361356
1500.5005005005005 0.38360876271682487
1510.5105105105106 0.3768852819841905
1520.5205205205207 0.37023266888440354
1530.5305305305305 0.3636541195085327
1540.5405405405404 0.3571523126759641
1550.5505505505505 0.3507294491614014
1560.5605605605606 0.3443872882847587
1570.5705705705705 0.338127181973193
1580.5805805805805 0.33195010640993605
1590.5905905905906 0.3258566913884558
1600.6006006006005 0.31984724749318993
1610.6106106106106 0.3139217912299806
1620.6206206206207 0.30808006823075457
1630.6306306306305 0.302321574658258
1640.6406406406406 0.2966455769380323
1650.6506506506507 0.2910511299466862
1660.6606606606606 0.2855370937880747
1670.6706706706707 0.28010214929267496
1680.6806806806808 0.27474481238046844
1690.6906906906906 0.26946344743442147
1700.7007007007007 0.26425718997483744
1710.7107107107108 0.25912770071725116
1720.7207207207207 0.254072370305101
1730.7307307307308 0.24908808466092894
1740.7407407407409 0.2441717481946112
1750.7507507507507 0.2393202855705695
1760.7607607607606 0.23453064470217413
1770.770770770771 0.22979980123288302
1780.7807807807808 0.2251247648074931
1790.7907907907907 0.22050258748555465
1800.8008008008007 0.2159303747020128
1810.8108108108108 0.2114052992364774
1820.8208208208207 0.20692461871031548
1830.8308308308308 0.20248569718712783
1840.8408408408409 0.19808603150267817
1850.8508508508507 0.19372328298876662
1860.8608608608608 0.18939531527317588
1870.870870870871 0.18510023882314963
1880.8808808808808 0.18083646283795465
1890.890890890891 0.17660275496835753
1900.900900900901 0.17239830912511714
1910.9109109109108 0.16822282130955907
1920.920920920921 0.16407657293023192
1930.930930930931 0.15996052043498438
1940.940940940941 0.15587638926784622
1950.950950950951 0.1518267691474004
1960.960960960961 0.14781520647142504
1970.970970970971 0.14384628832630203
1980.980980980981 0.13992571120605407
1990.9909909909911 0.13606032626323142
2001.001001001001 0.1322581519158579
2011.0110110110109 0.12852834416443523
2021.0210210210212 0.12488111530326433
2031.031031031031 0.12132759310529984
2041.0410410410411 0.11787961521959793
2051.051051051051 0.11454945751359881
2061.061061061061 0.11134950028903423
2071.071071071071 0.10829184232584135
2081.081081081081 0.10538787894085154
2091.091091091091 0.10264786587367598
2101.101101101101 0.10008049494605116
2111.1111111111113 0.09769250929274638
2121.121121121121 0.09548838501245763
2131.131131131131 0.09347010222388509
2141.141141141141 0.09163702208545016
2151.151151151151 0.08998587810986282
2161.161161161161 0.08851088111110304
2171.1711711711714 0.08720392847082675
2181.1811811811813 0.08605490109224855
2191.191191191191 0.08505202613956535
2201.201201201201 0.08418228080908081
2211.2112112112113 0.08343181196282225
2221.221221221221 0.08278634820031915
2231.2312312312315 0.08223158436750044
2241.2412412412414 0.08175352301528398
2251.2512512512512 0.08133876232207253
2261.261261261261 0.08097472494170797
2271.271271271271 0.08064982670027462
2281.2812812812813 0.08035358774808925
2291.2912912912916 0.08007669152547187
2301.3013013013015 0.07981099869741774
2311.3113113113113 0.07954952412731661
2321.321321321321 0.07928638513363313
2331.331331331331 0.07901672887925092
2341.3413413413414 0.07873664595944434
2351.3513513513512 0.07844307624431737
2361.3613613613616 0.0781337119306088
2371.3713713713714 0.07780690166883064
2381.3813813813813 0.07746155862522107
2391.391391391391 0.07709707445586253
2401.4014014014015 0.07671324043154286
2411.4114114114113 0.0763101763586996
2421.4214214214217 0.07588826748501229
2431.4314314314315 0.07544810924225936
2441.4414414414414 0.07499045944529184
2451.4514514514512 0.07451619741528348
2461.4614614614616 0.07402628940980445
2471.4714714714714 0.07352175970580274
2481.4814814814818 0.07300366668075507
2491.4914914914916 0.07247308326106439
2501.5015015015015 0.0719310811465369
2511.5115115115113 0.07137871826883374
2521.521521521521 0.070817028995245
2531.5315315315315 0.07024701664347179
2541.541541541542 0.06966964792593
2551.5515515515517 0.06908584899186547
2561.5615615615616 0.06849650278139265
2571.5715715715714 0.06790244744699626
2581.5815815815813 0.06730447563494976
2591.5915915915916 0.06670333445161619
2601.6016016016015 0.06609972596794121
2611.611611611612 0.06549430813995907
2621.6216216216217 0.0648876960441659
2631.6316316316315 0.06428046334455252
2641.6416416416414 0.06367314392329693
2651.6516516516517 0.06306623361993885
2661.6616616616616 0.062460192034620145
2671.671671671672 0.06185544435995997
2681.6816816816818 0.06125238321360383
2691.6916916916916 0.060651370449665606
2701.7017017017015 0.06005273893237182
2711.711711711712 0.05945679425938855
2721.7217217217217 0.05886381642571158
2731.731731731732 0.058274061421754494
2741.741741741742 0.057687762761490305
2751.7517517517517 0.05710513293827207
2761.7617617617616 0.0565263648073649
2771.7717717717715 0.055951632895318994
2781.781781781782 0.055381094637166166
2791.791791791792 0.05481489154306842
2801.801801801802 0.05425315029652592
2811.811811811812 0.05369598378659986
2821.8218218218217 0.05314349207684117
2831.8318318318316 0.052595763313767085
2841.841841841842 0.05205287457780899
2851.851851851852 0.05151489267968159
2861.861861861862 0.05098187490510872
2871.871871871872 0.050453869710792465
2881.881881881882 0.04993091737444105
2891.8918918918916 0.04941305060158007
2901.901901901902 0.04890029509176823
2911.911911911912 0.04839267006672841
2921.921921921922 0.04789018876278657
2931.931931931932 0.04739285888989339
2941.941941941942 0.046900683059381845
2951.9519519519517 0.046413659182496805
2961.961961961962 0.04593178084161591
2971.971971971972 0.04545503763596685
2981.9819819819822 0.04498341550353898
2991.991991991992 0.04451689702078038
3002.002002002002 0.04405546168157266
3012.012012012012 0.04359908615688021
3022.0220220220217 0.04314774453637959
3032.032032032032 0.04284800533564025
3042.0420420420423 0.04238743192304222
3052.052052052052 0.041926959346888344
3062.062062062062 0.04146802431761923
3072.072072072072 0.04101183938216153
3082.0820820820823 0.04055941816381151
3092.092092092092 0.04011159844638114
3102.102102102102 0.03966906317868488
3112.1121121121123 0.039232359500087785
3122.122122122122 0.038801915903636505
3132.132132132132 0.038378057662249325
3142.1421421421423 0.03796102064718365
3152.152152152152 0.03755096366784623
3162.162162162162 0.037147979459036876
3172.1721721721724 0.03675210443674772
3182.1821821821823 0.03636332733734904
3192.192192192192 0.035981596847883164
3202.202202202202 0.0356068283276513
3212.2122122122123 0.035238909713605514
3222.222222222222 0.03487770669446296
3232.232232232232 0.03452306723109499
3242.2422422422424 0.03417482549371348
3252.252252252252 0.033832805279746136
3262.262262262262 0.03349682297010397
3272.2722722722724 0.033166690075810926
3282.2822822822823 0.03284221542169191
3292.292292292292 0.03252320700899138
3302.3023023023025 0.032209473594401315
3312.3123123123123 0.03190082601899417
3322.322322322322 0.03159707831695634
3332.3323323323325 0.03129804863077218
3342.3423423423424 0.031003559956593936
3352.352352352352 0.030713440740914057
3362.3623623623625 0.03042752534731678
3372.3723723723724 0.030145654409988867
3382.3823823823823 0.029867675088798888
3392.3923923923926 0.029593441239087876
3402.4024024024025 0.02932281350782329
3412.4124124124123 0.02905565936644578
3422.4224224224226 0.028791853089556247
3432.4324324324325 0.02853127568754126
3442.4424424424424 0.028273814800299123
3452.4524524524522 0.028019364558396775
3462.4624624624626 0.027767825417247108
3472.4724724724724 0.02751910396923692
3482.4824824824823 0.027273112738147563
3492.4924924924926 0.027029769959689136
3502.5025025025025 0.02678899935150113
3512.5125125125123 0.026550729875558888
3522.5225225225226 0.026314895495554137
3532.5325325325325 0.02608143493148781
3542.5425425425424 0.02585029141341956
3552.5525525525527 0.025621412436054883
3562.5625625625626 0.02539474951561717
3572.5725725725724 0.025170257950242123
3582.5825825825827 0.024947896584946443
3592.5925925925926 0.024727627582055225
3602.6026026026025 0.02450941619782518
3612.612612612613 0.02429323056586812
3622.6226226226227 0.024079041487861778
3632.6326326326325 0.023866822231930516
3642.642642642643 0.023656548338985988
3652.6526526526527 0.02344819743723515
3662.6626626626626 0.023241749064990717
3672.672672672673 0.023037184501855396
3682.6826826826828 0.022834486608294426
3692.6926926926926 0.02263363967356226
3702.7027027027025 0.022434629271905884
3712.712712712713 0.022237442126930688
3722.7227227227227 0.022042065983982635
3732.7327327327325 0.021848489490372613
3742.742742742743 0.021656702083247287
3752.7527527527527 0.021466693884889976
3762.7627627627626 0.021278455605220393
3772.772772772773 0.021091978451249122
3782.7827827827828 0.020907254043232855
3792.7927927927926 0.02072427433726892
3802.802802802803 0.020543031554062934
3812.812812812813 0.020363518113599897
3822.8228228228227 0.020185726575447895
3832.832832832833 0.02000964958442394
3842.842842842843 0.019835279821352806
3852.8528528528527 0.01966260995865302
3862.862862862863 0.019491632620487514
3872.872872872873 0.01932234034722203
3882.8828828828828 0.019154725563939035
3892.892892892893 0.018988780552762357
3902.902902902903 0.01882449742875355
3912.912912912913 0.018661868119148863
3922.922922922923 0.018500884345713398
3932.932932932933 0.018341537609996898
3942.942942942943 0.018183819181283544
3952.9529529529527 0.018027720087037038
3962.962962962963 0.017873231105650266
3972.972972972973 0.017720342761317353
3982.982982982983 0.017569045320854484
3992.992992992993 0.017419328792304133
4003.003003003003 0.01727118292516596
4013.013013013013 0.017124597212105217
4023.023023023023 0.01697956089199822
4033.033033033033 0.016836062954181802
4043.043043043043 0.016694092143781602
4053.053053053053 0.016553636968001384
4063.063063063063 0.016414685703262776
4073.073073073073 0.0162772264030919
4083.0830830830832 0.01614124690665604
4093.093093093093 0.01600673484786006
4103.103103103103 0.015873677664918262
4113.113113113113 0.015742062610323883
4123.123123123123 0.01561187676114337
4133.133133133133 0.015483107029568798
4143.143143143143 0.015355740173666524
4153.153153153153 0.015229762808265164
4163.163163163163 0.015105161415930782
4173.173173173173 0.01498192235798157
4183.183183183183 0.01486003188549856
4193.193193193193 0.01473947615029256
4203.203203203203 0.01462024121579185
4213.213213213214 0.014502313067818086
4223.223223223224 0.014385677625221412
4233.2332332332335 0.014270320750348994
4243.243243243243 0.014156228259323807
4253.253253253253 0.014043385932113564
4263.263263263263 0.013931779522371773
4273.273273273273 0.013821394767035684
4283.283283283283 0.01371221739566769
4293.293293293293 0.013604233139529204
4303.303303303303 0.013497427740377314
4313.313313313313 0.013391786958976951
4323.323323323323 0.013287296583322195
4333.333333333334 0.013183942436562422
4343.343343343344 0.01308171038462994
4353.353353353354 0.01298058634356704
4363.3633633633635 0.012880556286551756
4373.373373373373 0.012781606250622348
4383.383383383383 0.012683722343101592
4393.393393393393 0.012586890747722807
4403.403403403403 0.012491097730460234
4413.413413413413 0.012396329645067058
4423.423423423424 0.012302572938325087
4433.4334334334335 0.012209814155010433
4443.443443443443 0.012118039942580141
4453.453453453454 0.012027237055585118
4463.463463463464 0.011937392359815108
4473.473473473474 0.011848492836181421
4483.483483483484 0.011760525584344083
4493.493493493494 0.011673477826089464
4503.503503503503 0.01158733690846532
4513.513513513513 0.011502090306679853
4523.523523523523 0.011417725626771643
4533.533533533533 0.011334230608057699
4543.543543543543 0.011251593125366176
4553.553553553554 0.01116980119106121
4563.563563563564 0.01108884295686672
4573.573573573573 0.011008706715496088
4583.583583583584 0.010929380902094988
4593.593593593594 0.010850854095503987
4603.603603603604 0.010773115019347907
4613.613613613614 0.010696152542958803
4623.623623623624 0.010619955682138974
4633.6336336336335 0.010544513599770915
4643.643643643643 0.010469815606280384
4653.653653653653 0.010395851159959056
4663.663663663663 0.010322609867152974
4673.673673673674 0.010250081482322832
4683.683683683684 0.010178255907982074
4693.693693693694 0.010107123194518524
4703.703703703704 0.010036673539905306
4713.713713713714 0.009966897289306522
4723.723723723724 0.009897784934582963
4733.733733733734 0.009829327113703153
4743.743743743744 0.009761514610064812
4753.753753753754 0.00969433835173147
4763.763763763764 0.009627789410589251
4773.773773773773 0.009561859001428075
4783.783783783783 0.009496538480952183
4793.793793793793 0.009431819346723864
4803.803803803804 0.009367693236044807
4813.813813813814 0.009304151924779056
4823.823823823824 0.00924118732612136
4833.833833833834 0.009178791489314778
4843.843843843844 0.009116956598321034
4853.853853853854 0.009055674970447174
4863.863863863864 0.008994939054931842
4873.873873873874 0.008934741431494328
4883.883883883884 0.008875074808849586
4893.893893893894 0.008815932023192093
4903.9039039039035 0.008757306036651409
4913.913913913913 0.008699189935722206
4923.923923923924 0.008641576929671334
4933.933933933934 0.008584460348924497
4943.943943943944 0.008527833643434774
4953.953953953955 0.00847169038103553
4963.9639639639645 0.00841602424577969
4973.973973973974 0.00836082903626754
4983.983983983984 0.008306098663965112
4993.993993993994 0.008251827151514976
5004.004004004004 0.008198008631041304
5014.014014014014 0.008144637342450918
5024.024024024024 0.00809170763173196
5034.0340340340335 0.008039213949251809
5044.044044044043 0.00798715084805564
5054.054054054054 0.007935512982167112
5064.064064064064 0.007884295104892506
5074.074074074074 0.007833492067129544
5084.084084084085 0.0077830988156821525
5094.0940940940945 0.00773311039158229
5104.104104104104 0.007683521928419849
5114.114114114114 0.0076343286506817334
5124.124124124124 0.007585525872101025
5134.134134134134 0.007537108994017128
5144.144144144144 0.007489073503747736
5154.154154154154 0.007441414972973455
5164.1641641641645 0.007394129056135735
5174.174174174174 0.007347211488848924
5184.184184184184 0.007300658086326961
5194.194194194194 0.007254464741825399
5204.204204204204 0.0072086274250993026
5214.214214214214 0.007163142180877489
5224.224224224225 0.007118005127353665
5234.2342342342345 0.007073212454694821
5244.244244244244 0.007028760423567334
5254.254254254254 0.0069846453636811705
5264.264264264264 0.006940863672352433
5274.274274274274 0.006897411813084675
5284.284284284285 0.006854286314169142
5294.294294294295 0.006811483767304288
5304.304304304304 0.0067690008262346465
5314.314314314314 0.006726834205409435
5324.324324324324 0.006684980678660844
5334.334334334334 0.006643437077902338
5344.344344344345 0.006602200291846921
5354.354354354355 0.006561267264745605
5364.3643643643645 0.006520634995146028
5374.374374374374 0.006480300534671368
5384.384384384384 0.00644026098681951
5394.394394394394 0.006400513505782542
5404.404404404404 0.0063610552952865305
5414.414414414415 0.006321883607451569
5424.424424424425 0.006282995741672079
5434.4344344344345 0.006244389043517285
5444.444444444444 0.006206060903651789
5454.454454454454 0.006168008756776239
5464.464464464464 0.0061302300805878935
5474.474474474475 0.006092722394761049
5484.484484484485 0.006055483259947193
5494.494494494495 0.006018510276794748
5504.504504504504 0.005981801084988296
5514.514514514514 0.005945353362307088
5524.524524524524 0.005909164823702753
5534.534534534535 0.005873233220395972
5544.544544544545 0.005837556338991994
5554.554554554555 0.005802132000614772
5564.5645645645645 0.005766958060059594
5574.574574574574 0.005732032404963958
5584.584584584584 0.005697352954996506
5594.594594594595 0.005662917661063835
5604.604604604605 0.0056287245045349875
5614.614614614615 0.005594771496483313
5624.624624624625 0.005561056676945616
5634.6346346346345 0.0055275781141982915
5644.644644644644 0.0054943339040502
5654.654654654654 0.005461322169152141
5664.664664664665 0.005428541058322581
5674.674674674675 0.005395988745889538
5684.684684684685 0.0053636634310482234
5694.694694694695 0.005331563337234355
5704.704704704704 0.005299686711512811
5714.714714714714 0.005268031823981396
5724.724724724725 0.005236596967189522
5734.734734734735 0.005205380455571485
5744.744744744745 0.005174380624894178
5754.754754754755 0.005143595831718912
5764.764764764765 0.005113024452877182
5774.774774774774 0.005082664884960063
5784.784784784785 0.005052515543821041
5794.794794794795 0.005022574864091996
5804.804804804805 0.004992841298712145
5814.814814814815 0.0049633133184696305
5824.824824824825 0.004933989411555595
5834.8348348348345 0.004904868083130407
5844.844844844845 0.004875947854901921
5854.854854854855 0.004847227264715398
5864.864864864865 0.0048187048661549395
5874.874874874875 0.004790379228156187
5884.884884884885 0.0047622489346300315
5894.894894894895 0.0047343125840971
5904.9049049049045 0.0047065687893328234
5914.914914914915 0.004679016177022819
5924.924924924925 0.004651653387428404
5934.934934934935 0.00462447907406194
5944.944944944945 0.00459749190337191
5954.954954954955 0.0045706905544373845
5964.964964964965 0.004544073718671736
5974.974974974975 0.0045176400995353624
5984.984984984985 0.004491388412257238
5994.994994994995 0.004465317383565006
6005.005005005005 0.004439425751423511
6015.015015015015 0.0044137122647814895
6025.025025025025 0.0043881756833262665
6035.035035035035 0.004362814777246205
6045.045045045045 0.004337628327000799
6055.055055055055 0.004312615123098117
6065.065065065065 0.00428777396587949
6075.075075075075 0.004263103665311222
6085.085085085085 0.004238603040783126
6095.0950950950955 0.004214270920913748
6105.105105105105 0.00419010614336207
6115.115115115115 0.0041661075546455045
6125.125125125125 0.004142274009964048
6135.135135135135 0.004118604373030424
6145.145145145145 0.0040950975159059835
6155.155155155155 0.004071752318842306
6165.1651651651655 0.004048567670128243
6175.175175175175 0.004025542465942312
6185.185185185185 0.004002675610210257
6195.195195195195 0.0039799660144676525
6205.205205205205 0.0039574125977273516
6215.215215215215 0.003935014286351695
6225.225225225226 0.0039127700139293025
6235.235235235235 0.003890678721156311
6245.245245245245 0.0038687393557219362
6255.255255255255 0.0038469508721982273
6265.265265265265 0.0038253122319338354
6275.275275275275 0.003803822402951763
6285.285285285286 0.0037824803598508717
6295.295295295296 0.00376128508371109
6305.305305305305 0.003740235562002165
6315.315315315315 0.0037193307884958817
6325.325325325325 0.0036985697631815887
6335.335335335335 0.0036779514921849534
6345.345345345346 0.0036574749876898253
6355.355355355356 0.003637139267863109
6365.3653653653655 0.0036169433567825255
6375.375375375375 0.0035968862843671835
6385.385385385385 0.0035769670863108442
6395.395395395395 0.0035571848040178112
6405.405405405405 0.0035375384845413066
6415.415415415416 0.00351802718052428
6425.425425425426 0.003498649950142564
6435.4354354354355 0.00347940585705024
6445.445445445445 0.0034602939703272085
6455.455455455455 0.0034413133644288006
6465.465465465465 0.0034224631191374193
6475.475475475476 0.00340374231951609
6485.485485485486 0.00338515005586386
6495.495495495496 0.0033666854236729655
6505.505505505505 0.0033483475235877155
6515.515515515515 0.003330135461364996
6525.525525525525 0.00331204834783635
6535.535535535536 0.0032940852988715447
6545.545545545546 0.0032762454353436063
6555.555555555556 0.0032585278830951875
6565.5655655655655 0.00324093177290629
6575.575575575575 0.0032234562404632196
6585.585585585585 0.0032061004263287626
6595.595595595596 0.0031888634759135
6605.605605605606 0.0031717445394482137
6615.615615615616 0.0031547427719573517
6625.625625625626 0.003137857333233467
6635.6356356356355 0.0031210873878126312
6645.645645645645 0.003104432104950726
6655.655655655655 0.003087890658600594
6665.665665665666 0.003071462227390023
6675.675675675676 0.0030551459946004727
6685.685685685686 0.0030389411481465526
6695.695695695696 0.003022846880556185
6705.705705705705 0.0030068623889514257
6715.715715715715 0.0029909868750298933
6725.725725725726 0.002975219545046801
6735.735735735736 0.002959559609797512
6745.745745745746 0.002944006284600633
6755.755755755756 0.0029285587892815897
6765.7657657657655 0.002913216348156643
6775.775775775775 0.002897978190017349
6785.785785785786 0.0028828435481154115
6795.795795795796 0.002867811660147902
6805.805805805806 0.002852881768242832
6815.815815815816 0.00283805311894504
6825.825825825826 0.0028233249632023806
6835.8358358358355 0.0028086965563521873
6845.845845845846 0.0027941671581079874
6855.855855855856 0.002779736032546446
6865.865865865866 0.002765402448094526
6875.875875875876 0.0027511656775168337
6885.885885885886 0.0027370249979031466
6895.895895895896 0.0027229796906560935
6905.9059059059055 0.002709029041478975
6915.915915915916 0.0026951723403637064
6925.925925925926 0.002681408881578867
6935.935935935936 0.002667737963657851
6945.945945945946 0.002654158889387085
6955.955955955956 0.00264067096579433
6965.965965965966 0.0026272735041370215
6975.975975975976 0.002613965819890659
6985.985985985986 0.002600747232737234
6995.995995995996 0.0025876170665536575
7006.006006006006 0.0025745746494002207
7016.016016016016 0.0025616193135090445
7026.026026026026 0.002548750395272518
7036.036036036036 0.0025359672352317313
7046.046046046046 0.002523269178064881
7056.056056056056 0.0025106555725756294
7066.066066066066 0.0024981257716814396
7076.076076076076 0.0024856791324018687
7086.086086086086 0.002473315015846785
7096.0960960960965 0.0024610327872045604
7106.106106106106 0.0024488318157301673
7116.116116116116 0.002436711474733237
7126.126126126126 0.00242467114156602
7136.136136136136 0.002412710197611289
7146.146146146146 0.002400828028270153
7156.156156156156 0.002389024022949782
7166.1661661661665 0.0023772975750510597
7176.176176176176 0.002365648081956129
7186.186186186186 0.0023540749450158597
7196.196196196196 0.0023425775695372067
7206.206206206206 0.002331155364770487
7216.216216216216 0.0023198077438965443
7226.226226226227 0.0023085341240138193
7236.236236236236 0.002297333926125321
7246.246246246246 0.002286206575125487
7256.256256256256 0.0022751514997869484
7266.266266266266 0.0022641681327471887
7276.276276276276 0.0022532559104950934
7286.286286286287 0.002242414273357401
7296.2962962962965 0.0022316426654850428
7306.306306306306 0.0022209405348393853
7316.316316316316 0.002210307333178365
7326.326326326326 0.0021997425160425106
7336.336336336336 0.0021892455427408777
7346.346346346347 0.002178815876336867
7356.356356356357 0.002168452983633954
7366.3663663663665 0.002158156335161292
7376.376376376376 0.0021479254051592536
7386.386386386386 0.002137759671564836
7396.396396396396 0.002127658615996998
7406.406406406406 0.0021176217237418786
7416.416416416417 0.0021076484837379327
7426.426426426427 0.0020977383885609803
7436.436436436436 0.0020878909344091475
7446.446446446446 0.002078105621087724
7456.456456456456 0.0020683819519939466
7466.466466466466 0.0020587194341016753
7476.476476476477 0.0020491175779460006
7486.486486486487 0.0020395758976077673
7496.496496496497 0.0020300939106980076
7506.506506506506 0.0020206711383423093
7516.516516516516 0.002011307105165103
7526.526526526526 0.002002001339273871
7536.536536536537 0.0019927533722432977
7546.546546546547 0.001983562739099338
7556.556556556557 0.001974428978303226
7566.5665665665665 0.001965351631735416
7576.576576576576 0.001956330244679462
7586.586586586586 0.0019473643658058423
7596.596596596597 0.0019384535471557117
7606.606606606607 0.0019295973441246284
7616.616616616617 0.001920795315446188
7626.626626626627 0.0019120470231756394
7636.6366366366365 0.001903352032673443
7646.646646646646 0.0018947099125887728
7656.656656656657 0.0018861202348429917
7666.666666666667 0.0018775825746130742
7676.676676676677 0.0018690965103149975
7686.686686686687 0.0018606616235870913
7696.696696696697 0.0018522774992733562
7706.706706706706 0.0018439437254067516
7716.716716716716 0.001835659893192454
7726.726726726727 0.0018274255969910876
7736.736736736737 0.0018192404343019277
7746.746746746747 0.00181110400574609
7756.756756756757 0.0018030159150496919
7766.7667667667665 0.001794975769026999
7776.776776776776 0.0017869831775635596
7786.786786786787 0.001779037753599319
7796.796796796797 0.0017711391131117271
7806.806806806807 0.00176328687509884
7816.816816816817 0.0017554806615624038
7826.826826826827 0.0017477200974909514
7836.8368368368365 0.00174000481084288
7846.846846846847 0.0017323344325295333
7856.856856856857 0.0017247085963982955
7866.866866866867 0.0017171269392156684
7876.876876876877 0.001709589100650374
7886.886886886887 0.0017020947232564549
7896.896896896897 0.0016946434524563823
7906.906906906907 0.0016872349365241804
7916.916916916917 0.0016798688265685635
7926.926926926927 0.0016725447765160869
7936.936936936937 0.0016652624430943041
7946.946946946947 0.0016580214858149674
7956.956956956957 0.0016508215669572245
7966.9669669669665 0.0016436623515508478
7976.976976976977 0.0016365435073594859
7986.986986986987 0.0016294647048639421
7996.996996996997 0.0016224256172454746
8007.007007007007 0.0016154259203691318
8017.017017017017 0.0016084652927671056
8027.027027027027 0.0016015434156221374
8037.037037037037 0.001594659972750931
8047.047047047047 0.0015878146505876245
8057.057057057057 0.001581007138167274
8067.067067067067 0.0015742371271093964
8077.077077077077 0.001567504311601533
8087.087087087087 0.001560808388382867
8097.0970970970975 0.0015541490567278673
8107.107107107107 0.0015475260184299934
8117.117117117117 0.0015409389777854222
8127.127127127127 0.001534387641576836
8137.137137137137 0.0015278717190572483
8147.147147147147 0.0015213909219338785
8157.157157157158 0.0015149449643520748
8167.1671671671675 0.0015085335628792845
8177.177177177177 0.0015021564364890775
8187.187187187187 0.0014958133065452162
8197.197197197198 0.0014895038967857816
8207.207207207208 0.0014832279333073497
8217.217217217218 0.001476985144549223
8227.227227227228 0.0014707752612777153
8237.237237237237 0.0014645980165704938
8247.247247247247 0.0014584531458009746
8257.257257257257 0.001452340386622781
8267.267267267267 0.0014462594789542505
8277.277277277277 0.001440210164963012
8287.287287287287 0.0014341921890506097
8297.297297297297 0.0014282052978371975
8307.307307307306 0.0014222492401462898
8317.317317317316 0.0014163237669895697
8327.327327327326 0.001410428631551767
8337.337337337336 0.0014045635891755958
8347.347347347348 0.0013987283973467457
8357.357357357358 0.0013929228156789567
8367.367367367367 0.0013871466058991352
8377.377377377377 0.001381399531832552
8387.387387387387 0.0013756813593880958
8397.397397397397 0.001369991856543597
8407.407407407409 0.0013643307933312119
8417.417417417419 0.0013586979418228836
8427.427427427428 0.001353093076115853
8437.437437437438 0.001347515972318253
8447.447447447448 0.0013419664085347596
8457.457457457458 0.001336444164852318
8467.467467467468 0.0013309490233259285
8477.477477477478 0.0013254807679645053
8487.487487487488 0.0013200391847168064
8497.497497497498 0.001314624061457426
8507.507507507507 0.0013092351879728582
8517.517517517517 0.0013038723559476305
8527.527527527527 0.001298535358950509
8537.537537537537 0.0012932239924207654
8547.547547547547 0.0012879380536545203
8557.557557557557 0.001282677341791155
8567.567567567567 0.0012774416577997919
8577.577577577576 0.0012722308044658406
8587.587587587586 0.0012670445863776259
8597.597597597598 0.0012618828099130704
8607.607607607608 0.0012567452832264617
8617.617617617618 0.0012516318162352775
8627.627627627628 0.0012465422206070884
8637.637637637637 0.0012414763097465295
8647.647647647647 0.001236433898782341
8657.657657657659 0.001231414804554474
8667.667667667669 0.0012264188456012838
8677.677677677679 0.001221445842146768
8687.687687687689 0.0012164956160878933
8697.697697697698 0.001211567990981987
8707.707707707708 0.001206662792034197
8717.717717717718 0.001201779846085023
8727.727727727728 0.0011969189815979147
8737.737737737738 0.0011920800286469445
8747.747747747748 0.001187262818904547
8757.757757757758 0.0011824671856293235
8767.767767767768 0.0011776929636539237
8777.777777777777 0.0011729399893729933
8787.787787787787 0.0011682081007311866
8797.797797797797 0.0011634971372112524
8807.807807807807 0.0011588069398221895
8817.817817817817 0.0011541373510874629
8827.827827827827 0.0011494882150333
8837.837837837837 0.001144859377177042
8847.847847847848 0.0011402506845155744
8857.857857857858 0.0011356619855138197
8867.867867867868 0.0011310931300932943
8877.877877877878 0.00112654396962074
8887.887887887888 0.0011220143568968154
8897.897897897898 0.0011175041461448621
8907.90790790791 0.0011130131929997275
8917.91791791792 0.0011085413544966623
8927.927927927929 0.0011040884890602802
8937.937937937939 0.0010996544564935813
8947.947947947949 0.0010952391179670474
8957.957957957959 0.0010908423360077954
8967.967967967968 0.0010864639744888023
8977.977977977978 0.0010821038986181866
8987.987987987988 0.0010777619749285632
8997.997997997998 0.0010734380712664568
9008.008008008008 0.0010691320567817815
9018.018018018018 0.0010648438019173802
9028.028028028028 0.0010605731783986337
9038.038038038037 0.0010563200592231285
9048.048048048047 0.001052084318650386
9058.058058058057 0.001047865832191659
9068.068068068067 0.0010436644765997836
9078.078078078077 0.0010394801298591028
9088.088088088087 0.0010353126711754397
9098.098098098098 0.0010312695752715173
9108.108108108108 0.0010271575271538686
9118.118118118118 0.0010230657012926128
9128.128128128128 0.0010189939800443121
9138.138138138138 0.0010149422465515383
9148.148148148148 0.0010109103847369752
9158.15815815816 0.0010068982792975694
9168.16816816817 0.0010029058156987376
9178.17817817818 0.0009989328801686093
9188.188188188189 0.0009949793596923248
9198.198198198199 0.000991045142006378
9208.208208208209 0.0009871301155930114
9218.218218218219 0.0009832341696746454
9228.228228228229 0.0009793571942083624
9238.238238238238 0.0009754990798804377
9248.248248248248 0.0009716597181009064
9258.258258258258 0.0009678390009981825
9268.268268268268 0.0009640368214137222
9278.278278278278 0.0009602530728967233
9288.288288288288 0.0009564876496988774
9298.298298298298 0.0009527404467691603
9308.308308308307 0.0009490113597486634
9318.31831831832 0.0009453002849654709
9328.328328328329 0.0009416071194295811
9338.338338338339 0.0009379317608278589
9348.348348348349 0.00093427410751904
9358.358358358359 0.0009306340585287724
9368.368368368368 0.0009270115135446949
9378.378378378378 0.0009234063729115623
9388.388388388388 0.0009198185376264043
9398.398398398398 0.0009162479093337257
9408.408408408408 0.000912694390320747
9418.418418418418 0.0009091578835126813
9428.428428428428 0.0009056382924680523
9438.43843843844 0.0009021355213740474
9448.44844844845 0.0008986494750419102
9458.458458458459 0.000895180058902369
9468.468468468469 0.0008917271790011036
9478.478478478479 0.0008882907419942486
9488.488488488489 0.0008848706551439324
9498.498498498499 0.0008814668263138502
9508.508508508508 0.0008780791639648785
9518.518518518518 0.0008747075771507203
9528.528528528528 0.000871351975513583
9538.538538538538 0.0008680122692799002
9548.548548548548 0.0008646883692560767
9558.558558558558 0.0008613801868242771
9568.56856856857 0.000858087633938242
9578.57857857858 0.0008548106231191417
9588.58858858859 0.0008515490674514594
9598.598598598599 0.0008483028805789123
9608.608608608609 0.0008450719767004001
9618.618618618619 0.0008418562705659893
9628.628628628629 0.0008386556774729298
9638.638638638638 0.0008354701132616994
9648.648648648648 0.0008322994943120859
9658.658658658658 0.000829143737539295
9668.668668668668 0.000826002760390093
9678.678678678678 0.0008228764808389777
9688.68868868869 0.0008197648173843815
9698.6986986987 0.0008166676890449035
9708.70870870871 0.0008135850153555724
9718.71871871872 0.0008105167163641387
9728.728728728729 0.000807462712627397
9738.738738738739 0.0008044229252075355
9748.748748748749 0.0008013972756685171
9758.758758758759 0.000798385686072488
9768.768768768768 0.0007953880789762132
9778.778778778778 0.000792404377427544
9788.788788788788 0.0007894345049619079
9798.798798798798 0.0007864783855988335
9808.808808808808 0.0007835359438384943
9818.81881881882 0.000780607104658287
9828.82882882883 0.0007776917935094355
9838.83883883884 0.0007747899363136153
9848.84884884885 0.0007719014594596132
9858.85885885886 0.0007690262898000074
9868.868868868869 0.000766164354647878
9878.878878878879 0.0007633155817735376
9888.888888888889 0.0007604798994012953
9898.898898898899 0.000757657236206237
9908.908908908908 0.0007548475213110395
9918.918918918918 0.0007520506842828037
9928.928928928928 0.000749266655129916
9938.93893893894 0.0007464953642989309
9948.94894894895 0.0007437367426714836
9958.95895895896 0.0007409907215612181
9968.96896896897 0.0007382572327107485
9978.97897897898 0.0007355362082886377
9988.98898898899 0.0007328275808864025
9998.998998998999 0.0007301312835155396
10009.009009009009 0.0007274472496045792
10019.019019019019 0.0007247754129961567
10029.029029029029 0.000722115707944109
10039.039039039038 0.0007194680691105948
10049.049049049048 0.0007168324315632352
10059.059059059058 0.0007142087307722761
10069.06906906907 0.0007115969026077761
10079.07907907908 0.0007089968833368131
10089.08908908909 0.0007064086096207106
10099.0990990991 0.0007038320185122919
10109.10910910911 0.0007012670474531488
10119.11911911912 0.0006987136342709355
10129.129129129129 0.0006961717171766827
10139.139139139139 0.0006936412347621307
10149.149149149149 0.0006911221259970835
10159.159159159159 0.0006886143302267865
10169.169169169169 0.00068611778716932
10179.179179179178 0.0006836324369130153
10189.18918918919 0.0006811582199138883
10199.1991991992 0.0006786950769930984
10209.20920920921 0.0006762429493344176
10219.21921921922 0.000673801778481729
10229.22922922923 0.0006713715063365369
10239.23923923924 0.0006689520751555002
10249.24924924925 0.000666543427547983
10259.25925925926 0.0006641455064736249
10269.269269269269 0.0006617582552399275
10279.279279279279 0.0006593816174998631
10289.289289289289 0.0006570155372494988
10299.299299299299 0.0006546599588256385
10309.309309309308 0.0006523148269034853
10319.31931931932 0.0006499800864943196
10329.32932932933 0.0006476556829431978
10339.33933933934 0.0006453415619266604
10349.34934934935 0.0006430376694504698
10359.35935935936 0.0006407439518473552
10369.36936936937 0.000638460355774779
10379.37937937938 0.0006361868282127198
10389.38938938939 0.0006339233164614715
10399.399399399399 0.0006316697681394584
10409.409409409409 0.0006294261311810699
10419.419419419419 0.0006271923538345064
10429.429429429429 0.0006249683846596472
10439.43943943944 0.0006227541725259301
10449.44944944945 0.0006205496666102498
10459.45945945946 0.0006183548163948699
10469.46946946947 0.0006161695716653517
10479.47947947948 0.0006139938825085003
10489.48948948949 0.0006118276993103214
10499.4994994995 0.0006096709727540005
10509.50950950951 0.0006075236538178894
10519.51951951952 0.0006053856937735141
10529.52952952953 0.0006032570441835944
10539.539539539539 0.0006011376569000794
10549.549549549549 0.0005990274840621976
10559.559559559559 0.0005969264780945204
10569.56956956957 0.0005948345917050425
10579.57957957958 0.0005927517778832756
10589.58958958959 0.0005906779898983537
10599.5995995996 0.0005886131812971574
10609.60960960961 0.0005865573059024487
10619.61961961962 0.0005845103178110203
10629.62962962963 0.0005824721713918598
10639.63963963964 0.0005804428212843255
10649.64964964965 0.0005784222223963386
10659.65965965966 0.0005764103299025874
10669.669669669669 0.0005744070992427424
10679.679679679679 0.0005724124861196894
10689.68968968969 0.0005704264464977724
10699.6996996997 0.0005684489366010512
10709.70970970971 0.000566479912911569
10719.71971971972 0.0005645193321676367
10729.72972972973 0.0005625671513621282
10739.73973973974 0.000560623327740787
10749.74974974975 0.0005586878188005479
10759.75975975976 0.000556760582287868
10769.76976976977 0.0005548415761970734
10779.77977977978 0.0005529307587687155
10789.78978978979 0.0005510280884879397
10799.799799799799 0.0005491335240828685
10809.809809809809 0.0005472470245229926
10819.81981981982 0.0005453685490175769
10829.82982982983 0.0005434980570140779
10839.83983983984 0.0005416355081965704
10849.84984984985 0.0005397808624841881
10859.85985985986 0.0005379340800295753
10869.86986986987 0.0005360951212173487
10879.87987987988 0.0005342639466625718
10889.88988988989 0.0005324405172092394
10899.8998998999 0.0005306247939287742
10909.90990990991 0.0005288167381185337
10919.91991991992 0.0005270163113003281
10929.92992992993 0.0005252234752189483
10939.93993993994 0.0005234381918407065
10949.94994994995 0.0005216604233519862
10959.95995995996 0.0005198901321578021
10969.96996996997 0.0005181272808803714
10979.97997997998 0.0005163718323576956
10989.98998998999 0.000514623749642152
11000.0 0.0005128829959990958
