#lamb flux
1000.0 3.19022169446028
1010.01001001001 3.2349434616125072
1020.0200200200201 3.2727808455358587
1030.03003003003 3.3041250740417456
1040.0400400400401 3.3293820581999296
1050.05005005005 3.3489646241786932
1060.06006006006 3.363285999821014
1070.07007007007 3.3727544533972384
1080.08008008008 3.3777689718362325
1090.0900900900901 3.3787158621785602
1100.1001001001 3.3759661613144973
1110.11011011011 3.369873743851294
1120.1201201201202 3.360774025049572
1130.13013013013 3.3489831642736774
1140.1401401401401 3.3347976836173174
1150.1501501501502 3.3184944257752647
1160.16016016016 3.3003307844588856
1170.1701701701702 3.280545149440574
1180.1801801801803 3.2593575164937327
1190.1901901901902 3.2369702199750288
1200.2002002002002 3.2135687525322334
1210.2102102102103 3.189322642409065
1220.2202202202202 3.164386364081075
1230.2302302302303 3.1389002625340945
1240.2402402402402 3.112991475440389
1250.2502502502502 3.0866125296426397
1260.2602602602603 3.0593933167573732
1270.2702702702702 3.030596363536616
1280.2802802802803 3.0003858641025434
1290.2902902902902 2.968916480929163
1300.3003003003003 2.9363335174956733
1310.3103103103103 2.9027731427461543
1320.3203203203202 2.86836265682615
1330.3303303303303 2.8332207888843235
1340.3403403403404 2.797458018933016
1350.3503503503503 2.761176916856811
1360.3603603603603 2.7244724926464716
1370.3703703703704 2.687432552821366
1380.3803803803803 2.650138058793061
1390.3903903903904 2.61266348362241
1400.4004004004005 2.575077164239023
1410.4104104104103 2.537441646732659
1420.4204204204204 2.4998140227974015
1430.4304304304305 2.462246255818307
1440.4404404404404 2.424785495442884
1450.4504504504505 2.3874743797820415
1460.4604604604606 2.350351324642972
1470.4704704704704 2.3134507994144964
1480.4804804804805 2.276803589408934
1490.4904904904906 2.2404370446173774
1500.5005005005005 2.204375314961702
1510.5105105105106 2.168639572229947
1520.5205205205207 2.133248218965288
1530.5305305305305 2.098217084645275
1540.5405405405404 2.0635596095402904
1550.5505505505505 2.0292870166801764
1560.5605605605606 1.9954084723880006
1570.5705705705705 1.9619312358619123
1580.5805805805805 1.928860798301366
1590.5905905905906 1.8962010120845274
1600.6006006006005 1.8639542105106588
1610.6106106106106 1.8321213186261374
1620.6206206206207 1.800701955656685
1630.6306306306305 1.7696945295727227
1640.6406406406406 1.7390963243206494
1650.6506506506507 1.708903580261724
1660.6606606606606 1.679111568373103
1670.6706706706707 1.649714658784345
1680.6806806806808 1.6207063842483562
1690.6906906906906 1.5920794991804452
1700.7007007007007 1.5638302820047862
1710.7107107107108 1.535966764954042
1720.7207207207207 1.5084770204824403
1730.7307307307308 1.4813466575507732
1740.7407407407409 1.454561259835967
1750.7507507507507 1.4281063941779781
1760.7607607607606 1.4019676243779917
1770.770770770771 1.3761305316227754
1780.7807807807808 1.350580743038651
1790.7907907907907 1.3253039701369467
1800.8008008008007 1.3002860592003598
1810.8108108108108 1.2755130559733936
1820.8208208208207 1.2509712873533383
1830.8308308308308 1.2266474631197462
1840.8408408408409 1.202528801071259
1850.8508508508507 1.178603179231528
1860.8608608608608 1.1548593190008845
1870.870870870871 1.1312870032126798
1880.8808808808808 1.107877332929708
1890.890890890891 1.0846230263929288
1900.900900900901 1.0615187626955185
1910.9109109109108 1.0385615713618974
1920.920920920921 1.0157512669095747
1930.930930930931 0.9930909245009281
1940.940940940941 0.9705873888068778
1950.950950950951 0.9482518031040104
1960.960960960961 0.9261001393994005
1970.970970970971 0.9041537031565006
1980.980980980981 0.882439578323891
1990.9909909909911 0.8609909704630189
2001.001001001001 0.8398473987677959
2011.0110110110109 0.8190546829307762
2021.0210210210212 0.7986646696632099
2031.031031031031 0.778734647849221
2041.0410410410411 0.7593264122726124
2051.051051051051 0.7405049545312905
2061.061061061061 0.7223367861351474
2071.071071071071 0.7048879315409114
2081.081081081081 0.6882216651760502
2091.091091091091 0.6723961021064939
2101.101101101101 0.6574617817567557
2111.1111111111113 0.6434594027709976
2121.121121121121 0.6304178704700618
2131.131131131131 0.6183528041762447
2141.141141141141 0.6072656204016574
2151.151151151151 0.5971432628090866
2161.161161161161 0.5879585965605737
2171.1711711711714 0.579671430069066
2181.1811811811813 0.5722300781743626
2191.191191191191 0.5655733430797112
2201.201201201201 0.5596327666296346
2211.2112112112113 0.5543350008425375
2221.221221221221 0.549604151864447
2231.2312312312315 0.545363972712722
2241.2412412412414 0.5415398083056154
2251.2512512512512 0.5380602280259872
2261.261261261261 0.5348583125364977
2271.271271271271 0.5318725896881954
2281.2812812812813 0.5290476371504376
2291.2912912912916 0.5263343859140551
2301.3013013013015 0.5236901690730408
2311.3113113113113 0.5210785649335666
2321.321321321321 0.5184690835937438
2331.331331331331 0.5158367429004644
2341.3413413413414 0.5131615743067875
2351.3513513513512 0.5104280926556655
2361.3613613613616 0.5076247571181146
2371.3713713713714 0.5047434440002325
2381.3813813813813 0.5017789462759936
2391.391391391391 0.49872850969804844
2401.4014014014015 0.495591411250521
2411.4114114114113 0.4923685825079871
2421.4214214214217 0.4890622780689793
2431.4314314314315 0.4856757875271139
2441.4414414414414 0.48221318830586296
2451.4514514514512 0.47867913599570977
2461.4614614614616 0.47507868848808615
2471.4714714714714 0.4714171601076847
2481.4814814814818 0.46770000202818157
2491.4914914914916 0.4639327054564356
2501.5015015015015 0.46012072434094836
2511.5115115115113 0.45626941466768645
2521.521521521521 0.45238398772578964
2531.5315315315315 0.44846947504035617
2541.541541541542 0.44453070296842107
2551.5515515515517 0.44057227523079046
2561.5615615615616 0.4365985619031771
2571.5715715715714 0.4326136936139214
2581.5815815815813 0.42862155989278483
2591.5915915915916 0.4246258107872613
2601.6016016016015 0.42062986101138816
2611.611611611612 0.4166368960194052
2621.6216216216217 0.4126498795050454
2631.6316316316315 0.4086715619190138
2641.6416416416414 0.40470448967447226
2651.6516516516517 0.4007510147750169
2661.6616616616616 0.39681330465355497
2671.671671671672 0.3928933520551853
2681.6816816816818 0.38899298483410805
2691.6916916916916 0.3851138755649093
2701.7017017017015 0.381257550893367
2711.711711711712 0.37742540057208873
2721.7217217217217 0.37361868614260235
2731.731731731732 0.3698385492386091
2741.741741741742 0.3660860194955696
2751.7517517517517 0.36236202206002954
2761.7617617617616 0.35866738469856646
2771.7717717717715 0.35500284451120123
2781.781781781782 0.3513690542579119
2791.791791791792 0.3477665883096895
2801.801801801802 0.34419594823758315
2811.811811811812 0.34065756805457675
2821.8218218218217 0.33715181912600894
2831.8318318318316 0.3336790147647298
2841.841841841842 0.3302394145273483
2851.851851851852 0.32683322822784705
2861.861861861862 0.32346061968457007
2871.871871871872 0.32012171021618585
2881.881881881882 0.31681658190171746
2891.8918918918916 0.31354528061915293
2901.901901901902 0.31030781887651254
2911.911911911912 0.30710417844860316
2921.921921921922 0.3039343128320075
2931.931931931932 0.3007981495301908
2941.941941941942 0.29769559217993663
2951.9519519519517 0.2946265225296721
2961.961961961962 0.29159080227961415
2971.971971971972 0.2885882747930504
2981.9819819819822 0.2856187666874912
2991.991991991992 0.28268208931386585
3002.002002002002 0.27977804013140783
3012.012012012012 0.27690640398537303
3022.0220220220217 0.2740669542942585
3032.032032032032 0.2719935109381459
3042.0420420420423 0.269121604824524
3052.052052052052 0.26625687431130646
3062.062062062062 0.2634064071493002
3072.072072072072 0.26057617488176876
3082.0820820820823 0.25777115914864435
3092.092092092092 0.2549954668206971
3102.102102102102 0.25225243450997525
3112.1121121121123 0.24954472307807074
3122.122122122122 0.24687440280600306
3132.132132132132 0.24424302990653665
3142.1421421421423 0.24165171505785749
3152.152152152152 0.2391011846217952
3162.162162162162 0.23659183518426885
3172.1721721721724 0.2341237820235169
3182.1821821821823 0.23169690207543683
3192.192192192192 0.22931087192691704
3202.202202202202 0.22696520132882536
3212.2122122122123 0.22465926268138642
3222.222222222222 0.22239231690680492
3232.232232232232 0.220163536087708
3242.2422422422424 0.21797202321564074
3252.252252252252 0.21581682936164318
3262.262262262262 0.21369696855100911
3272.2722722722724 0.2116114305966598
3282.2822822822823 0.20955919212015522
3292.292292292292 0.20753922596612465
3302.3023023023025 0.20555050919472748
3312.3123123123123 0.20359202981753793
3322.322322322322 0.20166279242485002
3332.3323323323325 0.19976182283668775
3342.3423423423424 0.1978881718956547
3352.352352352352 0.19604091850701416
3362.3623623623625 0.19421917201997
3372.3723723723724 0.19242207403384815
3382.3823823823823 0.19064879970368911
3392.3923923923926 0.18889855861154448
3402.4024024024025 0.18717059526239374
3412.4124124124123 0.18546418925702765
3422.4224224224226 0.18377865518835756
3432.4324324324325 0.18211334230235554
3442.4424424424424 0.18046763396013474
3452.4524524524522 0.17884094693348973
3462.4624624624626 0.1772327305624681
3472.4724724724724 0.17564246580020487
3482.4824824824823 0.17406966416726027
3492.4924924924926 0.17251386663503973
3502.5025025025025 0.17097464245548583
3512.5125125125123 0.16945158795211104
3522.5225225225226 0.16794432528553335
3532.5325325325325 0.16645250120498276
3542.5425425425424 0.16497578579572778
3552.5525525525527 0.1635138712310197
3562.5625625625626 0.16206647053593973
3572.5725725725724 0.16063331636945713
3582.5825825825827 0.15921415983004492
3592.5925925925926 0.15780876928933932
3602.6026026026025 0.1564169292575654
3612.612612612613 0.15503843928377403
3622.6226226226227 0.15367311289332614
3632.6326326326325 0.15232077656452797
3642.642642642643 0.1509812687458468
3652.6526526526527 0.14965443891471253
3662.6626626626626 0.148340146678544
3672.672672672673 0.1470382609183162
3682.6826826826828 0.14574865897469466
3692.6926926926926 0.1444712258765191
3702.7027027027025 0.14320585361120325
3712.712712712713 0.14195244043643102
3722.7227227227227 0.14071089023237277
3732.7327327327325 0.13948111189350712
3742.742742742743 0.13826301875902705
3752.7527527527527 0.1370565280807092
3762.7627627627626 0.13586156052705448
3772.772772772773 0.13467803972244557
3782.7827827827828 0.133505891820022
3792.7927927927926 0.13234504510693829
3802.802802802803 0.13119542964065162
3812.812812812813 0.1300569769148693
3822.8228228228227 0.12892961955378524
3832.832832832833 0.12781329103323782
3842.842842842843 0.12670792542743234
3852.8528528528527 0.12561345717988828
3862.862862862863 0.12452982089729281
3872.872872872873 0.12345695116496946
3882.8828828828828 0.12239478238269796
3892.892892892893 0.12134324861966003
3902.902902902903 0.12030228348731344
3912.912912912913 0.1192718200290417
3922.922922922923 0.11825179062546202
3932.932932932933 0.11724212691431751
3942.942942942943 0.11624275972391694
3952.9529529529527 0.11525361901913307
3962.962962962963 0.11427463385900921
3972.972972972973 0.11330573236506687
3982.982982982983 0.11234684169945061
3992.992992992993 0.11139788805208678
4003.003003003003 0.1104587966360774
4013.013013013013 0.10952949169058557
4023.023023023023 0.10860989649051458
4033.033033033033 0.10769993336231871
4043.043043043043 0.10679952370532131
4053.053053053053 0.10590858801795557
4063.063063063063 0.10502704592837528
4073.073073073073 0.10415481622892052
4083.0830830830832 0.10329181691395499
4093.093093093093 0.10243796522062404
4103.103103103103 0.10159317767211294
4113.113113113113 0.10075737012301574
4123.123123123123 0.09993045780645005
4133.133133133133 0.0991123553825844
4143.143143143143 0.09830297698826672
4153.153153153153 0.09750223628746874
4163.163163163163 0.09671004652228295
4173.173173173173 0.09592632056423256
4183.183183183183 0.09515097096567392
4193.193193193193 0.09438391001109064
4203.203203203203 0.09362504976809838
4213.213213213214 0.0928743021379953
4223.223223223224 0.09213157890571017
4233.2332332332335 0.09139679178901479
4243.243243243243 0.09066985248688343
4253.253253253253 0.08995067272689312
4263.263263263263 0.08923916431157312
4273.273273273273 0.08853523916362258
4283.283283283283 0.08783880936992597
4293.293293293293 0.08714978722430808
4303.303303303303 0.08646808526897633
4313.313313313313 0.0857936163346102
4323.323323323323 0.08512629357906291
4333.333333333334 0.0844660305246501
4343.343343343344 0.08381274109400545
4353.353353353354 0.08316633964448969
4363.3633633633635 0.08252674100114568
4373.373373373373 0.08189386048819768
4383.383383383383 0.08126761395909568
4393.393393393393 0.08064791782511284
4403.403403403403 0.08003468908250559
4413.413413413413 0.07942784533825041
4423.423423423424 0.07882730483437464
4433.4334334334335 0.07823298647090095
4443.443443443443 0.07764480982742733
4453.453453453454 0.07706269518336772
4463.463463463464 0.07648656353687987
4473.473473473474 0.0759163366225062
4483.483483483484 0.07535193692756069
4493.493493493494 0.07479328770728905
4503.503503503503 0.0742403129988358
4513.513513513513 0.07369293763404994
4523.523523523523 0.07315108725116184
4533.533533533533 0.07261468830536652
4543.543543543543 0.07208366807834499
4553.553553553554 0.07155795468675955
4563.563563563564 0.07103747708975676
4573.573573573573 0.07052216509551161
4583.583583583584 0.07001194936684842
4593.593593593594 0.06950676142597105
4603.603603603604 0.06900653365833682
4613.613613613614 0.06851119931570784
4623.623623623624 0.06802069251841128
4633.6336336336335 0.06753494825684295
4643.643643643643 0.06705390239224497
4653.653653653653 0.06657749165678892
4663.663663663663 0.06610565365299628
4673.673673673674 0.06563832685252546
4683.683683683684 0.06517545059435563
4693.693693693694 0.06471696508239594
4703.703703703704 0.06426281138254855
4713.713713713714 0.06381293141925333
4723.723723723724 0.06336726797154044
4733.733733733734 0.06292576466861728
4743.743743743744 0.06248836598501568
4753.753753753754 0.062055017235322966
4763.763763763764 0.0616256645685219
4773.773773773773 0.061200254961961756
4783.783783783783 0.060778736214984266
4793.793793793793 0.060361056942224676
4803.803803803804 0.05994716656661029
4813.813813813814 0.05953701531207612
4823.823823823824 0.059130554196017426
4833.833833833834 0.058727735021498376
4843.843843843844 0.058328510369234636
4853.853853853854 0.057932833589367974
4863.863863863864 0.05754065879304941
4873.873873873874 0.05715194084384754
4883.883883883884 0.056766635348997604
4893.893893893894 0.05638469865050614
4903.9039039039035 0.056006087816126246
4913.913913913913 0.055630760630216505
4923.923923923924 0.05525867558449758
4933.933933933934 0.054889791868719146
4943.943943943944 0.054524069361248415
4953.953953953955 0.0541614686195935
4963.9639639639645 0.05380195087087145
4973.973973973974 0.05344547800223192
4983.983983983984 0.05309201255124711
4993.993993993994 0.05274151769627709
5004.004004004004 0.052393957246819875
5014.014014014014 0.0520492956338553
5024.024024024024 0.051707497900190524
5034.0340340340335 0.05136852969081582
5044.044044044043 0.05103235724327726
5054.054054054054 0.05069894737807439
5064.064064064064 0.050368267489088916
5074.074074074074 0.05004028553405114
5084.084084084085 0.049714970025050084
5094.0940940940945 0.049392290019093295
5104.104104104104 0.04907221510872115
5114.114114114114 0.04875471541268125
5124.124124124124 0.048439761566667315
5134.134134134134 0.04812732471412753
5144.144144144144 0.04781737649714558
5154.154154154154 0.047509889047399674
5164.1641641641645 0.047204834977201675
5174.174174174174 0.04690218737062115
5184.184184184184 0.04660191977469642
5194.194194194194 0.046304006190735984
5204.204204204204 0.04600842106571355
5214.214214214214 0.0457151392837579
5224.224224224225 0.045424136157740984
5234.2342342342345 0.04513538742096609
5244.244244244244 0.04484886921895747
5254.254254254254 0.044564558101353915
5264.264264264264 0.04428243101390708
5274.274274274274 0.044002465290586816
5284.284284284285 0.04372463864579358
5294.294294294295 0.043448929166680375
5304.304304304304 0.04317531530558361
5314.314314314314 0.04290377587256532
5324.324324324324 0.0426342900280658
5334.334334334334 0.04236683727566856
5344.344344344345 0.042101397454976985
5354.354354354355 0.04183795073460373
5364.3643643643645 0.0415764776052724
5374.374374374374 0.04131695887303224
5384.384384384384 0.041059375652585335
5394.394394394394 0.04080370936072639
5404.404404404404 0.04054994170989496
5414.414414414415 0.04029805470183974
5424.424424424425 0.0400480306213947
5434.4344344344345 0.03979985203036622
5444.444444444444 0.039553501761531384
5454.454454454454 0.039308962912746374
5464.464464464464 0.039066218841164395
5474.474474474475 0.03882525315756245
5484.484484484485 0.03858604972077649
5494.494494494495 0.03834859263224351
5504.504504504504 0.03811286623065053
5514.514514514514 0.03787885508668874
5524.524524524524 0.037646543997912646
5534.534534534535 0.03741591798370251
5544.544544544545 0.03718696228032963
5554.554554554555 0.03695966233612297
5564.5645645645645 0.036734003806736366
5574.574574574574 0.03650997255051504
5584.584584584584 0.036287554623960216
5594.594594594595 0.03606673627729063
5604.604604604605 0.03584750395010032
5614.614614614615 0.03562984426711015
5624.624624624625 0.035413744034013456
5634.6346346346345 0.03519919023341332
5644.644644644644 0.03498617002085068
5654.654654654654 0.034774670720922184
5664.664664664665 0.034564679823485794
5674.674674674675 0.034356184979953894
5684.684684684685 0.03414917399967145
5694.694694694695 0.03394363484637863
5704.704704704704 0.033739555634756474
5714.714714714714 0.033536924627053905
5724.724724724725 0.03333573022979523
5734.734734734735 0.03313596099056642
5744.744744744745 0.03293760559487893
5754.754754754755 0.03274065286310992
5764.764764764765 0.032545091747517206
5774.774774774774 0.03235091132932795
5784.784784784785 0.032158100815899406
5794.794794794795 0.0319666495379507
5804.804804804805 0.031776546946864145
5814.814814814815 0.03158778261205483
5824.824824824825 0.03140034621840728
5834.8348348348345 0.031214227563777515
5844.844844844845 0.031029416556559872
5854.854854854855 0.03084590321331659
5864.864864864865 0.030663677656469376
5874.874874874875 0.03048273011205147
5884.884884884885 0.030303050907519148
5894.894894894895 0.03012463046962106
5904.9049049049045 0.02994745932232463
5914.914914914915 0.02977152808479798
5924.924924924925 0.029596827469446387
5934.934934934935 0.029423348280001704
5944.944944944945 0.02925108140966425
5954.954954954955 0.029080017839295206
5964.964964964965 0.028910148635659036
5974.974974974975 0.02874146494971439
5984.984984984985 0.02857395801495257
5994.994994994995 0.028407619145782343
6005.005005005005 0.02824243973596004
6015.015015015015 0.028078411257063996
6025.025025025025 0.02791552525701212
6035.035035035035 0.027753773358621472
6045.045045045045 0.027593147258209164
6055.055055055055 0.02743363872423316
6065.065065065065 0.027275239595972323
6075.075075075075 0.02711794178224445
6085.085085085085 0.02696173726016159
6095.0950950950955 0.026806618073921498
6105.105105105105 0.026652576333634402
6115.115115115115 0.02649960421418407
6125.125125125125 0.02634769395412243
6135.135135135135 0.02619683785459675
6145.145145145145 0.026047028278308456
6155.155155155155 0.025898257648502943
6165.1651651651655 0.02575051844798927
6175.175175175175 0.025603803218189263
6185.185185185185 0.02545810455821475
6195.195195195195 0.025313415123972713
6205.205205205205 0.025169727627297075
6215.215215215215 0.025027034835106616
6225.225225225226 0.02488532956858838
6235.235235235235 0.024744604702405464
6245.245245245245 0.024604853163928925
6255.255255255255 0.024466067932492872
6265.265265265265 0.024328242038671916
6275.275275275275 0.02419136856358074
6285.285285285286 0.024055440638194744
6295.295295295296 0.023920451442691303
6305.305305305305 0.023786394205810867
6315.315315315315 0.023653262204237708
6325.325325325325 0.023521048761999095
6335.335335335335 0.023389747249882825
6345.345345345346 0.023259351084872277
6355.355355355356 0.02312985372959862
6365.3653653653655 0.023001248691809386
6375.375375375375 0.022873529523853135
6385.385385385385 0.02274668982217953
6395.395395395395 0.022620723226854413
6405.405405405405 0.02249562342108938
6415.415415415416 0.0223713841307852
6425.425425425426 0.022247999124089056
6435.4354354354355 0.022125462210964432
6445.445445445445 0.022003767242774173
6455.455455455455 0.02188290811187519
6465.465465465465 0.02176287875122545
6475.475475475476 0.021643673134001985
6485.485485485486 0.021525285273230117
6495.495495495496 0.021407709221423075
6505.505505505505 0.021290939070232013
6515.515515515515 0.02117496895010577
6525.525525525525 0.021059793029960198
6535.535535535536 0.020945405516856523
6545.545545545546 0.0208318006556888
6555.555555555556 0.020718972728879438
6565.5655655655655 0.02060691605608333
6575.575575575575 0.020495624993899546
6585.585585585585 0.02038509393559079
6595.595595595596 0.02027531731080998
6605.605605605606 0.020166289585333997
6615.615615615616 0.02005800526080402
6625.625625625626 0.019950458874472384
6635.6356356356355 0.019843644998955697
6645.645645645645 0.01973755824199382
6655.655655655655 0.01963219324621462
6665.665665665666 0.019527544688904264
6675.675675675676 0.01942360728178268
6685.685685685686 0.019320375770784076
6695.695695695696 0.01921784493584243
6705.705705705705 0.019116009590681392
6715.715715715715 0.019014864582608825
6725.725725725726 0.018914404792315487
6735.735735735736 0.01881462513367772
6745.745745745746 0.01871552055356416
6755.755755755756 0.018617086031646114
6765.7657657657655 0.018519316580211352
6775.775775775775 0.018422207243981466
6785.785785785786 0.018325753099932358
6795.795795795796 0.018229949257117805
6805.805805805806 0.018134790856496028
6815.815815815816 0.018040273070758978
6825.825825825826 0.01794639110416435
6835.8358358358355 0.017853140192370106
6845.845845845846 0.017760515602271425
6855.855855855856 0.017668512631839932
6865.865865865866 0.017577126609965146
6875.875875875876 0.0174863528962979
6885.885885885886 0.017396186881095878
6895.895895895896 0.01730662398507091
6905.9059059059055 0.017217659659238074
6915.915915915916 0.0171292893847664
6925.925925925926 0.01704150867283133
6935.935935935936 0.016954313064468454
6945.945945945946 0.016867698130428842
6955.955955955956 0.01678165947103562
6965.965965965966 0.016696192716041853
6975.975975975976 0.01661129352448959
6985.985985985986 0.016526957584570068
6995.995995995996 0.01644318061348491
7006.006006006006 0.01635995835730838
7016.016016016016 0.016277286590850547
7026.026026026026 0.016195161117521298
7036.036036036036 0.016113577769195243
7046.046046046046 0.016032532406077354
7056.056056056056 0.015952020916569283
7066.066066066066 0.015872039217136404
7076.076076076076 0.015792583252175498
7086.086086086086 0.015713648993883004
7096.0960960960965 0.015635232442123823
7106.106106106106 0.015557329624300599
7116.116116116116 0.01547993659522356
7126.126126126126 0.015403049436980717
7136.136136136136 0.01532666425880854
7146.146146146146 0.015250777196962963
7156.156156156156 0.015175384414590754
7166.1661661661665 0.01510048210160125
7176.176176176176 0.01502606647453836
7186.186186186186 0.014952133776452839
7196.196196196196 0.014878680276774846
7206.206206206206 0.014805702271186726
7216.216216216216 0.01473319608149604
7226.226226226227 0.014661158055508713
7236.236236236236 0.014589584566902493
7246.246246246246 0.014518472015100465
7256.256256256256 0.014447816825144804
7266.266266266266 0.01437761544757062
7276.276276276276 0.014307864358279987
7286.286286286287 0.014238560058416044
7296.2962962962965 0.014169699074237251
7306.306306306306 0.01410127795699174
7316.316316316316 0.014033293282791756
7326.326326326326 0.013965741652488201
7336.336336336336 0.013898619691545263
7346.346346346347 0.013831924049915135
7356.356356356357 0.013765651401912835
7366.3663663663665 0.013699798446090998
7376.376376376376 0.013634361905114903
7386.386386386386 0.013569338525637438
7396.396396396396 0.013504725078174226
7406.406406406406 0.01344051835697874
7416.416416416417 0.013376715179917549
7426.426426426427 0.013313312388345632
7436.436436436436 0.013250306846981733
7446.446446446446 0.013187695443783773
7456.456456456456 0.013125475089824432
7466.466466466466 0.01306364271916671
7476.476476476477 0.013002195288739578
7486.486486486487 0.012941129778213808
7496.496496496497 0.012880443189877766
7506.506506506506 0.012820132548513365
7516.516516516516 0.012760194901272115
7526.526526526526 0.012700627317551212
7536.536536536537 0.012641426888869859
7546.546546546547 0.012582590728745548
7556.556556556557 0.012524115972570561
7566.5665665665665 0.012465999777488532
7576.576576576576 0.012408239322271168
7586.586586586586 0.01235083180719511
7596.596596596597 0.012293774453918866
7606.606606606607 0.012237064505360034
7616.616616616617 0.012180699225572472
7626.626626626627 0.012124675899623773
7636.6366366366365 0.012068991833472906
7646.646646646646 0.012013644353847915
7656.656656656657 0.01195863080812391
7666.666666666667 0.011903948564201175
7676.676676676677 0.011849595010383494
7686.686686686687 0.011795567555256669
7696.696696696697 0.011741863627567229
7706.706706706706 0.011688480676101376
7716.716716716716 0.011635416169564138
7726.726726726727 0.011582667596458724
7736.736736736737 0.011530232464966143
7746.746746746747 0.011478108302825064
7756.756756756757 0.011426292657211875
7766.7667667667665 0.011374783094621067
7776.776776776776 0.011323577200745803
7786.786786786787 0.011272672580358828
7796.796796796797 0.011222066857193572
7806.806806806807 0.011171757673825616
7816.816816816817 0.01112174269155437
7826.826826826827 0.011072019590285104
7836.8368368368365 0.011022586068411248
7846.846846846847 0.010973439842696992
7856.856856856857 0.01092457864816025
7866.866866866867 0.010876000237955834
7876.876876876877 0.010827702383259108
7886.886886886887 0.01077968287314984
7896.896896896897 0.01073193951449646
7906.906906906907 0.010684470131840632
7916.916916916917 0.010637272567282221
7926.926926926927 0.010590344680364561
7936.936936936937 0.01054368434796008
7946.946946946947 0.010497289464156383
7956.956956956957 0.010451157940142602
7966.9669669669665 0.010405287704096168
7976.976976976977 0.010359676701069983
7986.986986986987 0.01031432289287995
7996.996996996997 0.010269224257992903
8007.007007007007 0.010224378791414964
8017.017017017017 0.010179784504580227
8027.027027027027 0.010135439425239982
8037.037037037037 0.010091341597352192
8047.047047047047 0.010047489080971552
8057.057057057057 0.010003879952139793
8067.067067067067 0.009960512302776574
8077.077077077077 0.0099173842405707
8087.087087087087 0.009874493888871825
8097.0970970970975 0.009831839386582535
8107.107107107107 0.009789418888050988
8117.117117117117 0.009747230562963847
8127.127127127127 0.009705272596239775
8137.137137137137 0.009663543187923335
8147.147147147147 0.009622040553079367
8157.157157157158 0.009580762921687807
8167.1671671671675 0.009539708538538949
8177.177177177177 0.009498875663129227
8187.187187187187 0.009458262569557426
8197.197197197198 0.00941786754642135
8207.207207207208 0.009377688896715006
8217.217217217218 0.009337724937726232
8227.227227227228 0.00929797400093479
8237.237237237237 0.009258434431910986
8247.247247247247 0.009219104590214735
8257.257257257257 0.009179982849295127
8267.267267267267 0.009141067596390447
8277.277277277277 0.009102357232428743
8287.287287287287 0.009063850171928825
8297.297297297297 0.009025544842901785
8307.307307307306 0.008987439686753007
8317.317317317316 0.00894953315818466
8327.327327327326 0.00891182372509871
8337.337337337336 0.00887430986850041
8347.347347347348 0.008836990082402258
8357.357357357358 0.008799862873728552
8367.367367367367 0.008762926762220326
8377.377377377377 0.008726180280340869
8387.387387387387 0.008689621973181698
8397.397397397397 0.008653250398369084
8407.407407407409 0.008617064125971016
8417.417417417419 0.008581061738404736
8427.427427427428 0.008545241830344726
8437.437437437438 0.008509603008631215
8447.447447447448 0.008474143892179197
8457.457457457458 0.008438863111887974
8467.467467467468 0.008403759310551144
8477.477477477478 0.008368831142767149
8487.487487487488 0.008334077274850311
8497.497497497498 0.008299496384742363
8507.507507507507 0.00826508716192449
8517.517517517517 0.00823084830732989
8527.527527527527 0.008196778533256803
8537.537537537537 0.008162876563282094
8547.547547547547 0.00812914113217527
8557.557557557557 0.008095570985813082
8567.567567567567 0.008062164881094564
8577.577577577576 0.008028921585856582
8587.587587587586 0.007995839878789927
8597.597597597598 0.007962918549355855
8607.607607607608 0.007930156397703165
8617.617617617618 0.007897552234585731
8627.627627627628 0.007865104881280583
8637.637637637637 0.007832813169506448
8647.647647647647 0.007800675941342807
8657.657657657659 0.007768692049149389
8667.667667667669 0.007736860355486292
8677.677677677679 0.007705179733034417
8687.687687687689 0.007673649064516524
8697.697697697698 0.0076422672426187275
8707.707707707708 0.007611033169912495
8717.717717717718 0.00757994575877711
8727.727727727728 0.007549003931322627
8737.737737737738 0.007518206619313335
8747.747747747748 0.007487552764091675
8757.757757757758 0.007457041316502628
8767.767767767768 0.007426671236818607
8777.777777777777 0.0073964414946648465
8787.787787787787 0.0073663510689451804
8797.797797797797 0.0073363989477684
8807.807807807807 0.007306584128375008
8817.817817817817 0.007276905617064483
8827.827827827827 0.007247362429122976
8837.837837837837 0.0072179535887515215
8847.847847847848 0.007188678128994667
8857.857857857858 0.007159535091669597
8867.867867867868 0.007130523527295706
8877.877877877878 0.007101642495024605
8887.887887887888 0.007072891062570641
8897.897897897898 0.0070442683061418265
8907.90790790791 0.007015773310371226
8917.91791791792 0.006987405168248827
8927.927927927929 0.00695916298105381
8937.937937937939 0.006931045858287308
8947.947947947949 0.006903052917605581
8957.957957957959 0.006875183284753659
8967.967967967968 0.006847436093499407
8977.977977977978 0.006819810485568027
8987.987987987988 0.00679230561057701
8997.997997997998 0.006764920625971524
9008.008008008008 0.00673765469696021
9018.018018018018 0.006710506996451428
9028.028028028028 0.006683476704989942
9038.038038038037 0.006656563010693991
9048.048048048047 0.006629765109192821
9058.058058058057 0.0066030822035646275
9068.068068068067 0.006576513504274907
9078.078078078077 0.00655005822911523
9088.088088088087 0.006523715603142442
9098.098098098098 0.006498019451129372
9108.108108108108 0.0064720090882891095
9118.118118118118 0.0064461274206885156
9128.128128128128 0.006420373693201231
9138.138138138138 0.006394747155804214
9148.148148148148 0.006369247063538881
9158.15815815816 0.006343872676472563
9168.16816816817 0.006318623259660339
9178.17817817818 0.0062934980831071
9188.188188188189 0.006268496421730009
9198.198198198199 0.00624361755532124
9208.208208208209 0.006218860768511058
9218.218218218219 0.006194225350731174
9228.228228228229 0.006169710596178412
9238.238238238238 0.006145315803778734
9248.248248248248 0.006121040277151477
9258.258258258258 0.006096883324573963
9268.268268268268 0.006072844258946376
9278.278278278278 0.006048922397756924
9288.288288288288 0.0060251170630473095
9298.298298298298 0.006001427581378485
9308.308308308307 0.00597785328379667
9318.31831831832 0.005954393505799693
9328.328328328329 0.005931047587303589
9338.338338338339 0.005907814872609453
9348.348348348349 0.005884694710370621
9358.358358358359 0.005861686453560069
9368.368368368368 0.0058387894594381295
9378.378378378378 0.005816003089520439
9388.388388388388 0.005793326709546184
9398.398398398398 0.005770759689446559
9408.408408408408 0.005748301403313561
9418.418418418418 0.005725951229368955
9428.428428428428 0.00570370854993358
9438.43843843844 0.005681572751396835
9448.44844844845 0.005659543224186466
9458.458458458459 0.005637619362738589
9468.468468468469 0.00561580056546794
9478.478478478479 0.005594086234738391
9488.488488488489 0.005572475776833723
9498.498498498499 0.005550968601928577
9508.508508508508 0.005529564124059725
9518.518518518518 0.005508261761097526
9528.528528528528 0.005487060934717603
9538.538538538538 0.005465961070372814
9548.548548548548 0.00544496159726538
9558.558558558558 0.005424061948319291
9568.56856856857 0.0054032615601529175
9578.57857857858 0.005382559873051854
9588.58858858859 0.005361956330941968
9598.598598598599 0.005341450381362687
9608.608608608609 0.005321041475440492
9618.618618618619 0.005300729067862634
9628.628628628629 0.005280512616851056
9638.638638638638 0.005260391584136533
9648.648648648648 0.005240365434933019
9658.658658658658 0.005220433637912201
9668.668668668668 0.005200595665178273
9678.678678678678 0.0051808509922428875
9688.68868868869 0.0051611990980003275
9698.6986986987 0.00514163946470289
9708.70870870871 0.005122171577936436
9718.71871871872 0.0051027949265961695
9728.728728728729 0.005083509002862599
9738.738738738739 0.005064313302177682
9748.748748748749 0.005045207323221189
9758.758758758759 0.00502619056788723
9768.768768768768 0.00500726254126098
9778.778778778778 0.004988422751595608
9788.788788788788 0.004969670710289354
9798.798798798798 0.004951005931862836
9808.808808808808 0.0049324279339364886
9818.81881881882 0.004913936237208233
9828.82882882883 0.004895530365431299
9838.83883883884 0.004877209845392204
9848.84884884885 0.0048589742068889585
9858.85885885886 0.004840822982709398
9868.868868868869 0.004822755708609729
9878.878878878879 0.004804771923293205
9888.888888888889 0.004786871168389004
9898.898898898899 0.0047690529884312615
9908.908908908908 0.004751316930838271
9918.918918918918 0.004733662545891848
9928.928928928928 0.004716089386716866
9938.93893893894 0.004698597009260946
9948.94894894895 0.004681184972274317
9958.95895895896 0.004663852837289815
9968.96896896897 0.004646600168603075
9978.97897897898 0.004629426533252846
9988.98898898899 0.00461233150100148
9998.998998998999 0.004595314644315573
10009.009009009009 0.004578375538346755
10019.019019019019 0.004561513760912638
10029.029029029029 0.004544728892477901
10039.039039039038 0.004528020516135542
10049.049049049048 0.004511388217588266
10059.059059059058 0.004494831585130013
10069.06906906907 0.004478350209627654
10079.07907907908 0.004461943684502816
10089.08908908909 0.004445611605713834
10099.0990990991 0.004429353571737877
10109.10910910911 0.0044131691835532
10119.11911911912 0.00439705804462152
10129.129129129129 0.004381019760870549
10139.139139139139 0.004365053940676669
10149.149149149149 0.00434916019484771
10159.159159159159 0.0043333381366059045
10169.169169169169 0.0043175873815709375
10179.179179179178 0.004301907547743158
10189.18918918919 0.004286298255486896
10199.1991991992 0.004270759127513944
10209.20920920921 0.004255289788867114
10219.21921921922 0.004239889866903975
10229.22922922923 0.00422455899128069
10239.23923923924 0.004209296793935987
10249.24924924925 0.00419410290907524
10259.25925925926 0.004178976973154693
10269.269269269269 0.004163918624865799
10279.279279279279 0.0041489275051196685
10289.289289289289 0.004134003257031662
10299.299299299299 0.004119145525906073
10309.309309309308 0.004104353959220957
10319.31931931932 0.0040896282066130545
10329.32932932933 0.004074967919862857
10339.33933933934 0.00406037275287974
10349.34934934935 0.0040458423616872765
10359.35935935936 0.00403137640440861
10369.36936936937 0.004016974541251952
10379.37937937938 0.004002636434496226
10389.38938938939 0.00398836174847676
10399.399399399399 0.00397415014957114
10409.409409409409 0.003960001306185156
10419.419419419419 0.003945914888738841
10429.429429429429 0.003931890569652641
10439.43943943944 0.003917928023333671
10449.44944944945 0.0039040269261620916
10459.45945945946 0.0038901869564775702
10469.46946946947 0.003876407794565872
10479.47947947948 0.00386268912264553
10489.48948948949 0.0038490306248546166
10499.4994994995 0.003835431987237646
10509.50950950951 0.0038218928977325367
10519.51951951952 0.0038084130461576936
10529.52952952953 0.0037949921241991927
10539.539539539539 0.003781629825398048
10549.549549549549 0.00376832584513759
10559.559559559559 0.0037550798806309234
10569.56956956957 0.003741891630908494
10579.57957957958 0.0037287607968057497
10589.58958958959 0.0037156870809508815
10599.5995995996 0.0037026701877526653
10609.60960960961 0.003689709823388403
10619.61961961962 0.0036768056957919397
10629.62962962963 0.003663957514641784
10639.63963963964 0.003651164991349303
10649.64964964965 0.0036384278390470303
10659.65965965966 0.0036257457725770333
10669.669669669669 0.003613118508479387
10679.679679679679 0.0036005457649807334
10689.68968968969 0.003588027261982911
10699.6996996997 0.0035755627210516997
10709.70970970971 0.003563151865405607
10719.71971971972 0.0035507944199047814
10729.72972972973 0.0035384901110399832
10739.73973973974 0.0035262386669216448
10749.74974974975 0.0035140398172690108
10759.75975975976 0.0035018932933993624
10769.76976976977 0.003489798828217318
10779.77977977978 0.0034777561562042243
10789.78978978979 0.0034657650134076023
10799.799799799799 0.0034538251374307046
10809.809809809809 0.003441936267422122
10819.81981981982 0.003430098144065484
10829.82982982983 0.003418310509569227
10839.83983983984 0.0034065731076564475
10849.84984984985 0.0033948856835548193
10859.85985985986 0.0033832479839865934
10869.86986986987 0.0033716597571586695
10879.87987987988 0.0033601207527527398
10889.88988988989 0.003348630721915511
10899.8998998999 0.0033371894172489884
10909.90990990991 0.0033257965928008473
10919.91991991992 0.0033144520040548522
10929.92992992993 0.0033031554079213732
10939.93993993994 0.0032919065627279526
10949.94994994995 0.003280705228209952
10959.95995995996 0.0032695511655012584
10969.96996996997 0.00325844413712507
10979.97997997998 0.00324738390698474
10989.98998998999 0.003236370240354691
11000.0 0.0032254029038714005
