#lamb flux
1000.0 1.7261667495917332e-14
1010.01001001001 2.5973160060141302e-14
1020.0200200200201 3.8750040210498904e-14
1030.03003003003 5.733696166916945e-14
1040.0400400400401 8.416236026785363e-14
1050.05005005005 1.2258105178267423e-13
1060.06006006006 1.771938345435652e-13
1070.07007007007 2.542656099679602e-13
1080.08008008008 3.622686963309511e-13
1090.0900900900901 5.125841947990982e-13
1100.1001001001 7.204016257665875e-13
1110.11011011011 1.005865755449669e-12
1120.1201201201202 1.3955297586924754e-12
1130.13013013013 1.9241858081629657e-12
1140.1401401401401 2.637158048794191e-12
1150.1501501501502 3.593158926517544e-12
1160.16016016016 4.867828218379823e-12
1170.1701701701702 6.5580950907204376e-12
1180.1801801801803 8.78752733198555e-12
1190.1901901901902 1.1712858808223067e-11
1200.2002002002002 1.553191641315146e-11
1210.2102102102103 2.0493201568046448e-11
1220.2202202202202 2.6907418899526853e-11
1230.2302302302303 3.516128630469953e-11
1240.2402402402402 4.573400640731252e-11
1250.2502502502502 5.921682596994528e-11
1260.2602602602603 7.633616568785472e-11
1270.2702702702702 9.798086258573228e-11
1280.2802802802803 1.2523419037263416e-10
1290.2902902902902 1.5941123490886537e-10
1300.3003003003003 2.021024425241121e-10
1310.3103103103103 2.552241558056149e-10
1320.3203203203202 3.2107705073431453e-10
1330.3303303303303 4.024134773996941e-10
1340.3403403403404 5.025147994246736e-10
1350.3503503503503 6.252799244677791e-10
1360.3603603603603 7.753263194722437e-10
1370.3703703703704 9.581049093776378e-10
1380.3803803803803 1.180030366418718e-09
1390.3903903903904 1.4486284084732007e-09
1400.4004004004005 1.7727018386936463e-09
1410.4104104104103 2.1625171743258573e-09
1420.4204204204204 2.6300138295796504e-09
1430.4304304304305 3.189037935035304e-09
1440.4404404404404 3.855602993650371e-09
1450.4504504504505 4.6481796902448935e-09
1460.4604604604606 5.588017286624022e-09
1470.4704704704704 6.699499147441016e-09
1480.4804804804805 8.010535051689782e-09
1490.4904904904906 9.552993050491827e-09
1500.5005005005005 1.1363173732749382e-08
1510.5105105105106 1.3482329855403172e-08
1520.5205205205207 1.5957234383581322e-08
1530.5305305305305 1.8840800066998538e-08
1540.5405405405404 2.2192753751690928e-08
1550.5505505505505 2.6080368689719885e-08
1560.5605605605606 3.057925816303605e-08
1570.5705705705705 3.577423378046503e-08
1580.5805805805805 4.1760231838029644e-08
1590.5905905905906 4.864331115183793e-08
1600.6006006006005 5.654172577889722e-08
1610.6106106106106 6.558707603386159e-08
1620.6206206206207 7.592554118832241e-08
1630.6306306306305 8.771919720336037e-08
1640.6406406406406 1.0114742279524789e-07
1650.6506506506507 1.1640839706808744e-07
1660.6606606606606 1.3372069186556688e-07
1670.6706706706707 1.5332496189662857e-07
1680.6806806806808 1.7548573557666395e-07
1690.6906906906906 2.004933093967638e-07
1700.7007007007007 2.286657492128093e-07
1710.7107107107108 2.6035100170599964e-07
1720.7207207207207 2.959291095183523e-07
1730.7307307307308 3.3581454666806395e-07
1740.7407407407409 3.8045866746481445e-07
1750.7507507507507 4.303522718810767e-07
1760.7607607607606 4.860282892151653e-07
1770.770770770771 5.480645812773817e-07
1780.7807807807808 6.170868660713056e-07
1790.7907907907907 6.937717626719567e-07
1800.8008008008007 7.788499577220187e-07
1810.8108108108108 8.731094936780757e-07
1820.8208208208207 9.773991786425562e-07
1830.8308308308308 1.0926321173150785e-06
1840.8408408408409 1.219789362291976e-06
1850.8508508508507 1.3599236846370326e-06
1860.8608608608608 1.5141634623426907e-06
1870.870870870871 1.6837166850033449e-06
1880.8808808808808 1.8698750727336522e-06
1890.890890890891 2.0740183070906655e-06
1900.900900900901 2.297618371502657e-06
1910.9109109109108 2.5422439984760276e-06
1920.920920920921 2.8095652206475616e-06
1930.930930930931 3.101358022578065e-06
1940.940940940941 3.419509090045602e-06
1950.950950950951 3.766020653489929e-06
1960.960960960961 4.143015422178879e-06
1970.970970970971 4.552741605595107e-06
1980.980980980981 4.997578018455913e-06
1990.9909909909911 5.480039265640484e-06
2001.001001001001 6.0027810030619725e-06
2011.0110110110109 6.568605270123037e-06
2021.0210210210212 7.180465888770656e-06
2031.031031031031 7.841473923255827e-06
2041.0410410410411 8.554903193464748e-06
2051.051051051051 9.324195833123265e-06
2061.061061061061 1.0152967882340339e-05
2071.071071071071 1.1045014901999899e-05
2081.081081081081 1.2004317595652743e-05
2091.091091091091 1.3035047423108719e-05
2101.101101101101 1.4141572189204452e-05
2111.1111111111113 1.5328461591528156e-05
2121.121121121121 1.6600492712375552e-05
2131.131131131131 1.796265544288687e-05
2141.141141141141 1.9420157830901547e-05
2151.151151151151 2.0978431348092747e-05
2161.161161161161 2.2643136075783677e-05
2171.1711711711714 2.442016581187353e-05
2181.1811811811813 2.6315653103e-05
2191.191191191191 2.833597420620449e-05
2201.201201201201 3.0487753982981736e-05
2211.2112112112113 3.277787072602626e-05
2221.221221221221 3.5213460915729476e-05
2231.2312312312315 3.780192390011478e-05
2241.2412412412414 4.055092648889267e-05
2251.2512512512512 4.3468407450042575e-05
2261.261261261261 4.6562581895928834e-05
2271.271271271271 4.98419455454344e-05
2281.2812812812813 5.331527884882207e-05
2291.2912912912916 5.699165096279332e-05
2301.3013013013015 6.088042356432642e-05
2311.3113113113113 6.499125449312484e-05
2321.321321321321 6.933410121374494e-05
2331.331331331331 7.39192240896377e-05
2341.3413413413414 7.875718946231875e-05
2351.3513513513512 8.385887252972567e-05
2361.3613613613616 8.923546001848151e-05
2371.3713713713714 9.489845264530916e-05
2381.3813813813813 0.0001008596673632736
2391.391391391391 0.0001071312393888485
2401.4014014014015 0.00011372562400608849
2411.4114114114113 0.00012065559814443684
2421.4214214214217 0.0001279342617269152
2431.4314314314315 0.00013557503878566172
2441.4414414414414 0.0001435916783420061
2451.4514514514512 0.0001519982550484955
2461.4614614614616 0.0001608091695905222
2471.4714714714714 0.00017003914884544135
2481.4814814814818 0.00017970324579734688
2491.4914914914916 0.00018981683920591045
2501.5015015015015 0.00020039563302798373
2511.5115115115113 0.00021145565559095182
2521.521521521521 0.00022301325851707297
2531.5315315315315 0.00023508511539839307
2541.541541541542 0.000247688220222048
2551.5515515515517 0.0002608398855461223
2561.5615615615616 0.0002745577404264785
2571.5715715715714 0.00028885972809528126
2581.5815815815813 0.00030376410339224717
2591.5915915915916 0.0003192894299498956
2601.6016016016015 0.00033545457713440434
2611.611611611612 0.00035227871674391203
2621.6216216216217 0.00036978131946640593
2631.6316316316315 0.0003879821510995919
2641.6416416416414 0.00040690126853539166
2651.6516516516517 0.0004265590155119946
2661.6616616616616 0.00044697601813659577
2671.671671671672 0.0004681731801822389
2681.6816816816818 0.0004901716781623496
2691.6916916916916 0.0005129929561868606
2701.7017017017015 0.0005366587206039354
2711.711711711712 0.0005611909344315755
2721.7217217217217 0.0005866118115835987
2731.731731731732 0.0006129438108945952
2741.741741741742 0.0006402096299487511
2751.7517517517517 0.0006684321987174723
2761.7617617617616 0.0006976346730110604
2771.7717717717715 0.0007278404277496668
2781.781781781782 0.0007590730500590711
2791.791791791792 0.0007913563321968247
2801.801801801802 0.0008247142643145045
2811.811811811812 0.0008591710270619286
2821.8218218218217 0.0008947509840392456
2831.8318318318316 0.0009314786741029871
2841.841841841842 0.0009693788035321803
2851.851851851852 0.0010084762380607628
2861.861861861862 0.0010487959947825742
2871.871871871872 0.0010903632339352824
2881.881881881882 0.0011332032505696552
2891.8918918918916 0.0011773414661106036
2901.901901901902 0.0012228034198165285
2911.911911911912 0.001269614760143428
2921.921921921922 0.0013178012360204017
2931.931931931932 0.0013673886880429921
2941.941941941942 0.0014184030395910311
2951.9519519519517 0.0014708702878774669
2961.961961961962 0.001524816494934771
2971.971971971972 0.0015802677785454293
2981.9819819819822 0.0016372503031231
2991.991991991992 0.0016957902705507669
3002.002002002002 0.001755913910982559
3012.012012012012 0.0018176474736153992
3022.0220220220217 0.0018810172174370163
3032.032032032032 0.001946055534552941
3042.0420420420423 0.002012775848222169
3052.052052052052 0.002081210800132694
3062.062062062062 0.002151386631934864
3072.072072072072 0.0022233295476415055
3082.0820820820823 0.002297065704310611
3092.092092092092 0.0023726212027523567
3102.102102102102 0.0024500220782662343
3112.1121121121123 0.0025292942914136533
3122.122122122122 0.002610463718831698
3132.132132132132 0.0026935561440933615
3142.1421421421423 0.002778597248619423
3152.152152152152 0.0028656126026471137
3162.162162162162 0.0029546276562607775
3172.1721721721724 0.0030456677304890527
3182.1821821821823 0.003138758008473781
3192.192192192192 0.0032339235267148684
3202.202202202202 0.00333118916639594
3212.2122122122123 0.003430579644795051
3222.222222222222 0.003532119506784591
3232.232232232232 0.0036358331164248157
3242.2422422422424 0.003741744648654747
3252.252252252252 0.003849878081084413
3262.262262262262 0.003960257185892156
3272.2722722722724 0.0040729055218306385
3282.2822822822823 0.004187846426345021
3292.292292292292 0.004305103007806613
3302.3023023023025 0.004424698137865261
3312.3123123123123 0.0045466544439235175
3322.322322322322 0.004670994301735607
3332.3323323323325 0.004797739828133889
3342.3423423423424 0.004926912873885618
3352.352352352352 0.005058535016682551
3362.3623623623625 0.005192627554265744
3372.3723723723724 0.005329211497687857
3382.3823823823823 0.005468307564715343
3392.3923923923926 0.005609936173372217
3402.4024024024025 0.0057541174356275995
3412.4124124124123 0.005900871151228782
3422.4224224224226 0.006050216801681411
3432.4324324324325 0.0062021735443783315
3442.4424424424424 0.006356760206878777
3452.4524524524522 0.006513995281338787
3462.4624624624626 0.006673896919094539
3472.4724724724724 0.006836482925399209
3482.4824824824823 0.007001770754314768
3492.4924924924926 0.007169777503759189
3502.5025025025025 0.007340519910710191
3512.5125125125123 0.007514014346565799
3522.5225225225226 0.007690276812662505
3532.5325325325325 0.00786932293595135
3542.5425425425424 0.008051167964832412
3552.5525525525527 0.008235826765147534
3562.5625625625626 0.008423313816332106
3572.5725725725724 0.008613643207725197
3582.5825825825827 0.008806828635038384
3592.5925925925926 0.009002883396983272
3602.6026026026025 0.00920182039205692
3612.612612612613 0.009403652115485559
3622.6226226226227 0.009608390656325383
3632.6326326326325 0.00981604769472088
3642.642642642643 0.01002663449931905
3652.6526526526527 0.010240161924839786
3662.6626626626626 0.010456640409801132
3672.672672672673 0.01067607997439895
3682.6826826826828 0.010898490218539612
3692.6926926926926 0.011123880320025507
3702.7027027027025 0.011352259032891764
3712.712712712713 0.011583634685893197
3722.7227227227227 0.011818015181140576
3732.7327327327325 0.01205540799288489
3742.742742742743 0.012295820166448085
3752.7527527527527 0.01253925831729952
3762.7627627627626 0.01278572863027601
3772.772772772773 0.01303523685894489
3782.7827827827828 0.013287788325107757
3792.7927927927926 0.013543387918443995
3802.802802802803 0.013802040096292314
3812.812812812813 0.014063748883568544
3822.8228228228227 0.01432851787281795
3832.832832832833 0.014596350224401021
3842.842842842843 0.014867248666810016
3852.8528528528527 0.015141215497115333
3862.862862862863 0.015418252581539152
3872.872872872873 0.015698361356155374
3882.8828828828828 0.01598154282771296
3892.892892892893 0.016267797574581886
3902.902902902903 0.016557125747818396
3912.912912912913 0.016849527072349206
3922.922922922923 0.0171450008482715
3932.932932932933 0.01744354595226671
3942.942942942943 0.017745160839126976
3952.9529529529527 0.018049843543391616
3962.962962962963 0.01835759168109105
3972.972972972973 0.018668402451597198
3982.982982982983 0.018982272639577732
3992.992992992993 0.01929919861705173
4003.003003003003 0.019619176345544928
4013.013013013013 0.019942201378343107
4023.023023023023 0.020268268862839996
4033.033033033033 0.02059737354297911
4043.043043043043 0.02092950976178616
4053.053053053053 0.021264671463990865
4063.063063063063 0.02160285219873516
4073.073073073073 0.02194404512236628
4083.0830830830832 0.022288243001312383
4093.093093093093 0.022635438215038398
4103.103103103103 0.02298562275908003
4113.113113113113 0.023338788248154035
4123.123123123123 0.02369492591934235
4133.133133133133 0.024054026635348006
4143.143143143143 0.024416080887820338
4153.153153153153 0.02478107880074875
4163.163163163163 0.025149010133920666
4173.173173173173 0.025519864286443993
4183.183183183183 0.025893630300329807
4193.193193193193 0.02627029686413526
4203.203203203203 0.02664985231666269
4213.213213213214 0.02703228465071435
4223.223223223224 0.027417581516900002
4233.2332332332335 0.027805730227495776
4243.243243243243 0.028196717760351583
4253.253253253253 0.028590530762845758
4263.263263263263 0.028987155555885148
4273.273273273273 0.029386578137947542
4283.283283283283 0.029788784189165987
4293.293293293293 0.03019375907545181
4303.303303303303 0.0306014878526553
4313.313313313313 0.031011955270761827
4323.323323323323 0.03142514577812115
4333.333333333334 0.0318410435257094
4343.343343343344 0.03225963237141981
4353.353353353354 0.03268089588438274
4363.3633633633635 0.033104817349311276
4373.373373373373 0.03353137977087206
4383.383383383383 0.03396056587807831
4393.393393393393 0.034392358128704614
4403.403403403403 0.03482673871372149
4413.413413413413 0.035263689561746525
4423.423423423424 0.03570319234351371
4433.4334334334335 0.03614522847635514
4443.443443443443 0.03658977912869774
4453.453453453454 0.037036825224570344
4463.463463463464 0.03748634744812082
4473.473473473474 0.03793832624814199
4483.483483483484 0.03839274184260429
4493.493493493494 0.03884957422319367
4503.503503503503 0.03930880315985411
4513.513513513513 0.03977040820533205
4523.523523523523 0.040234368699722904
4533.533533533533 0.04070066377501663
4543.543543543543 0.04116927235964255
4553.553553553554 0.041640173183010824
4563.563563563564 0.042113344780050556
4573.573573573573 0.042588765495741955
4583.583583583584 0.043066413489642685
4593.593593593594 0.04354626674040574
4603.603603603604 0.04402830305028907
4613.613613613614 0.04451250004965486
4623.623623623624 0.04499883520145774
4633.6336336336335 0.045487285805720326
4643.643643643643 0.04597782900399647
4653.653653653653 0.04647044178381862
4663.663663663663 0.04696510098313128
4673.673673673674 0.04746178329470657
4683.683683683684 0.047960465270543706
4693.693693693694 0.048461123326249335
4703.703703703704 0.04896373374539878
4713.713713713714 0.049468272683877074
4723.723723723724 0.04997471617419923
4733.733733733734 0.0504830401298079
4743.743743743744 0.05099322034934916
4753.753753753754 0.05150523252092403
4763.763763763764 0.05201905222631635
4773.773773773773 0.05253465494519445
4783.783783783783 0.05305201605928842
4793.793793793793 0.05357111085653977
4803.803803803804 0.05409191453522387
4813.813813813814 0.05461440220804555
4823.823823823824 0.055138548906204544
4833.833833833834 0.055664329583433335
4843.843843843844 0.05619171912000385
4853.853853853854 0.05672069232670486
4863.863863863864 0.0572512239487876
4873.873873873874 0.05778328866988111
4883.883883883884 0.05831686111587327
4893.893893893894 0.058851915858762725
4903.9039039039035 0.05938842742047439
4913.913913913913 0.059926370276644
4923.923923923924 0.06046571886036806
4933.933933933934 0.0610064475659182
4943.943943943944 0.06154853075242354
4953.953953953955 0.062091942747515054
4963.9639639639645 0.06263665785093687
4973.973973973974 0.06318265033811996
4983.983983983984 0.06372989446372143
4993.993993993994 0.06427836446512566
5004.004004004004 0.0648280345659099
5014.014014014014 0.06537887897927254
5024.024024024024 0.06593087191142433
5034.0340340340335 0.0664839875649411
5044.044044044043 0.06703820014208046
5054.054054054054 0.0675934838480589
5064.064064064064 0.06814981289429174
5074.074074074074 0.06870716150159485
5084.084084084085 0.0692655039033469
5094.0940940940945 0.06982481434861379
5104.104104104104 0.07038506710523434
5114.114114114114 0.07094623646286716
5124.124124124124 0.0715082967359972
5134.134134134134 0.0720712222669054
5144.144144144144 0.07263498742859695
5154.154154154154 0.07319956662769253
5164.1641641641645 0.07376493430727787
5174.174174174174 0.07433106494971584
5184.184184184184 0.07489793307941872
5194.194194194194 0.07546551326558021
5204.204204204204 0.076033780124869
5214.214214214214 0.07660270832408261
5224.224224224225 0.07717227258276194
5234.2342342342345 0.07774244767576634
5244.244244244244 0.07831320843580908
5254.254254254254 0.0788845297559546
5264.264264264264 0.07945638659207532
5274.274274274274 0.08002875396526973
5284.284284284285 0.08060160696424168
5294.294294294295 0.08117492074764092
5304.304304304304 0.08174867054636328
5314.314314314314 0.08232283166581458
5324.324324324324 0.08289737948813296
5334.334334334334 0.08347228947437542
5344.344344344345 0.08404753716666392
5354.354354354355 0.08462309819029373
5364.3643643643645 0.08519894825580493
5374.374374374374 0.08577506316101392
5384.384384384384 0.0863514187930084
5394.394394394394 0.08692799113010426
5404.404404404404 0.08750475624376562
5414.414414414415 0.08808169030048617
5424.424424424425 0.08865876956363544
5434.4344344344345 0.08923597039526611
5444.444444444444 0.08981326925788559
5454.454454454454 0.09039064271619202
5464.464464464464 0.09096806743877184
5474.474474474475 0.09154552019976313
5484.484484484485 0.09212297788048228
5494.494494494495 0.09270041747101503
5504.504504504504 0.09327781607177255
5514.514514514514 0.09385515089501174
5524.524524524524 0.09443239926632148
5534.534534534535 0.09500953862607327
5544.544544544545 0.09558654653083774
5554.554554554555 0.09616340065476771
5564.5645645645645 0.09674007879094662
5574.574574574574 0.09731655885270267
5584.584584584584 0.09789281887489203
5594.594594594595 0.0984688370151453
5604.604604604605 0.09904459155508477
5614.614614614615 0.0996200609015069
5624.624624624625 0.10019522358753245
5634.6346346346345 0.1007700582737261
5644.644644644644 0.10134454374918342
5654.654654654654 0.10191865893258585
5664.664664664665 0.10249238287322561
5674.674674674675 0.1030656947519989
5684.684684684685 0.1036385738823697
5694.694694694695 0.10421099971130117
5704.704704704704 0.10478295182015986
5714.714714714714 0.10535440992558744
5724.724724724725 0.1059253538803452
5734.734734734735 0.10649576367412789
5744.744744744745 0.10706561943435058
5754.754754754755 0.10763490142690461
5764.764764764765 0.10820359005688748
5774.774774774774 0.10877166586930408
5784.784784784785 0.10933910954974004
5794.794794794795 0.10990590192500764
5804.804804804805 0.1104720239637663
5814.814814814815 0.11103745677711412
5824.824824824825 0.11160218161915537
5834.8348348348345 0.11216617988753949
5844.844844844845 0.112729433123977
5854.854854854855 0.11329192301472749
5864.864864864865 0.11385363139106404
5874.874874874875 0.11441454022971281
5884.884884884885 0.11497463165326728
5894.894894894895 0.11553388793057827
5904.9049049049045 0.11609229147712129
5914.914914914915 0.11664982485533942
5924.924924924925 0.11720647077496196
5934.934934934935 0.11776221209330219
5944.944944944945 0.11831703181553134
5954.954954954955 0.1188709130949293
5964.964964964965 0.11942383923311482
5974.974974974975 0.11997579368025332
5984.984984984985 0.12052676003524249
5994.994994994995 0.12107672204587858
6005.005005005005 0.12162566360899911
6015.015015015015 0.1221735687706082
6025.025025025025 0.1227204217259784
6035.035035035035 0.12326620681973498
6045.045045045045 0.12381090854591933
6055.055055055055 0.12435451154803373
6065.065065065065 0.12489700061906567
6075.075075075075 0.12543836070149464
6085.085085085085 0.12597857688728067
6095.0950950950955 0.12651763441783279
6105.105105105105 0.12705551868396117
6115.115115115115 0.12759221522581157
6125.125125125125 0.128127709732781
6135.135135135135 0.12866198804341872
6145.145145145145 0.12919503614530686
6155.155155155155 0.12972684017492836
6165.1651651651655 0.1302573864175157
6175.175175175175 0.13078666130688554
6185.185185185185 0.13131465142525614
6195.195195195195 0.13184134350305063
6205.205205205205 0.13236672441868452
6215.215215215215 0.13289078119833733
6225.225225225226 0.13341350101571176
6235.235235235235 0.13393487119177627
6245.245245245245 0.13445487919449536
6255.255255255255 0.13497351263854426
6265.265265265265 0.13549075928501098
6275.275275275275 0.13600660704108555
6285.285285285286 0.13652104395973477
6295.295295295296 0.13703405823936446
6305.305305305305 0.13754563822347082
6315.315315315315 0.13805577240027692
6325.325325325325 0.13856444940235804
6335.335335335335 0.13907165800625643
6345.345345345346 0.13957738713208223
6355.355355355356 0.14008162584310394
6365.3653653653655 0.14058436334532926
6375.375375375375 0.14108558898707202
6385.385385385385 0.14158529225851105
6395.395395395395 0.1420834627912367
6405.405405405405 0.14258009035778874
6415.415415415416 0.1430751648711826
6425.425425425426 0.1435686763844275
6435.4354354354355 0.14406061509003354
6445.445445445445 0.14455097131951028
6455.455455455455 0.14503973554285635
6465.465465465465 0.14552689836803887
6475.475475475476 0.146012450540466
6485.485485485486 0.14649638294244913
6495.495495495496 0.14697868659265853
6505.505505505505 0.14745935264556911
6515.515515515515 0.14793837239090057
6525.525525525525 0.1484157372530466
6535.535535535536 0.14889143879050057
6545.545545545546 0.14936546869527031
6555.555555555556 0.1498378187922878
6565.5655655655655 0.1503084810388119
6575.575575575575 0.15077744752382344
6585.585585585585 0.15124471046741442
6595.595595595596 0.15171026222017073
6605.605605605606 0.15217409526254874
6615.615615615616 0.15263620220424573
6625.625625625626 0.15309657578356442
6635.6356356356355 0.15355520886677274
6645.645645645645 0.15401209444745692
6655.655655655655 0.1544672256458697
6665.665665665666 0.15492059570827404
6675.675675675676 0.15537219800628144
6685.685685685686 0.15582202603618445
6695.695695695696 0.1562700734182869
6705.705705705705 0.156716333896227
6715.715715715715 0.15716080133629878
6725.725725725726 0.15760346972676714
6735.735735735736 0.15804433317717942
6745.745745745746 0.15848338591767439
6755.755755755756 0.15892062229828682
6765.7657657657655 0.15935603678824717
6775.775775775775 0.15978962397527974
6785.785785785786 0.16022137856489743
6795.795795795796 0.16065129537969192
6805.805805805806 0.1610793693586223
6815.815815815816 0.1615055955563001
6825.825825825826 0.16192996914227212
6835.8358358358355 0.16235248540030012
6845.845845845846 0.16277313972763924
6855.855855855856 0.16319192763431212
6865.865865865866 0.16360884474238305
6875.875875875876 0.16402388678522836
6885.885885885886 0.16443704960680602
6895.895895895896 0.16484832916092254
6905.9059059059055 0.16525772151049947
6915.915915915916 0.16566522282683627
6925.925925925926 0.16607082938887413
6935.935935935936 0.1664745375824567
6945.945945945946 0.16687634389958977
6955.955955955956 0.16727624493770216
6965.965965965966 0.16767423739890136
6975.975975975976 0.16807031808923215
6985.985985985986 0.16846448391793223
6995.995995995996 0.16885673189668832
7006.006006006006 0.1692470591388915
7016.016016016016 0.16963546285889086
7026.026026026026 0.17002194037124863
7036.036036036036 0.17040648908999398
7046.046046046046 0.17078910652787632
7056.056056056056 0.17116979029561957
7066.066066066066 0.1715485381011755
7076.076076076076 0.17192534774897783
7086.086086086086 0.17230021713919594
7096.0960960960965 0.17267314426698907
7106.106106106106 0.17304412722176132
7116.116116116116 0.1734131641864162
7126.126126126126 0.17378025343661238
7136.136136136136 0.17414539334002063
7146.146146146146 0.17450858235557892
7156.156156156156 0.17486981903275178
7166.1661661661665 0.17522910201078812
7176.176176176176 0.17558643001798013
7186.186186186186 0.17594180187092484
7196.196196196196 0.17629521647378396
7206.206206206206 0.1766466728175477
7216.216216216216 0.17699616997929876
7226.226226226227 0.17734370712147585
7236.236236236236 0.17768928349114183
7246.246246246246 0.17803289841924996
7256.256256256256 0.17837455131991453
7266.266266266266 0.17871424168968053
7276.276276276276 0.17905196910679658
7286.286286286287 0.17938773323048907
7296.2962962962965 0.17972153380023762
7306.306306306306 0.18005337063505283
7316.316316316316 0.1803832436327553
7326.326326326326 0.1807111527692571
7336.336336336336 0.1810370980978446
7346.346346346347 0.18136107974846427
7356.356356356357 0.18168309792700932
7366.3663663663665 0.18200315291460903
7376.376376376376 0.1823212450669204
7386.386386386386 0.182637374813421
7396.396396396396 0.182951542656706
7406.406406406406 0.18326374917178584
7416.416416416417 0.18357399500538552
7426.426426426427 0.18388228087524888
7436.436436436436 0.18418860756944344
7446.446446446446 0.18449297594566721
7456.456456456456 0.18479538693056044
7466.466466466466 0.1850958415190166
7476.476476476477 0.18539434077349828
7486.486486486487 0.1856908858233555
7496.496496496497 0.18598547786414593
7506.506506506506 0.18627811815695688
7516.516516516516 0.18656880802773396
7526.526526526526 0.18685754886660647
7536.536536536537 0.1871443421272209
7546.546546546547 0.18742918932607433
7556.556556556557 0.18771209204185194
7566.5665665665665 0.18799305191476645
7576.576576576576 0.1882720706459012
7586.586586586586 0.18854914999655562
7596.596596596597 0.1888242917875941
7606.606606606607 0.18909749789879826
7616.616616616617 0.18936877026821994
7626.626626626627 0.18963811089154067
7636.6366366366365 0.1899055218214316
7646.646646646646 0.19017100516691743
7656.656656656657 0.190434563092743
7666.666666666667 0.19069619781874408
7676.676676676677 0.19095591161921954
7686.686686686687 0.19121370682230876
7696.696696696697 0.1914695858093701
7706.706706706706 0.19172355101436384
7716.716716716716 0.19197560492323942
7726.726726726727 0.19222575007332238
7736.736736736737 0.19247398905270816
7746.746746746747 0.1927203244996574
7756.756756756757 0.19296475910199481
7766.7667667667665 0.19320729559651123
7776.776776776776 0.1934479367683696
7786.786786786787 0.19368668545051324
7796.796796796797 0.19392354452307836
7806.806806806807 0.19415851691280941
7816.816816816817 0.19439160559247748
7826.826826826827 0.1946228135803032
7836.8368368368365 0.19485214393938188
7846.846846846847 0.1950795997771129
7856.856856856857 0.19530518424463097
7866.866866866867 0.1955289005362432
7876.876876876877 0.1957507518888669
7886.886886886887 0.19597074158147335
7896.896896896897 0.19618887293453258
7906.906906906907 0.1964051493094635
7916.916916916917 0.1966195741080864
7926.926926926927 0.19683215077207908
7936.936936936937 0.19704288278243692
7946.946946946947 0.19725177365893495
7956.956956956957 0.1974588269595958
7966.9669669669665 0.19766404628015832
7976.976976976977 0.19786743525355138
7986.986986986987 0.19806899754937174
7996.996996996997 0.1982687368733624
8007.007007007007 0.1984666569668984
8017.017017017017 0.1986627616064723
8027.027027027027 0.1988570546031861
8037.037037037037 0.19904953980224396
8047.047047047047 0.19924022108245176
8057.057057057057 0.19942910235571631
8067.067067067067 0.19961618756655003
8077.077077077077 0.19980148069157966
8087.087087087087 0.19998498573905668
8097.0970970970975 0.2001667067483728
8107.107107107107 0.2003466477895781
8117.117117117117 0.20052481296290126
8127.127127127127 0.20070120639827693
8137.137137137137 0.2008758322548722
8147.147147147147 0.20104869472061976
8157.157157157158 0.20121979801175263
8167.1671671671675 0.20138914637234245
8177.177177177177 0.20155674407384305
8187.187187187187 0.20172259541463394
8197.197197197198 0.2018867047195714
8207.207207207208 0.20204907633953892
8217.217217217218 0.20220971465100382
8227.227227227228 0.20236862405557654
8237.237237237237 0.20252580897957212
8247.247247247247 0.20268127387357637
8257.257257257257 0.2028350232120155
8267.267267267267 0.20298706149272788
8277.277277277277 0.2031373932365403
8287.287287287287 0.20328602298684695
8297.297297297297 0.20343295530919156
8307.307307307306 0.20357819479085335
8317.317317317316 0.20372174604043633
8327.327327327326 0.20386361368746117
8337.337337337336 0.20400380238196153
8347.347347347348 0.20414231679408104
8357.357357357358 0.20427916161367898
8367.367367367367 0.2044143415499313
8377.377377377377 0.20454786133094272
8387.387387387387 0.20467972570335707
8397.397397397397 0.20480993943197223
8407.407407407409 0.20493850729935925
8417.417417417419 0.20506543410548278
8427.427427427428 0.20519072466732638
8437.437437437438 0.20531438381852055
8447.447447447448 0.20543641640897226
8457.457457457458 0.20555682730450167
8467.467467467468 0.20567562138647685
8477.477477477478 0.20579280355145527
8487.487487487488 0.20590837871082746
8497.497497497498 0.20602235179046297
8507.507507507507 0.20613472773036134
8517.517517517517 0.2062455114843029
8527.527527527527 0.20635470801950592
8537.537537537537 0.20646232231628564
8547.547547547547 0.20656835936771528
8557.557557557557 0.20667282417929125
8567.567567567567 0.20677572176860215
8577.577577577576 0.20687705716499724
8587.587587587586 0.20697683540926345
8597.597597597598 0.20707506155329977
8607.607607607608 0.20717174065979807
8617.617617617618 0.20726687780192599
8627.627627627628 0.20736047806301228
8637.637637637637 0.20745254653623596
8647.647647647647 0.20754308832431667
8657.657657657659 0.20763210853921035
8667.667667667669 0.20771961230180602
8677.677677677679 0.20780560474162593
8687.687687687689 0.2078900909965276
8697.697697697698 0.20797307621241165
8707.707707707708 0.20805456554292825
8717.717717717718 0.20813456414919024
8727.727727727728 0.2082130771994853
8737.737737737738 0.20829010986899515
8747.747747747748 0.2083656673395147
8757.757757757758 0.20843975479917254
8767.767767767768 0.20851237744215848
8777.777777777777 0.20858354046845032
8787.787787787787 0.20865324908354532
8797.797797797797 0.20872150849819154
8807.807807807807 0.2087883239281257
8817.817817817817 0.2088537005938111
8827.827827827827 0.20891764372017846
8837.837837837837 0.2089801585363701
8847.847847847848 0.20904125027548615
8857.857857857858 0.20910092417433412
8867.867867867868 0.20915918547317977
8877.877877877878 0.20921603941550154
8887.887887887888 0.2092714912477471
8897.897897897898 0.20932554621909324
8907.90790790791 0.20937820958120662
8917.91791791792 0.2094294865880085
8927.927927927929 0.20947938249544185
8937.937937937939 0.2095279025612395
8947.947947947949 0.209575052044697
8957.957957957959 0.20962083620644556
8967.967967967968 0.2096652603082293
8977.977977977978 0.20970832961268404
8987.987987987988 0.20975004938311817
8997.997997997998 0.20979042488329663
9008.008008008008 0.20982946137722744
9018.018018018018 0.20986716412894885
9028.028028028028 0.20990353840232137
9038.038038038037 0.20993858946081959
9048.048048048047 0.20997232256732873
9058.058058058057 0.21000474298394153
9068.068068068067 0.21003585597175756
9078.078078078077 0.21006566679068692
9088.088088088087 0.2100941806992531
9098.098098098098 0.2101214231130792
9108.108108108108 0.2101473631908354
9118.118118118118 0.21017202285487904
9128.128128128128 0.2101954073646998
9138.138138138138 0.21021752197741658
9148.148148148148 0.21023837194759348
9158.15815815816 0.21025796252705903
9168.16816816817 0.21027629896472821
9178.17817817818 0.21029338650642443
9188.188188188189 0.21030923039470573
9198.198198198199 0.21032383586869158
9208.208208208209 0.2103372081638934
9218.218218218219 0.21034935251204523
9228.228228228229 0.21036027414093764
9238.238238238238 0.21036997827425352
9248.248248248248 0.21037847013140573
9258.258258258258 0.21038575492737605
9268.268268268268 0.21039183787255789
9278.278278278278 0.21039672417259916
9288.288288288288 0.21040041902824835
9298.298298298298 0.21040292763520144
9308.308308308307 0.21040425518395137
9318.31831831832 0.21040440685964007
9328.328328328329 0.21040338784191062
9338.338338338339 0.21040120330476333
9348.348348348349 0.21039785841641256
9358.358358358359 0.21039335833914447
9368.368368368368 0.21038770822917902
9378.378378378378 0.21038091323653177
9388.388388388388 0.210372978504878
9398.398398398398 0.21036390917141956
9408.408408408408 0.2103537103667523
9418.418418418418 0.21034238721473505
9428.428428428428 0.21032994483236217
9438.43843843844 0.21031638832963606
9448.44844844845 0.2103017228094419
9458.458458458459 0.21028595336742473
9468.468468468469 0.2102690850918672
9478.478478478479 0.21025112306356977
9488.488488488489 0.21023207235573235
9498.498498498499 0.21021193803383756
9508.508508508508 0.2101907251555356
9518.518518518518 0.21016843877053096
9528.528528528528 0.21014508392047057
9538.538538538538 0.21012066563883333
9548.548548548548 0.21009518895082196
9558.558558558558 0.21006865887325554
9568.56856856857 0.21004108041446404
9578.57857857858 0.210012458574185
9588.58858858859 0.20998279834346062
9598.598598598599 0.2099521047045369
9608.608608608609 0.2099203826307642
9618.618618618619 0.20988763708650016
9628.628628628629 0.20985387302701258
9638.638638638638 0.2098190953983849
9648.648648648648 0.2097833091374224
9658.658658658658 0.20974651917156104
9668.668668668668 0.209708730418776
9678.678678678678 0.20966994778749373
9688.68868868869 0.20963017617650304
9698.6986986987 0.20958942047486975
9708.70870870871 0.20954768556185113
9718.71871871872 0.20950497630681336
9728.728728728729 0.2094612975691484
9738.738738738739 0.20941665419819358
9748.748748748749 0.20937105103315246
9758.758758758759 0.20932449290301655
9768.768768768768 0.209276984626488
9778.778778778778 0.2092285310119052
9788.788788788788 0.20917913685716724
9798.798798798798 0.2091288069496624
9808.808808808808 0.20907754606619558
9818.81881881882 0.20902535897291846
9828.82882882883 0.20897225042525944
9838.83883883884 0.2089182251678577
9848.84884884885 0.2088632879344941
9858.85885885886 0.20880744344802765
9868.868868868869 0.2087506964203303
9878.878878878879 0.20869305155222442
9888.888888888889 0.20863451353342047
9898.898898898899 0.20857508704245661
9908.908908908908 0.2085147767466392
9918.918918918918 0.20845358730198432
9928.928928928928 0.20839152335316036
9938.93893893894 0.20832858953343228
9948.94894894895 0.20826479046460633
9958.95895895896 0.2082001307569764
9968.96896896897 0.2081346150092709
9978.97897897898 0.20806824780860125
9988.98898898899 0.2080010337304114
9998.998998998999 0.20793297733842778
10009.009009009009 0.2078640831846117
10019.019019019019 0.2077943558091105
10029.029029029029 0.2077237997402126
10039.039039039038 0.20765241949430097
10049.049049049048 0.2075802195758096
10059.059059059058 0.2075072044771792
10069.06906906907 0.20743337867881556
10079.07907907908 0.20735874664904785
10089.08908908909 0.20728331284408813
10099.0990990991 0.2072070817079922
10109.10910910911 0.20713005767262058
10119.11911911912 0.20705224515760134
10129.129129129129 0.20697364857029335
10139.139139139139 0.2068942723057506
10149.149149149149 0.20681412074668734
10159.159159159159 0.20673319826344433
10169.169169169169 0.20665150921395592
10179.179179179178 0.20656905794371738
10189.18918918919 0.20648584878575485
10199.1991991992 0.2064018860605941
10209.20920920921 0.20631717407623076
10219.21921921922 0.20623171712810337
10229.22922922923 0.2061455194990635
10239.23923923924 0.20605858545935016
10249.24924924925 0.20597091926656355
10259.25925925926 0.20588252516563937
10269.269269269269 0.2057934073888247
10279.279279279279 0.20570357015565446
10289.289289289289 0.20561301767292775
10299.299299299299 0.20552175413468707
10309.309309309308 0.20542978372219536
10319.31931931932 0.20533711060391732
10329.32932932933 0.20524373893549805
10339.33933933934 0.2051496728597449
10349.34934934935 0.20505491650660887
10359.35935935936 0.20495947399316744
10369.36936936937 0.20486334942360707
10379.37937937938 0.2047665468892079
10389.38938938939 0.20466907046832755
10399.399399399399 0.2045709242263873
10409.409409409409 0.20447211221585798
10419.419419419419 0.2043726384762452
10429.429429429429 0.2042725070340795
10439.43943943944 0.20417172190290167
10449.44944944945 0.20407028708325323
10459.45945945946 0.2039682065626653
10469.46946946947 0.20386548431564877
10479.47947947948 0.20376212430368437
10489.48948948949 0.2036581304752148
10499.4994994995 0.2035535067656367
10509.50950950951 0.2034482570972925
10519.51951951952 0.20334238537946395
10529.52952952953 0.20323589550836654
10539.539539539539 0.20312879136714315
10549.549549549549 0.2030210768258591
10559.559559559559 0.2029127557414986
10569.56956956957 0.20280383195795962
10579.57957957958 0.20269430930605165
10589.58958958959 0.20258419160349236
10599.5995995996 0.2024734826549065
10609.60960960961 0.20236218625182287
10619.61961961962 0.20225030617267462
10629.62962962963 0.20213784618279787
10639.63963963964 0.20202481003443237
10649.64964964965 0.2019112014667218
10659.65965965966 0.2017970242057151
10669.669669669669 0.20168228196436758
10679.679679679679 0.20156697844254337
10689.68968968969 0.20145111732701856
10699.6996996997 0.2013347022914837
10709.70970970971 0.20121773699654744
10719.71971971972 0.20110022508974054
10729.72972972973 0.20098217020552162
10739.73973973974 0.20086357596528062
10749.74974974975 0.2007444459773451
10759.75975975976 0.20062478383698665
10769.76976976977 0.20050459312642607
10779.77977977978 0.20038387741484162
10789.78978978979 0.2002626402583762
10799.799799799799 0.20014088520014378
10809.809809809809 0.20001861577023936
10819.81981981982 0.19989583548574644
10829.82982982983 0.1997725478507468
10839.83983983984 0.19964875635632914
10849.84984984985 0.19952446448060007
10859.85985985986 0.19939967568869363
10869.86986986987 0.1992743934327819
10879.87987987988 0.1991486211520867
10889.88988988989 0.1990223622728909
10899.8998998999 0.19889562020854956
10909.90990990991 0.19876839835950333
10919.91991991992 0.19864070011329016
10929.92992992993 0.19851252884455872
10939.93993993994 0.1983838879150815
10949.94994994995 0.19825478067376923
10959.95995995996 0.19812521045668363
10969.96996996997 0.19799518058705282
10979.97997997998 0.19786469437528637
10989.98998998999 0.19773375511898916
11000.0 0.19760236610297804
