#lamb flux
1000.0 2.492887365448594e-133
1010.01001001001 1.496298945679987e-131
1020.0200200200201 8.283611216950061e-130
1030.03003003003 4.2396740230589516e-128
1040.0400400400401 2.0106797840169123e-126
1050.05005005005 8.855226272135165e-125
1060.06006006006 3.6292381953920175e-123
1070.07007007007 1.38697586774911e-121
1080.08008008008 4.9522882890065527e-120
1090.0900900900901 1.6551652823050849e-118
1100.1001001001 5.187527582903628e-117
1110.11011011011 1.5272842919868111e-115
1120.1201201201202 4.231063066548016e-114
1130.13013013013 1.1047222719825454e-112
1140.1401401401401 2.7227628873528102e-111
1150.1501501501502 6.344173810893702e-110
1160.16016016016 1.399528192657618e-108
1170.1701701701702 2.92712097467444e-107
1180.1801801801803 5.812225959591674e-106
1190.1901901901902 1.097128706968964e-104
1200.2002002002002 1.9712302611145853e-103
1210.2102102102103 3.3753202128180676e-102
1220.2202202202202 5.514499287428073e-101
1230.2302302302303 8.606161823216907e-100
1240.2402402402402 1.2844226672693229e-98
1250.2502502502502 1.8351377905988734e-97
1260.2602602602603 2.5127196115414673e-96
1270.2702702702702 3.3004419971471204e-95
1280.2802802802803 4.1627207839440883e-94
1290.2902902902902 5.046273099072151e-93
1300.3003003003003 5.885061761648498e-92
1310.3103103103103 6.608523295807957e-91
1320.3203203203202 7.151638288382908e-90
1330.3303303303303 7.464791334718965e-89
1340.3403403403404 7.52130591587649e-88
1350.3503503503503 7.321064839582387e-87
1360.3603603603603 6.889577080307598e-86
1370.3703703703704 6.272928889147364e-85
1380.3803803803803 5.529940760727747e-84
1390.3903903903904 4.723312819104939e-83
1400.4004004004005 3.911507427979516e-82
1410.4104104104103 3.1426755280996485e-81
1420.4204204204204 2.4512718841510773e-80
1430.4304304304305 1.857337346494359e-79
1440.4404404404404 1.36792012597638e-78
1450.4504504504505 9.79844868876585e-78
1460.4604604604606 6.830138470270076e-77
1470.4704704704704 4.6357443130209163e-76
1480.4804804804805 3.065228385584759e-75
1490.4904904904906 1.975553892792605e-74
1500.5005005005005 1.2417116498901164e-73
1510.5105105105106 7.615101381932222e-73
1520.5205205205207 4.558953715377358e-72
1530.5305305305305 2.665601319571854e-71
1540.5405405405404 1.5228822403001798e-70
1550.5505505505505 8.504993273658017e-70
1560.5605605605606 4.645244099204781e-69
1570.5705705705705 2.4823073117875796e-68
1580.5805805805805 1.298362049974959e-67
1590.5905905905906 6.649754324534716e-67
1600.6006006006005 3.3362359220891326e-66
1610.6106106106106 1.6402756576234532e-65
1620.6206206206207 7.905862866054022e-65
1630.6306306306305 3.73691711741593e-64
1640.6406406406406 1.7328657171326345e-63
1650.6506506506507 7.885973895159431e-63
1660.6606606606606 3.523163540672018e-62
1670.6706706706707 1.545759131302719e-61
1680.6806806806808 6.662288678663885e-61
1690.6906906906906 2.8217296008552845e-60
1700.7007007007007 1.1747680522016385e-59
1710.7107107107108 4.809112751046169e-59
1720.7207207207207 1.9363423395677324e-58
1730.7307307307308 7.670593253130721e-58
1740.7407407407409 2.990389709391617e-57
1750.7507507507507 1.1476203402959542e-56
1760.7607607607606 4.336677846906813e-56
1770.770770770771 1.6140566766768737e-55
1780.7807807807808 5.918269526650154e-55
1790.7907907907907 2.1384257877538324e-54
1800.8008008008007 7.615945439531149e-54
1810.8108108108108 2.6741638431064845e-53
1820.8208208208207 9.259526927302732e-53
1830.8308308308308 3.162466971856492e-52
1840.8408408408409 1.0656074572168377e-51
1850.8508508508507 3.543219687747061e-51
1860.8608608608608 1.1628453251100596e-50
1870.870870870871 3.7675612741778026e-50
1880.8808808808808 1.2053209617577144e-49
1890.890890890891 3.808348801902182e-49
1900.900900900901 1.1886339000404556e-48
1910.9109109109108 3.66539559891899e-48
1920.920920920921 1.116958794510285e-47
1930.930930930931 3.364166691350323e-47
1940.940940940941 1.0016609769176298e-46
1950.950950950951 2.9487918134877076e-46
1960.960960960961 8.58466228892777e-46
1970.970970970971 2.4719071882163654e-45
1980.980980980981 7.041149155163504e-45
1990.9909909909911 1.984396718370019e-44
2001.001001001001 5.53422403027038e-44
2011.0110110110109 1.527553987281825e-43
2021.0210210210212 4.173639734300983e-43
2031.031031031031 1.1289573748222526e-42
2041.0410410410411 3.0237694599030376e-42
2051.051051051051 8.020315313250318e-42
2061.061061061061 2.1070153800929885e-41
2071.071071071071 5.483251037678648e-41
2081.081081081081 1.4137161137091586e-40
2091.091091091091 3.6115887758230657e-40
2101.101101101101 9.14331385004243e-40
2111.1111111111113 2.2942162800031625e-39
2121.121121121121 5.706181380580523e-39
2131.131131131131 1.406991013742866e-38
2141.141141141141 3.4397323356166137e-38
2151.151151151151 8.338685543898076e-38
2161.161161161161 2.004754735463814e-37
2171.1711711711714 4.780416537169328e-37
2181.1811811811813 1.130733573571711e-36
2191.191191191191 2.6533418229064413e-36
2201.201201201201 6.177488100844823e-36
2211.2112112112113 1.4271282497822564e-35
2221.221221221221 3.2718409848513695e-35
2231.2312312312315 7.444651634170052e-35
2241.2412412412414 1.6813714979065786e-34
2251.2512512512512 3.7695838462419705e-34
2261.261261261261 8.39027330248114e-34
2271.271271271271 1.854187192984822e-33
2281.2812812812813 4.068805002629723e-33
2291.2912912912916 8.866584325521701e-33
2301.3013013013015 1.9189410414143726e-32
2311.3113113113113 4.124978365630431e-32
2321.321321321321 8.80794830276972e-32
2331.331331331331 1.8683511130005148e-31
2341.3413413413414 3.9374029572049867e-31
2351.3513513513512 8.24451673093202e-31
2361.3613613613616 1.715379602830413e-30
2371.3713713713714 3.546746081453962e-30
2381.3813813813813 7.288015707746875e-30
2391.391391391391 1.4884415951401e-29
2401.4014014014015 3.021558267786827e-29
2411.4114114114113 6.097329330295424e-29
2421.4214214214217 1.2231792863354697e-28
2431.4314314314315 2.4395746861219075e-28
2441.4414414414414 4.8377439801017245e-28
2451.4514514514512 9.539093874608624e-28
2461.4614614614616 1.8704110440318844e-27
2471.4714714714714 3.6472237905217256e-27
2481.4814814814818 7.07314283314709e-27
2491.4914914914916 1.3643188487984388e-26
2501.5015015015015 2.6175867038896823e-26
2511.5115115115113 4.9956945555264026e-26
2521.521521521521 9.484789513633419e-26
2531.5315315315315 1.7915276587585196e-25
2541.541541541542 3.3667424219523624e-25
2551.5515515515517 6.295249616871073e-25
2561.5615615615616 1.1712738204820288e-24
2571.5715715715714 2.1685610833509532e-24
2581.5815815815813 3.995559081652738e-24
2591.5915915915916 7.326569489857712e-24
2601.6016016016015 1.3371039595012018e-23
2611.611611611612 2.4288173539155446e-23
2621.6216216216217 4.3915026684196374e-23
2631.6316316316315 7.903930799692946e-23
2641.6416416416414 1.4161443198956774e-22
2651.6516516516517 2.525972894882596e-22
2661.6616616616616 4.485684085316281e-22
2671.671671671672 7.931023175389059e-22
2681.6816816816818 1.396212993334908e-21
2691.6916916916916 2.4474685456987555e-21
2701.7017017017015 4.272148133252692e-21
2711.711711711712 7.42608084575496e-21
2721.7217217217217 1.2855156633695868e-20
2731.731731731732 2.2162525594054857e-20
2741.741741741742 3.805439858184187e-20
2751.7517517517517 6.508088981379296e-20
2761.7617617617616 1.1086235513223607e-19
2771.7717717717715 1.8811153790793545e-19
2781.781781781782 3.179551981609042e-19
2791.791791791792 5.35369675495072e-19
2801.801801801802 8.980424593667901e-19
2811.811811811812 1.500765721196496e-18
2821.8218218218217 2.498729673902853e-18
2831.8318318318316 4.145082279051006e-18
2841.841841841842 6.8512760962827654e-18
2851.851851851852 1.128368363054022e-17
2861.861861861862 1.8517736598924186e-17
2871.871871871872 3.028298592389594e-17
2881.881881881882 4.9351376868638554e-17
2891.8918918918916 8.015034806551775e-17
2901.901901901902 1.297276846042552e-16
2911.911911911912 2.0926489347168507e-16
2921.921921921922 3.3644313576463215e-16
2931.931931931932 5.391299710657464e-16
2941.941941941942 8.611057834088187e-16
2951.9519519519517 1.370930006260088e-15
2961.961961961962 2.175625425982059e-15
2971.971971971972 3.441732912026919e-15
2981.9819819819822 5.427606297969197e-15
2991.991991991992 8.532796638300671e-15
3002.002002002002 1.3373340560966361e-14
3012.012012012012 2.0896196864320867e-14
3022.0220220220217 3.2552672112518824e-14
3032.032032032032 5.0560475560073627e-14
3042.0420420420423 7.82985208837601e-14
3052.052052052052 1.209000823791923e-13
3062.062062062062 1.8614132127368903e-13
3072.072072072072 2.857685995977238e-13
3082.0820820820823 4.374757057532664e-13
3092.092092092092 6.67841090115449e-13
3102.102102102102 1.0166792983108787e-12
3112.1121121121123 1.5434700479497233e-12
3122.122122122122 2.3368314836301505e-12
3132.132132132132 3.528441984867344e-12
3142.1421421421423 5.313445755484234e-12
3152.152152152152 7.980284035985186e-12
3162.162162162162 1.1954193368633638e-11
3172.1721721721724 1.7860470539280436e-11
3182.1821821821823 2.6616254081950486e-11
3192.192192192192 3.956334282273622e-11
3202.202202202202 5.86599232891e-11
3212.2122122122123 8.675665417725996e-11
3222.222222222222 1.2799325677925664e-10
3232.232232232232 1.8836683772933305e-10
3242.2422422422424 2.7654436465911883e-10
3252.252252252252 4.050214382341819e-10
3262.262262262262 5.91771091054547e-10
3272.2722722722724 8.625843972823105e-10
3282.2822822822823 1.2543855324132262e-09
3292.292292292292 1.8199162832092658e-09
3302.3023023023025 2.6343408013124516e-09
3312.3123123123123 3.804536932550204e-09
3322.322322322322 5.482137996807552e-09
3332.3323323323325 7.881798750325673e-09
3342.3423423423424 1.1306722617123884e-08
3352.352352352352 1.6184259969767602e-08
3362.3623623623625 2.3115444828019415e-08
3372.3723723723724 3.294378184747638e-08
3382.3823823823823 4.685056436072753e-08
3392.3923923923926 6.648668237618942e-08
3402.4024024024025 9.415451493219877e-08
3412.4124124124123 1.3305842634013167e-07
3422.4224224224226 1.8764904481416517e-07
3432.4324324324325 2.640954873638125e-07
3442.4424424424424 3.7093179565585756e-07
3452.4524524524522 5.199401124273027e-07
3462.4624624624626 7.273549478263642e-07
3472.4724724724724 1.015502101173008e-06
3482.4824824824823 1.415024849363165e-06
3492.4924924924926 1.967902097973938e-06
3502.5025025025025 2.7315325405565984e-06
3512.5125125125123 3.7842510386174455e-06
3522.5225225225226 5.232765703762107e-06
3532.5325325325325 7.2221660729051324e-06
3542.5425425425424 9.949366785314886e-06
3552.5525525525527 1.368113356512655e-05
3562.5625625625626 1.8778210275485265e-05
3572.5725725725724 2.5727554894953895e-05
3582.5825825825827 3.518533424091027e-05
3592.5925925925926 4.80341684787452e-05
3602.6026026026025 6.545921687317483e-05
3612.612612612613 8.904913330397805e-05
3622.6226226226227 0.00012092979364102132
3632.6326326326325 0.0001639411356992547
3642.642642642643 0.00022187062138154793
3652.6526526526527 0.00029976094175011256
3662.6626626626626 0.0004043149107151647
3672.672672672673 0.000544427379144795
3682.6826826826828 0.0007318828920688786
3692.6926926926926 0.0009822692728729604
3702.7027027027025 0.0013161720700162413
3712.712712712713 0.0017607337591693134
3722.7227227227227 0.002351685918473782
3732.7327327327325 0.0031359937591485367
3742.742742742743 0.004175292260937372
3752.7527527527527 0.005550344085960861
3762.7627627627626 0.007366814395482723
3772.772772772773 0.009762740413839194
3782.7827827827828 0.012918178779799054
3792.7927927927926 0.017067647311687816
3802.802802802803 0.02251614720736752
3812.812812812813 0.02965976619690021
3822.8228228228227 0.039012134390010764
3832.832832832833 0.05123834703512898
3842.842842842843 0.06719840024928721
3852.8528528528527 0.08800272955940612
3862.862862862863 0.11508312489657287
3872.872872872873 0.15028315439587184
3882.8828828828828 0.19597330626671428
3892.892892892893 0.25519740675919933
3902.902902902903 0.3318585592512974
3912.912912912913 0.43095495677624834
3922.922922922923 0.558878549186594
3932.932932932933 0.7237928214780871
3942.942942942943 0.9361100153144629
3952.9529529529527 1.2090931905547688
3962.962962962963 1.5596148097775049
3972.972972972973 2.009111321232313
3982.982982982983 2.5847828632617778
3992.992992992993 3.321099142998171
4003.003003003003 4.261687275887983
4013.013013013013 5.461695547341883
4023.023023023023 6.990749450230303
4033.033033033033 8.936643907919219
4043.043043043043 11.409949462615334
4053.053053053053 14.54975179088478
4063.063063063063 18.53079489883644
4073.073073073073 23.572360805127524
4083.0830830830832 29.949294930786152
4093.093093093093 38.00567979256126
4103.103103103103 48.17177357966093
4113.113113113113 60.984969173305174
4123.123123123123 77.11569843757458
4133.133133133133 97.39941254244117
4143.143143143143 122.87601934205159
4153.153153153153 154.83846263546366
4163.163163163163 194.89249653952604
4173.173173173173 245.03015446204031
4183.183183183183 307.7199521560894
4193.193193193193 386.01751706282965
4203.203203203203 483.7011243184259
4213.213213213214 605.4375705267997
4223.223223223224 756.9849620265619
4233.2332332332335 945.4403734497449
4243.243243243243 1179.5419907606495
4253.253253253253 1470.0373452395797
4263.263263263263 1830.131635861042
4273.273273273273 2276.0330041467287
4283.283283283283 2827.615059083906
4293.293293293293 3509.2210581539366
4303.303303303303 4350.639061817348
4313.313313313313 5388.2832441581
4323.323323323323 6666.6235404296785
4333.333333333334 8239.914153749321
4343.343343343344 10174.281376673885
4353.353353353354 12550.243001616693
4363.3633633633635 15465.745641493928
4373.373373373373 19039.822963727245
4383.383383383383 23416.99763252415
4393.393393393393 28772.573214720767
4403.403403403403 35318.99008814831
4413.413413413413 43313.452265672575
4423.423423423424 53067.070910737035
4433.4334334334335 64955.81622156071
4443.443443443443 79433.62352828497
4453.453453453454 97048.0633129651
4463.463463463464 118459.06009748722
4473.473473473474 144461.23369723465
4483.483483483484 176010.54047638722
4493.493493493494 214256.01460387083
4503.503503503503 260577.55296471002
4513.513513513513 316630.8558944867
4523.523523523523 384400.8334111521
4533.533533533533 466265.0179160313
4543.543543543543 565068.7949837858
4553.553553553554 684214.5802958657
4563.563563563564 827767.4404404189
4573.573573573573 1000580.086812709
4583.583583583584 1208440.6751471935
4593.593593593594 1458247.429773216
4603.603603603604 1758214.794747981
4613.613613613614 2118116.6088373912
4623.623623623624 2549572.725453683
4633.6336336336335 3066386.5723327403
4643.643643643643 3684942.392183894
4653.653653653653 4424672.3514737245
4663.663663663663 5308605.380571383
4673.673673673674 6364011.549855446
4683.683683683684 7623158.033383819
4693.693693693694 9124195.310550012
4703.703703703704 10912195.25965545
4713.713713713714 13040366.266021566
4723.723723723724 15571474.470272752
4733.733733733734 18579504.898711067
4743.743743743744 22151601.537460327
4753.753753753754 26390331.538066562
4763.763763763764 31416325.791767202
4773.773773773773 37371356.21617492
4783.783783783783 44421919.413671166
4793.793793793793 52763407.058276504
4803.803803803804 62624955.64367064
4813.813813813814 74275082.30271293
4823.823823823824 88028229.54169624
4833.833833833834 104252360.20820983
4843.843843843844 123377765.15601869
4853.853853853854 145907270.25306186
4863.863863863864 172428057.01788154
4873.873873873874 203625342.7387536
4883.883883883884 240298201.96370098
4893.893893893894 283377852.3532782
4903.9039039039035 333948774.7444494
4913.913913913913 393273090.6541677
4923.923923923924 462818681.22490954
4933.933933933934 544291600.7613902
4943.943943943944 639673416.6333079
4953.953953953955 751264196.6643727
4963.9639639639645 881731966.5952823
4973.973973973974 1034169575.3673642
4983.983983983984 1212160036.5943189
4993.993993993994 1419851562.6576707
5004.004004004004 1662043675.6034994
5014.014014014014 1944285968.938086
5024.024024024024 2272991309.3166738
5034.0340340340335 2655565510.1383095
5044.044044044043 3100555783.7150726
5054.054054054054 3617820588.9132824
5064.064064064064 4218723841.3726454
5074.074074074074 4916356848.5178385
5084.084084084085 5725791777.086631
5094.0940940940945 6664370962.951991
5104.104104104104 7752036938.468634
5114.114114114114 9011708689.068197
5124.124124124124 10469710366.892746
5134.134134134134 12156259494.39001
5144.144144144144 14106022595.56112
5154.154154154154 16358747208.74507
5164.1641641641645 18959980375.515514
5174.174174174174 21961884980.02967
5184.184184184184 25424166748.181755
5194.194194194194 29415126324.119717
5204.204204204204 34012852643.07694
5214.214214214214 39306575836.114975
5224.224224224225 45398200158.862785
5234.2342342342345 52404039959.82069
5244.244244244244 60456784524.443405
5254.254254254254 69707720782.3279
5264.264264264264 80329246383.37021
5274.274274274274 92517709575.4853
5284.284284284285 106496616696.6199
5294.294294294295 122520252977.09824
5304.304304304304 140877767789.97778
5314.314314314314 161897781547.83627
5324.324324324324 185953578191.28046
5334.334334334334 213468954721.5603
5344.344344344345 244924807578.4084
5354.354354354355 280866544944.3742
5364.3643643643645 321912424367.92096
5374.374374374374 368762926547.19617
5384.384384384384 422211288825.93494
5394.394394394394 483155336052.7393
5404.404404404404 552610762090.8479
5414.414414414415 631726032595.8591
5424.424424424425 721799098878.6648
5434.4344344344345 824296133932.0876
5444.444444444444 940872525231.8501
5454.454454454454 1073396384957.7368
5464.464464464464 1223974867070.1396
5474.474474474475 1394983612499.415
5484.484484484485 1589099678862.8662
5494.494494494495 1809338349949.4253
5504.504504504504 2059094263068.1892
5514.514514514514 2342187339641.9697
5524.524524524524 2662914056575.5283
5534.534534534535 3026104653413.153
5544.544544544545 3437186933644.4985
5554.554554554555 3902257388282.545
5564.5645645645645 4428160446644.64
5574.574574574574 5022576743790.38
5584.584584584584 5694121387043.497
5594.594594594595 6452453306248.98
5604.604604604605 7308396884768.573
5614.614614614615 8274077191644.291
5624.624624624625 9363070270896.617
5634.6346346346345 10590570092703.787
5644.644644644644 11973573934444.814
5654.654654654654 13531088138629.77
5664.664664664665 15284356391019.428
5674.674674674675 17257112877333.182
5684.684684684685 19475862912580.145
5694.694694694695 21970193895039.23
5704.704704704704 24773119719335.035
5714.714714714714 27921462092029.14
5724.724724724725 31456272531071.637
5734.734734734735 35423299199911.87
5744.744744744745 39873503130792.336
5754.754754754755 44863628832794.84
5764.764764764765 50456834761826.96
5774.774774774774 56723389655424.12
5784.784784784785 63741441308881.05
5794.794794794795 71597864994869.3
5804.804804804805 80389199410894.75
5814.814814814815 90222678782406.22
5824.824824824825 101217370559454.08
5834.8348348348345 113505429026958.22
5844.844844844845 127233476109132.55
5854.854854854855 142564121693826.12
5864.864864864865 159677636939662.62
5874.874874874875 178773795265481.9
5884.884884884885 200073897065820.06
5894.894894894895 223822995657109.22
5904.9049049049045 250292343546197.1
5914.914914914915 279782079836138.75
5924.924924924925 312624181454870.75
5934.934934934935 349185702922702.9
5944.944944944945 389872331576378.75
5954.954954954955 435132287555858.2
5964.964964964965 485460600448479.8
5974.974974974975 541403797290530.2
5984.984984984985 603565039665105.9
5994.994994994995 672609750926119.1
6005.005005005005 749271778140458.2
6015.015015015015 834360137196212.6
6025.025025025025 928766393694680.5
6035.035035035035 1033472736755071.0
6045.045045045045 1149560807736394.8
6055.055055055055 1278221351150977.0
6065.065065065065 1420764760737534.5
6075.075075075075 1578632599810475.0
6085.085085085085 1753410181641371.8
6095.0950950950955 1946840302793362.0
6105.105105105105 2160838230061411.8
6115.115115115115 2397508050010303.0
6125.125125125125 2659160499094098.5
6135.135135135135 2948332402034254.5
6145.145145145145 3267807856578525.0
6155.155155155155 3620641314015105.5
6165.1651651651655 4010182716934063.0
6175.175175175175 4440104868774783.0
6185.185185185185 4914433223737170.0
6195.195195195195 5437578300743993.0
6205.205205205205 6014370941387794.0
6215.215215215215 6650100649269421.0
6225.225225225226 7350557266917297.0
6235.235235235235 8122076266656303.0
6245.245245245245 8971587953481898.0
6255.255255255255 9906670901277318.0
6265.265265265265 1.09356099687167e+16
6275.275275275275 1.2067459268029884e+16
6285.285285285286 1.3312110488600232e+16
6295.295295295296 1.468036700825567e+16
6305.305305305305 1.618402425823981e+16
6315.315315315315 1.7835956843357244e+16
6325.325325325325 1.9650212956855016e+16
6335.335335335335 2.164211667038231e+16
6345.345345345346 2.3828378723055412e+16
6355.355355355356 2.6227216480428704e+16
6365.3653653653655 2.885848378427203e+16
6375.375375375375 3.174381146762329e+16
6385.385385385385 3.4906759366974476e+16
6395.395395395395 3.837298072474814e+16
6405.405405405405 4.217039994086658e+16
6415.415415415416 4.632940470231207e+16
6425.425425425426 5.088305359454513e+16
6435.4354354354355 5.586730037873846e+16
6445.445445445445 6.132123620432019e+16
6455.455455455455 6.728735111770259e+16
6465.465465465465 7.381181632556136e+16
6475.475475475476 8.094478877520915e+16
6485.485485485486 8.87407397256032e+16
6495.495495495496 9.725880910111085e+16
6505.505505505505 1.0656318754647088e+17
6515.515515515515 1.1672352823616806e+17
6525.525525525525 1.2781539063507664e+17
6535.535535535536 1.3992071856026245e+17
6545.545545545546 1.531283550569083e+17
6555.555555555556 1.6753459677502694e+17
6565.5655655655655 1.832437907185604e+17
6575.575575575575 2.0036897643531e+17
6585.585585585585 2.190325769257623e+17
6595.595595595596 2.3936714177172266e+17
6605.605605605606 2.6151614622295795e+17
6615.615615615616 2.856348502321358e+17
6625.625625625626 3.118912216966689e+17
6635.6356356356355 3.404669284509822e+17
6645.645645645645 3.715584038557741e+17
6655.655655655655 4.053779911525736e+17
6665.665665665666 4.421551720938134e+17
6675.675675675676 4.821378857216886e+17
6685.685685685686 5.2559394355430586e+17
6695.695695695696 5.7281254784697024e+17
6705.705705705705 6.241059200302134e+17
6715.715715715715 6.798110468870132e+17
6725.725725725726 7.402915525198729e+17
6735.735735735736 8.059397046763626e+17
6745.745745745746 8.77178564551142e+17
6755.755755755756 9.544642897640851e+17
6765.7657657657655 1.0382886008309432e+18
6775.775775775775 1.1291814220966688e+18
6785.785785785786 1.2277137087929784e+18
6795.795795795796 1.334500472614963e+18
6805.805805805806 1.450204018987075e+18
6815.815815815816 1.57553741001005e+18
6825.825825825826 1.7112681679491604e+18
6835.8358358358355 1.8582222350435146e+18
6845.845845845846 2.017288206388479e+18
6855.855855855856 2.1894218536710226e+18
6865.865865865866 2.3756509586260413e+18
6875.875875875876 2.5770804762292854e+18
6885.885885885886 2.7948980488579855e+18
6895.895895895896 3.030379893932482e+18
6905.9059059059055 3.2848970889085353e+18
6915.915915915916 3.559922278919325e+18
6925.925925925926 3.857036833879558e+18
6935.935935935936 4.1779384834579036e+18
6945.945945945946 4.524449460008142e+18
6955.955955955956 4.898525181326697e+18
6965.965965965966 5.302263506976229e+18
6975.975975975976 5.737914603895628e+18
6985.985985985986 6.207891459097372e+18
6995.995995995996 6.71478107945401e+18
7006.006006006006 7.26135642089051e+18
7016.016016016016 7.85058909174086e+18
7026.026026026026 8.48566287760148e+18
7036.036036036036 9.169988137720371e+18
7046.046046046046 9.907217125818644e+18
7056.056056056056 1.0701260291244347e+19
7066.066066066066 1.1556303619521978e+19
7076.076076076076 1.2476827074692598e+19
7086.086086086086 1.3467624209343826e+19
7096.0960960960965 1.4533823011914473e+19
7106.106106106106 1.5680908064740661e+19
7116.116116116116 1.6914744090385867e+19
7126.126126126126 1.8241600968090776e+19
7136.136136136136 1.9668180306684744e+19
7146.146146146146 2.120164366504413e+19
7156.156156156156 2.2849642516160754e+19
7166.1661661661665 2.462035005612464e+19
7176.176176176176 2.6522494964809454e+19
7186.186186186186 2.856539723084539e+19
7196.196196196196 3.0759006159501505e+19
7206.206206206206 3.31139406884944e+19
7216.216216216216 3.5641532143398654e+19
7226.226226226227 3.835386957136291e+19
7236.236236236236 4.126384779919364e+19
7246.246246246246 4.4385218369575264e+19
7256.256256256256 4.77326435173226e+19
7266.266266266266 5.1321753356015714e+19
7276.276276276276 5.516920645431299e+19
7286.286286286287 5.929275399053652e+19
7296.2962962962965 6.371130768393405e+19
7306.306306306306 6.844501171126778e+19
7316.316316316316 7.3515318828112765e+19
7326.326326326326 7.894507092551539e+19
7336.336336336336 8.475858426445105e+19
7346.346346346347 9.098173964284122e+19
7356.356356356357 9.764207776283902e+19
7366.3663663663665 1.0476890007961674e+20
7376.376376376376 1.1239337542701459e+20
7386.386386386386 1.2054865273028118e+20
7396.396396396396 1.2926998013159608e+20
7406.406406406406 1.3859483087028258e+20
7416.416416416417 1.4856303627661076e+20
7426.426426426427 1.5921692625577856e+20
7436.436436436436 1.706014776572592e+20
7446.446446446446 1.827644709440082e+20
7456.456456456456 1.95756655596374e+20
7466.466466466466 2.0963192470663915e+20
7476.476476476477 2.2444749924229634e+20
7486.486486486487 2.4026412247926823e+20
7496.496496496497 2.5714626513034835e+20
7506.506506506506 2.7516234171942568e+20
7516.516516516516 2.943849387783378e+20
7526.526526526526 3.148910554706212e+20
7536.536536536537 3.367623572751706e+20
7546.546546546547 3.6008544339271175e+20
7556.556556556557 3.849521285692029e+20
7566.5665665665665 4.114597400628433e+20
7576.576576576576 4.3971143051537075e+20
7586.586586586586 4.6981650752374866e+20
7596.596596596597 5.018907807453103e+20
7606.606606606607 5.3605692740784954e+20
7616.616616616617 5.7244487713645933e+20
7626.626626626627 6.111922170506561e+20
7636.6366366366365 6.524446181289519e+20
7646.646646646646 6.963562838834664e+20
7656.656656656657 7.430904224346136e+20
7666.666666666667 7.928197431249738e+20
7676.676676676677 8.457269788631064e+20
7686.686686686687 9.020054354412264e+20
7696.696696696697 9.618595691264783e+20
7706.706706706706 1.0255055938835576e+21
7716.716716716716 1.0931721196465725e+21
7726.726726726727 1.1651008231207366e+21
7736.736736736737 1.241547152660084e+21
7746.746746746747 1.3227810688350715e+21
7756.756756756757 1.409087822374422e+21
7766.7667667667665 1.5007687712395504e+21
7776.776776776776 1.5981422386658007e+21
7786.786786786787 1.7015444140843268e+21
7796.796796796797 1.8113302989212166e+21
7806.806806806807 1.9278746993559106e+21
7816.816816816817 2.0515732682103382e+21
7826.826826826827 2.18284359823319e+21
7836.8368368368365 2.3221263691390821e+21
7846.846846846847 2.4698865508636536e+21
7856.856856856857 2.626614665598082e+21
7866.866866866867 2.792828111276001e+21
7876.876876876877 2.969072549295814e+21
7886.886886886887 3.1559233593798317e+21
7896.896896896897 3.3539871645903047e+21
7906.906906906907 3.5639034296491945e+21
7916.916916916917 3.7863461358375613e+21
7926.926926926927 4.022025535886109e+21
7936.936936936937 4.2716899924073775e+21
7946.946946946947 4.5361279035656645e+21
7956.956956956957 4.816169719831818e+21
7966.9669669669665 5.112690055824954e+21
7976.976976976977 5.426609901406274e+21
7986.986986986987 5.758898936355961e+21
7996.996996996997 6.110577953141239e+21
8007.007007007007 6.482721392459794e+21
8017.017017017017 6.876459996433382e+21
8027.027027027027 7.292983584517258e+21
8037.037037037037 7.733543957392782e+21
8047.047047047047 8.199457934318188e+21
8057.057057057057 8.692110529626796e+21
8067.067067067067 9.212958274285654e+21
8077.077077077077 9.763532688657903e+21
8087.087087087087 1.0345443912849696e+22
8097.0970970970975 1.0960384501272893e+22
8107.107107107107 1.1610133388305059e+22
8117.117117117117 1.2296560032199897e+22
8127.127127127127 1.3021628744670074e+22
8137.137137137137 1.3787403213848025e+22
8147.147147147147 1.4596051228627426e+22
8157.157157157158 1.5449849612687647e+22
8167.1671671671675 1.6351189376816063e+22
8177.177177177177 1.7302581098475071e+22
8187.187187187187 1.8306660537883047e+22
8197.197197197198 1.9366194500240012e+22
8207.207207207208 2.0484086954073734e+22
8217.217217217218 2.1663385416062925e+22
8227.227227227228 2.290728761306838e+22
8237.237237237237 2.42191484325063e+22
8247.247247247247 2.5602487172599973e+22
8257.257257257257 2.706099510447239e+22
8267.267267267267 2.8598543358475295e+22
8277.277277277277 3.0219191147606812e+22
8287.287287287287 3.19271943413218e+22
8297.297297297297 3.3727014403536518e+22
8307.307307307306 3.5623327709110907e+22
8317.317317317316 3.762103525361032e+22
8327.327327327326 3.972527277167073e+22
8337.337337337336 4.194142127985215e+22
8347.347347347348 4.427511806039853e+22
8357.357357357358 4.673226810294103e+22
8367.367367367367 4.931905602173909e+22
8377.377377377377 5.204195846670878e+22
8387.387387387387 5.4907757047097546e+22
8397.397397397397 5.792355178733498e+22
8407.407407407409 6.109677513526681e+22
8417.417417417419 6.443520654366607e+22
8427.427427427428 6.794698764665588e+22
8437.437437437438 7.164063805339977e+22
8447.447447447448 7.552507178218636e+22
8457.457457457458 7.960961435884282e+22
8467.467467467468 8.390402060418641e+22
8477.477477477478 8.841849313609581e+22
8487.487487487488 9.31637016126327e+22
8497.497497497498 9.81508027435188e+22
8507.507507507507 1.0339146109822467e+23
8517.517517517517 1.0889787073981224e+23
8527.527527527527 1.146827777147166e+23
8537.537537537537 1.2075950342957906e+23
8547.547547547547 1.271419689473216e+23
8557.557557557557 1.338447202356924e+23
8567.567567567567 1.4088295440260527e+23
8577.577577577576 1.4827254695370093e+23
8587.587587587586 1.5603008010876956e+23
8597.597597597598 1.6417287221475978e+23
8607.607607607608 1.7271900829443518e+23
8617.617617617618 1.8168737177091948e+23
8627.627627627628 1.9109767740967624e+23
8637.637637637637 2.009705055208408e+23
8647.647647647647 2.11327337466128e+23
8657.657657657659 2.221905925159869e+23
8667.667667667669 2.3358366610413003e+23
8677.677677677679 2.4553096952798822e+23
8687.687687687689 2.58057971145246e+23
8697.697697697698 2.711912391181467e+23
8707.707707707708 2.8495848575882647e+23
8717.717717717718 2.9938861353072522e+23
8727.727727727728 3.145117627626451e+23
8737.737737737738 3.3035936113397225e+23
8747.747747747748 3.46964174991182e+23
8757.757757757758 3.643603625577688e+23
8767.767767767768 3.8258352910153474e+23
8777.777777777777 4.016707841251291e+23
8787.787787787787 4.216608006477999e+23
8797.797797797797 4.4259387664824864e+23
8807.807807807807 4.64511998740766e+23
8817.817817817817 4.874589081587992e+23
8827.827827827827 5.114801691224555e+23
8837.837837837837 5.366232396687091e+23
8847.847847847848 5.6293754502534455e+23
8857.857857857858 5.9047455361217886e+23
8867.867867867868 6.192878557555084e+23
8877.877877877878 6.494332452042131e+23
8887.887887887888 6.809688035387065e+23
8897.897897897898 7.139549875663258e+23
8907.90790790791 7.48454719799773e+23
8917.91791791792 7.845334821177816e+23
8927.927927927929 8.222594127101971e+23
8937.937937937939 8.617034064125243e+23
8947.947947947949 9.029392185380537e+23
8957.957957957959 9.460435723187575e+23
8967.967967967968 9.910962700693447e+23
8977.977977977978 1.038180308192021e+24
8987.987987987988 1.0873819961429735e+24
8997.997997997998 1.1387910794848549e+24
9008.008008008008 1.1925008671532503e+24
9018.018018018018 1.24860836306838e+24
9028.028028028028 1.3072144022272965e+24
9038.038038038037 1.3684237914153524e+24
9048.048048048047 1.4323454546797452e+24
9058.058058058057 1.4990925837116464e+24
9068.068068068067 1.5687827932878167e+24
9078.078078078077 1.641538281926298e+24
9088.088088088087 1.7174859979154986e+24
9098.098098098098 1.7967578152405164e+24
9108.108108108108 1.8794906945661384e+24
9118.118118118118 1.9658268893513001e+24
9128.128128128128 2.0559141205666126e+24
9138.138138138138 2.14990577557676e+24
9148.148148148148 2.2479611099998015e+24
9158.15815815816 2.3502454561806387e+24
9168.16816816817 2.456930438474944e+24
9178.17817817818 2.568194195546261e+24
9188.188188188189 2.6842216098826665e+24
9198.198198198199 2.805204544746413e+24
9208.208208208209 2.9313420887745296e+24
9218.218218218219 3.062840808454459e+24
9228.228228228229 3.1999150087047284e+24
9238.238238238238 3.3427870017963673e+24
9248.248248248248 3.4916873848568406e+24
9258.258258258258 3.646855326204984e+24
9268.268268268268 3.808538860771341e+24
9278.278278278278 3.976995194864698e+24
9288.288288288288 4.1524910205529953e+24
9298.298298298298 4.3353028399327184e+24
9308.308308308307 4.5257172995684804e+24
9318.31831831832 4.7240315353912645e+24
9328.328328328329 4.930553528350844e+24
9338.338338338339 5.145602471126627e+24
9348.348348348349 5.369509146206577e+24
9358.358358358359 5.602616315652992e+24
9368.368368368368 5.845279122882553e+24
9378.378378378378 6.097865506793926e+24
9388.388388388388 6.360756628586378e+24
9398.398398398398 6.634347311620432e+24
9408.408408408408 6.919046494680437e+24
9418.418418418418 7.215277699007048e+24
9428.428428428428 7.523479509478389e+24
9438.43843843844 7.844106070324628e+24
9448.44844844845 8.177627595773715e+24
9458.458458458459 8.524530896032782e+24
9468.468468468469 8.885319919020702e+24
9478.478478478479 9.26051630827661e+24
9488.488488488489 9.650659977479965e+24
9498.498498498499 1.0056309702027946e+25
9508.508508508508 1.0478043728124626e+25
9518.518518518518 1.0916460399851308e+25
9528.528528528528 1.1372178804693507e+25
9538.538538538538 1.184583943801452e+25
9548.548548548548 1.2338104886975742e+25
9558.558558558558 1.2849660534415428e+25
9568.56856856857 1.338121528321019e+25
9578.57857857858 1.3933502301653866e+25
9588.58858858859 1.4507279790403945e+25
9598.598598598599 1.5103331771553468e+25
9608.608608608609 1.5722468900404736e+25
9618.618618618619 1.6365529300528558e+25
9628.628628628629 1.7033379422712012e+25
9638.638638638638 1.77269149284043e+25
9648.648648648648 1.8447061598291236e+25
9658.658658658658 1.919477626663756e+25
9668.668668668668 1.997104778205251e+25
9678.678678678678 2.0776897995350665e+25
9688.68868868869 2.1613382775190246e+25
9698.6986986987 2.2481593052191365e+25
9708.70870870871 2.3382655892248176e+25
9718.71871871872 2.4317735599767434e+25
9728.728728728729 2.5288034851578944e+25
9738.738738738739 2.6294795862282855e+25
9748.748748748749 2.7339301581814452e+25
9758.758758758759 2.842287692601938e+25
9768.768768768768 2.9546890041060536e+25
9778.778778778778 3.0712753602480547e+25
9788.788788788788 3.1921926149774856e+25
9798.798798798798 3.3175913457339938e+25
9808.808808808808 3.4476269942685595e+25
9818.81881881882 3.58246001128111e+25
9828.82882882883 3.7222560049672974e+25
9838.83883883884 3.8671858935692893e+25
9848.84884884885 4.017426062025164e+25
9858.85885885886 4.173158522817487e+25
9868.868868868869 4.3345710811195175e+25
9878.878878878879 4.501857504342782e+25
9888.888888888889 4.6752176961897105e+25
9898.898898898899 4.854857875318817e+25
9908.908908908908 5.0409907587307975e+25
9918.918918918918 5.233835749986649e+25
9928.928928928928 5.433619132371911e+25
9938.93893893894 5.640574267121727e+25
9948.94894894895 5.854941796825636e+25
9958.95895895896 6.076969854132147e+25
9968.96896896897 6.3069142758760285e+25
9978.97897897898 6.54503882275339e+25
9988.98898898899 6.791615404672844e+25
9998.998998998999 7.046924311912731e+25
10009.009009009009 7.311254452217443e+25
10019.019019019019 7.584903593968347e+25
10029.029029029029 7.868178615567913e+25
10039.039039039038 8.161395761177205e+25
10049.049049049048 8.46488090295135e+25
10059.059059059058 8.778969809918813e+25
10069.06906906907 9.104008423653923e+25
10079.07907907908 9.440353140895332e+25
10089.08908908909 9.788371103264719e+25
10099.0990990991 1.014844049424471e+26
10109.10910910911 1.0520950843576538e+26
10119.11911911912 1.0906303339241891e+26
10129.129129129129 1.1304911147196514e+26
10139.139139139139 1.1717199739025701e+26
10149.149149149149 1.2143607227695539e+26
10159.159159159159 1.2584584711576367e+26
10169.169169169169 1.3040596626920277e+26
10179.179179179178 1.351212110897455e+26
10189.18918918919 1.3999650361918661e+26
10199.1991991992 1.4503691037815756e+26
10209.20920920921 1.5024764624772486e+26
10219.21921921922 1.5563407844504895e+26
10229.22922922923 1.6120173059510355e+26
10239.23923923924 1.66956286900526e+26
10249.24924924925 1.72903596411672e+26
10259.25925925926 1.7904967739899143e+26
10269.269269269269 1.8540072182990643e+26
10279.279279279279 1.919630999523786e+26
10289.289289289289 1.9874336498740605e+26
10299.299299299299 2.057482579327459e+26
10309.309309309308 2.129847124801668e+26
10319.31931931932 2.2045986004858854e+26
10329.32932932933 2.281810349355458e+26
10339.33933933934 2.3615577958938927e+26
10349.34934934935 2.4439185000472014e+26
10359.35935935936 2.5289722124360723e+26
10369.36936936937 2.6168009308514254e+26
10379.37937937938 2.7074889580597358e+26
10389.38938938939 2.8011229609446666e+26
10399.399399399399 2.8977920310122518e+26
10409.409409409409 2.9975877462871404e+26
10419.419419419419 3.1006042346279615e+26
10429.429429429429 3.206938238490529e+26
10439.43943943944 3.316689181167567e+26
10449.44944944945 3.4299592345348325e+26
10459.45945945946 3.54685338833349e+26
10469.46946946947 3.66747952101929e+26
10479.47947947948 3.791948472209386e+26
10489.48948948949 3.920374116758899e+26
10499.4994994995 4.0528734404984596e+26
10509.50950950951 4.189566617666025e+26
10519.51951951952 4.330577090066141e+26
10529.52952952953 4.476031647989474e+26
10539.539539539539 4.6260605129278974e+26
10549.549549549549 4.7807974221194835e+26
10559.559559559559 4.940379714958406e+26
10569.56956956957 5.1049484213063896e+26
10579.57957957958 5.274648351741525e+26
10589.58958958959 5.449628189782302e+26
10599.5995995996 5.630040586123644e+26
10609.60960960961 5.816042254924185e+26
10619.61961961962 6.007794072182664e+26
10629.62962962963 6.205461176244143e+26
10639.63963963964 6.409213070475038e+26
10649.64964964965 6.619223728148438e+26
10659.65965965966 6.835671699581028e+26
10669.669669669669 7.058740221563239e+26
10679.679679679679 7.288617329126067e+26
10689.68968968969 7.525495969687261e+26
10699.6996996997 7.769574119620997e+26
10709.70970970971 8.021054903296545e+26
10719.71971971972 8.280146714629764e+26
10729.72972972973 8.547063341195312e+26
10739.73973973974 8.82202409094518e+26
10749.74974974975 9.105253921580929e+26
10759.75975975976 9.396983572629e+26
10769.76976976977 9.697449700266729e+26
10779.77977977978 1.00068950149496e+27
10789.78978978979 1.03255684218898e+27
10799.799799799799 1.0653725164436906e+27
10809.809809809809 1.0991626970413942e+27
10819.81981981982 1.1339542201459179e+27
10829.82982982983 1.1697746005429477e+27
10839.83983983984 1.206652047191837e+27
10849.84984984985 1.2446154790943164e+27
10859.85985985986 1.2836945414858445e+27
10869.86986986987 1.3239196223551883e+27
10879.87987987988 1.3653218692978574e+27
10889.88988988989 1.4079332067094824e+27
10899.8998998999 1.4517863533247953e+27
10909.90990990991 1.496914840108391e+27
10919.91991991992 1.5433530285031412e+27
10929.92992992993 1.5911361290427097e+27
10939.93993993994 1.64030022033416e+27
10949.94994994995 1.6908822684170838e+27
10959.95995995996 1.7429201465057973e+27
10969.96996996997 1.7964526551208975e+27
10979.97997997998 1.8515195426170523e+27
10989.98998998999 1.908161526113336e+27
11000.0 1.9664203128334455e+27
