#lamb flux
1000.0 4.889892843014116e+40
1010.01001001001 4.999520470586498e+40
1020.0200200200201 5.095464749679203e+40
1030.03003003003 5.178287245527478e+40
1040.0400400400401 5.2486337048821975e+40
1050.05005005005 5.307210632369524e+40
1060.06006006006 5.354764761250896e+40
1070.07007007007 5.392065394842211e+40
1080.08008008008 5.419889500022753e+40
1090.0900900900901 5.439009369462716e+40
1100.1001001001 5.45018262887251e+40
1110.11011011011 5.454144344561324e+40
1120.1201201201202 5.451600980294826e+40
1130.13013013013 5.443225956932908e+40
1140.1401401401401 5.429656580346648e+40
1150.1501501501502 5.411492120033979e+40
1160.16016016016 5.389292840619333e+40
1170.1701701701702 5.363579809471428e+40
1180.1801801801803 5.334835324858337e+40
1190.1901901901902 5.3035038295695e+40
1200.2002002002002 5.269993194232204e+40
1210.2102102102103 5.234676272303596e+40
1220.2202202202202 5.197892644757244e+40
1230.2302302302303 5.159950486749472e+40
1240.2402402402402 5.121128501072059e+40
1250.2502502502502 5.081287968024781e+40
1260.2602602602603 5.039515450232689e+40
1270.2702702702702 4.994013373755778e+40
1280.2802802802803 4.94515253227697e+40
1290.2902902902902 4.893284223408476e+40
1300.3003003003003 4.838740083946422e+40
1310.3103103103103 4.781832135201307e+40
1320.3203203203202 4.72285300359159e+40
1330.3303303303303 4.6620762853800345e+40
1340.3403403403404 4.599757027948462e+40
1350.3503503503503 4.536132303309908e+40
1360.3603603603603 4.4714218526242e+40
1370.3703703703704 4.405828783302116e+40
1380.3803803803803 4.3395403028512817e+40
1390.3903903903904 4.272728475937768e+40
1400.4004004004005 4.205550993218855e+40
1410.4104104104103 4.138151942356852e+40
1420.4204204204204 4.0706625732651917e+40
1430.4304304304305 4.003202051081387e+40
1440.4404404404404 3.935878191623579e+40
1450.4504504504505 3.868788175183507e+40
1460.4604604604606 3.8020192354558834e+40
1470.4704704704704 3.735649321216333e+40
1480.4804804804805 3.6697477290529836e+40
1490.4904904904906 3.6043757060431084e+40
1500.5005005005005 3.539587021759088e+40
1510.5105105105106 3.475428509398862e+40
1520.5205205205207 3.411940576175446e+40
1530.5305305305305 3.3491576833777617e+40
1540.5405405405404 3.2871087967397373e+40
1550.5505505505505 3.225817807934163e+40
1560.5605605605606 3.1653039281490806e+40
1570.5705705705705 3.1055820548143437e+40
1580.5805805805805 3.0466631126295603e+40
1590.5905905905906 2.9885543701075464e+40
1600.6006006006005 2.931259732894142e+40
1610.6106106106106 2.8747800151601772e+40
1620.6206206206207 2.819113190388297e+40
1630.6306306306305 2.76425462290026e+40
1640.6406406406406 2.71019728149244e+40
1650.6506506506507 2.6569319365723527e+40
1660.6606606606606 2.604447342219999e+40
1670.6706706706707 2.552730404638719e+40
1680.6806806806808 2.501766338513911e+40
1690.6906906906906 2.451538812868522e+40
1700.7007007007007 2.4020396071363535e+40
1710.7107107107108 2.3532869030340155e+40
1720.7207207207207 2.305254219570753e+40
1730.7307307307308 2.2579098890075037e+40
1740.7407407407409 2.2112225355392294e+40
1750.7507507507507 2.1651610959000412e+40
1760.7607607607606 2.1196948532456219e+40
1770.770770770771 2.0747934869448964e+40
1780.7807807807808 2.0304271413376853e+40
1790.7907907907907 1.9865665169802865e+40
1800.8008008008007 1.943182988399168e+40
1810.8108108108108 1.9002487528908328e+40
1820.8208208208207 1.85773701542138e+40
1830.8308308308308 1.815622215159175e+40
1840.8408408408409 1.773880299569534e+40
1850.8508508508507 1.7324890522442963e+40
1860.8608608608608 1.6914284806402576e+40
1870.870870870871 1.6506812695397237e+40
1880.8808808808808 1.6102333051736409e+40
1890.890890890891 1.570074273379479e+40
1900.900900900901 1.5301983326891873e+40
1910.9109109109108 1.4906048596220327e+40
1920.920920920921 1.4512992584558444e+40
1930.930930930931 1.412293821159162e+40
1940.940940940941 1.3736086148546954e+40
1950.950950950951 1.3352723641636323e+40
1960.960960960961 1.2973232842918892e+40
1970.970970970971 1.2598098083292348e+40
1980.980980980981 1.2227911399244825e+40
1990.9909909909911 1.1863375517423766e+40
2001.001001001001 1.1505303428546177e+40
2011.0110110110109 1.1154613668075738e+40
2021.0210210210212 1.0812320490192533e+40
2031.031031031031 1.0479518295914582e+40
2041.0410410410411 1.0157359969526003e+40
2051.051051051051 9.847029188907211e+39
2061.061061061061 9.549707284111881e+39
2071.071071071071 9.266535781002866e+39
2081.081081081081 8.998576318474995e+39
2091.091091091091 8.746770091104048e+39
2101.101101101101 8.511899266167182e+39
2111.1111111111113 8.2945528929285e+39
2121.121121121121 8.095099631664373e+39
2131.131131131131 7.913669188916266e+39
2141.141141141141 7.750143703114995e+39
2151.151151151151 7.604159561540697e+39
2161.161161161161 7.475119341366015e+39
2171.1711711711714 7.362212847038298e+39
2181.1811811811813 7.26444563769752e+39
2191.191191191191 7.180673048074318e+39
2201.201201201201 7.109637520820017e+39
2211.2112112112113 7.050007077711548e+39
2221.221221221221 7.000412932581275e+39
2231.2312312312315 6.959484549477628e+39
2241.2412412412414 6.925880830079669e+39
2251.2512512512512 6.898316530117303e+39
2261.261261261261 6.875583415617015e+39
2271.271271271271 6.856566043922473e+39
2281.2812812812813 6.840252368622485e+39
2291.2912912912916 6.825739608575498e+39
2301.3013013013015 6.812235985252261e+39
2311.3113113113113 6.799059023532841e+39
2321.321321321321 6.78563113849962e+39
2331.331331331331 6.771473207638973e+39
2341.3413413413414 6.756196768360732e+39
2351.3513513513512 6.739495398440055e+39
2361.3613613613616 6.721135743669623e+39
2371.3713713713714 6.700948562034631e+39
2381.3813813813813 6.678820063845957e+39
2391.391391391391 6.654683746820339e+39
2401.4014014014015 6.628512856371422e+39
2411.4114114114113 6.600313545085404e+39
2421.4214214214217 6.570118761100254e+39
2431.4314314314315 6.537982861785497e+39
2441.4414414414414 6.50397692525231e+39
2451.4514514514512 6.468184716204921e+39
2461.4614614614616 6.43069925290038e+39
2471.4714714714714 6.391619917081626e+39
2481.4814814814818 6.351050047441664e+39
2491.4914914914916 6.309094958427829e+39
2501.5015015015015 6.265860329167918e+39
2511.5115115115113 6.221450911343266e+39
2521.521521521521 6.175969509454652e+39
2531.5315315315315 6.1295161917653e+39
2541.541541541542 6.082187695008053e+39
2551.5515515515517 6.034076990541052e+39
2561.5615615615616 5.985272983922571e+39
2571.5715715715714 5.935860323792142e+39
2581.5815815815813 5.885919299467107e+39
2591.5915915915916 5.835525809790806e+39
2601.6016016016015 5.784751388514695e+39
2611.611611611612 5.733663273887323e+39
2621.6216216216217 5.68232451218726e+39
2631.6316316316315 5.630794086707633e+39
2641.6416416416414 5.579127065209417e+39
2651.6516516516517 5.527374760140125e+39
2661.6616616616616 5.475584896993981e+39
2671.671671671672 5.4238017870955026e+39
2681.6816816816818 5.372066501845561e+39
2691.6916916916916 5.3204170460984053e+39
2701.7017017017015 5.2688885288595253e+39
2711.711711711712 5.217513329923672e+39
2721.7217217217217 5.166321261424629e+39
2731.731731731732 5.115339723555337e+39
2741.741741741742 5.0645938539500306e+39
2751.7517517517517 5.0141066704073115e+39
2761.7617617617616 4.9638992067830125e+39
2771.7717717717715 4.9139906420001043e+39
2781.781781781782 4.8643984222158244e+39
2791.791791791792 4.815138376257733e+39
2801.801801801802 4.7662248244946725e+39
2811.811811811812 4.717670681348749e+39
2821.8218218218217 4.669487551683126e+39
2831.8318318318316 4.621685821319746e+39
2841.841841841842 4.574274741953217e+39
2851.851851851852 4.527262510733081e+39
2861.861861861862 4.480656344788203e+39
2871.871871871872 4.434462550964873e+39
2881.881881881882 4.3886865910452467e+39
2891.8918918918916 4.3433331427058025e+39
2901.901901901902 4.2984061564668406e+39
2911.911911911912 4.2539089088745877e+39
2921.921921921922 4.209844052146957e+39
2931.931931931932 4.166213660503402e+39
2941.941941941942 4.123019273388217e+39
2951.9519519519517 4.080261935785727e+39
2961.961961961962 4.0379422358148914e+39
2971.971971971972 3.996060339780227e+39
2981.9819819819822 3.954616024845586e+39
2991.991991991992 3.913608709487361e+39
3002.002002002002 3.873037481874092e+39
3012.012012012012 3.8329011263103065e+39
3022.0220220220217 3.793198147873676e+39
3032.032032032032 3.7687593067357475e+39
3042.0420420420423 3.727973129020101e+39
3052.052052052052 3.687124565803256e+39
3062.062062062062 3.646360197406793e+39
3072.072072072072 3.605803868823523e+39
3082.0820820820823 3.5655592377502437e+39
3092.092092092092 3.5257121109436226e+39
3102.102102102102 3.486332574088224e+39
3112.1121121121123 3.447476923564258e+39
3122.122122122122 3.409189410644629e+39
3132.132132132132 3.371503809969217e+39
3142.1421421421423 3.3344448248306807e+39
3152.152152152152 3.298029342016154e+39
3162.162162162162 3.2622675488094083e+39
3172.1721721721724 3.2271639243675576e+39
3182.1821821821823 3.1927181171244794e+39
3192.192192192192 3.1589257192008e+39
3202.202202202202 3.12577894806426e+39
3212.2122122122123 3.093267244919962e+39
3222.222222222222 3.0613777985433777e+39
3232.232232232232 3.030096002518963e+39
3242.2422422422424 2.999405853126739e+39
3252.252252252252 2.969290294436787e+39
3262.262262262262 2.9397315165327655e+39
3272.2722722722724 2.9107112121927286e+39
3282.2822822822823 2.8822107968096055e+39
3292.292292292292 2.85421159583411e+39
3302.3023023023025 2.826695003568056e+39
3312.3123123123123 2.7996426167238246e+39
3322.322322322322 2.773036345793638e+39
3332.3323323323325 2.7468585069371715e+39
3342.3423423423424 2.721091896795563e+39
3352.352352352352 2.6957198523704543e+39
3362.3623623623625 2.6707262978662433e+39
3372.3723723723724 2.6460957801789228e+39
3382.3823823823823 2.6218134945234848e+39
3392.3923923923926 2.5978653015218067e+39
3402.4024024024025 2.574237736921208e+39
3412.4124124124123 2.550918014979455e+39
3422.4224224224226 2.5278940264323418e+39
3432.4324324324325 2.505154331853813e+39
3442.4424424424424 2.4826881511242647e+39
3452.4524524524522 2.46048534963899e+39
3462.4624624624626 2.438536421814318e+39
3472.4724724724724 2.4168324723830117e+39
3482.4824824824823 2.3953651959116968e+39
3492.4924924924926 2.3741268549210473e+39
3502.5025025025025 2.353110256942908e+39
3512.5125125125123 2.3323087308073493e+39
3522.5225225225226 2.3117161024158247e+39
3532.5325325325325 2.2913266702238443e+39
3542.5425425425424 2.2711351806274485e+39
3552.5525525525527 2.251136803421663e+39
3562.5625625625626 2.2313271074759476e+39
3572.5725725725724 2.2117020367509388e+39
3582.5825825825827 2.1922578867622797e+39
3592.5925925925926 2.1729912815808586e+39
3602.6026026026025 2.1538991514440596e+39
3612.612612612613 2.1349787110395047e+39
3622.6226226226227 2.1162274385110654e+39
3632.6326326326325 2.0976430552265242e+39
3642.642642642643 2.0792235063370122e+39
3652.6526526526527 2.0609669421501017e+39
3662.6626626626626 2.0428717003311547e+39
3672.672672672673 2.024936288941131e+39
3682.6826826826828 2.007159370313335e+39
3692.6926926926926 1.989539745766609e+39
3702.7027027027025 1.9720763411481436e+39
3712.712712712713 1.9547681931952826e+39
3722.7227227227227 1.9376144367024246e+39
3732.7327327327325 1.9206142924762813e+39
3742.742742742743 1.903767056060454e+39
3752.7527527527527 1.8870720872081854e+39
3762.7627627627626 1.8705288000805634e+39
3772.772772772773 1.8541366541460843e+39
3782.7827827827828 1.837895145756404e+39
3792.7927927927926 1.821803800372329e+39
3802.802802802803 1.805862165413517e+39
3812.812812812813 1.7900698037049542e+39
3822.8228228228227 1.7744262874931218e+39
3832.832832832833 1.758931193004723e+39
3842.842842842843 1.743584095520946e+39
3852.8528528528527 1.728384564940507e+39
3862.862862862863 1.713332161805047e+39
3872.872872872873 1.698426433760943e+39
3882.8828828828828 1.683666912432062e+39
3892.892892892893 1.669053110678716e+39
3902.902902902903 1.6545845202185904e+39
3912.912912912913 1.6402606095862722e+39
3922.922922922923 1.6260808224086707e+39
3932.932932932933 1.6120445759744904e+39
3942.942942942943 1.598151260076652e+39
3952.9529529529527 1.5844002361074558e+39
3962.962962962963 1.570790836387119e+39
3972.972972972973 1.5573223637071227e+39
3982.982982982983 1.5439940910707202e+39
3992.992992992993 1.5308052616137515e+39
4003.003003003003 1.5177550886898183e+39
4013.013013013013 1.504842756104606e+39
4023.023023023023 1.492067418485055e+39
4033.033033033033 1.479428201769827e+39
4043.043043043043 1.4669242038082894e+39
4053.053053053053 1.4545544950560427e+39
4063.063063063063 1.442318119355705e+39
4073.073073073073 1.4302140947924116e+39
4083.0830830830832 1.418241414614162e+39
4093.093093093093 1.4063990482078316e+39
4103.103103103103 1.394685942122256e+39
4113.113113113113 1.383101021130482e+39
4123.123123123123 1.371643189323769e+39
4133.133133133133 1.3603113312305767e+39
4143.143143143143 1.3491043129542525e+39
4153.153153153153 1.3380209833236307e+39
4163.163163163163 1.3270601750512827e+39
4173.173173173173 1.3162207058945645e+39
4183.183183183183 1.3055013798150716e+39
4193.193193193193 1.29490098813249e+39
4203.203203203203 1.2844183106692395e+39
4213.213213213214 1.2740521168826565e+39
4223.223223223224 1.263801166981781e+39
4233.2332332332335 1.253664213026168e+39
4243.243243243243 1.2436400000044023e+39
4253.253253253253 1.233727266890301e+39
4263.263263263263 1.2239247476750218e+39
4273.273273273273 1.214231172373555e+39
4283.283283283283 1.2046452680042795e+39
4293.293293293293 1.1951657595404953e+39
4303.303303303303 1.1857913708329993e+39
4313.313313313313 1.176520825502993e+39
4323.323323323323 1.1673528478047176e+39
4333.333333333334 1.158286163457414e+39
4343.343343343344 1.1493195004463079e+39
4353.353353353354 1.1404515897924471e+39
4363.3633633633635 1.1316811662913454e+39
4373.373373373373 1.1230069692204771e+39
4383.383383383383 1.114427743015768e+39
4393.393393393393 1.1059422379173006e+39
4403.403403403403 1.0975492105845415e+39
4413.413413413413 1.0892474246814466e+39
4423.423423423424 1.0810356514318872e+39
4433.4334334334335 1.072912670145859e+39
4443.443443443443 1.0648772687170106e+39
4453.453453453454 1.0569282440920477e+39
4463.463463463464 1.0490644027126338e+39
4473.473473473474 1.0412845609303751e+39
4483.483483483484 1.0335875453955985e+39
4493.493493493494 1.0259721934205508e+39
4503.503503503503 1.0184373533177386e+39
4513.513513513513 1.0109818847141015e+39
4523.523523523523 1.0036046588417346e+39
4533.533533533533 9.963045588058857e+38
4543.543543543543 9.890804798309403e+38
4553.553553553554 9.819313294851343e+38
4563.563563563564 9.748560278847054e+38
4573.573573573573 9.678535078782122e+38
4583.583583583584 9.609227152117378e+38
4593.593593593594 9.540626086756835e+38
4603.603603603604 9.472721602338546e+38
4613.613613613614 9.405503551355402e+38
4623.623623623624 9.338961920112512e+38
4633.6336336336335 9.273086829528081e+38
4643.643643643643 9.207868535784247e+38
4653.653653653653 9.143297430834295e+38
4663.663663663663 9.079364042772728e+38
4673.673673673674 9.01605903607419e+38
4683.683683683684 8.953373211707434e+38
4693.693693693694 8.89129750713008e+38
4703.703703703704 8.829822996169978e+38
4713.713713713714 8.768940888798776e+38
4723.723723723724 8.708642530803015e+38
4733.733733733734 8.648919403358076e+38
4743.743743743744 8.589763122510176e+38
4753.753753753754 8.531165438571151e+38
4763.763763763764 8.473118235431115e+38
4773.773773773773 8.415613529793302e+38
4783.783783783783 8.358643470335977e+38
4793.793793793793 8.302200336805382e+38
4803.803803803804 8.24627653904418e+38
4813.813813813814 8.190864615959324e+38
4823.823823823824 8.135957234433295e+38
4833.833833833834 8.081547188182432e+38
4843.843843843844 8.02762739656608e+38
4853.853853853854 7.974190903349885e+38
4863.863863863864 7.921230875426775e+38
4873.873873873874 7.86874060149869e+38
4883.883883883884 7.816713490722323e+38
4893.893893893894 7.76514307132166e+38
4903.9039039039035 7.714022989170392e+38
4913.913913913913 7.663347006346748e+38
4923.923923923924 7.613108999663484e+38
4933.933933933934 7.563302959175558e+38
4943.943943943944 7.513922986667766e+38
4953.953953953955 7.464963294124836e+38
4963.9639639639645 7.416418202186044e+38
4973.973973973974 7.368282138586456e+38
4983.983983983984 7.320549636586929e+38
4993.993993993994 7.273215333394653e+38
5004.004004004004 7.226273968576124e+38
5014.014014014014 7.179720382464318e+38
5024.024024024024 7.133549514561641e+38
5034.0340340340335 7.087756401940356e+38
5044.044044044043 7.04233617764187e+38
5054.054054054054 6.997284069076373e+38
5064.064064064064 6.952595396424191e+38
5074.074074074074 6.908265571040097e+38
5084.084084084085 6.86429009386181e+38
5094.0940940940945 6.820664553823902e+38
5104.104104104104 6.777384626278068e+38
5114.114114114114 6.73444607142092e+38
5124.124124124124 6.6918447327302176e+38
5134.134134134134 6.649576535410445e+38
5144.144144144144 6.607637484848616e+38
5154.154154154154 6.566023665081123e+38
5164.1641641641645 6.524731237272369e+38
5174.174174174174 6.48375643820593e+38
5184.184184184184 6.443095578788849e+38
5194.194194194194 6.402745042569777e+38
5204.204204204204 6.362701284271486e+38
5214.214214214214 6.322960828338272e+38
5224.224224224225 6.283520267498819e+38
5234.2342342342345 6.2443762613449206e+38
5244.244244244244 6.205525534926525e+38
5254.254254254254 6.166964877363493e+38
5264.264264264264 6.1286911404743866e+38
5274.274274274274 6.09070123742271e+38
5284.284284284285 6.052992141380775e+38
5294.294294294295 6.015560884211581e+38
5304.304304304304 5.978404555168842e+38
5314.314314314314 5.9415202996154694e+38
5324.324324324324 5.904905317760621e+38
5334.334334334334 5.868556863415544e+38
5344.344344344345 5.832472242768272e+38
5354.354354354355 5.79664881317742e+38
5364.3643643643645 5.761083981985001e+38
5374.374374374374 5.7257752053485166e+38
5384.384384384384 5.690719987092246e+38
5394.394394394394 5.655915877577848e+38
5404.404404404404 5.621360472594246e+38
5414.414414414415 5.587051412266842e+38
5424.424424424425 5.552986379986028e+38
5434.4344344344345 5.519163101354948e+38
5444.444444444444 5.485579343156479e+38
5454.454454454454 5.452232912339432e+38
5464.464464464464 5.419121655023797e+38
5474.474474474475 5.3862434555250245e+38
5484.484484484485 5.3535962353972475e+38
5494.494494494495 5.321177952495281e+38
5504.504504504504 5.2889866000553815e+38
5514.514514514514 5.257020205794526e+38
5524.524524524524 5.225276831028187e+38
5534.534534534535 5.193754569806367e+38
5544.544544544545 5.162451548067805e+38
5554.554554554555 5.131365922812158e+38
5564.5645645645645 5.100495881290012e+38
5574.574574574574 5.069839640210537e+38
5584.584584584584 5.039395444966617e+38
5594.594594594595 5.009161568877232e+38
5604.604604604605 4.9791363124469905e+38
5614.614614614615 4.949318002642482e+38
5624.624624624625 4.9197049921853684e+38
5634.6346346346345 4.8902956588619585e+38
5644.644644644644 4.86108840484903e+38
5654.654654654654 4.832081656055753e+38
5664.664664664665 4.803273861481406e+38
5674.674674674675 4.7746634925888005e+38
5684.684684684685 4.746249042693009e+38
5694.694694694695 4.718029026365343e+38
5704.704704704704 4.690001978852269e+38
5714.714714714714 4.662166455509023e+38
5724.724724724725 4.634521031247743e+38
5734.734734734735 4.607064299999858e+38
5744.744744744745 4.5797948741924935e+38
5754.754754754755 4.552711384238684e+38
5764.764764764765 4.525812478041136e+38
5774.774774774774 4.499096820509343e+38
5784.784784784785 4.4725630930897555e+38
5794.794794794795 4.446209993308837e+38
5804.804804804805 4.4200362343287325e+38
5814.814814814815 4.3940405445153225e+38
5824.824824824825 4.368221667018449e+38
5834.8348348348345 4.342578359364029e+38
5844.844844844845 4.317109393057917e+38
5854.854854854855 4.2918135532011715e+38
5864.864864864865 4.26668963811657e+38
5874.874874874875 4.24173645898615e+38
5884.884884884885 4.216952839499492e+38
5894.894894894895 4.1923376155125645e+38
5904.9049049049045 4.167889634716906e+38
5914.914914914915 4.1436077563188895e+38
5924.924924924925 4.1194908507289e+38
5934.934934934935 4.09553779926013e+38
5944.944944944945 4.0717474938368875e+38
5954.954954954955 4.048118836712077e+38
5964.964964964965 4.024650740193746e+38
5974.974974974975 4.001342126380426e+38
5984.984984984985 3.9781919269050885e+38
5994.994994994995 3.955199082687493e+38
6005.005005005005 3.93236254369474e+38
6015.015015015015 3.909681268709816e+38
6025.025025025025 3.88715422510796e+38
6035.035035035035 3.8647803886406115e+38
6045.045045045045 3.8425587432267905e+38
6055.055055055055 3.820488280751694e+38
6065.065065065065 3.798568000872332e+38
6075.075075075075 3.7767969108300315e+38
6085.085085085085 3.7551740252695916e+38
6095.0950950950955 3.733698366064955e+38
6105.105105105105 3.7123689621511966e+38
6115.115115115115 3.691184849362642e+38
6125.125125125125 3.670145070276983e+38
6135.135135135135 3.649248674065205e+38
6145.145145145145 3.6284947163471395e+38
6155.155155155155 3.607882259052535e+38
6165.1651651651655 3.587410370287421e+38
6175.175175175175 3.567078124205676e+38
6185.185185185185 3.54688460088559e+38
6195.195195195195 3.5268288862113176e+38
6205.205205205205 3.50691007175904e+38
6215.215215215215 3.4871272546877105e+38
6225.225225225226 3.4674795376342485e+38
6235.235235235235 3.447966028613016e+38
6245.245245245245 3.428585840919479e+38
6255.255255255255 3.409338093037892e+38
6265.265265265265 3.390221908552879e+38
6275.275275275275 3.3712364160648042e+38
6285.285285285286 3.35238074910879e+38
6295.295295295296 3.333654046077264e+38
6305.305305305305 3.3150554501459083e+38
6315.315315315315 3.296584109202933e+38
6325.325325325325 3.2782391757815004e+38
6335.335335335335 3.260019806995241e+38
6345.345345345346 3.2419251644767176e+38
6355.355355355356 3.223954414318775e+38
6365.3653653653655 3.2061067270186055e+38
6375.375375375375 3.1883812774245095e+38
6385.385385385385 3.170777244685165e+38
6395.395395395395 3.1532938122014182e+38
6405.405405405405 3.1359301675803903e+38
6415.415415415416 3.118685502591879e+38
6425.425425425426 3.1015590131269676e+38
6435.4354354354355 3.0845498991586927e+38
6445.445445445445 3.0676573647047846e+38
6455.455455455455 3.0508806177922885e+38
6465.465465465465 3.034218870424097e+38
6475.475475475476 3.017671338547225e+38
6485.485485485486 3.0012372420228147e+38
6495.495495495496 2.984915804597746e+38
6505.505505505505 2.968706253877839e+38
6515.515515515515 2.952607821302531e+38
6525.525525525525 2.936619742120986e+38
6535.535535535536 2.920741255369558e+38
6545.545545545546 2.9049716038505778e+38
6555.555555555556 2.889310034112338e+38
6565.5655655655655 2.873755796430293e+38
6575.575575575575 2.858308144789359e+38
6585.585585585585 2.8429663368672885e+38
6595.595595595596 2.8277296340190527e+38
6605.605605605606 2.8125973012621886e+38
6615.615615615616 2.7975686072630505e+38
6625.625625625626 2.7826428243239235e+38
6635.6356356356355 2.767819228370956e+38
6645.645645645645 2.753097098942856e+38
6655.655655655655 2.7384757191803025e+38
6665.665665665666 2.7239543758160627e+38
6675.675675675676 2.7095323591657232e+38
6685.685685685686 2.695208963119035e+38
6695.695695695696 2.680983485131829e+38
6705.705705705705 2.666855226218438e+38
6715.715715715715 2.6528234909446206e+38
6725.725725725726 2.6388875874209508e+38
6735.735735735736 2.625046827296604e+38
6745.745745745746 2.611300525753563e+38
6755.755755755756 2.597648001501173e+38
6765.7657657657655 2.58408857677102e+38
6775.775775775775 2.5706215773121288e+38
6785.785785785786 2.5572463323864274e+38
6795.795795795796 2.543962174764465e+38
6805.805805805806 2.530768440721357e+38
6815.815815815816 2.517664470032931e+38
6825.825825825826 2.504649605972051e+38
6835.8358358358355 2.491723195305102e+38
6845.845845845846 2.4788845882886054e+38
6855.855855855856 2.466133138665958e+38
6865.865865865866 2.4534682036642683e+38
6875.875875875876 2.4408891439912537e+38
6885.885885885886 2.4283953238322317e+38
6895.895895895896 2.4159861108471314e+38
6905.9059059059055 2.403660876167544e+38
6915.915915915916 2.3914189943937794e+38
6925.925925925926 2.3792598435919428e+38
6935.935935935936 2.3671828052909723e+38
6945.945945945946 2.355187264479669e+38
6955.955955955956 2.34327260960368e+38
6965.965965965966 2.3314382325624406e+38
6975.975975975976 2.319683528706043e+38
6985.985985985986 2.3080078968320512e+38
6995.995995995996 2.296410739182214e+38
7006.006006006006 2.284891461439111e+38
7016.016016016016 2.273449472722685e+38
7026.026026026026 2.262084185586674e+38
7036.036036036036 2.2507950160149353e+38
7046.046046046046 2.239581383417641e+38
7056.056056056056 2.2284427106273544e+38
7066.066066066066 2.2173784238949595e+38
7076.076076076076 2.206387952885479e+38
7086.086086086086 2.1954707306737204e+38
7096.0960960960965 2.1846261937397945e+38
7106.106106106106 2.173853781964471e+38
7116.116116116116 2.1631529386243865e+38
7126.126126126126 2.1525231103870825e+38
7136.136136136136 2.141963747305896e+38
7146.146146146146 2.131474302814667e+38
7156.156156156156 2.1210542337222907e+38
7166.1661661661665 2.110703000207097e+38
7176.176176176176 2.1004200658110575e+38
7186.186186186186 2.090204897433817e+38
7196.196196196196 2.0800569653265523e+38
7206.206206206206 2.0699757430856575e+38
7216.216216216216 2.05996070764625e+38
7226.226226226227 2.0500113392754957e+38
7236.236236236236 2.0401271215657696e+38
7246.246246246246 2.0303075414276226e+38
7256.256256256256 2.020552089082583e+38
7266.266266266266 2.0108602580557758e+38
7276.276276276276 2.0012315451683696e+38
7286.286286286287 1.991665450529844e+38
7296.2962962962965 1.9821614775300803e+38
7306.306306306306 1.9727191328312863e+38
7316.316316316316 1.963337926359743e+38
7326.326326326326 1.9540173712973767e+38
7336.336336336336 1.9447569840731726e+38
7346.346346346347 1.9355562843544063e+38
7356.356356356357 1.9264147950377273e+38
7366.3663663663665 1.917332042240049e+38
7376.376376376376 1.9083075552893104e+38
7386.386386386386 1.8993408667150544e+38
7396.396396396396 1.890431512238855e+38
7406.406406406406 1.8815790307645866e+38
7416.416416416417 1.872782964368541e+38
7426.426426426427 1.864042858289397e+38
7436.436436436436 1.855358260918034e+38
7446.446446446446 1.8467287237871978e+38
7456.456456456456 1.8381538015610384e+38
7466.466466466466 1.8296330520244865e+38
7476.476476476477 1.8211660360725055e+38
7486.486486486487 1.8127523176992043e+38
7496.496496496497 1.804391463986816e+38
7506.506506506506 1.796083045094543e+38
7516.516516516516 1.7878266342472924e+38
7526.526526526526 1.779621807724257e+38
7536.536536536537 1.7714681448474086e+38
7546.546546546547 1.7633652279698525e+38
7556.556556556557 1.7553126424640685e+38
7566.5665665665665 1.7473099767100496e+38
7576.576576576576 1.7393568220833165e+38
7586.586586586586 1.7314527729428455e+38
7596.596596596597 1.723597426618868e+38
7606.606606606607 1.715790383400603e+38
7616.616616616617 1.7080312465238565e+38
7626.626626626627 1.70031962215855e+38
7636.6366366366365 1.6926551193961576e+38
7646.646646646646 1.6850373502370395e+38
7656.656656656657 1.6774659295777067e+38
7666.666666666667 1.6699404751979947e+38
7676.676676676677 1.6624606077481599e+38
7686.686686686687 1.6550259507359024e+38
7696.696696696697 1.6476361305133085e+38
7706.706706706706 1.640290776263734e+38
7716.716716716716 1.6329895199886082e+38
7726.726726726727 1.625731996494182e+38
7736.736736736737 1.6185178433782095e+38
7746.746746746747 1.611346701016571e+38
7756.756756756757 1.6042182125498423e+38
7766.7667667667665 1.597132023869808e+38
7776.776776776776 1.5900877836059276e+38
7786.786786786787 1.5830851431117485e+38
7796.796796796797 1.5761237564512756e+38
7806.806806806807 1.5692032803853033e+38
7816.816816816817 1.5623233743576985e+38
7826.826826826827 1.5554837004816527e+38
7836.8368368368365 1.5486839235259e+38
7846.846846846847 1.5419237109008927e+38
7856.856856856857 1.5352027326449645e+38
7866.866866866867 1.528520661410442e+38
7876.876876876877 1.5218771724497585e+38
7886.886886886887 1.5152719436015225e+38
7896.896896896897 1.5087046552765791e+38
7906.906906906907 1.5021749904440438e+38
7916.916916916917 1.4956826346173314e+38
7926.926926926927 1.489227275840161e+38
7936.936936936937 1.4828086046725515e+38
7946.946946946947 1.4764263141768142e+38
7956.956956956957 1.4700800999035327e+38
7966.9669669669665 1.4637696598775333e+38
7976.976976976977 1.4574946945838628e+38
7986.986986986987 1.4512549069537587e+38
7996.996996996997 1.4450500023506155e+38
8007.007007007007 1.438879688555965e+38
8017.017017017017 1.4327436757554473e+38
8027.027027027027 1.4266416765248042e+38
8037.037037037037 1.4205734058158627e+38
8047.047047047047 1.414538580942547e+38
8057.057057057057 1.4085369215668822e+38
8067.067067067067 1.4025681496850262e+38
8077.077077077077 1.3966319896133102e+38
8087.087087087087 1.390728167974298e+38
8097.0970970970975 1.384856413682856e+38
8107.107107107107 1.379016457932257e+38
8117.117117117117 1.3732080341802883e+38
8127.127127127127 1.3674308781353934e+38
8137.137137137137 1.3616847277428302e+38
8147.147147147147 1.3559693231708633e+38
8157.157157157158 1.3502844067969728e+38
8167.1671671671675 1.344629723194096e+38
8177.177177177177 1.3390050191168965e+38
8187.187187187187 1.3334100434880658e+38
8197.197197197198 1.3278445473846543e+38
8207.207207207208 1.3223082840244314e+38
8217.217217217218 1.3168010087522884e+38
8227.227227227228 1.311322479026664e+38
8237.237237237237 1.305872454406019e+38
8247.247247247247 1.3004506965353336e+38
8257.257257257257 1.2950569691326565e+38
8267.267267267267 1.2896910379756797e+38
8277.277277277277 1.2843526708883634e+38
8287.287287287287 1.2790416377275959e+38
8297.297297297297 1.2737577103698942e+38
8307.307307307306 1.2685006626981527e+38
8317.317317317316 1.2632702705884264e+38
8327.327327327326 1.2580663118967676e+38
8337.337337337336 1.2528885664460994e+38
8347.347347347348 1.2477368160131338e+38
8357.357357357358 1.2426108443153498e+38
8367.367367367367 1.2375104369979962e+38
8377.377377377377 1.2324353816211595e+38
8387.387387387387 1.2273854676468731e+38
8397.397397397397 1.2223604864262725e+38
8407.407407407409 1.2173602311868055e+38
8417.417417417419 1.2123844970194892e+38
8427.427427427428 1.2074330808662132e+38
8437.437437437438 1.2025057815071012e+38
8447.447447447448 1.1976023995479166e+38
8457.457457457458 1.1927227374075268e+38
8467.467467467468 1.1878665993054106e+38
8477.477477477478 1.1830337912492262e+38
8487.487487487488 1.178224121022426e+38
8497.497497497498 1.1734373981719312e+38
8507.507507507507 1.1686734339958494e+38
8517.517517517517 1.163932041531258e+38
8527.527527527527 1.1592130355420335e+38
8537.537537537537 1.1545162325067377e+38
8547.547547547547 1.1498414506065572e+38
8557.557557557557 1.1451885097133014e+38
8567.567567567567 1.1405572313774518e+38
8577.577577577576 1.1359474388162666e+38
8587.587587587586 1.1313589569019443e+38
8597.597597597598 1.1267916121498385e+38
8607.607607607608 1.1222452327067332e+38
8617.617617617618 1.1177196483391686e+38
8627.627627627628 1.1132146904218263e+38
8637.637637637637 1.1087301919259727e+38
8647.647647647647 1.1042659874079527e+38
8657.657657657659 1.0998219129977436e+38
8667.667667667669 1.0953978063875702e+38
8677.677677677679 1.090993506820562e+38
8687.687687687689 1.0866088550794828e+38
8697.697697697698 1.0822436934755071e+38
8707.707707707708 1.0778978658370561e+38
8717.717717717718 1.073571217498692e+38
8727.727727727728 1.0692635952900625e+38
8737.737737737738 1.0649748475249108e+38
8747.747747747748 1.0607048239901346e+38
8757.757757757758 1.0564533759349031e+38
8767.767767767768 1.052220356059835e+38
8777.777777777777 1.0480056185062266e+38
8787.787787787787 1.0438090188453394e+38
8797.797797797797 1.0396304140677424e+38
8807.807807807807 1.035469662572714e+38
8817.817817817817 1.031326624157692e+38
8827.827827827827 1.0272011600077893e+38
8837.837837837837 1.0230931326853584e+38
8847.847847847848 1.0190024061196129e+38
8857.857857857858 1.0149288455963066e+38
8867.867867867868 1.0108723177474655e+38
8877.877877877878 1.0068326905411747e+38
8887.887887887888 1.0028098332714233e+38
8897.897897897898 9.988036165480003e+37
8907.90790790791 9.94813912286448e+37
8917.91791791792 9.908405936980702e+37
8927.927927927929 9.868835352799906e+37
8937.937937937939 9.8294261280527e+37
8947.947947947949 9.79017703313074e+37
8957.957957957959 9.751086850988974e+37
8967.967967967968 9.712154377048407e+37
8977.977977977978 9.67337841909938e+37
8987.987987987988 9.634757797205418e+37
8997.997997997998 9.596291343607574e+37
9008.008008008008 9.557977902629314e+37
9018.018018018018 9.51981633058193e+37
9028.028028028028 9.481805495670465e+37
9038.038038038037 9.44394427790017e+37
9048.048048048047 9.406231568983463e+37
9058.058058058057 9.368666272247418e+37
9068.068068068067 9.331247302541735e+37
9078.078078078077 9.293973586147296e+37
9088.088088088087 9.256844060685125e+37
9098.098098098098 9.220964616121894e+37
9108.108108108108 9.184346605685703e+37
9118.118118118118 9.147907629779003e+37
9128.128128128128 9.11164665499177e+37
9138.138138138138 9.075562654747993e+37
9148.148148148148 9.0396546092551e+37
9158.15815815816 9.003921505453752e+37
9168.16816816817 8.968362336968139e+37
9178.17817817818 8.93297610405656e+37
9188.188188188189 8.897761813562487e+37
9198.198198198199 8.86271847886598e+37
9208.208208208209 8.827845119835558e+37
9218.218218218219 8.79314076278039e+37
9228.228228228229 8.758604440402881e+37
9238.238238238238 8.724235191751709e+37
9248.248248248248 8.690032062175148e+37
9258.258258258258 8.65599410327482e+37
9268.268268268268 8.622120372859848e+37
9278.278278278278 8.588409934901288e+37
9288.288288288288 8.554861859487018e+37
9298.298298298298 8.521475222776952e+37
9308.308308308307 8.488249106958594e+37
9318.31831831832 8.455182600202995e+37
9328.328328328329 8.422274796621053e+37
9338.338338338339 8.389524796220111e+37
9348.348348348349 8.356931704860973e+37
9358.358358358359 8.324494634215224e+37
9368.368368368368 8.292212701722915e+37
9378.378378378378 8.260085030550569e+37
9388.388388388388 8.228110749549529e+37
9398.398398398398 8.196288993214642e+37
9408.408408408408 8.16461890164327e+37
9418.418418418418 8.133099620494623e+37
9428.428428428428 8.101730300949439e+37
9438.43843843844 8.070510099669954e+37
9448.44844844845 8.03943817876022e+37
9458.458458458459 8.008513705726713e+37
9468.468468468469 7.977735853439275e+37
9478.478478478479 7.947103800092362e+37
9488.488488488489 7.916616729166595e+37
9498.498498498499 7.886273829390599e+37
9508.508508508508 7.856074294703207e+37
9518.518518518518 7.826017324215899e+37
9528.528528528528 7.796102122175541e+37
9538.538538538538 7.7663278979274805e+37
9548.548548548548 7.736693865878867e+37
9558.558558558558 7.7071992454622975e+37
9568.56856856857 7.677843261099738e+37
9578.57857857858 7.648625142166751e+37
9588.58858858859 7.619544122956961e+37
9598.598598598599 7.590599442646852e+37
9608.608608608609 7.561790345260803e+37
9618.618618618619 7.533116079636422e+37
9628.628628628629 7.504575899390154e+37
9638.638638638638 7.476169062883132e+37
9648.648648648648 7.447894833187329e+37
9658.658658658658 7.419752478051972e+37
9668.668668668668 7.391741269870194e+37
9678.678678678678 7.36386048564598e+37
9688.68868868869 7.336109406961343e+37
9698.6986986987 7.308487319943797e+37
9708.70870870871 7.280993515234032e+37
9718.71871871872 7.253627287953881e+37
9728.728728728729 7.226387937674538e+37
9738.738738738739 7.199274768384993e+37
9748.748748748749 7.172287088460761e+37
9758.758758758759 7.145424210632805e+37
9768.768768768768 7.118685451956731e+37
9778.778778778778 7.092070133782231e+37
9788.788788788788 7.065577581722724e+37
9798.798798798798 7.0392071256253e+37
9808.808808808808 7.012958099540811e+37
9818.81881881882 6.986829841694274e+37
9828.82882882883 6.960821694455483e+37
9838.83883883884 6.934933004309788e+37
9848.84884884885 6.909163121829207e+37
9858.85885885886 6.883511401643661e+37
9868.868868868869 6.857977202412521e+37
9878.878878878879 6.832559886796293e+37
9888.888888888889 6.807258821428584e+37
9898.898898898899 6.782073376888254e+37
9908.908908908908 6.757002927671795e+37
9918.918918918918 6.732046852165918e+37
9928.928928928928 6.707204532620353e+37
9938.93893893894 6.682475355120856e+37
9948.94894894895 6.657858709562444e+37
9958.95895895896 6.633353989622797e+37
9968.96896896897 6.608960592735908e+37
9978.97897897898 6.584677920065897e+37
9988.98898898899 6.560505376481064e+37
9998.998998998999 6.536442370528109e+37
10009.009009009009 6.5124883144065715e+37
10019.019019019019 6.488642623943448e+37
10029.029029029029 6.4649047185680315e+37
10039.039039039038 6.441274021286911e+37
10049.049049049048 6.41774995865919e+37
10059.059059059058 6.394331960771869e+37
10069.06906906907 6.371019461215445e+37
10079.07907907908 6.347811897059687e+37
10089.08908908909 6.324708708829563e+37
10099.0990990991 6.301709340481417e+37
10109.10910910911 6.278813239379267e+37
10119.11911911912 6.256019856271317e+37
10129.129129129129 6.233328645266639e+37
10139.139139139139 6.210739063812036e+37
10149.149149149149 6.18825057266906e+37
10159.159159159159 6.165862635891245e+37
10169.169169169169 6.14357472080148e+37
10179.179179179178 6.121386297969564e+37
10189.18918918919 6.099296841189923e+37
10199.1991991992 6.077305827459534e+37
10209.20920920921 6.055412736955946e+37
10219.21921921922 6.033617053015538e+37
10229.22922922923 6.011918262111902e+37
10239.23923923924 5.990315853834398e+37
10249.24924924925 5.968809320866873e+37
10259.25925925926 5.947398158966544e+37
10269.269269269269 5.926081866943034e+37
10279.279279279279 5.904859946637564e+37
10289.289289289289 5.883731902902319e+37
10299.299299299299 5.862697243579935e+37
10309.309309309308 5.841755479483188e+37
10319.31931931932 5.82090612437479e+37
10329.32932932933 5.800148694947384e+37
10339.33933933934 5.779482710803613e+37
10349.34934934935 5.758907694436442e+37
10359.35935935936 5.7384231712095405e+37
10369.36936936937 5.718028669337854e+37
10379.37937937938 5.697723719868318e+37
10389.38938938939 5.6775078566607e+37
10399.399399399399 5.657380616368598e+37
10409.409409409409 5.637341538420594e+37
10419.419419419419 5.6173901650015035e+37
10429.429429429429 5.5975260410338235e+37
10439.43943943944 5.577748714159266e+37
10449.44944944945 5.558057734720473e+37
10459.45945945946 5.538452655742833e+37
10469.46946946947 5.518933032916454e+37
10479.47947947948 5.499498424578265e+37
10489.48948948949 5.48014839169424e+37
10499.4994994995 5.460882497841784e+37
10509.50950950951 5.441700309192208e+37
10519.51951951952 5.422601394493369e+37
10529.52952952953 5.40358532505242e+37
10539.539539539539 5.384651674718696e+37
10549.549549549549 5.365800019866725e+37
10559.559559559559 5.34702993937936e+37
10569.56956956957 5.328341014631035e+37
10579.57957957958 5.309732829471172e+37
10589.58958958959 5.291204970207656e+37
10599.5995995996 5.272757025590486e+37
10609.60960960961 5.254388586795521e+37
10619.61961961962 5.236099247408341e+37
10629.62962962963 5.217888603408244e+37
10639.63963963964 5.199756253152341e+37
10649.64964964965 5.181701797359798e+37
10659.65965965966 5.163724839096156e+37
10669.669669669669 5.145824983757793e+37
10679.679679679679 5.12800183905649e+37
10689.68968968969 5.110255015004114e+37
10699.6996996997 5.092584123897416e+37
10709.70970970971 5.074988780302925e+37
10719.71971971972 5.057468601041968e+37
10729.72972972973 5.0400232051758e+37
10739.73973973974 5.022652213990836e+37
10749.74974974975 5.0053552509839895e+37
10759.75975975976 4.988131941848116e+37
10769.76976976977 4.970981914457582e+37
10779.77977977978 4.953904798853919e+37
10789.78978978979 4.93690022723158e+37
10799.799799799799 4.91996783392382e+37
10809.809809809809 4.903107255388664e+37
10819.81981981982 4.8863181301949725e+37
10829.82982982983 4.869600099008627e+37
10839.83983983984 4.852952804578802e+37
10849.84984984985 4.836375891724327e+37
10859.85985985986 4.819869007320181e+37
10869.86986986987 4.803431800284046e+37
10879.87987987988 4.787063921562983e+37
10889.88988988989 4.7707650241202e+37
10899.8998998999 4.754534762921904e+37
10909.90990990991 4.738372794924268e+37
10919.91991991992 4.722278779060465e+37
10929.92992992993 4.706252376227832e+37
10939.93993993994 4.690293249275088e+37
10949.94994994995 4.674401062989671e+37
10959.95995995996 4.658575484085157e+37
10969.96996996997 4.642816181188769e+37
10979.97997997998 4.627122824828971e+37
10989.98998998999 4.611495087423168e+37
11000.0 4.595932643265474e+37
