#lamb flux
1000.0 1.6798351777705414e+40
1010.01001001001 1.697584733451192e+40
1020.0200200200201 1.7117242069004564e+40
1030.03003003003 1.7224932900921265e+40
1040.0400400400401 1.7301349077638678e+40
1050.05005005005 1.734891343218524e+40
1060.06006006006 1.7370010756415472e+40
1070.07007007007 1.736696257109965e+40
1080.08008008008 1.7342007553098329e+40
1090.0900900900901 1.7297286890056975e+40
1100.1001001001 1.7234833865730953e+40
1110.11011011011 1.715656702652081e+40
1120.1201201201202 1.706428633606869e+40
1130.13013013013 1.6959671785271505e+40
1140.1401401401401 1.6844283986415592e+40
1150.1501501501502 1.671956633992393e+40
1160.16016016016 1.6586848418794898e+40
1170.1701701701702 1.644735026817824e+40
1180.1801801801803 1.6302187365115102e+40
1190.1901901901902 1.6152376026045048e+40
1200.2002002002002 1.5998839087281208e+40
1210.2102102102103 1.5842411716467752e+40
1220.2202202202202 1.5683847241367715e+40
1230.2302302302303 1.5523822906551708e+40
1240.2402402402402 1.536294548906884e+40
1250.2502502502502 1.520095737070856e+40
1260.2602602602603 1.5036018085469701e+40
1270.2702702702702 1.4864500755715768e+40
1280.2802802802803 1.4687221202203105e+40
1290.2902902902902 1.4504941901501584e+40
1300.3003003003003 1.4318373602552492e+40
1310.3103103103103 1.4128177141691944e+40
1320.3203203203202 1.3934965405203833e+40
1330.3303303303303 1.3739305395594857e+40
1340.3403403403404 1.3541720364205248e+40
1350.3503503503503 1.3342691978514567e+40
1360.3603603603603 1.3142662497610737e+40
1370.3703703703704 1.2942036933804441e+40
1380.3803803803803 1.2741185182336815e+40
1390.3903903903904 1.2540444104592274e+40
1400.4004004004005 1.2340119553236142e+40
1410.4104104104103 1.2140488330293832e+40
1420.4204204204204 1.194180007141664e+40
1430.4304304304305 1.1744279051479196e+40
1440.4404404404404 1.154812590826318e+40
1450.4504504504505 1.1353519282333614e+40
1460.4604604604606 1.1160617372342452e+40
1470.4704704704704 1.096955940592421e+40
1480.4804804804805 1.078046702710956e+40
1490.4904904904906 1.0593445601795403e+40
1500.5005005005005 1.0408585443296431e+40
1510.5105105105106 1.0225962960381799e+40
1520.5205205205207 1.0045641730487237e+40
1530.5305305305305 9.867673501002588e+39
1540.5405405405404 9.692099121680779e+39
1550.5505505505505 9.51894941130711e+39
1560.5605605605606 9.348245961818129e+39
1570.5705705705705 9.180001883076672e+39
1580.5805805805805 9.014222491500617e+39
1590.5905905905906 8.850905945716324e+39
1600.6006006006005 8.690043832368916e+39
1610.6106106106106 8.531621705177403e+39
1620.6206206206207 8.375619580278422e+39
1630.6306306306305 8.222012390863906e+39
1640.6406406406406 8.070770404090298e+39
1650.6506506506507 7.921859603226725e+39
1660.6606606606606 7.775242038020433e+39
1670.6706706706707 7.630876146298596e+39
1680.6806806806808 7.48871704990068e+39
1690.6906906906906 7.348716828153404e+39
1700.7007007007007 7.210844355526404e+39
1710.7107107107108 7.07512310858678e+39
1720.7207207207207 6.941484942171095e+39
1730.7307307307308 6.809850970922106e+39
1740.7407407407409 6.680142802619239e+39
1750.7507507507507 6.55228255681962e+39
1760.7607607607606 6.426192908604281e+39
1770.770770770771 6.301797163079469e+39
1780.7807807807808 6.17901936729541e+39
1790.7907907907907 6.057784467386787e+39
1800.8008008008007 5.938018520007042e+39
1810.8108108108108 5.819648968507952e+39
1820.8208208208207 5.702604995776125e+39
1830.8308308308308 5.586817967127118e+39
1840.8408408408409 5.472221978090457e+39
1850.8508508508507 5.3587545231714346e+39
1860.8608608608608 5.246357302568281e+39
1870.870870870871 5.134977184111484e+39
1880.8808808808808 5.024567337049206e+39
1890.890890890891 4.915088552310588e+39
1900.900900900901 4.806510760021181e+39
1910.9109109109108 4.6988147487105566e+39
1920.920920920921 4.591994081161363e+39
1930.930930930931 4.486057188499579e+39
1940.940940940941 4.381029606285989e+39
1950.950950950951 4.276956293614133e+39
1960.960960960961 4.1739039485284286e+39
1970.970970970971 4.071963201076887e+39
1980.980980980981 3.971250530572634e+39
1990.9909909909911 3.871909718939284e+39
2001.001001001001 3.774112621555691e+39
2011.0110110110109 3.6780590164260234e+39
2021.0210210210212 3.583975288550572e+39
2031.031031031031 3.49211172624943e+39
2041.0410410410411 3.4027382562978955e+39
2051.051051051051 3.316138529050149e+39
2061.061061061061 3.232602382982442e+39
2071.071071071071 3.152416864143146e+39
2081.081081081081 3.0758561370332945e+39
2091.091091091091 3.0031707804793525e+39
2101.101101101101 2.934577092169783e+39
2111.1111111111113 2.870247105614457e+39
2121.121121121121 2.810300034797594e+39
2131.131131131131 2.7547957952119714e+39
2141.141141141141 2.7037311077970138e+39
2151.151151151151 2.6570384895952862e+39
2161.161161161161 2.6145881969342526e+39
2171.1711711711714 2.5761929444544274e+39
2181.1811811811813 2.541615007004019e+39
2191.191191191191 2.5105751464064655e+39
2201.201201201201 2.482762707090538e+39
2211.2112112112113 2.4578461982730762e+39
2221.221221221221 2.4354837201960708e+39
2231.2312312312315 2.4153326843157256e+39
2241.2412412412414 2.397058404227441e+39
2251.2512512512512 2.3803412763044377e+39
2261.261261261261 2.364882409196801e+39
2271.271271271271 2.350407686001282e+39
2281.2812812812813 2.336670343379198e+39
2291.2912912912916 2.3234522242505176e+39
2301.3013013013015 2.3105639050580796e+39
2311.3113113113113 2.2978439180513127e+39
2321.321321321321 2.2851572883957102e+39
2331.331331331331 2.2723935906403083e+39
2341.3413413413414 2.2594647044635694e+39
2351.3513513513512 2.246302420247958e+39
2361.3613613613616 2.232856014505813e+39
2371.3713713713714 2.2190898860602098e+39
2381.3813813813813 2.2049813177960792e+39
2391.391391391391 2.1905184065810844e+39
2401.4014014014015 2.1756981858683732e+39
2411.4114114114113 2.1605249513869145e+39
2421.4214214214217 2.145008789807202e+39
2431.4314314314315 2.1291643028240865e+39
2441.4414414414414 2.113009514171972e+39
2451.4514514514512 2.096564944149253e+39
2461.4614614614616 2.079852834801084e+39
2471.4714714714714 2.062896508585304e+39
2481.4814814814818 2.045719843791085e+39
2491.4914914914916 2.028346850929663e+39
2501.5015015015015 2.0108013355685792e+39
2511.5115115115113 1.99310663448538e+39
2521.521521521521 1.9752854134663274e+39
2531.5315315315315 1.9573595164969513e+39
2541.541541541542 1.9393498574366605e+39
2551.5515515515517 1.9212763465108987e+39
2561.5615615615616 1.903157845077307e+39
2571.5715715715714 1.8850121431226877e+39
2581.5815815815813 1.8668559548273603e+39
2591.5915915915916 1.8487049282993268e+39
2601.6016016016015 1.830573666241283e+39
2611.611611611612 1.8124757548790602e+39
2621.6216216216217 1.7944237989609828e+39
2631.6316316316315 1.776429461043988e+39
2641.6416416416414 1.758503503624041e+39
2651.6516516516517 1.7406558329539413e+39
2661.6616616616616 1.722895543629359e+39
2671.671671671672 1.705230963220763e+39
2681.6816816816818 1.6876696963911688e+39
2691.6916916916916 1.6702186680726743e+39
2701.7017017017015 1.6528841653834076e+39
2711.711711711712 1.635671878054599e+39
2721.7217217217217 1.6185869372086418e+39
2731.731731731732 1.6016339523859166e+39
2741.741741741742 1.5848170467635094e+39
2751.7517517517517 1.5681398905445456e+39
2761.7617617617616 1.5516057325247e+39
2771.7717717717715 1.5352174298636792e+39
2781.781781781782 1.518977476105585e+39
2791.791791791792 1.50288802750387e+39
2801.801801801802 1.4869509277149172e+39
2811.811811811812 1.4711677309299626e+39
2821.8218218218217 1.4555397235184778e+39
2831.8318318318316 1.4400679442578428e+39
2841.841841841842 1.4247532032245172e+39
2851.851851851852 1.4095960994212224e+39
2861.861861861862 1.3945970372131797e+39
2871.871871871872 1.3797562416443957e+39
2881.881881881882 1.365073772702493e+39
2891.8918918918916 1.3505495385978307e+39
2901.901901901902 1.3361833081196432e+39
2911.911911911912 1.3219747221289132e+39
2921.921921921922 1.307923304244527e+39
2931.931931931932 1.2940284707761777e+39
2941.941941941942 1.2802895399544171e+39
2951.9519519519517 1.266705740505254e+39
2961.961961961962 1.2532762196138353e+39
2971.971971971972 1.2400000503189272e+39
2981.9819819819822 1.2268762383772879e+39
2991.991991991992 1.2139037286344757e+39
3002.002002002002 1.2010814109362262e+39
3012.012012012012 1.1884081256122888e+39
3022.0220220220217 1.1758826685624348e+39
3032.032032032032 1.1666523603567632e+39
3042.0420420420423 1.1540057766700392e+39
3052.052052052052 1.1413993720002509e+39
3062.062062062062 1.128863391614861e+39
3072.072072072072 1.1164232665468518e+39
3082.0820820820823 1.104100161782751e+39
3092.092092092092 1.0919114755709674e+39
3102.102102102102 1.0798712923071316e+39
3112.1121121121123 1.0679907917666697e+39
3122.122122122122 1.0562786176266575e+39
3132.132132132132 1.0447412082828048e+39
3142.1421421421423 1.033383092950485e+39
3152.152152152152 1.0222071559628667e+39
3162.162162162162 1.01121487206204e+39
3172.1721721721724 1.000406515334122e+39
3182.1821821821823 9.897813442774093e+38
3192.192192192192 9.793377653218758e+38
3202.202202202202 9.690734769448017e+38
3212.2122122122123 9.589855963556357e+38
3222.222222222222 9.490707705565306e+38
3232.232232232232 9.393252734256659e+38
3242.2422422422424 9.297450903199008e+38
3252.252252252252 9.203259915523207e+38
3262.262262262262 9.110635959693227e+38
3272.2722722722724 9.019534257310647e+38
3282.2822822822823 8.929909532881574e+38
3292.292292292292 8.841716414461702e+38
3302.3023023023025 8.754909773172579e+38
3312.3123123123123 8.669445008745458e+38
3322.322322322322 8.585278287492281e+38
3332.3323323323325 8.502366738420049e+38
3342.3423423423424 8.420668612590065e+38
3352.352352352352 8.340143410270123e+38
3362.3623623623625 8.260751979931971e+38
3372.3723723723724 8.182456592700984e+38
3382.3823823823823 8.105220995466559e+38
3392.3923923923926 8.029010445505729e+38
3402.4024024024025 7.953791729153068e+38
3412.4124124124123 7.879533166765614e+38
3422.4224224224226 7.806204605976958e+38
3432.4324324324325 7.733777405007456e+38
3442.4424424424424 7.662224407594735e+38
3452.4524524524522 7.591519910927676e+38
3462.4624624624626 7.521639627805508e+38
3472.4724724724724 7.452560644099437e+38
3482.4824824824823 7.38426137246547e+38
3492.4924924924926 7.316721503142488e+38
3502.5025025025025 7.24992195256679e+38
3512.5125125125123 7.183844810443153e+38
3522.5225225225226 7.11847328583057e+38
3532.5325325325325 7.053791652728057e+38
3542.5425425425424 6.989785195580902e+38
3552.5525525525527 6.926440155069641e+38
3562.5625625625626 6.86374367449237e+38
3572.5725725725724 6.801683747004791e+38
3582.5825825825827 6.740249163941356e+38
3592.5925925925926 6.679429464404234e+38
3602.6026026026025 6.619214886274223e+38
3612.612612612613 6.559596318768923e+38
3622.6226226226227 6.500565256647613e+38
3632.6326326326325 6.442113756139689e+38
3642.642642642643 6.384234392653437e+38
3652.6526526526527 6.326920220303965e+38
3662.6626626626626 6.270164733283684e+38
3672.672672672673 6.213961829085076e+38
3682.6826826826828 6.1583057735734014e+38
3692.6926926926926 6.103191167896671e+38
3702.7027027027025 6.0486129172112516e+38
3712.712712712713 5.994566201193708e+38
3722.7227227227227 5.941046446303009e+38
3732.7327327327325 5.888049299751421e+38
3742.742742742743 5.835570605138165e+38
3752.7527527527527 5.783606379695732e+38
3762.7627627627626 5.732152793095916e+38
3772.772772772773 5.6812061477601885e+38
3782.7827827827828 5.630762860617151e+38
3792.7927927927926 5.5808194462486105e+38
3802.802802802803 5.53137250136497e+38
3812.812812812813 5.4824186905502675e+38
3822.8228228228227 5.4339547332170866e+38
3832.832832832833 5.385977391712015e+38
3842.842842842843 5.338483460512695e+38
3852.8528528528527 5.2914697564585465e+38
3862.862862862863 5.244933109958088e+38
3872.872872872873 5.1988703571171485e+38
3882.8828828828828 5.153278332733455e+38
3892.892892892893 5.108153864104827e+38
3902.902902902903 5.063493765599497e+38
3912.912912912913 5.0192948339389864e+38
3922.922922922923 4.975553844145613e+38
3932.932932932933 4.932267546108586e+38
3942.942942942943 4.8894326617242545e+38
3952.9529529529527 4.847045882568241e+38
3962.962962962963 4.805103868058783e+38
3972.972972972973 4.7636032440725706e+38
3982.982982982983 4.722540601976214e+38
3992.992992992993 4.681912498038236e+38
4003.003003003003 4.6417154531884066e+38
4013.013013013013 4.601945953092796e+38
4023.023023023023 4.562600448514851e+38
4033.033033033033 4.523675355934381e+38
4043.043043043043 4.4851670583979485e+38
4053.053053053053 4.447071906575847e+38
4063.063063063063 4.409386220002269e+38
4073.073073073073 4.372106288476862e+38
4083.0830830830832 4.335228373607174e+38
4093.093093093093 4.298748710473008e+38
4103.103103103103 4.262663509394851e+38
4113.113113113113 4.226968957789996e+38
4123.123123123123 4.19166122210096e+38
4133.133133133133 4.156736449782153e+38
4143.143143143143 4.122190771331719e+38
4153.153153153153 4.08802030235654e+38
4163.163163163163 4.0542211456593696e+38
4173.173173173173 4.0207893933380345e+38
4183.183183183183 3.9877211288874726e+38
4193.193193193193 3.9550124292962075e+38
4203.203203203203 3.922659367129714e+38
4213.213213213214 3.89065801259377e+38
4223.223223223224 3.859004435571637e+38
4233.2332332332335 3.8276947076295656e+38
4243.243243243243 3.7967249039856664e+38
4253.253253253253 3.7660911054378796e+38
4263.263263263263 3.735789400247143e+38
4273.273273273273 3.7058158859724905e+38
4283.283283283283 3.676166671255187e+38
4293.293293293293 3.646837877549484e+38
4303.303303303303 3.617825640797921e+38
4313.313313313313 3.589126113049516e+38
4323.323323323323 3.5607354640194654e+38
4333.333333333334 3.532649882589361e+38
4343.343343343344 3.504865578247126e+38
4353.353353353354 3.477378782466202e+38
4363.3633633633635 3.450185750023698e+38
4373.373373373373 3.4232827602575104e+38
4383.383383383383 3.3966661182625067e+38
4393.393393393393 3.370332156026162e+38
4403.403403403403 3.344277233504091e+38
4413.413413413413 3.3184977396361305e+38
4423.423423423424 3.292990093303766e+38
4433.4334334334335 3.267750744229723e+38
4443.443443443443 3.242776173820735e+38
4453.453453453454 3.218062895954561e+38
4463.463463463464 3.193607457712412e+38
4473.473473473474 3.1694064400579063e+38
4483.483483483484 3.145456458463982e+38
4493.493493493494 3.121754163488921e+38
4503.503503503503 3.098296241302957e+38
4513.513513513513 3.0750794141668094e+38
4523.523523523523 3.052100440863533e+38
4533.533533533533 3.0293561170851944e+38
4543.543543543543 3.006843275775727e+38
4553.553553553554 2.984558787431482e+38
4563.563563563564 2.9624995603609158e+38
4573.573573573573 2.9406625409048416e+38
4583.583583583584 2.9190447136187298e+38
4593.593593593594 2.8976431014184705e+38
4603.603603603604 2.876454765691023e+38
4613.613613613614 2.8554768063713875e+38
4623.623623623624 2.83470636198724e+38
4633.6336336336335 2.814140609672663e+38
4643.643643643643 2.7937767651522754e+38
4653.653653653653 2.773612082697089e+38
4663.663663663663 2.7536438550534203e+38
4673.673673673674 2.7338694133460876e+38
4683.683683683684 2.714286126957181e+38
4693.693693693694 2.694891403381569e+38
4703.703703703704 2.6756826880603703e+38
4713.713713713714 2.6566574641935317e+38
4723.723723723724 2.637813252532616e+38
4733.733733733734 2.6191476111549144e+38
4743.743743743744 2.60065813521995e+38
4753.753753753754 2.582342456709368e+38
4763.763763763764 2.5641982441512584e+38
4773.773773773773 2.5462232023298222e+38
4783.783783783783 2.52841507198139e+38
4793.793793793793 2.5107716294776186e+38
4803.803803803804 2.4932906864967943e+38
4813.813813813814 2.4759700896840815e+38
4823.823823823824 2.4588077203014994e+38
4833.833833833834 2.4418014938684545e+38
4843.843843843844 2.424949359793554e+38
4853.853853853854 2.4082493009984445e+38
4863.863863863864 2.3916993335343665e+38
4873.873873873874 2.3752975061921057e+38
4883.883883883884 2.3590419001059894e+38
4893.893893893894 2.3429306283525294e+38
4903.9039039039035 2.3269618355443395e+38
4913.913913913913 2.3111336974198546e+38
4923.923923923924 2.2954444204294404e+38
4933.933933933934 2.2798922413183944e+38
4943.943943943944 2.2644754267073174e+38
4953.953953953955 2.2491922726703825e+38
4963.9639639639645 2.2340411043119157e+38
4973.973973973974 2.219020275341726e+38
4983.983983983984 2.2041281676496255e+38
4993.993993993994 2.189363190879501e+38
5004.004004004004 2.1747237820033315e+38
5014.014014014014 2.1602084048955075e+38
5024.024024024024 2.1458155499077656e+38
5034.0340340340335 2.131543733445112e+38
5044.044044044043 2.1173914975429678e+38
5054.054054054054 2.103357409445889e+38
5064.064064064064 2.0894400611880943e+38
5074.074074074074 2.0756380691760645e+38
5084.084084084085 2.061950073773465e+38
5094.0940940940945 2.0483747388886186e+38
5104.104104104104 2.0349107515647278e+38
5114.114114114114 2.0215568215730614e+38
5124.124124124124 2.0083116810092977e+38
5134.134134134134 1.9951740838931892e+38
5144.144144144144 1.9821428057717134e+38
5154.154154154154 1.9692166433258823e+38
5164.1641641641645 1.9563944139813266e+38
5174.174174174174 1.9436749555228097e+38
5184.184184184184 1.9310571257127807e+38
5194.194194194194 1.918539801914077e+38
5204.204204204204 1.9061218807169055e+38
5214.214214214214 1.893802277570159e+38
5224.224224224225 1.8815799264171816e+38
5234.2342342342345 1.8694537793360622e+38
5244.244244244244 1.8574228061845013e+38
5254.254254254254 1.8454859942493515e+38
5264.264264264264 1.8336423479008465e+38
5274.274274274274 1.8218908882516166e+38
5284.284284284285 1.8102306528204816e+38
5294.294294294295 1.7986606952011035e+38
5304.304304304304 1.7871800847354932e+38
5314.314314314314 1.775787906192429e+38
5324.324324324324 1.7644832594507785e+38
5334.334334334334 1.7532652591877607e+38
5344.344344344345 1.7421330345721398e+38
5354.354354354355 1.7310857289623785e+38
5364.3643643643645 1.7201224996097236e+38
5374.374374374374 1.709242517366246e+38
5384.384384384384 1.6984449663978136e+38
5394.394394394394 1.6877290439019926e+38
5404.404404404404 1.6770939598308527e+38
5414.414414414415 1.6665389366186768e+38
5424.424424424425 1.6560632089145372e+38
5434.4344344344345 1.6456660233197158e+38
5444.444444444444 1.6353466381299485e+38
5454.454454454454 1.625104323082471e+38
5464.464464464464 1.6149383591078047e+38
5474.474474474475 1.604848038086286e+38
5484.484484484485 1.5948326626092692e+38
5494.494494494495 1.5848915457449861e+38
5504.504504504504 1.5750240108090142e+38
5514.514514514514 1.5652293911393015e+38
5524.524524524524 1.5555070298757279e+38
5534.534534534535 1.5458562797441265e+38
5544.544544544545 1.5362765028447435e+38
5554.554554554555 1.5267670704450673e+38
5564.5645645645645 1.5173273627769974e+38
5574.574574574574 1.5079567688382844e+38
5584.584584584584 1.4986546861981977e+38
5594.594594594595 1.48942052080736e+38
5604.604604604605 1.4802536868117194e+38
5614.614614614615 1.4711536063705555e+38
5624.624624624625 1.4621197094785224e+38
5634.6346346346345 1.4531514337916285e+38
5644.644644644644 1.4442482244571113e+38
5654.654654654654 1.4354095339471648e+38
5664.664664664665 1.426634821896426e+38
5674.674674674675 1.4179235549432116e+38
5684.684684684685 1.409275206574395e+38
5694.694694694695 1.4006892569739062e+38
5704.704704704704 1.3921651928747756e+38
5714.714714714714 1.3837025074146683e+38
5724.724724724725 1.3753006999948497e+38
5734.734734734735 1.3669592761425273e+38
5744.744744744745 1.3586777473765029e+38
5754.754754754755 1.350455631076082e+38
5764.764764764765 1.3422924503531884e+38
5774.774774774774 1.3341877339276086e+38
5784.784784784785 1.3261410160053269e+38
5794.794794794795 1.3181518361598818e+38
5804.804804804805 1.310219739216691e+38
5814.814814814815 1.3023442751402868e+38
5824.824824824825 1.294524998924408e+38
5834.8348348348345 1.286761470484884e+38
5844.844844844845 1.2790532545552734e+38
5854.854854854855 1.2713999205851765e+38
5864.864864864865 1.263801042641187e+38
5874.874874874875 1.2562561993104237e+38
5884.884884884885 1.2487649736065811e+38
5894.894894894895 1.2413269528784548e+38
5904.9049049049045 1.2339417287208845e+38
5914.914914914915 1.2266088968880621e+38
5924.924924924925 1.2193280572091605e+38
5934.934934934935 1.212098813506211e+38
5944.944944944945 1.2049207735142142e+38
5954.954954954955 1.1977935488033985e+38
5964.964964964965 1.1907167547036006e+38
5974.974974974975 1.1836900102307098e+38
5984.984984984985 1.1767129380151336e+38
5994.994994994995 1.169785164232229e+38
6005.005005005005 1.1629063185346604e+38
6015.015015015015 1.1560760339866406e+38
6025.025025025025 1.1492939470000016e+38
6035.035035035035 1.1425596972720523e+38
6045.045045045045 1.1358729277251889e+38
6055.055055055055 1.1292332844481998e+38
6065.065065065065 1.1226404166392374e+38
6075.075075075075 1.1160939765504026e+38
6085.085085085085 1.1095936194339123e+38
6095.0950950950955 1.1031390034897995e+38
6105.105105105105 1.0967297898151171e+38
6115.115115115115 1.0903656423545908e+38
6125.125125125125 1.0840462278527022e+38
6135.135135135135 1.077771215807153e+38
6145.145145145145 1.071540278423669e+38
6155.155155155155 1.065353090572127e+38
6165.1651651651655 1.0592093297439408e+38
6175.175175175175 1.053108676010704e+38
6185.185185185185 1.0470508119840252e+38
6195.195195195195 1.041035422776546e+38
6205.205205205205 1.0350621959640933e+38
6215.215215215215 1.0291308215489408e+38
6225.225225225226 1.02324099192415e+38
6235.235235235235 1.0173924018389532e+38
6245.245245245245 1.0115847483651564e+38
6255.255255255255 1.005817730864528e+38
6265.265265265265 1.000091050957141e+38
6275.275275275275 9.944044124906508e+37
6285.285285285286 9.88757521510473e+37
6295.295295295296 9.831500862308356e+37
6305.305305305305 9.775818170066773e+37
6315.315315315315 9.720524263063778e+37
6325.325325325325 9.665616286852787e+37
6335.335335335335 9.611091407599778e+37
6345.345345345346 9.55694681183376e+37
6355.355355355356 9.50317970620454e+37
6365.3653653653655 9.449787317247424e+37
6375.375375375375 9.396766891154821e+37
6385.385385385385 9.344115693554377e+37
6395.395395395395 9.291831009293562e+37
6405.405405405405 9.239910142230383e+37
6415.415415415416 9.18835041503005e+37
6425.425425425426 9.137149168967537e+37
6435.4354354354355 9.086303763735524e+37
6445.445445445445 9.035811577258e+37
6455.455455455455 8.985670005508842e+37
6465.465465465465 8.935876462335623e+37
6475.475475475476 8.886428379288186e+37
6485.485485485486 8.837323205451968e+37
6495.495495495496 8.788558407285851e+37
6505.505505505505 8.74013146846439e+37
6515.515515515515 8.692039889724305e+37
6525.525525525525 8.644281188715028e+37
6535.535535535536 8.596852899853158e+37
6545.545545545546 8.549752574180818e+37
6555.555555555556 8.502977779227524e+37
6565.5655655655655 8.456526098875691e+37
6575.575575575575 8.41039513322949e+37
6585.585585585585 8.364582498486975e+37
6595.595595595596 8.31908582681537e+37
6605.605605605606 8.273902766229383e+37
6615.615615615616 8.229030980472433e+37
6625.625625625626 8.18446814890067e+37
6635.6356356356355 8.140211966369734e+37
6645.645645645645 8.096260143124061e+37
6655.655655655655 8.052610404688696e+37
6665.665665665666 8.009260491763515e+37
6675.675675675676 7.966208160119729e+37
6685.685685685686 7.9234511804985915e+37
6695.695695695696 7.88098733851226e+37
6705.705705705705 7.838814434546642e+37
6715.715715715715 7.796930283666221e+37
6725.725725725726 7.755332715520759e+37
6735.735735735736 7.7140195742537545e+37
6745.745745745746 7.672988718412657e+37
6755.755755755756 7.632238020860722e+37
6765.7657657657655 7.591765368690401e+37
6775.775775775775 7.5515686631382955e+37
6785.785785785786 7.511645819501512e+37
6795.795795795796 7.471994767055408e+37
6805.805805805806 7.432613448972682e+37
6815.815815815816 7.39349982224367e+37
6825.825825825826 7.354651857597908e+37
6835.8358358358355 7.316067539426803e+37
6845.845845845846 7.277744865707412e+37
6855.855855855856 7.239681847927283e+37
6865.865865865866 7.201876511010286e+37
6875.875875875876 7.164326893243364e+37
6885.885885885886 7.12703104620427e+37
6895.895895895896 7.089987034690111e+37
6905.9059059059055 7.053192936646716e+37
6915.915915915916 7.016646843098814e+37
6925.925925925926 6.980346858080954e+37
6935.935935935936 6.944291098569118e+37
6945.945945945946 6.9084776944130375e+37
6955.955955955956 6.872904788269119e+37
6965.965965965966 6.83757053553402e+37
6975.975975975976 6.802473104278762e+37
6985.985985985986 6.76761067518344e+37
6995.995995995996 6.732981441472403e+37
7006.006006006006 6.698583608849973e+37
7016.016016016016 6.664415395436622e+37
7026.026026026026 6.630475031705565e+37
7036.036036036036 6.596760760419835e+37
7046.046046046046 6.56327083656971e+37
7056.056056056056 6.530003527310535e+37
7066.066066066066 6.496957111900891e+37
7076.076076076076 6.464129881641141e+37
7086.086086086086 6.431520139812244e+37
7096.0960960960965 6.399126201614935e+37
7106.106106106106 6.366946394109122e+37
7116.116116116116 6.334979056153634e+37
7126.126126126126 6.303222538346159e+37
7136.136136136136 6.27167520296348e+37
7146.146146146146 6.240335423901897e+37
7156.156156156156 6.2092015866179075e+37
7166.1661661661665 6.17827208806907e+37
7176.176176176176 6.14754533665507e+37
7186.186186186186 6.117019752158985e+37
7196.196196196196 6.086693765688705e+37
7206.206206206206 6.056565819618538e+37
7216.216216216216 6.026634367530973e+37
7226.226226226227 5.996897874158582e+37
7236.236236236236 5.967354815326095e+37
7246.246246246246 5.938003677892572e+37
7256.256256256256 5.908842959693742e+37
7266.266266266266 5.879871169484462e+37
7276.276276276276 5.851086826881274e+37
7286.286286286287 5.822488462305108e+37
7296.2962962962965 5.794074616924074e+37
7306.306306306306 5.765843842596378e+37
7316.316316316316 5.737794701813336e+37
7326.326326326326 5.709925767642468e+37
7336.336336336336 5.682235623670737e+37
7346.346346346347 5.654722863947828e+37
7356.356356356357 5.627386092929582e+37
7366.3663663663665 5.600223925421437e+37
7376.376376376376 5.5732349865220575e+37
7386.386386386386 5.546417911566967e+37
7396.396396396396 5.51977134607233e+37
7406.406406406406 5.493293945678771e+37
7416.416416416417 5.466984376095311e+37
7426.426426426427 5.44084131304339e+37
7436.436436436436 5.414863442200952e+37
7446.446446446446 5.389049459146617e+37
7456.456456456456 5.363398069303981e+37
7466.466466466466 5.337907987885947e+37
7476.476476476477 5.312577939839166e+37
7486.486486486487 5.287406659788586e+37
7496.496496496497 5.262392891982047e+37
7506.506506506506 5.237535390234986e+37
7516.516516516516 5.2128329178752595e+37
7526.526526526526 5.188284247687993e+37
7536.536536536537 5.163888161860598e+37
7546.546546546547 5.139643451927837e+37
7556.556556556557 5.115548918716987e+37
7566.5665665665665 5.091603372293121e+37
7576.576576576576 5.067805631904472e+37
7586.586586586586 5.044154525927922e+37
7596.596596596597 5.02064889181454e+37
7606.606606606607 4.997287576035329e+37
7616.616616616617 4.974069434026958e+37
7626.626626626627 4.950993330137687e+37
7636.6366366366365 4.928058137573389e+37
7646.646646646646 4.905262738343661e+37
7656.656656656657 4.882606023208083e+37
7666.666666666667 4.860086891622576e+37
7676.676676676677 4.837704251685887e+37
7686.686686686687 4.815457020086206e+37
7696.696696696697 4.793344122047898e+37
7706.706706706706 4.771364491278361e+37
7716.716716716716 4.749517069915042e+37
7726.726726726727 4.727800808472551e+37
7736.736736736737 4.706214665789929e+37
7746.746746746747 4.684757608978054e+37
7756.756756756757 4.663428613367196e+37
7766.7667667667665 4.642226662454685e+37
7776.776776776776 4.621150747852766e+37
7786.786786786787 4.60019986923657e+37
7796.796796796797 4.579373034292249e+37
7806.806806806807 4.558669258665264e+37
7816.816816816817 4.538087565908816e+37
7826.826826826827 4.517626987432461e+37
7836.8368368368365 4.497286562450854e+37
7846.846846846847 4.477065337932675e+37
7856.856856856857 4.456962368549715e+37
7866.866866866867 4.436976716626113e+37
7876.876876876877 4.417107452087795e+37
7886.886886886887 4.397353652412055e+37
7896.896896896897 4.377714402577312e+37
7906.906906906907 4.358188795013057e+37
7916.916916916917 4.338775929549972e+37
7926.926926926927 4.319474913370214e+37
7936.936936936937 4.300284860957887e+37
7946.946946946947 4.281204894049715e+37
7956.956956956957 4.26223414158588e+37
7966.9669669669665 4.2433717396610443e+37
7976.976976976977 4.2246168314755777e+37
7986.986986986987 4.2059685672869704e+37
7996.996996996997 4.187426104361415e+37
8007.007007007007 4.168988606925627e+37
8017.017017017017 4.1506552461188065e+37
8027.027027027027 4.132425199944853e+37
8037.037037037037 4.1142976532247305e+37
8047.047047047047 4.096271797549074e+37
8057.057057057057 4.07834683123095e+37
8067.067067067067 4.0605219592588663e+37
8077.077077077077 4.042796393249961e+37
8087.087087087087 4.0251693514034047e+37
8097.0970970970975 4.0076400584539947e+37
8107.107107107107 3.990207745625995e+37
8117.117117117117 3.972871650587135e+37
8127.127127127127 3.9556310174028606e+37
8137.137137137137 3.938485096490773e+37
8147.147147147147 3.921433144575289e+37
8157.157157157158 3.904474424642519e+37
8167.1671671671675 3.887608205895342e+37
8177.177177177177 3.870833763708723e+37
8187.187187187187 3.854150379585222e+37
8197.197197197198 3.837557341110732e+37
8207.207207207208 3.821053941910435e+37
8217.217217217218 3.80463948160498e+37
8227.227227227228 3.7883132657668565e+37
8237.237237237237 3.7720746058770346e+37
8247.247247247247 3.7559228192817746e+37
8257.257257257257 3.739857229149696e+37
8267.267267267267 3.7238771644290455e+37
8277.277277277277 3.707981959805204e+37
8287.287287287287 3.6921709556583943e+37
8297.297297297297 3.6764434980216433e+37
8307.307307307306 3.6607989385389374e+37
8317.317317317316 3.645236634423618e+37
8327.327327327326 3.6297559484169995e+37
8337.337337337336 3.6143562487472133e+37
8347.347347347348 3.599036909088258e+37
8357.357357357358 3.5837973085193173e+37
8367.367367367367 3.5686368314842493e+37
8377.377377377377 3.5535548677513355e+37
8387.387387387387 3.5385508123732525e+37
8397.397397397397 3.5236240656472585e+37
8407.407407407409 3.508774033075606e+37
8417.417417417419 3.494000125326198e+37
8427.427427427428 3.479301758193432e+37
8437.437437437438 3.46467835255931e+37
8447.447447447448 3.4501293343547494e+37
8457.457457457458 3.4356541345211277e+37
8467.467467467468 3.4212521889720424e+37
8477.477477477478 3.4069229385553126e+37
8487.487487487488 3.392665829015183e+37
8497.497497497498 3.3784803109547753e+37
8507.507507507507 3.364365839798738e+37
8517.517517517517 3.3503218757561434e+37
8527.527527527527 3.3363478837835974e+37
8537.537537537537 3.3224433335485623e+37
8547.547547547547 3.30860769939292e+37
8557.557557557557 3.2948404602967494e+37
8567.567567567567 3.2811410998423166e+37
8577.577577577576 3.267509106178298e+37
8587.587587587586 3.2539439719842243e+37
8597.597597597598 3.24044519443513e+37
8607.607607607608 3.227012275166445e+37
8617.617617617618 3.2136447202390807e+37
8627.627627627628 3.200342040104748e+37
8637.637637637637 3.187103749571501e+37
8647.647647647647 3.1739293677694767e+37
8657.657657657659 3.1608184181168613e+37
8667.667667667669 3.147770428286094e+37
8677.677677677679 3.134784930170236e+37
8687.687687687689 3.121861459849604e+37
8697.697697697698 3.1089995575585845e+37
8707.707707707708 3.096198767652688e+37
8717.717717717718 3.0834586385757883e+37
8727.727727727728 3.070778722827589e+37
8737.737737737738 3.0581585769313014e+37
8747.747747747748 3.0455977614015317e+37
8757.757757757758 3.033095840712361e+37
8767.767767767768 3.020652383265663e+37
8777.777777777777 3.008266961359607e+37
8787.787787787787 2.995939151157376e+37
8797.797797797797 2.9836685326560844e+37
8807.807807807807 2.9714546896559145e+37
8817.817817817817 2.95929720972944e+37
8827.827827827827 2.947195684191166e+37
8837.837837837837 2.935149708067266e+37
8847.847847847848 2.9231588800655204e+37
8857.857857857858 2.9112228025454583e+37
8867.867867867868 2.899341081488696e+37
8877.877877877878 2.887513326469472e+37
8887.887887887888 2.8757391506253914e+37
8897.897897897898 2.8640181706283517e+37
8907.90790790791 2.852350006655675e+37
8917.91791791792 2.8407342823614377e+37
8927.927927927929 2.8291706248479803e+37
8937.937937937939 2.817658664637626e+37
8947.947947947949 2.8061980356445796e+37
8957.957957957959 2.794788375147027e+37
8967.967967967968 2.7834293237594223e+37
8977.977977977978 2.7721205254049543e+37
8987.987987987988 2.7608616272882155e+37
8997.997997997998 2.749652279868056e+37
9008.008008008008 2.7384921368306096e+37
9018.018018018018 2.727380855062526e+37
9028.028028028028 2.7163180946243705e+37
9038.038038038037 2.7053035187242156e+37
9048.048048048047 2.6943367936914147e+37
9058.058058058057 2.6834175889505483e+37
9068.068068068067 2.672545576995565e+37
9078.078078078077 2.66172043336409e+37
9088.088088088087 2.6509418366119133e+37
9098.098098098098 2.6404266963751843e+37
9108.108108108108 2.6297846311462377e+37
9118.118118118118 2.6191956108815607e+37
9128.128128128128 2.6086593218374537e+37
9138.138138138138 2.5981754524092975e+37
9148.148148148148 2.58774369311511e+37
9158.15815815816 2.5773637365792265e+37
9168.16816816817 2.567035277516149e+37
9178.17817817818 2.5567580127144957e+37
9188.188188188189 2.54653164102111e+37
9198.198198198199 2.536355863325303e+37
9208.208208208209 2.526230382543228e+37
9218.218218218219 2.516154903602385e+37
9228.228228228229 2.506129133426247e+37
9238.238238238238 2.496152780919049e+37
9248.248248248248 2.486225556950664e+37
9258.258258258258 2.476347174341633e+37
9268.268268268268 2.466517347848323e+37
9278.278278278278 2.4567357941481887e+37
9288.288288288288 2.447002231825184e+37
9298.298298298298 2.437316381355282e+37
9308.308308308307 2.4276779650921114e+37
9318.31831831832 2.418086707252736e+37
9328.328328328329 2.4085423339035336e+37
9338.338338338339 2.3990445729461966e+37
9348.348348348349 2.3895931541038557e+37
9358.358358358359 2.380187808907321e+37
9368.368368368368 2.370828270681432e+37
9378.378378378378 2.361514274531526e+37
9388.388388388388 2.35224555733002e+37
9398.398398398398 2.3430218577031006e+37
9408.408408408408 2.3338429160175336e+37
9418.418418418418 2.324708474367569e+37
9428.428428428428 2.315618276561979e+37
9438.43843843844 2.3065720681111744e+37
9448.44844844845 2.2975695962144543e+37
9458.458458458459 2.2886106097473485e+37
9468.468468468469 2.2796948592490635e+37
9478.478478478479 2.270822096910042e+37
9488.488488488489 2.2619920765596234e+37
9498.498498498499 2.2532045536537904e+37
9508.508508508508 2.2444592852630528e+37
9518.518518518518 2.235756030060391e+37
9528.528528528528 2.227094548309326e+37
9538.538538538538 2.2184746018520835e+37
9548.548548548548 2.209895954097843e+37
9558.558558558558 2.2013583700111007e+37
9568.56856856857 2.19286161610012e+37
9578.57857857858 2.184405460405479e+37
9588.58858858859 2.175989672488708e+37
9598.598598598599 2.1676140234210297e+37
9608.608608608609 2.1592782857721793e+37
9618.618618618619 2.1509822335993338e+37
9628.628628628629 2.1427256424361124e+37
9638.638638638638 2.134508289281683e+37
9648.648648648648 2.1263299525899495e+37
9658.658658658658 2.1181904122588302e+37
9668.668668668668 2.110089449619627e+37
9678.678678678678 2.1020268474264745e+37
9688.68868868869 2.0940023898458806e+37
9698.6986986987 2.0860158624463535e+37
9708.70870870871 2.0780670521881074e+37
9718.71871871872 2.070155747412859e+37
9728.728728728729 2.0622817378337014e+37
9738.738738738739 2.0544448145250657e+37
9748.748748748749 2.0466447699127592e+37
9758.758758758759 2.0388813977640898e+37
9768.768768768768 2.0311544931780647e+37
9778.778778778778 2.0234638525756742e+37
9788.788788788788 2.015809273690248e+37
9798.798798798798 2.0081905555579026e+37
9808.808808808808 2.0006074985080438e+37
9818.81881881882 1.9930599041539684e+37
9828.82882882883 1.9855475753835344e+37
9838.83883883884 1.9780703163498955e+37
9848.84884884885 1.9706279324623278e+37
9858.85885885886 1.9632202303771173e+37
9868.868868868869 1.9558470179885322e+37
9878.878878878879 1.9485081044198538e+37
9888.888888888889 1.941203300014494e+37
9898.898898898899 1.9339324163271733e+37
9908.908908908908 1.9266952661151779e+37
9918.918918918918 1.9194916633296785e+37
9928.928928928928 1.9123214231071274e+37
9938.93893893894 1.905184361760717e+37
9948.94894894895 1.8980802967719173e+37
9958.95895895896 1.8910090467820621e+37
9968.96896896897 1.8839704315840256e+37
9978.97897897898 1.8769642721139476e+37
9988.98898898899 1.869990390443035e+37
9998.998998998999 1.8630486097694222e+37
10009.009009009009 1.8561387544101038e+37
10019.019019019019 1.8492606497929214e+37
10029.029029029029 1.8424141224486266e+37
10039.039039039038 1.835599000002992e+37
10049.049049049048 1.8288151111690028e+37
10059.059059059058 1.8220622857390934e+37
10069.06906906907 1.8153403545774546e+37
10079.07907907908 1.808649149612408e+37
10089.08908908909 1.8019885038288194e+37
10099.0990990991 1.7953582512605975e+37
10109.10910910911 1.7887582269832354e+37
10119.11911911912 1.782188267106416e+37
10129.129129129129 1.7756482087666787e+37
10139.139139139139 1.7691378901201394e+37
10149.149149149149 1.7626571503352656e+37
10159.159159159159 1.7562058295857208e+37
10169.169169169169 1.7497837690432514e+37
10179.179179179178 1.743390810870636e+37
10189.18918918919 1.737026798214688e+37
10199.1991991992 1.7306915751993195e+37
10209.20920920921 1.7243849869186476e+37
10219.21921921922 1.7181068794301649e+37
10229.22922922923 1.7118570997479622e+37
10239.23923923924 1.7056354958359984e+37
10249.24924924925 1.6994419166014313e+37
10259.25925925926 1.6932762118879915e+37
10269.269269269269 1.6871382324694187e+37
10279.279279279279 1.681027830042936e+37
10289.289289289289 1.6749448572227904e+37
10299.299299299299 1.6688891675338295e+37
10309.309309309308 1.662860615405137e+37
10319.31931931932 1.6568590561637142e+37
10329.32932932933 1.6508843460282193e+37
10339.33933933934 1.644936342102731e+37
10349.34934934935 1.6390149023705926e+37
10359.35935935936 1.6331198856882832e+37
10369.36936936937 1.6272511517793386e+37
10379.37937937938 1.6214085612283283e+37
10389.38938938939 1.615591975474868e+37
10399.399399399399 1.6098012568076868e+37
10409.409409409409 1.604036268358736e+37
10419.419419419419 1.5982968740973444e+37
10429.429429429429 1.5925829388244181e+37
10439.43943943944 1.5868943281666873e+37
10449.44944944945 1.5812309085709957e+37
10459.45945945946 1.5755925472986324e+37
10469.46946946947 1.5699791124197094e+37
10479.47947947948 1.564390472807584e+37
10489.48948948949 1.558826498133318e+37
10499.4994994995 1.5532870588601886e+37
10509.50950950951 1.5477720262382328e+37
10519.51951951952 1.5422812722988363e+37
10529.52952952953 1.536814669849367e+37
10539.539539539539 1.5313720924678458e+37
10549.549549549549 1.5259534144976617e+37
10559.559559559559 1.52055851104232e+37
10569.56956956957 1.5151872579602394e+37
10579.57957957958 1.5098395318595883e+37
10589.58958958959 1.5045152100931487e+37
10599.5995995996 1.4992141707532346e+37
10609.60960960961 1.4939362926666409e+37
10619.61961961962 1.488681455389629e+37
10629.62962962963 1.4834495392029589e+37
10639.63963963964 1.4782404251069464e+37
10649.64964964965 1.473053994816574e+37
10659.65965965966 1.4678901307566222e+37
10669.669669669669 1.4627487160568503e+37
10679.679679679679 1.4576296345472057e+37
10689.68968968969 1.4525327707530742e+37
10699.6996996997 1.4474580098905673e+37
10709.70970970971 1.4424052378618366e+37
10719.71971971972 1.4373743412504317e+37
10729.72972972973 1.432365207316695e+37
10739.73973973974 1.4273777239931806e+37
10749.74974974975 1.4224117798801186e+37
10759.75975975976 1.4174672642409068e+37
10769.76976976977 1.4125440669976382e+37
10779.77977977978 1.4076420787266665e+37
10789.78978978979 1.4027611906541942e+37
10799.799799799799 1.3979012946519064e+37
10809.809809809809 1.3930622832326301e+37
10819.81981981982 1.3882440495460225e+37
10829.82982982983 1.3834464873743043e+37
10839.83983983984 1.378669491128012e+37
10849.84984984985 1.3739129558417867e+37
10859.85985985986 1.3691767771701965e+37
10869.86986986987 1.3644608513835887e+37
10879.87987987988 1.3597650753639684e+37
10889.88988988989 1.3550893466009184e+37
10899.8998998999 1.3504335631875376e+37
10909.90990990991 1.3457976238164167e+37
10919.91991991992 1.3411814277756422e+37
10929.92992992993 1.3365848749448305e+37
10939.93993993994 1.3320078657911886e+37
10949.94994994995 1.3274503013656116e+37
10959.95995995996 1.3229120832987971e+37
10969.96996996997 1.3183931137974e+37
10979.97997997998 1.313893295640208e+37
10989.98998998999 1.309412532174352e+37
11000.0 1.3049507273115363e+37
