#lamb flux
1000.0 0.0012612013014207213
1010.01001001001 0.0014132309333703356
1020.0200200200201 0.0015790309458916733
1030.03003003003 0.0017593850366998591
1040.0400400400401 0.001955085653522731
1050.05005005005 0.00216693196177599
1060.06006006006 0.002395727784572222
1070.07007007007 0.002642279526055491
1080.08008008008 0.002907394088698402
1090.0900900900901 0.0031918767947823807
1100.1001001001 0.0034965293218156175
1110.11011011011 0.003822147661133227
1120.1201201201202 0.004169520108379796
1130.13013013013 0.004539425294003026
1140.1401401401401 0.0049326302612951265
1150.1501501501502 0.0053498885989132945
1160.16016016016 0.0057919386341979875
1170.1701701701702 0.006259501692992404
1180.1801801801803 0.0067532804310551755
1190.1901901901902 0.007273957241553267
1200.2002002002002 0.007822192742529568
1210.2102102102103 0.00839862434766109
1220.2202202202202 0.009003864923063149
1230.2302302302303 0.00963850153235578
1240.2402402402402 0.010303094271689527
1250.2502502502502 0.010998116896562576
1260.2602602602603 0.011723876361305303
1270.2702702702702 0.012480445723146062
1280.2802802802803 0.013268165781709617
1290.2902902902902 0.014087340409103878
1300.3003003003003 0.014938236079849397
1310.3103103103103 0.015821081508438087
1320.3203203203202 0.0167360673914535
1330.3303303303303 0.017683346250842617
1340.3403403403404 0.01866303237462346
1350.3503503503503 0.01967520185104549
1360.3603603603603 0.02071989269198688
1370.3703703703704 0.021797105041173232
1380.3803803803803 0.022906801462634633
1390.3903903903904 0.024048907304679405
1400.4004004004005 0.025223311134549623
1410.4104104104103 0.026429865238839813
1420.4204204204204 0.027668386184692365
1430.4304304304305 0.028938655436742424
1440.4404404404404 0.030240420024757592
1450.4504504504505 0.031573393256909534
1460.4604604604606 0.03293725547361839
1470.4704704704704 0.034331654836927336
1480.4804804804805 0.035756208150390316
1490.4904904904906 0.03721050170449119
1500.5005005005005 0.03869409214265094
1510.5105105105106 0.04020650734292631
1520.5205205205207 0.041747247310547825
1530.5305305305305 0.043315785076498116
1540.5405405405404 0.04491156759737795
1550.5505505505505 0.04653401665185908
1560.5605605605606 0.048182529729069196
1570.5705705705705 0.04985648090430806
1580.5805805805805 0.05155522169753492
1590.5905905905906 0.0532780819101236
1600.6006006006005 0.05502437043543091
1610.6106106106106 0.05679337603878584
1620.6206206206207 0.0585843681025781
1630.6306306306305 0.060396597332214856
1640.6406406406406 0.06222929641883122
1650.6506506506507 0.06408168065479244
1660.6606606606606 0.06595294849824021
1670.6706706706707 0.06784228208320746
1680.6806806806808 0.06974884767221085
1690.6906906906906 0.07167179604873448
1700.7007007007007 0.07361028300011392
1710.7107107107108 0.07556351469094438
1720.7207207207207 0.07753059740016424
1730.7307307307308 0.07951061117450309
1740.7407407407409 0.08150262100215867
1750.7507507507507 0.08350567688993968
1760.7607607607606 0.08551881389903827
1770.770770770771 0.0875410521528553
1780.7807807807808 0.0895713968354842
1790.7907907907907 0.09160883820594577
1800.8008008008007 0.09365235166130013
1810.8108108108108 0.09570089789163612
1820.8208208208207 0.09775342318197186
1830.8308308308308 0.09980885993058361
1840.8408408408409 0.10186612747052005
1850.8508508508507 0.1039241333012638
1860.8608608608608 0.10598177486074552
1870.870870870871 0.10803794199406266
1880.8808808808808 0.11009152030374839
1890.890890890891 0.11214139559624611
1900.900900900901 0.11418645966848665
1910.9109109109108 0.11622561770427517
1920.920920920921 0.11825779756832243
1930.930930930931 0.12028196129028597
1940.940940940941 0.1222971190143867
1950.950950950951 0.12430234564222582
1960.960960960961 0.12629680030597804
1970.970970970971 0.12827974866374786
1980.980980980981 0.1302505877967899
1990.9909909909911 0.13220887320078054
2001.001001001001 0.1341543469982832
2011.0110110110109 0.13608696606607903
2021.0210210210212 0.13800692829438127
2031.031031031031 0.13991469472110643
2041.0410410410411 0.14181100488213152
2051.051051051051 0.1436968824775413
2061.061061061061 0.145573628475956
2071.071071071071 0.1474427991613846
2081.081081081081 0.14930616743830735
2091.091091091091 0.15116566696297085
2101.101101101101 0.15302332029291987
2111.1111111111113 0.15488115407940284
2121.121121121121 0.1567411061202509
2131.131131131131 0.15860493054632474
2141.141141141141 0.1604741082436465
2151.151151151151 0.1623497696051075
2161.161161161161 0.16423263578778513
2171.1711711711714 0.16612298292123404
2181.1811811811813 0.16802063142294787
2191.191191191191 0.1699249600879807
2201.201201201201 0.1718349423127452
2211.2112112112113 0.173749200011634
2221.221221221221 0.1756660696918764
2231.2312312312315 0.17758367482308876
2241.2412412412414 0.17949999899489846
2251.2512512512512 0.1814129552260991
2261.261261261261 0.18332044795679983
2271.271271271271 0.18522042551157608
2281.2812812812813 0.1871109219976609
2291.2912912912916 0.18899008858544453
2301.3013013013015 0.19085621485451132
2311.3113113113113 0.19270774137057836
2321.321321321321 0.1945432649136082
2331.331331331331 0.19636153784979427
2341.3413413413414 0.1981614630805134
2351.3513513513512 0.1999420858572582
2361.3613613613616 0.2017025835628069
2371.3713713713714 0.20344225435566188
2381.3813813813813 0.2051605053778757
2391.391391391391 0.20685684104846522
2401.4014014014015 0.20853085181210484
2411.4114114114113 0.2101822035875917
2421.4214214214217 0.21181062806169215
2431.4314314314315 0.21341591389871614
2441.4414414414414 0.2149978988810789
2451.4514514514512 0.2165564629575492
2461.4614614614616 0.21809152215041594
2471.4714714714714 0.21960302325737022
2481.4814814814818 0.22109093927594278
2491.4914914914916 0.222555265475712
2501.5015015015015 0.22399601604459668
2511.5115115115113 0.2254132212390589
2521.521521521521 0.22680692497301394
2531.5315315315315 0.2281771827860146
2541.541541541542 0.2295240601373043
2551.5515515515517 0.23084763097833141
2561.5615615615616 0.23214797656203737
2571.5715715715714 0.2334251844525669
2581.5815815815813 0.23467934770390084
2591.5915915915916 0.23591056418029765
2601.6016016016015 0.23711893599530515
2611.611611611612 0.23830456904952807
2621.6216216216217 0.2394675726503189
2631.6316316316315 0.2406080591991471
2641.6416416416414 0.24172614393463782
2651.6516516516517 0.24282194472117863
2661.6616616616616 0.24389558187464053
2671.671671671672 0.24494717801814456
2681.6816816816818 0.24597685796199456
2691.6916916916916 0.2469847486028982
2701.7017017017015 0.24797097883844002
2711.711711711712 0.24893567949348808
2721.7217217217217 0.24987898325581218
2731.731731731732 0.2508010246186876
2741.741741741742 0.2517019398286875
2751.7517517517517 0.2525818668372074
2761.7617617617616 0.2534409452545643
2771.7717717717715 0.2542793163057439
2781.781781781782 0.2550971227870818
2791.791791791792 0.2558945090233186
2801.801801801802 0.2566716208246101
2811.811811811812 0.2574286054431835
2821.8218218218217 0.2581656115294162
2831.8318318318316 0.25888278908719775
2841.841841841842 0.25958028942847966
2851.851851851852 0.26025826512697897
2861.861861861862 0.260916869971028
2871.871871871872 0.2615562589155958
2881.881881881882 0.2621765880335324
2891.8918918918916 0.26277801446609594
2901.901901901902 0.2633606963728416
2911.911911911912 0.26392479288095727
2921.921921921922 0.2644704640341338
2931.931931931932 0.26499787074106956
2941.941941941942 0.2655071747236953
2951.9519519519517 0.2659985384652207
2961.961961961962 0.26647212515809193
2971.971971971972 0.26692809865194994
2981.9819819819822 0.26736662340167966
2991.991991991992 0.267787864415626
3002.002002002002 0.2681919872040666
3012.012012012012 0.2685791577280014
3022.0220220220217 0.2689495423483441
3032.032032032032 0.2693766827693741
3042.0420420420423 0.2697051386338544
3052.052052052052 0.2700146059996383
3062.062062062062 0.27030592248213964
3072.072072072072 0.2705798442241046
3082.0820820820823 0.27083705316926593
3092.092092092092 0.2710781638026165
3102.102102102102 0.27130372938809066
3112.1121121121123 0.27151424773366345
3122.122122122122 0.27171016651292224
3132.132132132132 0.2718918881710867
3142.1421421421423 0.2720597744422979
3152.152152152152 0.27221415050377173
3162.162162162162 0.2723553087911905
3172.1721721721724 0.27248351249842767
3182.1821821821823 0.27259899878348925
3192.192192192192 0.272701981701304
3202.202202202202 0.2727926548828248
3212.2122122122123 0.27287119397873527
3222.222222222222 0.2729377588849416
3232.232232232232 0.27299249576596735
3242.2422422422424 0.2730355388913443
3252.252252252252 0.27306701229911556
3262.262262262262 0.27308703129965595
3272.2722722722724 0.2730957038321266
3282.2822822822823 0.273093131685065
3292.292292292292 0.2730794115918298
3302.3023023023025 0.273054636210883
3312.3123123123123 0.2730188950002076
3322.322322322322 0.2729722749945065
3332.3323323323325 0.2729148614932245
3342.3423423423424 0.27284673866686326
3352.352352352352 0.27276799008852753
3362.3623623623625 0.2726786991971398
3372.3723723723724 0.27257894969829943
3382.3823823823823 0.2724688259083156
3392.3923923923926 0.27234841304655166
3402.4024024024025 0.27221779748082114
3412.4124124124123 0.2720770669302358
3422.4224224224226 0.27192631062956474
3432.4324324324325 0.27176561945885985
3442.4424424424424 0.271595086041816
3452.4524524524522 0.2714148048160586
3462.4624624624626 0.27122487207831447
3472.4724724724724 0.27102538600717707
3482.4824824824823 0.2708164466659642
3492.4924924924926 0.27059815598796977
3502.5025025025025 0.27037061774621945
3512.5125125125123 0.2701339375096604
3522.5225225225226 0.26988822258756473
3532.5325325325325 0.26963358196376797
3542.5425425425424 0.2693701262222217
3552.5525525525527 0.26909796746521913
3562.5625625625626 0.26881721922552176
3572.5725725725724 0.2685279963735069
3582.5825825825827 0.2682304150203553
3592.5925925925926 0.2679245924181997
3602.6026026026025 0.2676106468580602
3612.612612612613 0.26728869756632423
3622.6226226226227 0.266958864600435
3632.6326326326325 0.2666212687443978
3642.642642642643 0.26627603140463907
3652.6526526526527 0.26592327450669545
3662.6626626626626 0.26556312039315527
3672.672672672673 0.2651956917232274
3682.6826826826828 0.2648211113742566
3692.6926926926926 0.26443950234547425
3702.7027027027025 0.2640509876642209
3712.712712712713 0.2636556902948509
3722.7227227227227 0.26325373305049465
3732.7327327327325 0.26284523850781416
3742.742742742743 0.26243032892488016
3752.7527527527527 0.2620091261622501
3762.7627627627626 0.2615817516073248
3772.772772772773 0.2611483261020261
3782.7827827827828 0.2607089698738289
3792.7927927927926 0.26026380247015823
3802.802802802803 0.25981294269615135
3812.812812812813 0.25935650855576714
3822.8228228228227 0.2588946171962182
3832.832832832833 0.25842738485568517
3842.842842842843 0.25795492681427
3852.8528528528527 0.2574773573481269
3862.862862862863 0.256994789686714
3872.872872872873 0.2565073359730955
3882.8828828828828 0.25601510722721504
3892.892892892893 0.2555182133120752
3902.902902902903 0.2550167629027213
3912.912912912913 0.25451086345796525
3922.922922922923 0.25400062119474504
3932.932932932933 0.25348614106504036
3942.942942942943 0.2529675267352501
3952.9529529529527 0.2524448805679389
3962.962962962963 0.2519183036058652
3972.972972972973 0.25138789555819113
3982.982982982983 0.2508537547887918
3992.992992992993 0.25031597830656327
4003.003003003003 0.24977466175764584
4013.013013013013 0.24922989941946982
4023.023023023023 0.24868178419653608
4033.033033033033 0.24813040761784633
4043.043043043043 0.24757585983589528
4053.053053053053 0.24701822962714548
4063.063063063063 0.24645760439390035
4073.073073073073 0.24589407016749706
4083.0830830830832 0.24532771161274386
4093.093093093093 0.24475861203352442
4103.103103103103 0.24418685337949744
4113.113113113113 0.24361251625382374
4123.123123123123 0.24303567992184666
4133.133133133133 0.24245642232066594
4143.143143143143 0.24187482006953823
4153.153153153153 0.24129094848104568
4163.163163163163 0.2407048815729685
4173.173173173173 0.24011669208081268
4183.183183183183 0.23952645147093068
4193.193193193193 0.23893422995418928
4203.203203203203 0.23834009650012977
4213.213213213214 0.23774411885157812
4223.223223223224 0.2371463635396542
4233.2332332332335 0.23654689589913983
4243.243243243243 0.2359457800841645
4253.253253253253 0.23534307908416677
4263.263263263263 0.23473885474009784
4273.273273273273 0.23413316776082757
4283.283283283283 0.23352607773972284
4293.293293293293 0.23291764317136424
4303.303303303303 0.23230792146837165
4313.313313313313 0.23169696897831082
4323.323323323323 0.2310848410006532
4333.333333333334 0.23047159180376456
4343.343343343344 0.22985727464189767
4353.353353353354 0.22924194177216956
4363.3633633633635 0.22862564447149727
4373.373373373373 0.2280084330534803
4383.383383383383 0.22739035688520262
4393.393393393393 0.22677146440394538
4403.403403403403 0.22615180313379077
4413.413413413413 0.22553141970210022
4423.423423423424 0.2249103598558603
4433.4334334334335 0.2242886684778773
4443.443443443443 0.2236663896028119
4453.453453453454 0.22304356643304382
4463.463463463464 0.22242024135435756
4473.473473473474 0.22179645595143654
4483.483483483484 0.2211722510231639
4493.493493493494 0.22054766659771816
4503.503503503503 0.21992274194745923
4513.513513513513 0.21929751560360067
4523.523523523523 0.2186720253706589
4533.533533533533 0.21804630834068192
4543.543543543543 0.21742040090724635
4553.553553553554 0.21679433877922574
4563.563563563564 0.21616815699432496
4573.573573573573 0.21554188993237813
4583.583583583584 0.2149155713284101
4593.593593593594 0.21428923428545996
4603.603603603604 0.2136629112871646
4613.613613613614 0.21303663421010452
4623.623623623624 0.21241043433590906
4633.6336336336335 0.2117843423631238
4643.643643643643 0.2111583884188405
4653.653653653653 0.2105326020700885
4663.663663663663 0.2099070123349927
4673.673673673674 0.20928164769369517
4683.683683683684 0.20865653609904727
4693.693693693694 0.20803170498706883
4703.703703703704 0.20740718128718214
4713.713713713714 0.20678299143221823
4723.723723723724 0.20615916136820175
4733.733733733734 0.20553571656391492
4743.743743743744 0.2049126820202442
4753.753753753754 0.20429008227931353
4763.763763763764 0.20366794143340594
4773.773773773773 0.20304628313367598
4783.783783783783 0.20242513059866024
4793.793793793793 0.20180450662258453
4803.803803803804 0.20118443358347352
4813.813813813814 0.20056493345106674
4823.823823823824 0.19994602779454448
4833.833833833834 0.19932773779006413
4843.843843843844 0.19871008422811623
4853.853853853854 0.19809308752069807
4863.863863863864 0.19747676770831296
4873.873873873874 0.19686114446679576
4883.883883883884 0.1962462371139704
4893.893893893894 0.19563206461614202
4903.9039039039035 0.1950186455944278
4913.913913913913 0.19440599833093009
4923.923923923924 0.193794140774755
4933.933933933934 0.19318309054788124
4943.943943943944 0.19257286495088113
4953.953953953955 0.19196348096849936
4963.9639639639645 0.1913549552750913
4973.973973973974 0.19074730423992486
4983.983983983984 0.19014054393235016
4993.993993993994 0.1895346901268398
5004.004004004004 0.18892975830790174
5014.014014014014 0.188325763674872
5024.024024024024 0.1877227211465853
5034.0340340340335 0.18712064536593148
5044.044044044043 0.18651955070429777
5054.054054054054 0.18591945126590187
5064.064064064064 0.18532036089201814
5074.074074074074 0.1847222931650996
5084.084084084085 0.18412526141279908
5094.0940940940945 0.18352927871189395
5104.104104104104 0.18293435789211335
5114.114114114114 0.18234051153987518
5124.124124124124 0.1817477520019328
5134.134134134134 0.18115609138893488
5144.144144144144 0.1805655415789005
5154.154154154154 0.17997611422061463
5164.1641641641645 0.17938782073694112
5174.174174174174 0.1788006723280623
5184.184184184184 0.17821467997464197
5194.194194194194 0.17762985444091692
5204.204204204204 0.17704620627771994
5214.214214214214 0.17646374582543292
5224.224224224225 0.175882483216877
5234.2342342342345 0.17530242838013774
5244.244244244244 0.17472359104132937
5254.254254254254 0.17414598072730098
5264.264264264264 0.173569606768283
5274.274274274274 0.17299447830048098
5284.284284284285 0.1724206042686135
5294.294294294295 0.17184799342839946
5304.304304304304 0.17127665434899475
5314.314314314314 0.17070659541538075
5324.324324324324 0.17013782483070547
5334.334334334334 0.16957035061858028
5344.344344344345 0.16900418062533198
5354.354354354355 0.16843932252221297
5364.3643643643645 0.16787578380757087
5374.374374374374 0.16731357180897852
5384.384384384384 0.16675269368532522
5394.394394394394 0.16619315642887253
5404.404404404404 0.1656349668672726
5414.414414414415 0.16507813166555446
5424.424424424425 0.16452265732807547
5434.4344344344345 0.16396855020044068
5444.444444444444 0.1634158164713923
5454.454454454454 0.16286446217466868
5464.464464464464 0.16231449319083438
5474.474474474475 0.16176591524908265
5484.484484484485 0.16121873392901037
5494.494494494495 0.16067295466236764
5504.504504504504 0.16012858273478212
5514.514514514514 0.1595856232874582
5524.524524524524 0.15904408131885425
5534.534534534535 0.15850396168633543
5544.544544544545 0.15796526910780648
5554.554554554555 0.15742800816332095
5564.5645645645645 0.15689218329667196
5574.574574574574 0.15635779881696227
5584.584584584584 0.15582485890015504
5594.594594594595 0.15529336759060575
5604.604604604605 0.15476332880257734
5614.614614614615 0.1542347463217361
5624.624624624625 0.15370762380663236
5634.6346346346345 0.15318196479016383
5644.644644644644 0.15265777268102287
5654.654654654654 0.1521350507651295
5664.664664664665 0.15161380220704793
5674.674674674675 0.15109403005139022
5684.684684684685 0.15057573722420448
5694.694694694695 0.15005892653434996
5704.704704704704 0.1495436006748588
5714.714714714714 0.14902976222428496
5724.724724724725 0.14851741364804005
5734.734734734735 0.14800655729971757
5744.744744744745 0.14749719542240472
5754.754754754755 0.1469893301499821
5764.764764764765 0.1464829635084135
5774.774774774774 0.14597809741702306
5784.784784784785 0.14547473368976194
5794.794794794795 0.14497287403646525
5804.804804804805 0.14447252006409741
5814.814814814815 0.14397367327798796
5824.824824824825 0.14347633508305754
5834.8348348348345 0.1429805067850333
5844.844844844845 0.14248618959165626
5854.854854854855 0.14199338461387748
5864.864864864865 0.14150209286704604
5874.874874874875 0.14101231527208816
5884.884884884885 0.1405240526566764
5894.894894894895 0.14003730575639076
5904.9049049049045 0.13955207521587146
5914.914914914915 0.13906836158996197
5924.924924924925 0.1385861653448452
5934.934934934935 0.1381054868591694
5944.944944944945 0.13762632642516848
5954.954954954955 0.13714868424977128
5964.964964964965 0.13667256045570506
5974.974974974975 0.13619795508259006
5984.984984984985 0.1357248680880264
5994.994994994995 0.135253299348673
6005.005005005005 0.13478324866131905
6015.015015015015 0.1343147157439476
6025.025025025025 0.13384770023679193
6035.035035035035 0.1333822017033834
6045.045045045045 0.1329182196315935
6055.055055055055 0.13245575343466648
6065.065065065065 0.13199480245224599
6075.075075075075 0.13153536595139367
6085.085085085085 0.1310774431276008
6095.0950950950955 0.13062103310579218
6105.105105105105 0.13016613494132365
6115.115115115115 0.12971274762097068
6125.125125125125 0.12926087006391165
6135.135135135135 0.1288105011227031
6145.145145145145 0.12836163958424696
6155.155155155155 0.1279142841707526
6165.1651651651655 0.12746843354068949
6175.175175175175 0.1270240862897349
6185.185185185185 0.12658124095171253
6195.195195195195 0.12613989599952577
6205.205205205205 0.12570004984608274
6215.215215215215 0.12526170084521432
6225.225225225226 0.12482484729258624
6235.235235235235 0.12438948742660241
6245.245245245245 0.12395561942930272
6255.255255255255 0.12352324142725324
6265.265265265265 0.12309235149242873
6275.275275275275 0.12266294764308958
6285.285285285286 0.12223502784465048
6295.295295295296 0.12180859001054263
6305.305305305305 0.12138363200306884
6315.315315315315 0.12096015163425179
6325.325325325325 0.12053814666667508
6335.335335335335 0.12011761481431753
6345.345345345346 0.11969855374338009
6355.355355355356 0.11928096107310637
6365.3653653653655 0.11886483437659595
6375.375375375375 0.1184501711816104
6385.385385385385 0.11803696897137267
6395.395395395395 0.11762522518535978
6405.405405405405 0.11721493722008815
6415.415415415416 0.11680610242989188
6425.425425425426 0.11639871812769503
6435.4354354354355 0.1159927815857752
6445.445445445445 0.1155882900365227
6455.455455455455 0.1151852406731902
6465.465465465465 0.11478363065063743
6475.475475475476 0.11438345708606802
6485.485485485486 0.11398471705975992
6495.495495495496 0.11358740761578853
6505.505505505505 0.11319152576274329
6515.515515515515 0.11279706847443748
6525.525525525525 0.11240403269061079
6535.535535535536 0.11201241531762553
6545.545545545546 0.11162221322915614
6555.555555555556 0.11123342326687094
6565.5655655655655 0.1108460422411084
6575.575575575575 0.11046006693154575
6585.585585585585 0.1100754940878612
6595.595595595596 0.10969232043038948
6605.605605605606 0.10931054265077035
6615.615615615616 0.1089301574125909
6625.625625625626 0.10855116135202068
6635.6356356356355 0.10817355107844064
6645.645645645645 0.10779732317506499
6655.655655655655 0.10742247419955687
6665.665665665666 0.10704900068463712
6675.675675675676 0.10667689913868675
6685.685685685686 0.10630616604634238
6695.695695695696 0.1059367978690859
6705.705705705705 0.10556879104582709
6715.715715715715 0.10520214199347953
6725.725725725726 0.10483684710753137
6735.735735735736 0.10447290276260754
6745.745745745746 0.10411030531302765
6755.755755755756 0.10374905109335653
6765.7657657657655 0.10338913641894817
6775.775775775775 0.10303055758648402
6785.785785785786 0.10267331087450475
6795.795795795796 0.10231739254393545
6805.805805805806 0.10196279883860523
6815.815815815816 0.10160952598575998
6825.825825825826 0.10125757019656943
6835.8358358358355 0.10090692766662786
6845.845845845846 0.10055759457644882
6855.855855855856 0.10020956709195365
6865.865865865866 0.09986284136495428
6875.875875875876 0.09951741353362928
6885.885885885886 0.09917327972299513
6895.895895895896 0.0988304360453704
6905.9059059059055 0.09848887860083494
6915.915915915916 0.09814860347768245
6925.925925925926 0.09780960675286779
6935.935935935936 0.09747188449244829
6945.945945945946 0.09713543275201908
6955.955955955956 0.09680024757714349
6965.965965965966 0.09646632500377657
6975.975975975976 0.09613366105868411
6985.985985985986 0.09580225175985534
6995.995995995996 0.09547209311691048
7006.006006006006 0.09514318113150244
7016.016016016016 0.09481551179771314
7026.026026026026 0.0944890811024446
7036.036036036036 0.09416388502580435
7046.046046046046 0.09383991954148564
7056.056056056056 0.09351718061714233
7066.066066066066 0.093195664214758
7076.076076076076 0.09287536629101081
7086.086086086086 0.09255628279763221
7096.0960960960965 0.09223840968176096
7106.106106106106 0.09192174288629179
7116.116116116116 0.09160627835021924
7126.126126126126 0.0912920120089764
7136.136136136136 0.09097893979476825
7146.146146146146 0.09066705763690068
7156.156156156156 0.09035636146210399
7166.1661661661665 0.09004684719485195
7176.176176176176 0.08973851075767571
7186.186186186186 0.08943134807147335
7196.196196196196 0.089125355055814
7206.206206206206 0.08882052762923784
7216.216216216216 0.08851686170955136
7226.226226226227 0.08821435321411746
7236.236236236236 0.08791299806014194
7246.246246246246 0.08761279216495416
7256.256256256256 0.08731373144628451
7266.266266266266 0.0870158118225365
7276.276276276276 0.08671902921305494
7286.286286286287 0.08642337953838937
7296.2962962962965 0.08612885872055337
7306.306306306306 0.08583546268327973
7316.316316316316 0.08554318735227104
7326.326326326326 0.0852520286554461
7336.336336336336 0.08496198252318259
7346.346346346347 0.0846730448885549
7356.356356356357 0.08438521168756889
7366.3663663663665 0.08409847885939126
7376.376376376376 0.08381284234657624
7386.386386386386 0.0835282980952874
7396.396396396396 0.0832448420555162
7406.406406406406 0.08296247018129602
7416.416416416417 0.08268117843091276
7426.426426426427 0.08240096276711176
7436.436436436436 0.0821218191573006
7446.446446446446 0.08184374357374827
7456.456456456456 0.08156673199378102
7466.466466466466 0.081290780399974
7476.476476476477 0.08101588478033973
7486.486486486487 0.08074204112851303
7496.496496496497 0.08046924544393225
7506.506506506506 0.08019749373201666
7516.516516516516 0.07992678200434167
7526.526526526526 0.07965710627880884
7536.536536536537 0.0793884625798142
7546.546546546547 0.07912084693841216
7556.556556556557 0.07885425539247691
7566.5665665665665 0.07858868398685975
7576.576576576576 0.07832412877354382
7586.586586586586 0.07806058581179567
7596.596596596597 0.07779805116831316
7606.606606606607 0.07753652091737138
7616.616616616617 0.07727599114096372
7626.626626626627 0.0770164579289418
7636.6366366366365 0.07675791737915143
7646.646646646646 0.07650036559756551
7656.656656656657 0.0762437986984147
7666.666666666667 0.07598821280431449
7676.676676676677 0.07573360404639003
7686.686686686687 0.07547996856439779
7696.696696696697 0.0752273025068445
7706.706706706706 0.07497560203110362
7716.716716716716 0.07472486330352877
7726.726726726727 0.07447508249956475
7736.736736736737 0.07422625580385574
7746.746746746747 0.07397837941035121
7756.756756756757 0.07373144952240873
7766.7667667667665 0.07348546235289502
7776.776776776776 0.07324041412428368
7786.786786786787 0.07299630106875127
7796.796796796797 0.07275311942827031
7806.806806806807 0.07251086545470012
7816.816816816817 0.07226953540987544
7826.826826826827 0.0720291255656926
7836.8368368368365 0.07178963220419343
7846.846846846847 0.07155105161764676
7856.856856856857 0.07131338010862795
7866.866866866867 0.07107661399009577
7876.876876876877 0.07084074958546797
7886.886886886887 0.0706057832286935
7896.896896896897 0.07037171126432377
7906.906906906907 0.07013853004758101
7916.916916916917 0.06990623594442512
7926.926926926927 0.06967482533161806
7936.936936936937 0.06944429459678658
7946.946946946947 0.0692146401384829
7956.956956956957 0.0689858583662433
7966.9669669669665 0.06875794570064492
7976.976976976977 0.06853089857336075
7986.986986986987 0.06830471342721284
7996.996996996997 0.0680793867162231
8007.007007007007 0.06785491490566326
8017.017017017017 0.06763129447210203
8027.027027027027 0.06740852190345156
8037.037037037037 0.067186593699011
8047.047047047047 0.06696550636950992
8057.057057057057 0.06674525643714811
8067.067067067067 0.06652584043563566
8077.077077077077 0.06630725491022997
8087.087087087087 0.06608949641777209
8097.0970970970975 0.06587256152672097
8107.107107107107 0.06565644681718658
8117.117117117117 0.06544114888096096
8127.127127127127 0.06522666432154843
8137.137137137137 0.06501298975419374
8147.147147147147 0.06480012180590922
8157.157157157158 0.06458805711550035
8167.1671671671675 0.06437679233358963
8177.177177177177 0.06416632412263977
8187.187187187187 0.06395664915697472
8197.197197197198 0.06374776412280003
8207.207207207208 0.06353966571822142
8217.217217217218 0.06333235065326248
8227.227227227228 0.06312581564988068
8237.237237237237 0.06292005744198247
8247.247247247247 0.06271507277543688
8257.257257257257 0.06251085840808841
8267.267267267267 0.06230741110976791
8277.277277277277 0.06210472766230317
8287.287287287287 0.06190280485952778
8297.297297297297 0.06170163950728904
8307.307307307306 0.061501228423454984
8317.317317317316 0.06130156843791978
8327.327327327326 0.06110265639260874
8337.337337337336 0.06090448914148187
8347.347347347348 0.06070706355053614
8357.357357357358 0.06051037649780763
8367.367367367367 0.060314424873371665
8377.377377377377 0.06011920557934263
8387.387387387387 0.059924715529872614
8397.397397397397 0.05973095165114918
8407.407407407409 0.05953791088139199
8417.417417417419 0.05934559017084898
8427.427427427428 0.05915398648179114
8437.437437437438 0.05896309678850674
8447.447447447448 0.058772918077294595
8457.457457457458 0.05858344734645663
8467.467467467468 0.058394681606289335
8477.477477477478 0.05820661787907466
8487.487487487488 0.05801925319907002
8497.497497497498 0.05783258461249762
8507.507507507507 0.05764660917753287
8517.517517517517 0.05746132396429216
8527.527527527527 0.05727672605481984
8537.537537537537 0.057092812543074606
8547.547547547547 0.05690958053491496
8557.557557557557 0.056727027148084225
8567.567567567567 0.056545149512194845
8577.577577577576 0.056363944768711705
8587.587587587586 0.056183410070935365
8597.597597597598 0.05600354258398409
8607.607607607608 0.05582433948477582
8617.617617617618 0.05564579796200892
8627.627627627628 0.05546791521614287
8637.637637637637 0.05529068845937815
8647.647647647647 0.055114114915635476
8657.657657657659 0.05493819182053452
8667.667667667669 0.05476291642137251
8677.677677677679 0.054588285977101435
8687.687687687689 0.054414297758305474
8697.697697697698 0.05424094904717769
8707.707707707708 0.05406823713749613
8717.717717717718 0.05389615933459961
8727.727727727728 0.05372471295536264
8737.737737737738 0.05355389532817065
8747.747747747748 0.05338370379289392
8757.757757757758 0.05321413570086149
8767.767767767768 0.05304518841483473
8777.777777777777 0.052876859308980256
8787.787787787787 0.05270914576884251
8797.797797797797 0.05254204519131598
8807.807807807807 0.05237555498461709
8817.817817817817 0.05220967256825541
8827.827827827827 0.05204439537300491
8837.837837837837 0.05187972084087467
8847.847847847848 0.05171564642507903
8857.857857857858 0.05155216959000784
8867.867867867868 0.051389287811195894
8877.877877877878 0.05122699857529246
8887.887887887888 0.05106529938003014
8897.897897897898 0.05090418773419377
8907.90790790791 0.05074366115758871
8917.91791791792 0.05058371718100905
8927.927927927929 0.05042435334620538
8937.937937937939 0.05026556720585251
8947.947947947949 0.05010735632351664
8957.957957957959 0.04994971827362248
8967.967967967968 0.049792650641420085
8977.977977977978 0.04963615102295136
8987.987987987988 0.049480217025016364
8997.997997997998 0.04932484626513958
9008.008008008008 0.049170036371535615
9018.018018018018 0.04901578498307493
9028.028028028028 0.048862089749249334
9038.038038038037 0.04870894833013723
9048.048048048047 0.04855635839636876
9058.058058058057 0.04840431762909048
9068.068068068067 0.048252823719930366
9078.078078078077 0.048101874370962146
9088.088088088087 0.04795146729466973
9098.098098098098 0.047801996668442044
9108.108108108108 0.04765274877025456
9118.118118118118 0.047504050105110135
9128.128128128128 0.04735589845675203
9138.138138138138 0.04720829161775948
9148.148148148148 0.0470612273895224
9158.15815815816 0.04691470358221579
9168.16816816817 0.04676871801477476
9178.17817817818 0.04662326851486853
9188.188188188189 0.04647835291887499
9198.198198198199 0.04633396907185483
9208.208208208209 0.046190114827525934
9218.218218218219 0.046046788048237294
9228.228228228229 0.04590398660494302
9238.238238238238 0.04576170837717645
9248.248248248248 0.045619951253023754
9258.258258258258 0.04547871312909795
9268.268268268268 0.04533799191051254
9278.278278278278 0.04519778551085515
9288.288288288288 0.04505809185216108
9298.298298298298 0.04491890886488706
9308.308308308307 0.04478023448788443
9318.31831831832 0.04464206666837276
9328.328328328329 0.04450440336191327
9338.338338338339 0.044367242532382
9348.348348348349 0.04423058215194317
9358.358358358359 0.04409442020102239
9368.368368368368 0.04395875466827996
9378.378378378378 0.043823583550583904
9388.388388388388 0.043688904852983206
9398.398398398398 0.043554716588680785
9408.408408408408 0.0434210167790067
9418.418418418418 0.043287803453391
9428.428428428428 0.04315507464933699
9438.43843843844 0.0430228284123939
9448.44844844845 0.04289106279613017
9458.458458458459 0.042759775862106136
9468.468468468469 0.042628965679847065
9478.478478478479 0.04249863032681609
9488.488488488489 0.04236876788838709
9498.498498498499 0.04223937645781744
9508.508508508508 0.04211045413622116
9518.518518518518 0.04198199903254153
9528.528528528528 0.04185400926352411
9538.538538538538 0.0417264829536895
9548.548548548548 0.04159941823530624
9558.558558558558 0.041472813248363743
9568.56856856857 0.041346666140544934
9578.57857857858 0.04122097506719945
9588.58858858859 0.04109573819131614
9598.598598598599 0.04097095368349627
9608.608608608609 0.040846619721926145
9618.618618618619 0.04072273449235015
9628.628628628629 0.04059929618804368
9638.638638638638 0.040476303009785886
9648.648648648648 0.040353753165832826
9658.658658658658 0.04023164487189025
9668.668668668668 0.04010997635108669
9678.678678678678 0.03998874583394636
9688.68868868869 0.03986795155836217
9698.6986986987 0.03974759176956884
9708.70870870871 0.03962766472011585
9718.71871871872 0.03950816866984058
9728.728728728729 0.03938910188584142
9738.738738738739 0.03927046264245084
9748.748748748749 0.03915224922120865
9758.758758758759 0.03903445991083507
9768.768768768768 0.03891709300720407
9778.778778778778 0.03880014681331657
9788.788788788788 0.038683619639273636
9798.798798798798 0.038567509802250065
9808.808808808808 0.038451815626467406
9818.81881881882 0.03833653544316758
9828.82882882883 0.03822166759058635
9838.83883883884 0.03810721041392653
9848.84884884885 0.037993162265331795
9858.85885885886 0.03787952150385999
9868.868868868869 0.03776628649545694
9878.878878878879 0.037653455612929904
9888.888888888889 0.03754102723592137
9898.898898898899 0.03742899975088275
9908.908908908908 0.03731737155104812
9918.918918918918 0.03720614103640805
9928.928928928928 0.03709530661368353
9938.93893893894 0.036984866696299766
9948.94894894895 0.03687481970436031
9958.95895895896 0.03676516406462087
9968.96896896897 0.03665589821046355
9978.97897897898 0.03654702058187082
9988.98898898899 0.036438529625399826
9998.998998998999 0.03633042379415646
10009.009009009009 0.0362227015477698
10019.019019019019 0.036115361352366225
10029.029029029029 0.036008401680544054
10039.039039039038 0.035901821011347736
10049.049049049048 0.03579561783024253
10059.059059059058 0.035689790629088926
10069.06906906907 0.035584337906117335
10079.07907907908 0.035479258165902784
10089.08908908909 0.035374549919339485
10099.0990990991 0.03527021168361583
10109.10910910911 0.03516624198218907
10119.11911911912 0.0350626393447603
10129.129129129129 0.034959402307249414
10139.139139139139 0.03485652941177015
10149.149149149149 0.034754019206605105
10159.159159159159 0.034651870246180994
10169.169169169169 0.0345500810910438
10179.179179179178 0.03444865030783408
10189.18918918919 0.034347576469262286
10199.1991991992 0.034246858154084237
10209.20920920921 0.03414649394707648
10219.21921921922 0.03404648243901193
10229.22922922923 0.03394682222663543
10239.23923923924 0.033847511912639426
10249.24924924925 0.03374855010563973
10259.25925925926 0.03364993542015125
10269.269269269269 0.033551666476564004
10279.279279279279 0.03345374190111889
10289.289289289289 0.033356160325883816
10299.299299299299 0.0332589203887297
10309.309309309308 0.03316202073330666
10319.31931931932 0.033065460009020206
10329.32932932933 0.03296923687100764
10339.33933933934 0.03287334998011409
10349.34934934935 0.03277779800286929
10359.35935935936 0.0326825796114639
10369.36936936937 0.032587693483726025
10379.37937937938 0.032493138303097975
10389.38938938939 0.0323989127586129
10399.399399399399 0.03230501554487151
10409.409409409409 0.03221144536201905
10419.419419419419 0.0321182009157221
10429.429429429429 0.03202528091714564
10439.43943943944 0.03193268408293003
10449.44944944945 0.03184040913516825
10459.45945945946 0.031748454801383004
10469.46946946947 0.03165681981450408
10479.47947947948 0.03156550291284562
10489.48948948949 0.03147450284008359
10499.4994994995 0.03138381834523328
10509.50950950951 0.031293448182626867
10519.51951951952 0.031203391111891025
10529.52952952953 0.031113645897924678
10539.539539539539 0.031024211310876782
10549.549549549549 0.030935086126124185
10559.559559559559 0.030846269124249533
10569.56956956957 0.03075775909101929
10579.57957957958 0.030669554817361916
10589.58958958959 0.030581655099345836
10599.5995995996 0.030494058738157852
10609.60960960961 0.03040676454008135
10619.61961961962 0.030319771316474703
10629.62962962963 0.03023307788374973
10639.63963963964 0.030146683063350162
10649.64964964965 0.030060585681730416
10659.65965965966 0.02997478457033404
10669.669669669669 0.029889278565572632
10679.679679679679 0.02980406650880461
10689.68968968969 0.02971914724631409
10699.6996996997 0.02963451962928992
10709.70970970971 0.029550182513804663
10719.71971971972 0.02946613476079374
10729.72972972973 0.02938237523603464
10739.73973973974 0.029298902810126204
10749.74974974975 0.029215716358467946
10759.75975975976 0.029132814761239467
10769.76976976977 0.029050196903379965
10779.77977977978 0.02896786167456782
10789.78978978979 0.02888580796920021
10799.799799799799 0.028804034686372836
10809.809809809809 0.028722540729859736
10819.81981981982 0.02864132500809311
10829.82982982983 0.028560386434143322
10839.83983983984 0.02847972392569886
10849.84984984985 0.02839933640504643
10859.85985985986 0.028319222799051164
10869.86986986987 0.02823938203913681
10879.87987987988 0.02815981306126606
10889.88988988989 0.028080514805920945
10899.8998998999 0.028001486218083304
10909.90990990991 0.027922726247215292
10919.91991991992 0.027844233847239965
10929.92992992993 0.02776600797652203
10939.93993993994 0.027688047597848542
10949.94994994995 0.027610351678409778
10959.95995995996 0.027532919189780077
10969.96996996997 0.027455749107898875
10979.97997997998 0.0273788404130517
10989.98998998999 0.027302192089851327
11000.0 0.027225803127218964
