#lamb flux
1000.0 7.192753559106231e+40
1010.01001001001 7.458336220555164e+40
1020.0200200200201 7.717918539876447e+40
1030.03003003003 7.97125610476398e+40
1040.0400400400401 8.218159088156403e+40
1050.05005005005 8.458487290829534e+40
1060.06006006006 8.692145313491676e+40
1070.07007007007 8.919077913652845e+40
1080.08008008008 9.139265587728527e+40
1090.0900900900901 9.352720406340803e+40
1100.1001001001 9.55948212039274e+40
1110.11011011011 9.759614546995525e+40
1120.1201201201202 9.95320223749526e+40
1130.13013013013 1.0140347424461244e+41
1140.1401401401401 1.032116724035034e+41
1150.1501501501502 1.0495791197464209e+41
1160.16016016016 1.066435891659438e+41
1170.1701701701702 1.0827018090251285e+41
1180.1801801801803 1.0983922665463326e+41
1190.1901901901902 1.1135231230694323e+41
1200.2002002002002 1.1281105591362896e+41
1210.2102102102103 1.1421709518671051e+41
1220.2202202202202 1.1557207656891193e+41
1230.2302302302303 1.1687764574861637e+41
1240.2402402402402 1.1813543948153633e+41
1250.2502502502502 1.1934372097615277e+41
1260.2602602602603 1.2049392487097226e+41
1270.2702702702702 1.2156906932995772e+41
1280.2802802802803 1.225707532701265e+41
1290.2902902902902 1.2350063926152489e+41
1300.3003003003003 1.2436044154705098e+41
1310.3103103103103 1.2515191506247287e+41
1320.3203203203202 1.258768454044614e+41
1330.3303303303303 1.2653703969336447e+41
1340.3403403403404 1.2713431827712001e+41
1350.3503503503503 1.2767050722302313e+41
1360.3603603603603 1.2814743154488716e+41
1370.3703703703704 1.2856690911437207e+41
1380.3803803803803 1.2893074520680715e+41
1390.3903903903904 1.292407276336246e+41
1400.4004004004005 1.2949862241547928e+41
1410.4104104104103 1.2970616995221787e+41
1420.4204204204204 1.2986508164800502e+41
1430.4304304304305 1.2997703695210086e+41
1440.4404404404404 1.3004368077796896e+41
1450.4504504504505 1.30066621265553e+41
1460.4604604604606 1.3004742785368032e+41
1470.4704704704704 1.2998762963160356e+41
1480.4804804804805 1.2988871394068366e+41
1490.4904904904906 1.297521251991222e+41
1500.5005005005005 1.2957926392447795e+41
1510.5105105105106 1.2937148593044587e+41
1520.5205205205207 1.291301016760272e+41
1530.5305305305305 1.2885637574679913e+41
1540.5405405405404 1.2855152644948827e+41
1550.5505505505505 1.2821672550247695e+41
1560.5605605605606 1.2785309780624218e+41
1570.5705705705705 1.2746172127904448e+41
1580.5805805805805 1.2704362674446597e+41
1590.5905905905906 1.2659979785866332e+41
1600.6006006006005 1.2613117106647178e+41
1610.6106106106106 1.2563863557679163e+41
1620.6206206206207 1.251230333490432e+41
1630.6306306306305 1.2458515908392209e+41
1640.6406406406406 1.2402576021326485e+41
1650.6506506506507 1.2344553688560424e+41
1660.6606606606606 1.2284514194599283e+41
1670.6706706706707 1.2222518091100578e+41
1680.6806806806808 1.2158621194254808e+41
1690.6906906906906 1.2092874582732252e+41
1700.7007007007007 1.2025342070238592e+41
1710.7107107107108 1.1956135338310081e+41
1720.7207207207207 1.1885283211741667e+41
1730.7307307307308 1.1812801223388458e+41
1740.7407407407409 1.1738701471485882e+41
1750.7507507507507 1.1662992603647652e+41
1760.7607607607606 1.1585679824764614e+41
1770.770770770771 1.1506764935863796e+41
1780.7807807807808 1.1426246412576003e+41
1790.7907907907907 1.1344119533726391e+41
1800.8008008008007 1.1260376572732763e+41
1810.8108108108108 1.117500706698821e+41
1820.8208208208207 1.108799818322619e+41
1830.8308308308308 1.0999335199997599e+41
1840.8408408408409 1.0909002131780788e+41
1850.8508508508507 1.0816982522794544e+41
1860.8608608608608 1.0723260442116066e+41
1870.870870870871 1.0627821714951728e+41
1880.8808808808808 1.0530655427467618e+41
1890.890890890891 1.0431755743898798e+41
1900.900900900901 1.0331124073962924e+41
1910.9109109109108 1.022877162492002e+41
1920.920920920921 1.0124722364722391e+41
1930.930930930931 1.0019016409137963e+41
1940.940940940941 9.911713824901647e+40
1950.950950950951 9.802898811231106e+40
1960.960960960961 9.692684182043716e+40
1970.970970970971 9.581216020140111e+40
1980.980980980981 9.468678312797583e+40
1990.9909909909911 9.355297307704856e+40
2001.001001001001 9.24134525344844e+40
2011.0110110110109 9.127143117317525e+40
2021.0210210210212 9.013061815817549e+40
2031.031031031031 8.89952146375896e+40
2041.0410410410411 8.7869881617329e+40
2051.051051051051 8.675967914367535e+40
2061.061061061061 8.566997414331465e+40
2071.071071071071 8.460631643078202e+40
2081.081081081081 8.35742852039358e+40
2091.091091091091 8.257931157987915e+40
2101.101101101101 8.162648600268939e+40
2111.1111111111113 8.072036219958456e+40
2121.121121121121 7.986477126275871e+40
2131.131131131131 7.906265995325097e+40
2141.141141141141 7.831596620646176e+40
2151.151151151151 7.762554207535406e+40
2161.161161161161 7.699113027577458e+40
2171.1711711711714 7.641139564466202e+40
2181.1811811811813 7.588400787494037e+40
2191.191191191191 7.540576754269964e+40
2201.201201201201 7.497276425150336e+40
2211.2112112112113 7.458055401228006e+40
2221.221221221221 7.422434281264781e+40
2231.2312312312315 7.389916451934551e+40
2241.2412412412414 7.360004344169661e+40
2251.2512512512512 7.332213462404571e+40
2261.261261261261 7.306083780334573e+40
2271.271271271271 7.281188361501922e+40
2281.2812812812813 7.257139281985938e+40
2291.2912912912916 7.233591094012654e+40
2301.3013013013015 7.210242171963273e+40
2311.3113113113113 7.186834331997254e+40
2321.321321321321 7.163151123542448e+40
2331.331331331331 7.139015167020893e+40
2341.3413413413414 7.11428486869714e+40
2351.3513513513512 7.088850790094568e+40
2361.3613613613616 7.062631893441794e+40
2371.3713713713714 7.035571831235541e+40
2381.3813813813813 7.007635400386788e+40
2391.391391391391 6.978805241106603e+40
2401.4014014014015 6.949078828082364e+40
2411.4114114114113 6.918465776227792e+40
2421.4214214214217 6.886985464554094e+40
2431.4314314314315 6.854664968495991e+40
2441.4414414414414 6.821537282288865e+40
2451.4514514514512 6.787639807748122e+40
2461.4614614614616 6.753013083182727e+40
2471.4714714714714 6.717699725455165e+40
2481.4814814814818 6.681743558792802e+40
2491.4914914914916 6.645188905403483e+40
2501.5015015015015 6.608080014904908e+40
2511.5115115115113 6.570460611790177e+40
2521.521521521521 6.532373542441865e+40
2531.5315315315315 6.493860505453023e+40
2541.541541541542 6.454961851138695e+40
2551.5515515515517 6.415716438079862e+40
2561.5615615615616 6.376161536311943e+40
2571.5715715715714 6.336332768344844e+40
2581.5815815815813 6.296264080585523e+40
2591.5915915915916 6.255987738938186e+40
2601.6016016016015 6.215534343395207e+40
2611.611611611612 6.174932857320872e+40
2621.6216216216217 6.134210647886064e+40
2631.6316316316315 6.093393534751419e+40
2641.6416416416414 6.05250584463483e+40
2651.6516516516517 6.01157046984988e+40
2661.6616616616616 5.970608929277931e+40
2671.671671671672 5.929641430548814e+40
2681.6816816816818 5.888686932463527e+40
2691.6916916916916 5.847763206905197e+40
2701.7017017017015 5.806886899659124e+40
2711.711711711712 5.766073589705531e+40
2721.7217217217217 5.725337846664477e+40
2731.731731731732 5.684693286166252e+40
2741.741741741742 5.644152622995985e+40
2751.7517517517517 5.603727721921294e+40
2761.7617617617616 5.56342964615971e+40
2771.7717717717715 5.523268703479673e+40
2781.781781781782 5.483254489958209e+40
2791.791791791792 5.443395931440309e+40
2801.801801801802 5.403701322761611e+40
2811.811811811812 5.364178364808034e+40
2821.8218218218217 5.324834199494355e+40
2831.8318318318316 5.285675442749299e+40
2841.841841841842 5.246708215597735e+40
2851.851851851852 5.207938173432087e+40
2861.861861861862 5.169370533564873e+40
2871.871871871872 5.13101010115321e+40
2881.881881881882 5.092861293584107e+40
2891.8918918918916 5.054928163406795e+40
2901.901901901902 5.017214419895212e+40
2911.911911911912 4.979723449320585e+40
2921.921921921922 4.942458334010318e+40
2931.931931931932 4.905421870266001e+40
2941.941941941942 4.8686165852093945e+40
2951.9519519519517 4.8320447526219e+40
2961.961961961962 4.79570840783918e+40
2971.971971971972 4.759609361759261e+40
2981.9819819819822 4.723749214018998e+40
2991.991991991992 4.688129365390463e+40
3002.002002002002 4.652751029445865e+40
3012.012012012012 4.617615243536429e+40
3022.0220220220217 4.582722879127994e+40
3032.032032032032 4.554655314992636e+40
3042.0420420420423 4.519406051595693e+40
3052.052052052052 4.484178407373834e+40
3062.062062062062 4.4490372311133715e+40
3072.072072072072 4.414037945574869e+40
3082.0820820820823 4.379227563403537e+40
3092.092092092092 4.3446456140677155e+40
3102.102102102102 4.3103249872724094e+40
3112.1121121121123 4.276292698413572e+40
3122.122122122122 4.242570581627448e+40
3132.132132132132 4.209175915881144e+40
3142.1421421421423 4.1761219893718783e+40
3152.152152152152 4.143418607273817e+40
3162.162162162162 4.11107254761052e+40
3172.1721721721724 4.0790879697501327e+40
3182.1821821821823 4.0474667797305095e+40
3192.192192192192 4.016208956329544e+40
3202.202202202202 3.9853128415084445e+40
3212.2122122122123 3.9547753985765113e+40
3222.222222222222 3.9245924411580036e+40
3232.232232232232 3.8947588357873463e+40
3242.2422422422424 3.8652686807190755e+40
3252.252252252252 3.836115463314234e+40
3262.262262262262 3.8072921981558064e+40
3272.2722722722724 3.7787915478518253e+40
3282.2822822822823 3.75060592830568e+40
3292.292292292292 3.722727600068276e+40
3302.3023023023025 3.6951487472354945e+40
3312.3123123123123 3.6678615452157854e+40
3322.322322322322 3.640858218566317e+40
3332.3323323323325 3.6141310899805576e+40
3342.3423423423424 3.5876726214052707e+40
3352.352352352352 3.561475448169187e+40
3362.3623623623625 3.535532406918982e+40
3372.3723723723724 3.5098365580793894e+40
3382.3823823823823 3.4843812034827973e+40
3392.3923923923926 3.4591598997491924e+40
3402.4024024024025 3.4341664679385286e+40
3412.4124124124123 3.4093949999446716e+40
3422.4224224224226 3.384839862052133e+40
3432.4324324324325 3.360495696033344e+40
3442.4424424424424 3.3363574181250273e+40
3452.4524524524522 3.3124202161867483e+40
3462.4624624624626 3.2886795453126786e+40
3472.4724724724724 3.265131122138645e+40
3482.4824824824823 3.2417709180602857e+40
3492.4924924924926 3.218595151554622e+40
3502.5025025025025 3.195600279775867e+40
3512.5125125125123 3.1727829895770613e+40
3522.5225225225226 3.1501401880917316e+40
3532.5325325325325 3.127668992994004e+40
3542.5425425425424 3.1053667225414363e+40
3552.5525525525527 3.08323088549206e+40
3562.5625625625626 3.0612591709755926e+40
3572.5725725725724 3.0394494383883276e+40
3582.5825825825827 3.017799707371975e+40
3592.5925925925926 2.996308147928195e+40
3602.6026026026025 2.9749730707130587e+40
3612.612612612613 2.9537929175489e+40
3622.6226226226227 2.9327662521848637e+40
3632.6326326326325 2.9118917513320698e+40
3642.642642642643 2.8911681959944187e+40
3652.6526526526527 2.8705944631116922e+40
3662.6626626626626 2.8501695175277147e+40
3672.672672672673 2.829892404293012e+40
3682.6826826826828 2.809762241308172e+40
3692.6926926926926 2.789778212311597e+40
3702.7027027027025 2.769939560212833e+40
3712.712712712713 2.750245580770676e+40
3722.7227227227227 2.7306956166134167e+40
3732.7327327327325 2.7112890515969556e+40
3742.742742742743 2.6920253054953e+40
3752.7527527527527 2.672903829016653e+40
3762.7627627627626 2.653924099137431e+40
3772.772772772773 2.6350856147456874e+40
3782.7827827827828 2.6163878925847487e+40
3792.7927927927926 2.597830463487318e+40
3802.802802802803 2.5794128688899213e+40
3812.812812812813 2.5611346576171585e+40
3822.8228228228227 2.542995382925093e+40
3832.832832832833 2.5249945997929015e+40
3842.842842842843 2.5071318624518166e+40
3852.8528528528527 2.489406722140478e+40
3862.862862862863 2.4718187250757224e+40
3872.872872872873 2.454367410628075e+40
3882.8828828828828 2.4370523096912028e+40
3892.892892892893 2.419872943234939e+40
3902.902902902903 2.402828821031519e+40
3912.912912912913 2.3859194405450317e+40
3922.922922922923 2.3691442859742956e+40
3932.932932932933 2.3525028274396877e+40
3942.942942942943 2.3359945203046562e+40
3952.9529529529527 2.319618804623092e+40
3962.962962962963 2.3033751047039316e+40
3972.972972972973 2.2872628287847336e+40
3982.982982982983 2.2712813688063087e+40
3992.992992992993 2.255430100280772e+40
4003.003003003003 2.239708382245777e+40
4013.013013013013 2.224115557297933e+40
4023.023023023023 2.2086509516988124e+40
4033.033033033033 2.1933138755472295e+40
4043.043043043043 2.1781036230117957e+40
4053.053053053053 2.1630194726180775e+40
4063.063063063063 2.1480606875849728e+40
4073.073073073073 2.1332265162052196e+40
4083.0830830830832 2.1185161922652463e+40
4093.093093093093 2.1039289354998338e+40
4103.103103103103 2.0894639520773526e+40
4113.113113113113 2.0751204351115881e+40
4123.123123123123 2.0608975651963944e+40
4133.133133133133 2.0467945109597075e+40
4143.143143143143 2.0328104296336534e+40
4153.153153153153 2.018944467637699e+40
4163.163163163163 2.0051957611720196e+40
4173.173173173173 1.9915634368184808e+40
4183.183183183183 1.9780466121467916e+40
4193.193193193193 1.9646443963235873e+40
4203.203203203203 1.9513558907223829e+40
4213.213213213214 1.9381801895325108e+40
4223.223223223224 1.925116380365281e+40
4233.2332332332335 1.9121635448557953e+40
4243.243243243243 1.8993207592589693e+40
4253.253253253253 1.8865870950384429e+40
4263.263263263263 1.8739616194472164e+40
4273.273273273273 1.8614433960989297e+40
4283.283283283283 1.8490314855288395e+40
4293.293293293293 1.8367249457436682e+40
4303.303303303303 1.8245228327595516e+40
4313.313313313313 1.8124242011274578e+40
4323.323323323323 1.8004281044454937e+40
4333.333333333334 1.7885335958576259e+40
4343.343343343344 1.7767397285384118e+40
4353.353353353354 1.7650455561633847e+40
4363.3633633633635 1.7534501333648344e+40
4373.373373373373 1.741952516172771e+40
4383.383383383383 1.7305517624409067e+40
4393.393393393393 1.7192469322575572e+40
4403.403403403403 1.7080370883414033e+40
4413.413413413413 1.6969212964220945e+40
4423.423423423424 1.6858986256057336e+40
4433.4334334334335 1.674968148725292e+40
4443.443443443443 1.6641289426760569e+40
4453.453453453454 1.6533800887362368e+40
4463.463463463464 1.6427206728728988e+40
4473.473473473474 1.6321497860333649e+40
4483.483483483484 1.6216665244223359e+40
4493.493493493494 1.611269989764913e+40
4503.503503503503 1.6009592895557837e+40
4513.513513513513 1.5907335372948136e+40
4523.523523523523 1.580591852709313e+40
4533.533533533533 1.570533361963278e+40
4543.543543543543 1.5605571978538647e+40
4553.553553553554 1.5506624999954176e+40
4563.563563563564 1.5408484149913625e+40
4573.573573573573 1.531114096594252e+40
4583.583583583584 1.5214587058543094e+40
4593.593593593594 1.5118814112567737e+40
4603.603603603604 1.5023813888483635e+40
4613.613613613614 1.4929578223532161e+40
4623.623623623624 1.4836099032785767e+40
4633.6336336336335 1.4743368310106107e+40
4643.643643643643 1.465137812900636e+40
4653.653653653653 1.4560120643420976e+40
4663.663663663663 1.446958808838618e+40
4673.673673673674 1.437977278063428e+40
4683.683683683684 1.4290667119104967e+40
4693.693693693694 1.4202263585376679e+40
4703.703703703704 1.4114554744021134e+40
4713.713713713714 1.4027533242883978e+40
4723.723723723724 1.394119181329456e+40
4733.733733733734 1.3855523270207646e+40
4743.743743743744 1.3770520512280156e+40
4753.753753753754 1.3686176521885377e+40
4763.763763763764 1.3602484365067773e+40
4773.773773773773 1.3519437191440663e+40
4783.783783783783 1.3437028234029863e+40
4793.793793793793 1.335525080906538e+40
4803.803803803804 1.3274098315723953e+40
4813.813813813814 1.3193564235824824e+40
4823.823823823824 1.3113642133480978e+40
4833.833833833834 1.3034325654708342e+40
4843.843843843844 1.2955608526995043e+40
4853.853853853854 1.287748455883295e+40
4863.863863863864 1.2799947639213636e+40
4873.873873873874 1.272299173709077e+40
4883.883883883884 1.2646610900810973e+40
4893.893893893894 1.2570799257515018e+40
4903.9039039039035 1.2495551012511275e+40
4913.913913913913 1.2420860448623158e+40
4923.923923923924 1.2346721925512366e+40
4933.933933933934 1.2273129878979634e+40
4943.943943943944 1.2200078820244448e+40
4953.953953953955 1.2127563335205543e+40
4963.9639639639645 1.205557808368353e+40
4973.973973973974 1.1984117798647083e+40
4983.983983983984 1.1913177285424264e+40
4993.993993993994 1.1842751420900163e+40
5004.004004004004 1.1772835152702218e+40
5014.014014014014 1.1703423498374513e+40
5024.024024024024 1.1634511544542124e+40
5034.0340340340335 1.1566094446066838e+40
5044.044044044043 1.1498167425195175e+40
5054.054054054054 1.143072577069988e+40
5064.064064064064 1.1363764837015901e+40
5074.074074074074 1.129728004337168e+40
5084.084084084085 1.1231266872916904e+40
5094.0940940940945 1.1165720871847443e+40
5104.104104104104 1.1100637648528332e+40
5114.114114114114 1.103601287261567e+40
5124.124124124124 1.0971842274178152e+40
5134.134134134134 1.0908121642818994e+40
5144.144144144144 1.0844846826798899e+40
5154.154154154154 1.0782013732160787e+40
5164.1641641641645 1.0719618321856855e+40
5174.174174174174 1.0657656614878641e+40
5184.184184184184 1.059612468539054e+40
5194.194194194194 1.0535018661867389e+40
5204.204204204204 1.0474334726236677e+40
5214.214214214214 1.0414069113025662e+40
5224.224224224225 1.0354218108514034e+40
5234.2342342342345 1.0294778049892488e+40
5244.244244244244 1.0235745324427514e+40
5254.254254254254 1.0177116368632933e+40
5264.264264264264 1.0118887667448344e+40
5274.274274274274 1.0061055753425013e+40
5284.284284284285 1.0003617205919272e+40
5294.294294294295 9.94656865029395e+39
5304.304304304304 9.889906757127845e+39
5314.314314314314 9.83362824143373e+39
5324.324324324324 9.777729861884897e+39
5334.334334334334 9.722208420050593e+39
5344.344344344345 9.667060759640424e+39
5354.354354354355 9.612283765758006e+39
5364.3643643643645 9.55787436416388e+39
5374.374374374374 9.503829520547988e+39
5384.384384384384 9.450146239811651e+39
5394.394394394394 9.396821565359358e+39
5404.404404404404 9.343852578400237e+39
5414.414414414415 9.291236397259517e+39
5424.424424424425 9.238970176699858e+39
5434.4344344344345 9.187051107252732e+39
5444.444444444444 9.135476414559796e+39
5454.454454454454 9.084243358724472e+39
5464.464464464464 9.033349233673482e+39
5474.474474474475 8.982791366528624e+39
5484.484484484485 8.932567116988619e+39
5494.494494494495 8.882673876721109e+39
5504.504504504504 8.833109068764762e+39
5514.514514514514 8.783870146941455e+39
5524.524524524524 8.734954595278545e+39
5534.534534534535 8.686359927441172e+39
5544.544544544545 8.638083686174545e+39
5554.554554554555 8.590123442756117e+39
5564.5645645645645 8.542476796457764e+39
5574.574574574574 8.495141374017683e+39
5584.584584584584 8.448114829122096e+39
5594.594594594595 8.40139484189661e+39
5604.604604604605 8.354979118407303e+39
5614.614614614615 8.308865390171169e+39
5624.624624624625 8.263051413676161e+39
5634.6346346346345 8.217534969910552e+39
5644.644644644644 8.172313863901532e+39
5654.654654654654 8.127385924263053e+39
5664.664664664665 8.082749002752664e+39
5674.674674674675 8.038400973837452e+39
5684.684684684685 7.994339734268726e+39
5694.694694694695 7.950563202665541e+39
5704.704704704704 7.907069319106902e+39
5714.714714714714 7.863856044732466e+39
5724.724724724725 7.820921361351718e+39
5734.734734734735 7.778263271061477e+39
5744.744744744745 7.735879795871599e+39
5754.754754754755 7.693768977338769e+39
5764.764764764765 7.651928876208309e+39
5774.774774774774 7.610357572063803e+39
5784.784784784785 7.569053162984483e+39
5794.794794794795 7.528013765210256e+39
5804.804804804805 7.48723751281418e+39
5814.814814814815 7.446722557382374e+39
5824.824824824825 7.406467067701155e+39
5834.8348348348345 7.366469229451314e+39
5844.844844844845 7.326727244909452e+39
5854.854854854855 7.287239332656136e+39
5864.864864864865 7.248003727290891e+39
5874.874874874875 7.209018679153827e+39
5884.884884884885 7.170282454053787e+39
5894.894894894895 7.13179333300293e+39
5904.9049049049045 7.093549611957589e+39
5914.914914914915 7.055549601565302e+39
5924.924924924925 7.01779162691796e+39
5934.934934934935 6.980274027310752e+39
5944.944944944945 6.942995156007112e+39
5954.954954954955 6.905953380009235e+39
5964.964964964965 6.869147079834245e+39
5974.974974974975 6.832574649295833e+39
5984.984984984985 6.796234495291244e+39
5994.994994994995 6.760125037593548e+39
6005.005005005005 6.724244708649003e+39
6015.015015015015 6.688591953379502e+39
6025.025025025025 6.653165228989918e+39
6035.035035035035 6.617963004780254e+39
6045.045045045045 6.582983761962536e+39
6055.055055055055 6.54822599348228e+39
6065.065065065065 6.513688203844479e+39
6075.075075075075 6.479368908943976e+39
6085.085085085085 6.445266635900151e+39
6095.0950950950955 6.41137992289581e+39
6105.105105105105 6.377707319020148e+39
6115.115115115115 6.344247384115754e+39
6125.125125125125 6.310998688629499e+39
6135.135135135135 6.277959813467252e+39
6145.145145145145 6.245129349852308e+39
6155.155155155155 6.212505899187485e+39
6165.1651651651655 6.180088072920702e+39
6175.175175175175 6.147874492414084e+39
6185.185185185185 6.115863788816364e+39
6195.195195195195 6.084054602938652e+39
6205.205205205205 6.05244558513332e+39
6215.215215215215 6.021035395176058e+39
6225.225225225226 5.989822702150968e+39
6235.235235235235 5.958806184338579e+39
6245.245245245245 5.92798452910678e+39
6255.255255255255 5.89735643280457e+39
6265.265265265265 5.86692060065846e+39
6275.275275275275 5.83667574667163e+39
6285.285285285286 5.806620593525612e+39
6295.295295295296 5.776753872484504e+39
6305.305305305305 5.747074323301609e+39
6315.315315315315 5.717580694128495e+39
6325.325325325325 5.688271741426326e+39
6335.335335335335 5.659146229879455e+39
6345.345345345346 5.630202932311189e+39
6355.355355355356 5.601440629601706e+39
6365.3653653653655 5.572858110607981e+39
6375.375375375375 5.544454172085753e+39
6385.385385385385 5.516227618613413e+39
6395.395395395395 5.488177262517789e+39
6405.405405405405 5.460301923801756e+39
6415.415415415416 5.432600430073602e+39
6425.425425425426 5.405071616478162e+39
6435.4354354354355 5.3777143256295484e+39
6445.445445445445 5.3505274075455897e+39
6455.455455455455 5.32350971958374e+39
6465.465465465465 5.296660126378608e+39
6475.475475475476 5.2699774997808853e+39
6485.485485485486 5.243460718797738e+39
6495.495495495496 5.21710866953457e+39
6505.505505505505 5.190920245138121e+39
6515.515515515515 5.164894345740885e+39
6525.525525525525 5.139029878406739e+39
6535.535535535536 5.1133257570778325e+39
6545.545545545546 5.0877809025226414e+39
6555.555555555556 5.06239424228511e+39
6565.5655655655655 5.037164710634978e+39
6575.575575575575 5.012091248519082e+39
6585.585585585585 4.987172803513747e+39
6595.595595595596 4.962408329778142e+39
6605.605605605606 4.937796788008595e+39
6615.615615615616 4.9133371453938455e+39
6625.625625625626 4.889028375571179e+39
6635.6356356356355 4.864869458583431e+39
6645.645645645645 4.840859380836833e+39
6655.655655655655 4.8169971350596347e+39
6665.665665665666 4.7932817202615425e+39
6675.675675675676 4.769712141693874e+39
6685.685685685686 4.746287410810436e+39
6695.695695695696 4.723006545229134e+39
6705.705705705705 4.6998685686942e+39
6715.715715715715 4.676872511039103e+39
6725.725725725726 4.6540174081500826e+39
6735.735735735736 4.631302301930246e+39
6745.745745745746 4.6087262402642905e+39
6755.755755755756 4.586288276983759e+39
6765.7657657657655 4.5639874718328113e+39
6775.775775775775 4.541822890434552e+39
6785.785785785786 4.51979360425782e+39
6795.795795795796 4.497898690584469e+39
6805.805805805806 4.476137232477103e+39
6815.815815815816 4.4545083187472534e+39
6825.825825825826 4.433011043923974e+39
6835.8358358358355 4.41164450822285e+39
6845.845845845846 4.390407817515396e+39
6855.855855855856 4.369300083298819e+39
6865.865865865866 4.3483204226661655e+39
6875.875875875876 4.327467958276771e+39
6885.885885885886 4.3067418183270954e+39
6895.895895895896 4.286141136521838e+39
6905.9059059059055 4.265665052045371e+39
6915.915915915916 4.24531270953346e+39
6925.925925925926 4.225083259045281e+39
6935.935935935936 4.204975856035683e+39
6945.945945945946 4.184989661327722e+39
6955.955955955956 4.16512384108545e+39
6965.965965965966 4.145377566786923e+39
6975.975975975976 4.125750015197446e+39
6985.985985985986 4.1062403683430426e+39
6995.995995995996 4.0868478134841077e+39
7006.006006006006 4.0675715430892913e+39
7016.016016016016 4.048410754809551e+39
7026.026026026026 4.029364651452382e+39
7036.036036036036 4.0104324409562574e+39
7046.046046046046 3.9916133363652e+39
7056.056056056056 3.972906555803521e+39
7066.066066066066 3.954311322450722e+39
7076.076076076076 3.93582686451654e+39
7086.086086086086 3.917452415216133e+39
7096.0960960960965 3.899187212745395e+39
7106.106106106106 3.8810305002564e+39
7116.116116116116 3.8629815258329856e+39
7126.126126126126 3.845039542466425e+39
7136.136136136136 3.827203808031242e+39
7146.146146146146 3.809473585261114e+39
7156.156156156156 3.7918481417248843e+39
7166.1661661661665 3.774326749802676e+39
7176.176176176176 3.7569086866621005e+39
7186.186186186186 3.7395932342345603e+39
7196.196196196196 3.7223796791916274e+39
7206.206206206206 3.705267312921521e+39
7216.216216216216 3.688255431505663e+39
7226.226226226227 3.6713433356952913e+39
7236.236236236236 3.654530330888192e+39
7246.246246246246 3.637815727105448e+39
7256.256256256256 3.621198838968303e+39
7266.266266266266 3.6046789856750726e+39
7276.276276276276 3.5882554909781165e+39
7286.286286286287 3.57192768316089e+39
7296.2962962962965 3.55569489501503e+39
7306.306306306306 3.5395564638175294e+39
7316.316316316316 3.5235117313079516e+39
7326.326326326326 3.507560043665693e+39
7336.336336336336 3.491700751487322e+39
7346.346346346347 3.475933209763946e+39
7356.356356356357 3.46025677785866e+39
7366.3663663663665 3.4446708194839977e+39
7376.376376376376 3.429174702679486e+39
7386.386386386386 3.4137677997892067e+39
7396.396396396396 3.398449487439431e+39
7406.406406406406 3.383219146516278e+39
7416.416416416417 3.368076162143432e+39
7426.426426426427 3.3530199236599155e+39
7436.436436436436 3.3380498245978794e+39
7446.446446446446 3.3231652626604516e+39
7456.456456456456 3.3083656396996425e+39
7466.466466466466 3.293650361694266e+39
7476.476476476477 3.27901883872792e+39
7486.486486486487 3.264470484967022e+39
7496.496496496497 3.250004718638852e+39
7506.506506506506 3.2356209620096694e+39
7516.516516516516 3.2213186413628613e+39
7526.526526526526 3.2070971869771266e+39
7536.536536536537 3.192956033104719e+39
7546.546546546547 3.17889461794972e+39
7556.556556556557 3.1649123836463564e+39
7566.5665665665665 3.1510087762373593e+39
7576.576576576576 3.137183245652377e+39
7586.586586586586 3.1234352456864183e+39
7596.596596596597 3.1097642339783404e+39
7606.606606606607 3.096169671989409e+39
7616.616616616617 3.082651024981848e+39
7626.626626626627 3.069207761997487e+39
7636.6366366366365 3.0558393558364304e+39
7646.646646646646 3.042545283035769e+39
7656.656656656657 3.02932502384835e+39
7666.666666666667 3.016178062221587e+39
7676.676676676677 3.003103885776316e+39
7686.686686686687 2.990101985785703e+39
7696.696696696697 2.9771718571542016e+39
7706.706706706706 2.9643129983965514e+39
7716.716716716716 2.951524911616837e+39
7726.726726726727 2.9388071024875857e+39
7736.736736736737 2.9261590802289283e+39
7746.746746746747 2.913580357587799e+39
7756.756756756757 2.901070450817195e+39
7766.7667667667665 2.888628879655489e+39
7776.776776776776 2.876255167305789e+39
7786.786786786787 2.8639488404153597e+39
7796.796796796797 2.85170942905509e+39
7806.806806806807 2.8395364666990246e+39
7816.816816816817 2.827429490203942e+39
7826.826826826827 2.8153880397889995e+39
7836.8368368368365 2.8034116590154277e+39
7846.846846846847 2.791499894766281e+39
7856.856856856857 2.7796522972262615e+39
7866.866866866867 2.767868419861571e+39
7876.876876876877 2.756147819399864e+39
7886.886886886887 2.74449005581023e+39
7896.896896896897 2.7328946922832436e+39
7906.906906906907 2.7213612952110828e+39
7916.916916916917 2.7098894341677104e+39
7926.926926926927 2.6984786818891076e+39
7936.936936936937 2.687128614253573e+39
7946.946946946947 2.675838810262104e+39
7956.956956956957 2.6646088520188165e+39
7966.9669669669665 2.6534383247114473e+39
7976.976976976977 2.642326816591918e+39
7986.986986986987 2.6312739189569686e+39
7996.996996996997 2.620279226128843e+39
8007.007007007007 2.6093423354360658e+39
8017.017017017017 2.5984628471942662e+39
8027.027027027027 2.587640364687089e+39
8037.037037037037 2.5768744941471535e+39
8047.047047047047 2.566164844737112e+39
8057.057057057057 2.5555110285307402e+39
8067.067067067067 2.544912660494133e+39
8077.077077077077 2.5343693584669555e+39
8087.087087087087 2.523880743143763e+39
8097.0970970970975 2.5134464380554014e+39
8107.107107107107 2.503066069550484e+39
8117.117117117117 2.492739266776925e+39
8127.127127127127 2.4824656616635603e+39
8137.137137137137 2.47224488890184e+39
8147.147147147147 2.462076585927593e+39
8157.157157157158 2.4519603929028686e+39
8167.1671671671675 2.44189595269785e+39
8177.177177177177 2.4318829108728505e+39
8187.187187187187 2.421920915660376e+39
8197.197197197198 2.4120096179472736e+39
8207.207207207208 2.4021486712569495e+39
8217.217217217218 2.3923377317316708e+39
8227.227227227228 2.3825764581149353e+39
8237.237237237237 2.3728645117339325e+39
8247.247247247247 2.3632015564820684e+39
8257.257257257257 2.35358725880158e+39
8267.267267267267 2.3440212876662187e+39
8277.277277277277 2.3345033145640266e+39
8287.287287287287 2.3250330134801723e+39
8297.297297297297 2.3156100608798835e+39
8307.307307307306 2.306234135691454e+39
8317.317317317316 2.296904919289322e+39
8327.327327327326 2.287622095477243e+39
8337.337337337336 2.278385350471537e+39
8347.347347347348 2.2691943728844006e+39
8357.357357357358 2.2600488537073372e+39
8367.367367367367 2.2509484862946225e+39
8377.377377377377 2.241892966346889e+39
8387.387387387387 2.2328819918947653e+39
8397.397397397397 2.2239152632826165e+39
8407.407407407409 2.2149924831523488e+39
8417.417417417419 2.2061133564273116e+39
8427.427427427428 2.197277590296264e+39
8437.437437437438 2.1884848941974395e+39
8447.447447447448 2.1797349798026812e+39
8457.457457457458 2.1710275610016663e+39
8467.467467467468 2.1623623538862034e+39
8477.477477477478 2.1537390767346224e+39
8487.487487487488 2.1451574499962398e+39
8497.497497497498 2.1366171962759066e+39
8507.507507507507 2.1281180403186376e+39
8517.517517517517 2.1196597089943273e+39
8527.527527527527 2.1112419312825444e+39
8537.537537537537 2.102864438257407e+39
8547.547547547547 2.0945269630725425e+39
8557.557557557557 2.086229240946128e+39
8567.567567567567 2.0779710091460144e+39
8577.577577577576 2.0697520069749294e+39
8587.587587587586 2.0615719757557675e+39
8597.597597597598 2.053430658816952e+39
8607.607607607608 2.045327801477896e+39
8617.617617617618 2.037263151034525e+39
8627.627627627628 2.0292364567448914e+39
8637.637637637637 2.021247469814876e+39
8647.647647647647 2.0132959433839594e+39
8657.657657657659 2.0053816325110766e+39
8667.667667667669 1.9975042941605697e+39
8677.677677677679 1.9896636871881922e+39
8687.687687687689 1.981859572327218e+39
8697.697697697698 1.9740917121746232e+39
8707.707707707708 1.966359871177348e+39
8717.717717717718 1.9586638156186408e+39
8727.727727727728 1.951003313604479e+39
8737.737737737738 1.9433781350500758e+39
8747.747747747748 1.9357880516664656e+39
8757.757757757758 1.9282328369471622e+39
8767.767767767768 1.920712266154908e+39
8777.777777777777 1.913226116308493e+39
8787.787787787787 1.9057741661696643e+39
8797.797797797797 1.898356196230096e+39
8807.807807807807 1.8909719886984635e+39
8817.817817817817 1.8836213274875708e+39
8827.827827827827 1.8763039982015774e+39
8837.837837837837 1.86901978812329e+39
8847.847847847848 1.8617684862015377e+39
8857.857857857858 1.854549883038629e+39
8867.867867867868 1.8473637708778738e+39
8877.877877877878 1.8402099435911957e+39
8887.887887887888 1.8330881966668175e+39
8897.897897897898 1.8259983271970223e+39
8907.90790790791 1.818940133865988e+39
8917.91791791792 1.8119134169377092e+39
8927.927927927929 1.8049179782439828e+39
8937.937937937939 1.7979536211724776e+39
8947.947947947949 1.7910201506548766e+39
8957.957957957959 1.7841173731550948e+39
8967.967967967968 1.7772450966575762e+39
8977.977977977978 1.7704031306556543e+39
8987.987987987988 1.7635912861400032e+39
8997.997997997998 1.7568093755871515e+39
9008.008008008008 1.7500572129480743e+39
9018.018018018018 1.7433346136368564e+39
9028.028028028028 1.7366413945194363e+39
9038.038038038037 1.7299773739024113e+39
9048.048048048047 1.7233423715219288e+39
9058.058058058057 1.7167362085326398e+39
9068.068068068067 1.7101587074967304e+39
9078.078078078077 1.7036096923730225e+39
9088.088088088087 1.6970889885061493e+39
9098.098098098098 1.6906708408762203e+39
9108.108108108108 1.6842214680518094e+39
9118.118118118118 1.67780244895962e+39
9128.128128128128 1.6714136146752268e+39
9138.138138138138 1.6650547973524495e+39
9148.148148148148 1.658725830215646e+39
9158.15815815816 1.65242654755206e+39
9168.16816816817 1.6461567847042482e+39
9178.17817817818 1.639916378062539e+39
9188.188188188189 1.6337051650575668e+39
9198.198198198199 1.6275229841528645e+39
9208.208208208209 1.6213696748375126e+39
9218.218218218219 1.6152450776188405e+39
9228.228228228229 1.6091490340151892e+39
9238.238238238238 1.6030813865487334e+39
9248.248248248248 1.5970419787383515e+39
9258.258258258258 1.591030655092559e+39
9268.268268268268 1.5850472611024928e+39
9278.278278278278 1.579091643234951e+39
9288.288288288288 1.5731636489254858e+39
9298.298298298298 1.567263126571555e+39
9308.308308308307 1.561389925525717e+39
9318.31831831832 1.5555438960888885e+39
9328.328328328329 1.549724889503654e+39
9338.338338338339 1.5439327579476164e+39
9348.348348348349 1.538167354526811e+39
9358.358358358359 1.5324285332691636e+39
9368.368368368368 1.5267161491180057e+39
9378.378378378378 1.5210300579256333e+39
9388.388388388388 1.5153701164469168e+39
9398.398398398398 1.509736182332965e+39
9408.408408408408 1.5041281141248337e+39
9418.418418418418 1.498545771247279e+39
9428.428428428428 1.4929890140025725e+39
9438.43843843844 1.4874577035643486e+39
9448.44844844845 1.4819517019715063e+39
9458.458458458459 1.476470872122163e+39
9468.468468468469 1.4710150777676405e+39
9478.478478478479 1.4655841835065156e+39
9488.488488488489 1.4601780547787006e+39
9498.498498498499 1.4547965578595754e+39
9508.508508508508 1.4494395598541707e+39
9518.518518518518 1.444106928691384e+39
9528.528528528528 1.4387985331182494e+39
9538.538538538538 1.433514242694245e+39
9548.548548548548 1.4282539277856497e+39
9558.558558558558 1.4230174595599388e+39
9568.56856856857 1.417804709980222e+39
9578.57857857858 1.4126155517997308e+39
9588.58858858859 1.407449858556336e+39
9598.598598598599 1.4023075045671227e+39
9608.608608608609 1.3971883649229872e+39
9618.618618618619 1.392092315483296e+39
9628.628628628629 1.38701923287057e+39
9638.638638638638 1.3819689944652153e+39
9648.648648648648 1.376941478400293e+39
9658.658658658658 1.3719365635563305e+39
9668.668668668668 1.3669541295561704e+39
9678.678678678678 1.361994056759859e+39
9688.68868868869 1.3570562262595706e+39
9698.6986986987 1.3521405198745795e+39
9708.70870870871 1.3472468201462578e+39
9718.71871871872 1.3423750103331193e+39
9728.728728728729 1.3375249744058994e+39
9738.738738738739 1.332696597042672e+39
9748.748748748749 1.3278897636239998e+39
9758.758758758759 1.323104360228129e+39
9768.768768768768 1.3183402736262114e+39
9778.778778778778 1.313597391277569e+39
9788.788788788788 1.3088756013249909e+39
9798.798798798798 1.3041747925900698e+39
9808.808808808808 1.2994948545685647e+39
9818.81881881882 1.2948356774258092e+39
9828.82882882883 1.2901971519921532e+39
9838.83883883884 1.2855791697584235e+39
9848.84884884885 1.2809816228714412e+39
9858.85885885886 1.276404404129556e+39
9868.868868868869 1.2718474069782243e+39
9878.878878878879 1.2673105255056112e+39
9888.888888888889 1.2627936544382326e+39
9898.898898898899 1.2582966891366283e+39
9908.908908908908 1.2538195255910649e+39
9918.918918918918 1.249362060417274e+39
9928.928928928928 1.2449241908522198e+39
9938.93893893894 1.2405058147499004e+39
9948.94894894895 1.2361068305771806e+39
9958.95895895896 1.2317271374096517e+39
9968.96896896897 1.2273666349275263e+39
9978.97897897898 1.2230252234115638e+39
9988.98898898899 1.218702803739024e+39
9998.998998998999 1.2143992773796504e+39
10009.009009009009 1.2101145463916874e+39
10019.019019019019 1.2058485134179223e+39
10029.029029029029 1.2016010816817601e+39
10039.039039039038 1.1973721549833255e+39
10049.049049049048 1.193161637695594e+39
10059.059059059058 1.1889694347605522e+39
10069.06906906907 1.184795451685387e+39
10079.07907907908 1.1806395945387041e+39
10089.08908908909 1.1765017699467682e+39
10099.0990990991 1.1723818850897795e+39
10109.10910910911 1.1682798476981735e+39
10119.11911911912 1.1641955660489458e+39
10129.129129129129 1.1601289489620097e+39
10139.139139139139 1.1560799057965764e+39
10149.149149149149 1.1520483464475619e+39
10159.159159159159 1.1480341813420229e+39
10169.169169169169 1.1440373214356187e+39
10179.179179179178 1.140057678209095e+39
10189.18918918919 1.136095163664798e+39
10199.1991991992 1.1321496903232148e+39
10209.20920920921 1.1282211712195315e+39
10219.21921921922 1.124309519900228e+39
10229.22922922923 1.1204146504196877e+39
10239.23923923924 1.1165364773368388e+39
10249.24924924925 1.1126749157118154e+39
10259.25925925926 1.1088298811026464e+39
10269.269269269269 1.1050012895619675e+39
10279.279279279279 1.1011890576337556e+39
10289.289289289289 1.0973931023500913e+39
10299.299299299299 1.093613341227938e+39
10309.309309309308 1.089849692265953e+39
10319.31931931932 1.0861020739413148e+39
10329.32932932933 1.0823704052065803e+39
10339.33933933934 1.0786546054865523e+39
10349.34934934935 1.0749545946751883e+39
10359.35935935936 1.0712702931325154e+39
10369.36936936937 1.067601621681576e+39
10379.37937937938 1.0639485016053937e+39
10389.38938938939 1.0603108546439614e+39
10399.399399399399 1.0566886029912491e+39
10409.409409409409 1.0530816692922394e+39
10419.419419419419 1.0494899766399747e+39
10429.429429429429 1.0459134485726369e+39
10439.43943943944 1.042352009070638e+39
10449.44944944945 1.0388055825537407e+39
10459.45945945946 1.0352740938781923e+39
10469.46946946947 1.0317574683338839e+39
10479.47947947948 1.0282556316415284e+39
10489.48948948949 1.0247685099498588e+39
10499.4994994995 1.0212960298328481e+39
10509.50950950951 1.0178381182869463e+39
10519.51951951952 1.0143947027283413e+39
10529.52952952953 1.0109657109902356e+39
10539.539539539539 1.0075510713201449e+39
10549.549549549549 1.0041507123772148e+39
10559.559559559559 1.0007645632295586e+39
10569.56956956957 9.973925533516105e+38
10579.57957957958 9.940346126215043e+38
10589.58958958959 9.906906713184619e+38
10599.5995995996 9.873606601202092e+38
10609.60960960961 9.84044510100405e+38
10619.61961961962 9.807421527260898e+38
10629.62962962963 9.774535198551538e+38
10639.63963963964 9.741785437338195e+38
10649.64964964965 9.709171569941497e+38
10659.65965965966 9.67669292651564e+38
10669.669669669669 9.644348841023789e+38
10679.679679679679 9.612138651213638e+38
10689.68968968969 9.58006169859314e+38
10699.6996996997 9.54811732840645e+38
10709.70970970971 9.516304889609935e+38
10719.71971971972 9.484623734848473e+38
10729.72972972973 9.453073220431862e+38
10739.73973973974 9.4216527063114e+38
10749.74974974975 9.390361556056619e+38
10759.75975975976 9.359199136832225e+38
10769.76976976977 9.328164819375155e+38
10779.77977977978 9.297257977971838e+38
10789.78978978979 9.266477990435562e+38
10799.799799799799 9.235824238084078e+38
10809.809809809809 9.205296105717271e+38
10819.81981981982 9.174892981595075e+38
10829.82982982983 9.144614257415485e+38
10839.83983983984 9.114459328292754e+38
10849.84984984985 9.084427592735704e+38
10859.85985985986 9.05451845262626e+38
10869.86986986987 9.024731313198063e+38
10879.87987987988 8.99506558301527e+38
10889.88988988989 8.965520673951498e+38
10899.8998998999 8.936096001168925e+38
10909.90990990991 8.906790983097508e+38
10919.91991991992 8.87760504141436e+38
10929.92992992993 8.848537601023314e+38
10939.93993993994 8.819588090034535e+38
10949.94994994995 8.790755939744387e+38
10959.95995995996 8.762040584615359e+38
10969.96996996997 8.733441462256143e+38
10979.97997997998 8.7049580134019e+38
10989.98998998999 8.676589681894597e+38
11000.0 8.648335914663536e+38
