#lamb flux
1000.0 2.431614379622375e+40
1010.01001001001 2.4982680383267057e+40
1020.0200200200201 2.559496867725165e+40
1030.03003003003 2.615424007948721e+40
1040.0400400400401 2.6662104818240046e+40
1050.05005005005 2.7120474983841665e+40
1060.06006006006 2.753149498333354e+40
1070.07007007007 2.789747966048548e+40
1080.08008008008 2.8220860034319416e+40
1090.0900900900901 2.850413639269983e+40
1100.1001001001 2.874983832524271e+40
1110.11011011011 2.8960491180286657e+40
1120.1201201201202 2.9138588373402323e+40
1130.13013013013 2.928656895053798e+40
1140.1401401401401 2.940679980933801e+40
1150.1501501501502 2.950156200067149e+40
1160.16016016016 2.957304056341975e+40
1170.1701701701702 2.9623317384658094e+40
1180.1801801801803 2.965436662105369e+40
1190.1901901901902 2.966805226293413e+40
1200.2002002002002 2.9666127468102246e+40
1210.2102102102103 2.965023533666904e+40
1220.2202202202202 2.9621910839999823e+40
1230.2302302302303 2.958258365570654e+40
1240.2402402402402 2.9533581696143782e+40
1250.2502502502502 2.947433087222617e+40
1260.2602602602603 2.9400635922237305e+40
1270.2702702702702 2.9304065099608583e+40
1280.2802802802803 2.918620133332202e+40
1290.2902902902902 2.9048573487135265e+40
1300.3003003003003 2.8892652978483194e+40
1310.3103103103103 2.8719851320950525e+40
1320.3203203203202 2.853151847415391e+40
1330.3303303303303 2.832894189411816e+40
1340.3403403403404 2.811334618644295e+40
1350.3503503503503 2.7885893273564073e+40
1360.3603603603603 2.7647682996086976e+40
1370.3703703703704 2.73997540764178e+40
1380.3803803803803 2.714308538067685e+40
1390.3903903903904 2.687859742211695e+40
1400.4004004004005 2.660715405596061e+40
1410.4104104104103 2.632956432171905e+40
1420.4204204204204 2.604658439466657e+40
1430.4304304304305 2.5758919613234393e+40
1440.4404404404404 2.5467226553683856e+40
1450.4504504504505 2.517211512754381e+40
1460.4604604604606 2.4874150680985746e+40
1470.4704704704704 2.457385607858977e+40
1480.4804804804805 2.4271713756862854e+40
1490.4904904904906 2.3968167735433567e+40
1500.5005005005005 2.3663625576101453e+40
1510.5105105105106 2.335846028189185e+40
1520.5205205205207 2.3053012129987174e+40
1530.5305305305305 2.274759043390172e+40
1540.5405405405404 2.2442475231563984e+40
1550.5505505505505 2.2137918897093655e+40
1560.5605605605606 2.183414767502982e+40
1570.5705705705705 2.153136313660916e+40
1580.5805805805805 2.1229743558421295e+40
1590.5905905905906 2.092944522440948e+40
1600.6006006006005 2.0630603652750576e+40
1610.6106106106106 2.0333334749661975e+40
1620.6206206206207 2.0037735892657834e+40
1630.6306306306305 1.9743886946234335e+40
1640.6406406406406 1.94518512134181e+40
1650.6506506506507 1.9161676327085648e+40
1660.6606606606606 1.8873395085470193e+40
1670.6706706706707 1.858702623684077e+40
1680.6806806806808 1.8302575218986251e+40
1690.6906906906906 1.802003485989125e+40
1700.7007007007007 1.7739442129695068e+40
1710.7107107107108 1.7460987609682845e+40
1720.7207207207207 1.7184596595004227e+40
1730.7307307307308 1.6910158838482895e+40
1740.7407407407409 1.6637560774882836e+40
1750.7507507507507 1.6366685733557319e+40
1760.7607607607606 1.6097414225658222e+40
1770.770770770771 1.5829624324121842e+40
1780.7807807807808 1.556319215786472e+40
1790.7907907907907 1.5297992545243893e+40
1800.8008008008007 1.5033899795843483e+40
1810.8108108108108 1.4770788713992727e+40
1820.8208208208207 1.450853584199658e+40
1830.8308308308308 1.4247020985692323e+40
1840.8408408408409 1.3986129069358264e+40
1850.8508508508507 1.3725752370786402e+40
1860.8608608608608 1.3465793189911902e+40
1870.870870870871 1.320616700498106e+40
1880.8808808808808 1.294680616779739e+40
1890.890890890891 1.2687664182789486e+40
1900.900900900901 1.2428720601877972e+40
1910.9109109109108 1.216998654648697e+40
1920.920920920921 1.1911510837469823e+40
1930.930930930931 1.1653386671096264e+40
1940.940940940941 1.1395758722758526e+40
1950.950950950951 1.1138830488593976e+40
1960.960960960961 1.0882871589029374e+40
1970.970970970971 1.0628224659665139e+40
1980.980980980981 1.0375311349236092e+40
1990.9909909909911 1.01246368406572e+40
2001.001001001001 9.876792222695312e+39
2011.0110110110109 9.632453984038257e+39
2021.0210210210212 9.392379898925379e+39
2031.031031031031 9.157400645126211e+39
2041.0410410410411 8.928406658748573e+39
2051.051051051051 8.706329995760477e+39
2061.061061061061 8.49212133335018e+39
2071.071071071071 8.286722683674901e+39
2081.081081081081 8.091036867147322e+39
2091.091091091091 7.90589524444769e+39
2101.101101101101 7.732025568996523e+39
2111.1111111111113 7.570022030236878e+39
2121.121121121121 7.420319564321645e+39
2131.131131131131 7.28317429213197e+39
2141.141141141141 7.15865151902002e+39
2151.151151151151 7.0466221441475e+39
2161.161161161161 6.946767653128574e+39
2171.1711711711714 6.858593190939807e+39
2181.1811811811813 6.781447614028527e+39
2191.191191191191 6.714548965414958e+39
2201.201201201201 6.657013542906266e+39
2211.2112112112113 6.607886648637889e+39
2221.221221221221 6.566173202754379e+39
2231.2312312312315 6.530866640605068e+39
2241.2412412412414 6.500974845650551e+39
2251.2512512512512 6.475542250593983e+39
2261.261261261261 6.453667622127785e+39
2271.271271271271 6.434517393887563e+39
2281.2812812812813 6.417334702809227e+39
2291.2912912912916 6.401444502945342e+39
2301.3013013013015 6.386255275296408e+39
2311.3113113113113 6.371257927915415e+39
2321.321321321321 6.356022498381618e+39
2331.331331331331 6.34019324427699e+39
2341.3413413413414 6.323482650471066e+39
2351.3513513513512 6.305664807502749e+39
2361.3613613613616 6.28656853361684e+39
2371.3713713713714 6.266070531964953e+39
2381.3813813813813 6.244088799493704e+39
2391.391391391391 6.220576438296398e+39
2401.4014014014015 6.195515965130012e+39
2411.4114114114113 6.168914170553997e+39
2421.4214214214217 6.140797545045925e+39
2431.4314314314315 6.11120826431734e+39
2441.4414414414414 6.08020070849905e+39
2451.4514514514512 6.047838478466191e+39
2461.4614614614616 6.014191865993924e+39
2471.4714714714714 5.979335731496231e+39
2481.4814814814818 5.943347742804308e+39
2491.4914914914916 5.906306929976625e+39
2501.5015015015015 5.868292513858919e+39
2511.5115115115113 5.829382969541227e+39
2521.521521521521 5.78965528962841e+39
2531.5315315315315 5.749184416092582e+39
2541.541541541542 5.708042813233927e+39
2551.5515515515517 5.666300157825657e+39
2561.5615615615616 5.624023125792897e+39
2571.5715715715714 5.581275257739722e+39
2581.5815815815813 5.538116888283847e+39
2591.5915915915916 5.494605126491211e+39
2601.6016016016015 5.450793876739045e+39
2611.611611611612 5.4067338910989605e+39
2621.6216216216217 5.362472845846647e+39
2631.6316316316315 5.318055435998339e+39
2641.6416416416414 5.273523482872592e+39
2651.6516516516517 5.228916050603428e+39
2661.6616616616616 5.184269568310669e+39
2671.671671671672 5.139617955285466e+39
2681.6816816816818 5.0949927470925485e+39
2691.6916916916916 5.0504232209411325e+39
2701.7017017017015 5.005936519048685e+39
2711.711711711712 4.9615577690274e+39
2721.7217217217217 4.917310200573395e+39
2731.731731731732 4.873215257942017e+39
2741.741741741742 4.8292927078573186e+39
2751.7517517517517 4.785560742635777e+39
2761.7617617617616 4.7420360784098356e+39
2771.7717717717715 4.6987340484198734e+39
2781.781781781782 4.6556686914082554e+39
2791.791791791792 4.61285283519906e+39
2801.801801801802 4.570298175584731e+39
2811.811811811812 4.528015350668801e+39
2821.8218218218217 4.486014010833533e+39
2831.8318318318316 4.44430288451453e+39
2841.841841841842 4.4028898399725284e+39
2851.851851851852 4.361781943256527e+39
2861.861861861862 4.3209855125531e+39
2871.871871871872 4.2805061691150555e+39
2881.881881881882 4.2403488849588706e+39
2891.8918918918916 4.2005180275152463e+39
2901.901901901902 4.1610174014108907e+39
2911.911911911912 4.1218502875528624e+39
2921.921921921922 4.0830194796792834e+39
2931.931931931932 4.04452731853266e+39
2941.941941941942 4.006375723804215e+39
2951.9519519519517 3.9685662239898444e+39
2961.961961961962 3.9310999842906405e+39
2971.971971971972 3.8939778326833264e+39
2981.9819819819822 3.8572002842787296e+39
2991.991991991992 3.8207675640792465e+39
3002.002002002002 3.784679628239634e+39
3012.012012012012 3.7489361839288456e+39
3022.0220220220217 3.713536707884621e+39
3032.032032032032 3.6900709251292203e+39
3042.0420420420423 3.6538472802228697e+39
3052.052052052052 3.6175784765125406e+39
3062.062062062062 3.5813787699605735e+39
3072.072072072072 3.5453450430240543e+39
3082.0820820820823 3.5095587275661315e+39
3092.092092092092 3.474087565721976e+39
3102.102102102102 3.4389872145280255e+39
3112.1121121121123 3.40430270186509e+39
3122.122122122122 3.3700697423831594e+39
3132.132132132132 3.336315922708522e+39
3142.1421421421423 3.3030617654966766e+39
3152.152152152152 3.2703216818800645e+39
3162.162162162162 3.2381048216437155e+39
3172.1721721721724 3.206415830102619e+39
3182.1821821821823 3.175255520200076e+39
3192.192192192192 3.144621467831594e+39
3202.202202202202 3.114508537852771e+39
3212.2122122122123 3.084909347672233e+39
3222.222222222222 3.0558146747779243e+39
3232.232232232232 3.027213814007818e+39
3242.2422422422424 2.9990948898620124e+39
3252.252252252252 2.9714451286671726e+39
3262.262262262262 2.9442510949494585e+39
3272.2722722722724 2.917498895949745e+39
3282.2822822822823 2.891174357825339e+39
3292.292292292292 2.865263176725112e+39
3302.3023023023025 2.839751047598724e+39
3312.3123123123123 2.814623773303961e+39
3322.322322322322 2.7898673563074066e+39
3332.3323323323325 2.7654680750305933e+39
3342.3423423423424 2.741412546674925e+39
3352.352352352352 2.7176877781614044e+39
3362.3623623623625 2.6942812066444752e+39
3372.3723723723724 2.6711807309004513e+39
3382.3823823823823 2.6483747347488323e+39
3392.3923923923926 2.6258521035378518e+39
3402.4024024024025 2.603602234611601e+39
3412.4124124124123 2.581615042574658e+39
3422.4224224224226 2.559880960079296e+39
3432.4324324324325 2.5383909347793213e+39
3442.4424424424424 2.51713642302219e+39
3452.4524524524522 2.496109380786487e+39
3462.4624624624626 2.4753022523141048e+39
3472.4724724724724 2.45470795683501e+39
3482.4824824824823 2.4343198737363594e+39
3492.4924924924926 2.414131826486747e+39
3502.5025025025025 2.3941380655894902e+39
3512.5125125125123 2.3743332508060864e+39
3522.5225225225226 2.3547124328615842e+39
3532.5325325325325 2.335271034817282e+39
3542.5425425425424 2.316004833272731e+39
3552.5525525525527 2.2969099395378923e+39
3562.5625625625626 2.2779827808975148e+39
3572.5725725725724 2.2592200820729165e+39
3582.5825825825827 2.2406188469712604e+39
3592.5925925925926 2.2221763407989318e+39
3602.6026026026025 2.203890072603514e+39
3612.612612612613 2.1857577782981106e+39
3622.6226226226227 2.1677774042120778e+39
3632.6326326326325 2.1499470912036448e+39
3642.642642642643 2.1322651593622737e+39
3652.6526526526527 2.1147300933217267e+39
3662.6626626626626 2.0973405281988045e+39
3672.672672672673 2.0800952361673574e+39
3682.6826826826828 2.0629931136724357e+39
3692.6926926926926 2.046033169285261e+39
3702.7027027027025 2.029214512196082e+39
3712.712712712713 2.012536341338781e+39
3722.7227227227227 1.995997935138346e+39
3732.7327327327325 1.9795986418699102e+39
3742.742742742743 1.9633378706160896e+39
3752.7527527527527 1.9472150828075806e+39
3762.7627627627626 1.931229784330562e+39
3772.772772772773 1.9153815181832858e+39
3782.7827827827828 1.8996698576632687e+39
3792.7927927927926 1.8840944000657618e+39
3802.802802802803 1.868654760873658e+39
3812.812812812813 1.853350568418556e+39
3822.8228228228227 1.838181458992515e+39
3832.832832832833 1.8231470723899123e+39
3842.842842842843 1.8082470478588313e+39
3852.8528528528527 1.7934810204415295e+39
3862.862862862863 1.7788486176837577e+39
3872.872872872873 1.7643494566930014e+39
3882.8828828828828 1.749983141526016e+39
3892.892892892893 1.7357492608865812e+39
3902.902902902903 1.7216473861147015e+39
3912.912912912913 1.7076770694491408e+39
3922.922922922923 1.6938378425456432e+39
3932.932932932933 1.680129215233815e+39
3942.942942942943 1.6665506744961974e+39
3952.9529529529527 1.6531016836537188e+39
3962.962962962963 1.6397816817423413e+39
3972.972972972973 1.6265900830663e+39
3982.982982982983 1.6135262769140367e+39
3992.992992992993 1.6005896274235196e+39
4003.003003003003 1.5877794735843216e+39
4013.013013013013 1.5750951293643834e+39
4023.023023023023 1.5625358839500933e+39
4033.033033033033 1.550101002088854e+39
4043.043043043043 1.53778972452394e+39
4053.053053053053 1.5256012685120146e+39
4063.063063063063 1.513534828414239e+39
4073.073073073073 1.5015895763524643e+39
4083.0830830830832 1.4897646629225138e+39
4093.093093093093 1.4780592179570918e+39
4103.103103103103 1.466472351331323e+39
4113.113113113113 1.455003153804445e+39
4123.123123123123 1.4436506978915606e+39
4133.133133133133 1.4324140387598777e+39
4143.143143143143 1.4212922151442146e+39
4153.153153153153 1.410284250276969e+39
4163.163163163163 1.399389152828129e+39
4173.173173173173 1.388605917851268e+39
4183.183183183183 1.377933527731783e+39
4193.193193193193 1.3673709531339868e+39
4203.203203203203 1.3569171539439458e+39
4213.213213213214 1.346571080205268e+39
4223.223223223224 1.3363316730452782e+39
4233.2332332332335 1.3261978655893208e+39
4243.243243243243 1.3161685838611216e+39
4253.253253253253 1.306242747667407e+39
4263.263263263263 1.296419271465158e+39
4273.273273273273 1.2866970652100822e+39
4283.283283283283 1.2770750351850766e+39
4293.293293293293 1.267552084807621e+39
4303.303303303303 1.2581271154151816e+39
4313.313313313313 1.2487990270278907e+39
4323.323323323323 1.2395667190878525e+39
4333.333333333334 1.230429091174603e+39
4343.343343343344 1.2213850436963222e+39
4353.353353353354 1.212433478556533e+39
4363.3633633633635 1.2035732997961037e+39
4373.373373373373 1.1948034142104659e+39
4383.383383383383 1.1861227319420362e+39
4393.393393393393 1.1775301670479058e+39
4403.403403403403 1.1690246380429381e+39
4413.413413413413 1.1606050684184458e+39
4423.423423423424 1.1522703871367221e+39
4433.4334334334335 1.1440195291016925e+39
4443.443443443443 1.1358514356060437e+39
4453.453453453454 1.127765054755195e+39
4463.463463463464 1.119759341868538e+39
4473.473473473474 1.1118332598583552e+39
4483.483483483484 1.1039857795869174e+39
4493.493493493494 1.096215880202218e+39
4503.503503503503 1.0885225494528688e+39
4513.513513513513 1.0809047839826712e+39
4523.523523523523 1.0733615896053835e+39
4533.533533533533 1.065891981560265e+39
4543.543543543543 1.0584949847488968e+39
4553.553553553554 1.0511696339538769e+39
4563.563563563564 1.0439149740399328e+39
4573.573573573573 1.036730060138005e+39
4583.583583583584 1.0296139578128788e+39
4593.593593593594 1.022565743214907e+39
4603.603603603604 1.0155845032163895e+39
4613.613613613614 1.0086693355331592e+39
4623.623623623624 1.0018193488319083e+39
4633.6336336336335 9.950336628238147e+38
4643.643643643643 9.883114083449815e+38
4653.653653653653 9.816517274242231e+38
4663.663663663663 9.750537733387073e+38
4673.673673673674 9.685167106579648e+38
4683.683683683684 9.620397152767577e+38
4693.693693693694 9.556219744372887e+38
4703.703703703704 9.492626867412361e+38
4713.713713713714 9.429610621520671e+38
4723.723723723724 9.367163219880916e+38
4733.733733733734 9.305276989066836e+38
4743.743743743744 9.243944368801223e+38
4753.753753753754 9.183157911634465e+38
4763.763763763764 9.12291028254747e+38
4773.773773773773 9.063194258482788e+38
4783.783783783783 9.00400272780791e+38
4793.793793793793 8.945328689714272e+38
4803.803803803804 8.887165253555751e+38
4813.813813813814 8.829505638129999e+38
4823.823823823824 8.772343170906081e+38
4833.833833833834 8.715671287201615e+38
4843.843843843844 8.659483529312627e+38
4853.853853853854 8.603773545599091e+38
4863.863863863864 8.548535089529176e+38
4873.873873873874 8.493762018684945e+38
4883.883883883884 8.439448293732325e+38
4893.893893893894 8.385587977357899e+38
4903.9039039039035 8.332175233175104e+38
4913.913913913913 8.279204324602232e+38
4923.923923923924 8.226669613714594e+38
4933.933933933934 8.174565560073149e+38
4943.943943943944 8.122886719531587e+38
4953.953953953955 8.071627743024159e+38
4963.9639639639645 8.02078337533611e+38
4973.973973973974 7.97034845385859e+38
4983.983983983984 7.920317907329988e+38
4993.993993993994 7.87068675456534e+38
5004.004004004004 7.821450103175483e+38
5014.014014014014 7.77260314827764e+38
5024.024024024024 7.724141171198804e+38
5034.0340340340335 7.676059538173574e+38
5044.044044044043 7.628353699037625e+38
5054.054054054054 7.581019185918314e+38
5064.064064064064 7.534051611923566e+38
5074.074074074074 7.487446669830272e+38
5084.084084084085 7.441200130773352e+38
5094.0940940940945 7.395307842936581e+38
5104.104104104104 7.349765730246137e+38
5114.114114114114 7.304569791067923e+38
5124.124124124124 7.259716096909555e+38
5134.134134134134 7.215200791127877e+38
5144.144144144144 7.171020087642838e+38
5154.154154154154 7.12717026965853e+38
5164.1641641641645 7.083647688392088e+38
5174.174174174174 7.040448761811188e+38
5184.184184184184 6.997569973380724e+38
5194.194194194194 6.955007870819349e+38
5204.204204204204 6.91275906486643e+38
5214.214214214214 6.87082022805991e+38
5224.224224224225 6.829188093525645e+38
5234.2342342342345 6.787859453778617e+38
5244.244244244244 6.746831159536492e+38
5254.254254254254 6.7061001185459555e+38
5264.264264264264 6.66566329442208e+38
5274.274274274274 6.625517705501232e+38
5284.284284284285 6.585660423707676e+38
5294.294294294295 6.546088573434281e+38
5304.304304304304 6.5067993304374754e+38
5314.314314314314 6.4677899207468354e+38
5324.324324324324 6.4290576195893465e+38
5334.334334334334 6.390599750328687e+38
5344.344344344345 6.3524136834195665e+38
5354.354354354355 6.3144968353774e+38
5364.3643643643645 6.276846667763281e+38
5374.374374374374 6.2394606861845615e+38
5384.384384384384 6.202336439310919e+38
5394.394394394394 6.165471517906165e+38
5404.404404404404 6.128863553875711e+38
5414.414414414415 6.092510219329832e+38
5424.424424424425 6.056409225662694e+38
5434.4344344344345 6.020558322647168e+38
5444.444444444444 5.9849552975454354e+38
5454.454454454454 5.949597974235384e+38
5464.464464464464 5.914484212352713e+38
5474.474474474475 5.879611906448768e+38
5484.484484484485 5.844978985164012e+38
5494.494494494495 5.8105834104170805e+38
5504.504504504504 5.77642317660937e+38
5514.514514514514 5.742496309845021e+38
5524.524524524524 5.7088008671663e+38
5534.534534534535 5.675334935804162e+38
5544.544544544545 5.642096632444006e+38
5554.554554554555 5.60908410250638e+38
5564.5645645645645 5.576295519442654e+38
5574.574574574574 5.54372908404542e+38
5584.584584584584 5.511383023773535e+38
5594.594594594595 5.47925559209163e+38
5604.604604604605 5.447345067824046e+38
5614.614614614615 5.4156497545228454e+38
5624.624624624625 5.384167979849965e+38
5634.6346346346345 5.352898094973189e+38
5644.644644644644 5.3218384739758494e+38
5654.654654654654 5.290987513280088e+38
5664.664664664665 5.26034363108345e+38
5674.674674674675 5.2299052668087425e+38
5684.684684684685 5.199670880566838e+38
5694.694694694695 5.1696389526323776e+38
5704.704704704704 5.139807982932106e+38
5714.714714714714 5.110176490545692e+38
5724.724724724725 5.080743013218833e+38
5734.734734734735 5.051506106888463e+38
5744.744744744745 5.022464345219872e+38
5754.754754754755 4.993616319155546e+38
5764.764764764765 4.964960636475552e+38
5774.774774774774 4.9364959213692535e+38
5784.784784784785 4.908220814018165e+38
5794.794794794795 4.88013397018979e+38
5804.804804804805 4.852234060842199e+38
5814.814814814815 4.8245197717391935e+38
5824.824824824825 4.796989803075845e+38
5834.8348348348345 4.7696428691142106e+38
5844.844844844845 4.742477697829083e+38
5854.854854854855 4.715493030563503e+38
5864.864864864865 4.688687621693903e+38
5874.874874874875 4.6620602383047e+38
5884.884884884885 4.635609659872086e+38
5894.894894894895 4.609334677956911e+38
5904.9049049049045 4.5832340959063995e+38
5914.914914914915 4.557306728564573e+38
5924.924924924925 4.531551401991162e+38
5934.934934934935 4.505966953188813e+38
5944.944944944945 4.4805522298384734e+38
5954.954954954955 4.455306090042704e+38
5964.964964964965 4.430227402076776e+38
5974.974974974975 4.4053150441473795e+38
5984.984984984985 4.3805679041587735e+38
5994.994994994995 4.355984879486169e+38
6005.005005005005 4.331564876756233e+38
6015.015015015015 4.307306811634498e+38
6025.025025025025 4.283209608619544e+38
6035.035035035035 4.2592722008437676e+38
6045.045045045045 4.2354935298805855e+38
6055.055055055055 4.211872545557913e+38
6065.065065065065 4.188408205777772e+38
6075.075075075075 4.165099476341843e+38
6085.085085085085 4.14194533078285e+38
6095.0950950950955 4.1189447502015885e+38
6105.105105105105 4.096096723109493e+38
6115.115115115115 4.0734002452765374e+38
6125.125125125125 4.050854319584386e+38
6135.135135135135 4.0284579558846326e+38
6145.145145145145 4.006210170861956e+38
6155.155155155155 3.984109987902127e+38
6165.1651651651655 3.9621564369646536e+38
6175.175175175175 3.940348554459998e+38
6185.185185185185 3.9186853831311886e+38
6195.195195195195 3.8971659719397435e+38
6205.205205205205 3.8757893759557404e+38
6215.215215215215 3.854554656251931e+38
6225.225225225226 3.833460879801797e+38
6235.235235235235 3.812507119381381e+38
6245.245245245245 3.7916924534748454e+38
6255.255255255255 3.7710159661835785e+38
6265.265265265265 3.750476747138785e+38
6275.275275275275 3.730073891417432e+38
6285.285285285286 3.70980649946145e+38
6295.295295295296 3.689673677000091e+38
6305.305305305305 3.669674534975314e+38
6315.315315315315 3.64980818947016e+38
6325.325325325325 3.630073761639939e+38
6335.335335335335 3.610470377646207e+38
6345.345345345346 3.5909971685933875e+38
6355.355355355356 3.571653270467992e+38
6365.3653653653655 3.552437824080305e+38
6375.375375375375 3.533349975008484e+38
6385.385385385385 3.514388873544976e+38
6395.395395395395 3.495553674645164e+38
6405.405405405405 3.4768435378781845e+38
6415.415415415416 3.45825762737979e+38
6425.425425425426 3.439795111807262e+38
6435.4354354354355 3.421455164296189e+38
6445.445445445445 3.403236962419163e+38
6455.455455455455 3.3851396881462033e+38
6465.465465465465 3.3671625278069433e+38
6475.475475475476 3.3493046720544354e+38
6485.485485485486 3.331565315830558e+38
6495.495495495496 3.313943658332923e+38
6505.505505505505 3.2964389029832606e+38
6515.515515515515 3.279050257397204e+38
6525.525525525525 3.261776933355403e+38
6535.535535535536 3.2446181467759227e+38
6545.545545545546 3.2275731176879016e+38
6555.555555555556 3.210641070206338e+38
6565.5655655655655 3.1938212325080444e+38
6575.575575575575 3.177112836808652e+38
6585.585585585585 3.1605151193406562e+38
6595.595595595596 3.144027320332431e+38
6605.605605605606 3.127648683988183e+38
6615.615615615616 3.111378458468792e+38
6625.625625625626 3.095215895873498e+38
6635.6356356356355 3.079160252222396e+38
6645.645645645645 3.0632107874396956e+38
6655.655655655655 3.047366765337691e+38
6665.665665665666 3.031627453601445e+38
6675.675675675676 3.0159921237741068e+38
6685.685685685686 3.000460051242841e+38
6695.695695695696 2.9850305152253608e+38
6705.705705705705 2.9697027987569838e+38
6715.715715715715 2.9544761886782224e+38
6725.725725725726 2.939349975622867e+38
6735.735735735736 2.9243234540064934e+38
6745.745745745746 2.909395922015441e+38
6755.755755755756 2.8945666815961653e+38
6765.7657657657655 2.8798350384449684e+38
6775.775775775775 2.8652003019980893e+38
6785.785785785786 2.850661785422105e+38
6795.795795795796 2.8362188056046463e+38
6805.805805805806 2.8218706831453794e+38
6815.815815815816 2.8076167423472523e+38
6825.825825825826 2.7934563112079737e+38
6835.8358358358355 2.779388721411707e+38
6845.845845845846 2.765413308320964e+38
6855.855855855856 2.751529410968669e+38
6865.865865865866 2.737736372050394e+38
6875.875875875876 2.724033537916718e+38
6885.885885885886 2.7104202585657354e+38
6895.895895895896 2.6968958876356653e+38
6905.9059059059055 2.6834597823975495e+38
6915.915915915916 2.6701113037480443e+38
6925.925925925926 2.656849816202279e+38
6935.935935935936 2.6436746878867573e+38
6945.945945945946 2.6305852905323246e+38
6955.955955955956 2.617580999467145e+38
6965.965965965966 2.6046611936097125e+38
6975.975975975976 2.5918252554618645e+38
6985.985985985986 2.5790725711018073e+38
6995.995995995996 2.5664025301771095e+38
7006.006006006006 2.553814525897702e+38
7016.016016016016 2.5413079550288322e+38
7026.026026026026 2.5288822178839912e+38
7036.036036036036 2.516536718317801e+38
7046.046046046046 2.5042708637188475e+38
7056.056056056056 2.4920840650024558e+38
7066.066066066066 2.479975736603399e+38
7076.076076076076 2.467945296468557e+38
7086.086086086086 2.455992166049475e+38
7096.0960960960965 2.444115770294864e+38
7106.106106106106 2.432315537643002e+38
7116.116116116116 2.420590900014061e+38
7126.126126126126 2.408941292802327e+38
7136.136136136136 2.3973661548683335e+38
7146.146146146146 2.3858649285308953e+38
7156.156156156156 2.374437059559028e+38
7166.1661661661665 2.3630819971637796e+38
7176.176176176176 2.3517991939899354e+38
7186.186186186186 2.3405881061076292e+38
7196.196196196196 2.329448193003826e+38
7206.206206206206 2.3183789175737e+38
7216.216216216216 2.3073797461118996e+38
7226.226226226227 2.296450148303679e+38
7236.236236236236 2.2855895972159294e+38
7246.246246246246 2.274797569288078e+38
7256.256256256256 2.2640735443228725e+38
7266.266266266266 2.2534170054770444e+38
7276.276276276276 2.2428274392518496e+38
7286.286286286287 2.2323043354834838e+38
7296.2962962962965 2.221847187333387e+38
7306.306306306306 2.211455491278415e+38
7316.316316316316 2.2011287471008975e+38
7326.326326326326 2.190866457878569e+38
7336.336336336336 2.1806681299743873e+38
7346.346346346347 2.1705332730262266e+38
7356.356356356357 2.1604613999364594e+38
7366.3663663663665 2.1504520268613997e+38
7376.376376376376 2.1405046732006623e+38
7386.386386386386 2.13061886158638e+38
7396.396396396396 2.1207941178723182e+38
7406.406406406406 2.1110299711228708e+38
7416.416416416417 2.1013259536019495e+38
7426.426426426427 2.0916816007617636e+38
7436.436436436436 2.082096451231485e+38
7446.446446446446 2.0725700468058048e+38
7456.456456456456 2.0631019324334016e+38
7466.466466466466 2.053691656205285e+38
7476.476476476477 2.044338769343048e+38
7486.486486486487 2.0350428261870237e+38
7496.496496496497 2.0258033841843335e+38
7506.506506506506 2.0166200038768425e+38
7516.516516516516 2.007492248889035e+38
7526.526526526526 1.9984196859157698e+38
7536.536536536537 1.9894018847099755e+38
7546.546546546547 1.9804384180702442e+38
7556.556556556557 1.971528861828334e+38
7566.5665665665665 1.9626727948366007e+38
7576.576576576576 1.9538697989553395e+38
7586.586586586586 1.9451194590400554e+38
7596.596596596597 1.936421362928644e+38
7606.606606606607 1.9277751014285233e+38
7616.616616616617 1.919180268303657e+38
7626.626626626627 1.910636460261542e+38
7636.6366366366365 1.902143276940111e+38
7646.646646646646 1.893700320894567e+38
7656.656656656657 1.885307197584168e+38
7666.666666666667 1.876963515358941e+38
7676.676676676677 1.8686688854463417e+38
7686.686686686687 1.860422921937853e+38
7696.696696696697 1.8522252417755385e+38
7706.706706706706 1.844075464738534e+38
7716.716716716716 1.8359732134294996e+38
7726.726726726727 1.8279181132610176e+38
7736.736736736737 1.819909792441949e+38
7746.746746746747 1.8119478819637415e+38
7756.756756756757 1.8040320155867102e+38
7766.7667667667665 1.7961618298262634e+38
7776.776776776776 1.7883369639391076e+38
7786.786786786787 1.7805570599094047e+38
7796.796796796797 1.7728217624349084e+38
7806.806806806807 1.7651307189130666e+38
7816.816816816817 1.757483579427093e+38
7826.826826826827 1.7498799967320205e+38
7836.8368368368365 1.7423196262407275e+38
7846.846846846847 1.7348021260099347e+38
7856.856856856857 1.7273271567262046e+38
7866.866866866867 1.7198943816918912e+38
7876.876876876877 1.7125034668111093e+38
7886.886886886887 1.7051540805756603e+38
7896.896896896897 1.6978458940509676e+38
7906.906906906907 1.69057858086199e+38
7916.916916916917 1.6833518171791336e+38
7926.926926926927 1.6761652817041529e+38
7936.936936936937 1.6690186556560477e+38
7946.946946946947 1.661911622756968e+38
7956.956956956957 1.654843869218102e+38
7966.9669669669665 1.6478150837255746e+38
7976.976976976977 1.6408249574263504e+38
7986.986986986987 1.6338731839141348e+38
7996.996996996997 1.626959459215283e+38
8007.007007007007 1.6200834817747196e+38
8017.017017017017 1.6132449524418606e+38
8027.027027027027 1.606443574456558e+38
8037.037037037037 1.5996790534350387e+38
8047.047047047047 1.5929510973558812e+38
8057.057057057057 1.586259416545978e+38
8067.067067067067 1.5796037236665402e+38
8077.077077077077 1.5729837336991069e+38
8087.087087087087 1.5663991639315778e+38
8097.0970970970975 1.5598497339442588e+38
8107.107107107107 1.55333516559595e+38
8117.117117117117 1.546855183010028e+38
8127.127127127127 1.5404095125605763e+38
8137.137137137137 1.5339978828585292e+38
8147.147147147147 1.5276200247378483e+38
8157.157157157158 1.5212756712417226e+38
8167.1671671671675 1.5149645576088004e+38
8177.177177177177 1.5086864212594495e+38
8187.187187187187 1.5024410017820541e+38
8197.197197197198 1.496228040919335e+38
8207.207207207208 1.4900472825547106e+38
8217.217217217218 1.483898472698691e+38
8227.227227227228 1.477781359475303e+38
8237.237237237237 1.471695693108558e+38
8247.247247247247 1.465641225908952e+38
8257.257257257257 1.459617712260007e+38
8267.267267267267 1.4536249086048455e+38
8277.277277277277 1.4476625734328182e+38
8287.287287287287 1.4417304672661537e+38
8297.297297297297 1.4358283526466648e+38
8307.307307307306 1.4299559941224905e+38
8317.317317317316 1.4241131582348807e+38
8327.327327327326 1.4182996135050268e+38
8337.337337337336 1.4125151304209378e+38
8347.347347347348 1.4067594814243523e+38
8357.357357357358 1.4010324408977126e+38
8367.367367367367 1.3953337851511678e+38
8377.377377377377 1.389663292409635e+38
8387.387387387387 1.3840207427999042e+38
8397.397397397397 1.3784059183377924e+38
8407.407407407409 1.3728186029153418e+38
8417.417417417419 1.3672585822880778e+38
8427.427427427428 1.3617256440623012e+38
8437.437437437438 1.3562195776824451e+38
8447.447447447448 1.3507401744184717e+38
8457.457457457458 1.3452872273533298e+38
8467.467467467468 1.3398605313704526e+38
8477.477477477478 1.3344598831413163e+38
8487.487487487488 1.3290850811130465e+38
8497.497497497498 1.3237359254960796e+38
8507.507507507507 1.3184122182518728e+38
8517.517517517517 1.3131137630806734e+38
8527.527527527527 1.3078403654093366e+38
8537.537537537537 1.3025918323792001e+38
8547.547547547547 1.2973679728340095e+38
8557.557557557557 1.2921685973079033e+38
8567.567567567567 1.2869935180134473e+38
8577.577577577576 1.2818425488297252e+38
8587.587587587586 1.2767155052904885e+38
8597.597597597598 1.2716122045723533e+38
8607.607607607608 1.2665324654830637e+38
8617.617617617618 1.2614761084497974e+38
8627.627627627628 1.256442955507539e+38
8637.637637637637 1.2514328302875044e+38
8647.647647647647 1.2464455580056167e+38
8657.657657657659 1.2414809654510485e+38
8667.667667667669 1.2365388809748138e+38
8677.677677677679 1.2316191344784138e+38
8687.687687687689 1.2267215574025444e+38
8697.697697697698 1.2218459827158601e+38
8707.707707707708 1.2169922449037907e+38
8717.717717717718 1.2121601799574194e+38
8727.727727727728 1.2073496253624103e+38
8737.737737737738 1.2025604200880034e+38
8747.747747747748 1.1977924045760562e+38
8757.757757757758 1.1930454207301448e+38
8767.767767767768 1.1883193119047266e+38
8777.777777777777 1.1836139228943545e+38
8787.787787787787 1.1789290999229484e+38
8797.797797797797 1.1742646906331242e+38
8807.807807807807 1.1696205440755824e+38
8817.817817817817 1.164996510698544e+38
8827.827827827827 1.1603924423372566e+38
8837.837837837837 1.1558081922035445e+38
8847.847847847848 1.1512436148754207e+38
8857.857857857858 1.1466985662867582e+38
8867.867867867868 1.1421729037170097e+38
8877.877877877878 1.137666485780989e+38
8887.887887887888 1.1331791724187072e+38
8897.897897897898 1.1287108248852658e+38
8907.90790790791 1.1242613057408012e+38
8917.91791791792 1.1198304788404922e+38
8927.927927927929 1.1154182093246157e+38
8937.937937937939 1.1110243636086618e+38
8947.947947947949 1.106648809373503e+38
8957.957957957959 1.1022914155556192e+38
8967.967967967968 1.0979520523373792e+38
8977.977977977978 1.0936305911373695e+38
8987.987987987988 1.0893269046007892e+38
8997.997997997998 1.0850408665898912e+38
9008.008008008008 1.080772352174478e+38
9018.018018018018 1.0765212376224565e+38
9028.028028028028 1.072287400390443e+38
9038.038038038037 1.068070719114422e+38
9048.048048048047 1.0638710736004614e+38
9058.058058058057 1.0596883448154761e+38
9068.068068068067 1.0555224148780498e+38
9078.078078078077 1.051373167049309e+38
9088.088088088087 1.0472404857238461e+38
9098.098098098098 1.043224166135703e+38
9108.108108108108 1.0391447061792109e+38
9118.118118118118 1.0350849021988116e+38
9128.128128128128 1.0310446423169413e+38
9138.138138138138 1.0270238153859033e+38
9148.148148148148 1.0230223109825355e+38
9158.15815815816 1.0190400194029204e+38
9168.16816816817 1.0150768316571469e+38
9178.17817817818 1.0111326394640996e+38
9188.188188188189 1.0072073352463006e+38
9198.198198198199 1.003300812124786e+38
9208.208208208209 9.994129639140316e+37
9218.218218218219 9.955436851169094e+37
9228.228228228229 9.916928709196884e+37
9238.238238238238 9.878604171870798e+37
9248.248248248248 9.840462204573132e+37
9258.258258258258 9.80250177937258e+37
9268.268268268268 9.764721874975832e+37
9278.278278278278 9.727121476679516e+37
9288.288288288288 9.689699576322575e+37
9298.298298298298 9.65245517223899e+37
9308.308308308307 9.61538726921086e+37
9318.31831831832 9.578494878421926e+37
9328.328328328329 9.541777017411409e+37
9338.338338338339 9.505232710028183e+37
9348.348348348349 9.468860986385377e+37
9358.358358358359 9.432660882815328e+37
9368.368368368368 9.396631441824829e+37
9378.378378378378 9.360771712050813e+37
9388.388388388388 9.32508074821633e+37
9398.398398398398 9.28955761108688e+37
9408.408408408408 9.25420136742713e+37
9418.418418418418 9.219011089957896e+37
9428.428428428428 9.183985857313548e+37
9438.43843843844 9.149124753999704e+37
9448.44844844845 9.114426870351252e+37
9458.458458458459 9.079891302490728e+37
9468.468468468469 9.045517152287e+37
9478.478478478479 9.011303527314289e+37
9488.488488488489 8.977249540811508e+37
9498.498498498499 8.943354311641904e+37
9508.508508508508 8.909616964253057e+37
9518.518518518518 8.876036628637158e+37
9528.528528528528 8.84261244029159e+37
9538.538538538538 8.809343540179857e+37
9548.548548548548 8.776229074692773e+37
9558.558558558558 8.743268195610005e+37
9568.56856856857 8.710460060061858e+37
9578.57857857858 8.67780383049141e+37
9588.58858858859 8.645298674616908e+37
9598.598598598599 8.612943765394489e+37
9608.608608608609 8.58073828098113e+37
9618.618618618619 8.54868140469798e+37
9628.628628628629 8.51677232499389e+37
9638.638638638638 8.485010235409279e+37
9648.648648648648 8.453394334540248e+37
9658.658658658658 8.421923826002998e+37
9668.668668668668 8.390597918398523e+37
9678.678678678678 8.359415825277558e+37
9688.68868868869 8.328376765105801e+37
9698.6986986987 8.297479961229427e+37
9708.70870870871 8.266724641840845e+37
9718.71871871872 8.236110039944724e+37
9728.728728728729 8.205635393324298e+37
9738.738738738739 8.17529994450791e+37
9748.748748748749 8.14510294073583e+37
9758.758758758759 8.115043633927314e+37
9768.768768768768 8.085121280647926e+37
9778.778778778778 8.055335142077128e+37
9788.788788788788 8.025684483976068e+37
9798.798798798798 7.996168576655691e+37
9808.808808808808 7.966786694945012e+37
9818.81881881882 7.937538118159708e+37
9828.82882882883 7.908422130070919e+37
9838.83883883884 7.879438018874252e+37
9848.84884884885 7.850585077159092e+37
9858.85885885886 7.821862601878092e+37
9868.868868868869 7.793269894316944e+37
9878.878878878879 7.7648062600643315e+37
9888.888888888889 7.736471008982147e+37
9898.898898898899 7.708263455175927e+37
9908.908908908908 7.68018291696551e+37
9918.918918918918 7.652228716855922e+37
9928.928928928928 7.6244001815084745e+37
9938.93893893894 7.596696641712098e+37
9948.94894894895 7.569117432354907e+37
9958.95895895896 7.541661892395911e+37
9968.96896896897 7.51432936483704e+37
9978.97897897898 7.487119196695303e+37
9988.98898898899 7.460030738975207e+37
9998.998998998999 7.433063346641347e+37
10009.009009009009 7.406216378591254e+37
10019.019019019019 7.379489197628378e+37
10029.029029029029 7.352881170435356e+37
10039.039039039038 7.326391667547416e+37
10049.049049049048 7.300020063326025e+37
10059.059059059058 7.273765735932705e+37
10069.06906906907 7.247628067303066e+37
10079.07907907908 7.221606443121057e+37
10089.08908908909 7.195700252793335e+37
10099.0990990991 7.169908889423929e+37
10109.10910910911 7.144231749789005e+37
10119.11911911912 7.118668234311882e+37
10129.129129129129 7.093217747038204e+37
10139.139139139139 7.06787969561132e+37
10149.149149149149 7.04265349124781e+37
10159.159159159159 7.017538548713254e+37
10169.169169169169 6.992534286298138e+37
10179.179179179178 6.967640125793953e+37
10189.18918918919 6.942855492469463e+37
10199.1991991992 6.918179815047199e+37
10209.20920920921 6.893612525680037e+37
10219.21921921922 6.869153059928055e+37
10229.22922922923 6.844800856735484e+37
10239.23923923924 6.820555358407877e+37
10249.24924924925 6.796416010589423e+37
10259.25925925926 6.772382262240446e+37
10269.269269269269 6.7484535656150645e+37
10279.279279279279 6.724629376239016e+37
10289.289289289289 6.700909152887648e+37
10299.299299299299 6.677292357564084e+37
10309.309309309308 6.653778455477522e+37
10319.31931931932 6.630366915021739e+37
10329.32932932933 6.607057207753728e+37
10339.33933933934 6.583848808372455e+37
10349.34934934935 6.560741194697873e+37
10359.35935935936 6.537733847649993e+37
10369.36936936937 6.514826251228161e+37
10379.37937937938 6.49201789249049e+37
10389.38938938939 6.469308261533406e+37
10399.399399399399 6.446696851471394e+37
10409.409409409409 6.424183158416857e+37
10419.419419419419 6.40176668146014e+37
10429.429429429429 6.379446922649701e+37
10439.43943943944 6.357223386972425e+37
10449.44944944945 6.33509558233408e+37
10459.45945945946 6.313063019539918e+37
10469.46946946947 6.291125212275434e+37
10479.47947947948 6.26928167708724e+37
10489.48948948949 6.247531933364091e+37
10499.4994994995 6.225875503318076e+37
10509.50950950951 6.204311911965889e+37
10519.51951951952 6.182840687110299e+37
10529.52952952953 6.16146135932172e+37
10539.539539539539 6.140173461919915e+37
10549.549549549549 6.118976530955864e+37
10559.559559559559 6.097870105193716e+37
10569.56956956957 6.076853726092925e+37
10579.57957957958 6.055926937790492e+37
10589.58958958959 6.035089287083309e+37
10599.5995995996 6.014340323410695e+37
10609.60960960961 5.993679598837e+37
10619.61961961962 5.97310666803437e+37
10629.62962962963 5.9526210882656285e+37
10639.63963963964 5.932222419367262e+37
10649.64964964965 5.911910223732582e+37
10659.65965965966 5.891684066294951e+37
10669.669669669669 5.871543514511156e+37
10679.679679679679 5.851488138344911e+37
10689.68968968969 5.831517510250461e+37
10699.6996996997 5.811631205156325e+37
10709.70970970971 5.79182880044913e+37
10719.71971971972 5.772109875957583e+37
10729.72972972973 5.752474013936561e+37
10739.73973973974 5.732920799051299e+37
10749.74974974975 5.713449818361696e+37
10759.75975975976 5.694060661306757e+37
10769.76976976977 5.674752919689107e+37
10779.77977977978 5.655526187659661e+37
10789.78978978979 5.636380061702363e+37
10799.799799799799 5.617314140619068e+37
10809.809809809809 5.598328025514517e+37
10819.81981981982 5.579421319781408e+37
10829.82982982983 5.56059362908561e+37
10839.83983983984 5.541844561351447e+37
10849.84984984985 5.5231737267471045e+37
10859.85985985986 5.5045807376701365e+37
10869.86986986987 5.486065208733086e+37
10879.87987987988 5.467626756749178e+37
10889.88988988989 5.449265000718173e+37
10899.8998998999 5.43097956181225e+37
10909.90990990991 5.412770063362051e+37
10919.91991991992 5.394636130842783e+37
10929.92992992993 5.376577391860445e+37
10939.93993993994 5.358593476138142e+37
10949.94994994995 5.340684015502507e+37
10959.95995995996 5.322848643870191e+37
10969.96996996997 5.305086997234495e+37
10979.97997997998 5.28739871365205e+37
10989.98998998999 5.269783433229625e+37
11000.0 5.252240798111015e+37
