#lamb flux
1000.0 1.4535969238602887e-06
1416.6666666666667 0.0004075391147758811
1833.3333333333335 0.0058049439148403475
2250.0 0.023845307050238056
2666.666666666667 0.06695721498666292
3083.3333333333335 0.12036499813654772
3500.0 0.1575888932076136
3916.666666666667 0.1835238255765891
4333.333333333334 0.19689737080792608
4750.0 0.20124329759519238
5166.666666666667 0.19877836244741295
5583.333333333334 0.19113213447798152
6000.0 0.18004750210310733
6416.666666666667 0.16718345588085315
6833.333333333334 0.1538143900242735
7250.0 0.14074303932082843
7666.666666666667 0.12837875807027035
8083.333333333334 0.11686817073013993
8500.0 0.10621135093494852
8916.666666666668 0.09634297115930632
9333.333333333334 0.08723650927840826
9750.0 0.07898353274889912
10166.666666666668 0.0715413566021663
10583.333333333334 0.06484685508549572
11000.0 0.05883398381374164
