#lamb flux
1000.0 3.076835735874328e-06
1416.6666666666667 0.0007832865583028147
1833.3333333333335 0.010667511135090797
2250.0 0.04280241308859604
2666.666666666667 0.11715820455092903
3083.3333333333335 0.2073292560805622
3500.0 0.26833781003470025
3916.666666666667 0.3096433120289603
4333.333333333334 0.329812811507411
4750.0 0.33501799492866796
5166.666666666667 0.32916153239730633
5583.333333333334 0.3150880356406274
6000.0 0.2957099516879801
6416.666666666667 0.2737184146111173
6833.333333333334 0.25114199392149933
7250.0 0.229238099227923
7666.666666666667 0.20863395014735142
8083.333333333334 0.18954088621779175
8500.0 0.1719405274376997
8916.666666666668 0.15571323407457996
9333.333333333334 0.14079933486966345
9750.0 0.12732038337131837
10166.666666666668 0.1151937952950204
10583.333333333334 0.10430764756428772
11000.0 0.09454748345668168
