#lamb flux
1000.0 1.6427217947039745e+37
1416.6666666666667 5.2250598635161024e+38
1833.3333333333335 2.401928121541397e+39
2250.0 5.0128321579830405e+39
2666.666666666667 8.266893318768249e+39
3083.3333333333335 1.0309833881982625e+40
3500.0 1.0265969066235768e+40
3916.666666666667 9.647231150554683e+39
4333.333333333334 8.729534001462433e+39
4750.0 7.75331795967367e+39
5166.666666666667 6.80984954757223e+39
5583.333333333334 5.934138654285485e+39
6000.0 5.1452208297091325e+39
6416.666666666667 4.451758852826061e+39
6833.333333333334 3.852953144235644e+39
7250.0 3.341270740702756e+39
7666.666666666667 2.9057981648477627e+39
8083.333333333334 2.5348637567799285e+39
8500.0 2.2175912902400382e+39
8916.666666666668 1.944594997987293e+39
9333.333333333334 1.7088135582475304e+39
9750.0 1.5059473751030427e+39
10166.666666666668 1.3310874304842906e+39
10583.333333333334 1.1799718464156714e+39
11000.0 1.0490160291280452e+39
