#lamb flux
1000.0 8.633029011085684e-09
1416.6666666666667 1.90983404877396e-05
1833.3333333333335 0.0006312056743040694
2250.0 0.003698623868179332
2666.666666666667 0.018719551466272487
3083.3333333333335 0.046462271326288704
3500.0 0.07662403454834973
3916.666666666667 0.10756402798262597
4333.333333333334 0.13346420948407497
4750.0 0.15514285649159076
5166.666666666667 0.17173318568890844
5583.333333333334 0.18179123470158057
6000.0 0.18536306720775425
6416.666666666667 0.18390243285566127
6833.333333333334 0.17924846138462816
7250.0 0.1728671202627684
7666.666666666667 0.16562000497075338
8083.333333333334 0.15785440593847175
8500.0 0.1495938782484191
8916.666666666668 0.14071767942932145
9333.333333333334 0.13134175691007116
9750.0 0.12218120059534712
10166.666666666668 0.11341067505730994
10583.333333333334 0.1051063072342264
11000.0 0.09730829256901159
