#lamb flux
1000.0 9.629410351033029e-07
1416.6666666666667 0.0002493751648441612
1833.3333333333335 0.0037112025538305646
2250.0 0.016530841888302505
2666.666666666667 0.04416329510959667
3083.3333333333335 0.07910100569587653
3500.0 0.10373327369039441
3916.666666666667 0.12074538094941867
4333.333333333334 0.1296773747406038
4750.0 0.13226121324337944
5166.666666666667 0.13013768224668248
5583.333333333334 0.12471894651967816
6000.0 0.11725246527101095
6416.666666666667 0.10875243173465561
6833.333333333334 0.0999501538595555
7250.0 0.09131296752394584
7666.666666666667 0.08310367551470665
8083.333333333334 0.0754462482918331
8500.0 0.06837985395242448
8916.666666666668 0.061896850306809505
9333.333333333334 0.05598133990242578
9750.0 0.050637322324607194
10166.666666666668 0.04582817747776245
10583.333333333334 0.041509691387543936
11000.0 0.03763668236038765
