#lamb flux
1000.0 17.6222196006962
1416.6666666666667 34.11576253617874
1833.3333333333335 29.674407576446093
2250.0 20.091209673911422
2666.666666666667 18.98098024309717
3083.3333333333335 15.031631299302253
3500.0 10.612476117393488
3916.666666666667 7.692894305744873
4333.333333333334 5.662214810558513
4750.0 4.28389465692362
5166.666666666667 3.313124945063841
5583.333333333334 2.597646697389627
6000.0 2.0572317197177283
6416.666666666667 1.6457394542717554
6833.333333333334 1.3314344490267793
7250.0 1.0900612762187885
7666.666666666667 0.9027813016378335
8083.333333333334 0.755271059696718
8500.0 0.6369325672576671
8916.666666666668 0.5401068212176425
9333.333333333334 0.4598726796592453
9750.0 0.3937868884640571
10166.666666666668 0.33905709203923046
10583.333333333334 0.29344011885365007
11000.0 0.2551885464415006
