#lamb flux
1000.0 1.9433324278548996e+31
1416.6666666666667 2.4491171527227292e+34
1833.3333333333335 8.784954768130738e+35
2250.0 6.878623421309359e+36
2666.666666666667 2.653993516136793e+37
3083.3333333333335 6.253567400547355e+37
3500.0 1.0111644495213388e+38
3916.666666666667 1.3868097639482938e+38
4333.333333333334 1.6998625055411163e+38
4750.0 1.9310258347043555e+38
5166.666666666667 2.0775496694026627e+38
5583.333333333334 2.146825234516595e+38
6000.0 2.152569289461782e+38
6416.666666666667 2.1106127234865564e+38
6833.333333333334 2.035659925458838e+38
7250.0 1.9396961055852436e+38
7666.666666666667 1.8316903133881954e+38
8083.333333333334 1.7179768870104963e+38
8500.0 1.6028532171853768e+38
8916.666666666668 1.489151590335483e+38
9333.333333333334 1.3789532483296532e+38
9750.0 1.2742052044939858e+38
10166.666666666668 1.1757408779671306e+38
10583.333333333334 1.0839115569628242e+38
11000.0 9.987717604105938e+37
