#lamb flux
1000.0 5.186017893371545e-05
1416.6666666666667 0.0026765982265983582
1833.3333333333335 0.017297329855248563
2250.0 0.04687085053740705
2666.666666666667 0.08423935465240631
3083.3333333333335 0.11503222404360655
3500.0 0.1231061369650199
3916.666666666667 0.12214495292473686
4333.333333333334 0.11553857632575242
4750.0 0.10609291407507951
5166.666666666667 0.09559080933287416
5583.333333333334 0.08508390972785158
6000.0 0.07515890740630234
6416.666666666667 0.06610468471737005
6833.333333333334 0.05802357487693842
7250.0 0.05090838000170966
7666.666666666667 0.044693986030791485
8083.333333333334 0.03928982363322
8500.0 0.034598821845114223
8916.666666666668 0.03052753538148499
9333.333333333334 0.026992513408001115
9750.0 0.02392336510382908
10166.666666666668 0.021255232519337194
10583.333333333334 0.01893161301195527
11000.0 0.016903919421137684
