#lamb flux
1000.0 3.1453617477088204e+38
1416.6666666666667 6.357623246582227e+39
1833.3333333333335 1.6246754397120948e+40
2250.0 1.9054358468460369e+40
2666.666666666667 3.2052310760559766e+40
3083.3333333333335 3.5794611595487827e+40
3500.0 3.2295228892770684e+40
3916.666666666667 2.8343603066254884e+40
4333.333333333334 2.4178939220096534e+40
4750.0 2.0723178890383307e+40
5166.666666666667 1.7830892968856374e+40
5583.333333333334 1.5282627136988796e+40
6000.0 1.3028070060229029e+40
6416.666666666667 1.1086567014980077e+40
6833.333333333334 9.462815528063065e+39
7250.0 8.128457917447138e+39
7666.666666666667 7.03471668310804e+39
8083.333333333334 6.128218822876588e+39
8500.0 5.3609361332786744e+39
8916.666666666668 4.6944446124372137e+39
9333.333333333334 4.108469087732881e+39
9750.0 3.605978757667589e+39
10166.666666666668 3.1750848441991865e+39
10583.333333333334 2.804491903651873e+39
11000.0 2.484784516314071e+39
