#lamb flux
1010.0 1.5845e-07
1030.0 1.7525e-07
1050.0 1.9457e-07
1070.0 2.1631e-07
1090.0 2.4102e-07
1110.0 2.6635e-07
1130.0 2.9186e-07
1150.0 3.1857e-07
1170.0 3.4612e-07
1190.0 3.7225e-07
1210.0 3.9873e-07
1230.0 4.2609e-07
1250.0 4.529e-07
1270.0 4.7894e-07
1290.0 5.0645e-07
1310.0 5.3394e-07
1330.0 5.6031e-07
1350.0 5.8697e-07
1370.0 6.145e-07
1390.0 6.4133e-07
1410.0 6.6738e-07
1430.0 6.946e-07
1450.0 7.2183e-07
1470.0 7.4814e-07
1490.0 7.7474e-07
1510.0 8.0283e-07
1530.0 8.2946e-07
1550.0 8.5573e-07
1570.0 8.8292e-07
1590.0 9.1013e-07
1610.0 9.3615e-07
1630.0 9.6297e-07
1650.0 9.9052e-07
1670.0 1.0172e-06
1690.0 1.0435e-06
1710.0 1.0709e-06
1730.0 1.0984e-06
1750.0 1.1243e-06
1770.0 1.1511e-06
1790.0 1.1783e-06
1810.0 1.2048e-06
1830.0 1.2308e-06
1850.0 1.2585e-06
1870.0 1.2854e-06
1890.0 1.3116e-06
1910.0 1.3383e-06
1930.0 1.3657e-06
1950.0 1.3919e-06
1970.0 1.4178e-06
1990.0 1.4448e-06
2010.0 1.4714e-06
2030.0 1.4971e-06
2050.0 1.5237e-06
2070.0 1.551e-06
2090.0 1.5768e-06
2110.0 1.6026e-06
2130.0 1.6292e-06
2150.0 1.6553e-06
2170.0 1.6804e-06
2190.0 1.7065e-06
2210.0 1.7328e-06
2230.0 1.758e-06
2250.0 1.7832e-06
2270.0 1.8096e-06
2290.0 1.8351e-06
2310.0 1.8597e-06
2330.0 1.8853e-06
2350.0 1.9115e-06
2370.0 1.9376e-06
2390.0 1.966e-06
2410.0 1.9995e-06
2430.0 2.0381e-06
2450.0 2.0842e-06
2470.0 2.1433e-06
2490.0 2.2178e-06
2510.0 2.3025e-06
2530.0 2.4044e-06
2550.0 2.5319e-06
2570.0 2.6906e-06
2590.0 2.8971e-06
2610.0 3.2061e-06
2630.0 3.6474e-06
2650.0 4.2244e-06
2670.0 4.9704e-06
2690.0 5.8871e-06
2710.0 6.8656e-06
2730.0 7.8326e-06
2750.0 8.7849e-06
2770.0 9.6133e-06
2790.0 1.0271e-05
2810.0 1.0793e-05
2830.0 1.1201e-05
2850.0 1.1479e-05
2870.0 1.1684e-05
2890.0 1.1846e-05
2910.0 1.1975e-05
2930.0 1.208e-05
2950.0 1.2181e-05
2970.0 1.2279e-05
2990.0 1.2372e-05
3010.0 0.0003497
3030.0 0.00035231
3050.0 0.00035484
3070.0 0.000357
3090.0 0.00035886
3110.0 0.00036002
3130.0 0.00035997
3150.0 0.00035837
3170.0 0.00035453
3190.0 0.00034851
3210.0 0.00034086
3230.0 0.00033211
3250.0 0.00032348
3270.0 0.00031716
3290.0 0.00031366
3310.0 0.00031423
3330.0 0.00031878
3350.0 0.0003267
3370.0 0.000338
3390.0 0.00035225
3410.0 0.00036776
3430.0 0.00038517
3450.0 0.00040522
3470.0 0.00042711
3490.0 0.0004503
3510.0 0.00047652
3530.0 0.0005046
3550.0 0.00053303
3570.0 0.00056268
3590.0 0.00059493
3610.0 0.00062816
3630.0 0.00066129
3650.0 0.00069566
3670.0 0.00072704
3690.0 0.00075049
3710.0 0.00076394
3730.0 0.00076438
3750.0 0.00075374
3770.0 0.00074957
3790.0 0.00074511
3810.0 0.0007268
3830.0 0.0007493
3850.0 0.0008378
3870.0 0.00088638
3890.0 0.00088234
3910.0 0.0008861
3930.0 0.00090943
3950.0 0.00092379
3970.0 0.00084165
3990.0 0.0007242
4010.0 0.0021705
4030.0 0.0026299
4050.0 0.003015
4070.0 0.002616
4090.0 0.0023693
4110.0 0.0020907
4130.0 0.0019243
4150.0 0.0020469
4170.0 0.0020163
4190.0 0.0021492
4210.0 0.0021295
4230.0 0.0022525
4250.0 0.0026647
4270.0 0.002696
4290.0 0.0024844
4310.0 0.0025814
4330.0 0.0027459
4350.0 0.0030788
4370.0 0.0035037
4390.0 0.0032879
4410.0 0.0024292
4430.0 0.0020565
4450.0 0.0018896
4470.0 0.0014504
4490.0 0.0015651
4510.0 0.0023642
4530.0 0.0027266
4550.0 0.0027502
4570.0 0.0030947
4590.0 0.0035252
4610.0 0.0047546
4630.0 0.0061753
4650.0 0.006697
4670.0 0.0062021
4690.0 0.0059179
4710.0 0.0062556
4730.0 0.0059035
4750.0 0.0044136
4770.0 0.0032376
4790.0 0.0030232
4810.0 0.0028816
4830.0 0.0026381
4850.0 0.0028949
4870.0 0.0038244
4890.0 0.0045101
4910.0 0.003957
4930.0 0.0035014
4950.0 0.0038468
4970.0 0.0049333
4990.0 0.0066858
5010.0 0.0076911
5030.0 0.0067818
5050.0 0.0045883
5070.0 0.0030239
5090.0 0.0024383
5110.0 0.0025076
5130.0 0.0028941
5150.0 0.0031356
5170.0 0.0030885
5190.0 0.002886
5210.0 0.0030165
5230.0 0.003171
5250.0 0.0034175
5270.0 0.0036872
5290.0 0.0040862
5310.0 0.0047561
5330.0 0.0052633
5350.0 0.0052297
5370.0 0.0054932
5390.0 0.0063036
5410.0 0.0062979
5430.0 0.0055695
5450.0 0.0051171
5470.0 0.0054334
5490.0 0.0066381
5510.0 0.0082999
5530.0 0.0095195
5550.0 0.0092007
5570.0 0.008364
5590.0 0.0072726
5610.0 0.0067069
5630.0 0.0065036
5650.0 0.006194
5670.0 0.0058693
5690.0 0.0052471
5710.0 0.005116
5730.0 0.0047126
5750.0 0.0033226
5770.0 0.0025922
5790.0 0.0029375
5810.0 0.0033169
5830.0 0.0040703
5850.0 0.0048452
5870.0 0.0053758
5890.0 0.0054669
5910.0 0.0053634
5930.0 0.0051053
5950.0 0.0052022
5970.0 0.0059299
5990.0 0.0055756
6010.0 0.004674
6030.0 0.0039488
6050.0 0.003439
6070.0 0.0034201
6090.0 0.0037086
6110.0 0.0041468
6130.0 0.0042103
6150.0 0.0036226
6170.0 0.0031868
6190.0 0.0035863
6210.0 0.004741
6230.0 0.0062215
6250.0 0.0067388
6270.0 0.0058888
6290.0 0.0049545
6310.0 0.0038679
6330.0 0.0029635
6350.0 0.0026434
6370.0 0.0027798
6390.0 0.0032136
6410.0 0.0039625
6430.0 0.0046272
6450.0 0.0052946
6470.0 0.0060625
6490.0 0.0073231
6510.0 0.0081882
6530.0 0.0080331
6550.0 0.0072641
6570.0 0.0061665
6590.0 0.0055605
6610.0 0.0047946
6630.0 0.0043437
6650.0 0.0041061
6670.0 0.003989
6690.0 0.0036042
6710.0 0.0032763
6730.0 0.0023599
6750.0 0.0023396
6770.0 0.002543
6790.0 0.0029229
6810.0 0.0026745
6830.0 0.002754
6850.0 0.0025759
6870.0 0.0023531
6890.0 0.0022593
6910.0 0.0024076
6930.0 0.0022551
6950.0 0.0023201
6970.0 0.0024403
6990.0 0.0027699
7010.0 0.0027935
7030.0 0.0028379
7050.0 0.0027064
7070.0 0.0025787
7090.0 0.0025863
7110.0 0.0026611
7130.0 0.0028637
7150.0 0.0030415
7170.0 0.0033561
7190.0 0.0036893
7210.0 0.0036252
7230.0 0.0037268
7250.0 0.004005
7270.0 0.0043645
7290.0 0.0051802
7310.0 0.005621
7330.0 0.0054332
7350.0 0.004914
7370.0 0.0042756
7390.0 0.0041479
7410.0 0.0044079
7430.0 0.0048989
7450.0 0.0053358
7470.0 0.0052867
7490.0 0.0048205
7510.0 0.0054604
7530.0 0.0054007
7550.0 0.0048542
7570.0 0.0037921
7590.0 0.0026069
7610.0 0.0022375
7630.0 0.0025423
7650.0 0.0030059
7670.0 0.0037411
7690.0 0.0041168
7710.0 0.0042902
7730.0 0.0045085
7750.0 0.0050613
7770.0 0.0051409
7790.0 0.0047222
7810.0 0.0043087
7830.0 0.0044433
7850.0 0.0043193
7870.0 0.0039601
7890.0 0.0033272
7910.0 0.0027046
7930.0 0.0025825
7950.0 0.0023527
7970.0 0.0021779
7990.0 0.0021655
8010.0 0.00016038
8030.0 0.0001583
8050.0 0.00015616
8070.0 0.00015821
8090.0 0.00016999
8110.0 0.0001671
8130.0 0.00013783
8150.0 0.00013423
8170.0 0.00011562
8190.0 0.00010958
8210.0 0.0001423
8230.0 0.00015843
8250.0 0.00014279
8270.0 0.00012428
8290.0 0.00012115
8310.0 9.3246e-05
8330.0 6.2848e-05
8350.0 4.4602e-05
8370.0 2.8101e-05
8390.0 5.1369e-05
8410.0 5.9859e-05
8430.0 7.3786e-05
8450.0 8.6645e-05
8470.0 0.0001077
8490.0 0.00010694
8510.0 0.00010519
8530.0 0.00010978
8550.0 0.00014811
8570.0 0.00017535
8590.0 0.0001892
8610.0 0.000239
8630.0 0.00028791
8650.0 0.00030118
8670.0 0.00032007
8690.0 0.00032186
8710.0 0.00029149
8730.0 0.00027114
8750.0 0.00023933
8770.0 0.00022709
8790.0 0.0002231
8810.0 0.00021378
8830.0 0.00017095
8850.0 0.00012515
8870.0 9.5825e-05
8890.0 9.3685e-05
8910.0 0.00010737
8930.0 0.00012212
8950.0 0.00012446
8970.0 0.00012505
8990.0 0.00011153
9010.0 0.0011688
9030.0 0.001059
9050.0 0.0010642
9070.0 0.0010726
9090.0 0.0010799
9110.0 0.001089
9130.0 0.001096
9150.0 0.0011015
9170.0 0.0011073
9190.0 0.0011135
9210.0 0.0011201
9230.0 0.001127
9250.0 0.001134
9270.0 0.0011413
9290.0 0.0011487
9310.0 0.0011563
9330.0 0.001164
9350.0 0.001172
9370.0 0.00118
9390.0 0.0011882
9410.0 0.0011966
9430.0 0.0012052
9450.0 0.0012138
9470.0 0.0012226
9490.0 0.0012316
9510.0 0.0012408
9530.0 0.00125
9550.0 0.0012595
9570.0 0.0012692
9590.0 0.0012789
9610.0 0.0012887
9630.0 0.0012989
9650.0 0.0013091
9670.0 0.0013193
9690.0 0.0013299
9710.0 0.0013405
9730.0 0.0013512
9750.0 0.0013621
9770.0 0.0013733
9790.0 0.0013844
9810.0 0.0013957
9830.0 0.0014071
9850.0 0.0014187
9870.0 0.0014303
9890.0 0.001442
9910.0 0.001454
9930.0 0.001466
9950.0 0.001478
9970.0 0.0014903
9990.0 0.0015027
10010.0 0.0013039
10030.0 0.0013146
10050.0 0.0013255
10070.0 0.0013368
10090.0 0.0013475
10110.0 0.0013584
10130.0 0.0013694
10150.0 0.0013803
10170.0 0.0013913
10190.0 0.0014026
10210.0 0.0014137
10230.0 0.0014248
10250.0 0.001436
10270.0 0.0014473
10290.0 0.0014584
10310.0 0.0014696
10330.0 0.001481
10350.0 0.0014921
10370.0 0.0015033
10390.0 0.0015145
10410.0 0.0015257
10430.0 0.0015367
10450.0 0.0015478
10470.0 0.0015589
10490.0 0.0015699
10510.0 0.0015807
10530.0 0.0015918
10550.0 0.0016026
10570.0 0.0016133
10590.0 0.001624
10610.0 0.0016346
10630.0 0.0016451
10650.0 0.0016554
10670.0 0.0016658
10690.0 0.0016761
10710.0 0.0016861
10730.0 0.0016961
10750.0 0.0017062
10770.0 0.0017158
10790.0 0.0017254
10810.0 0.0017349
10830.0 0.0017442
10850.0 0.001753
10870.0 0.0017615
10890.0 0.001769
10910.0 0.0017747
10930.0 0.001778
10950.0 0.0017772
10970.0 0.0017712
10990.0 0.0017594
11010.0 0.0017396
11030.0 0.001712
11050.0 0.0016782
11070.0 0.0016379
11090.0 0.0015894
11110.0 0.0015393
11130.0 0.001487
11150.0 0.0014307
11170.0 0.0013727
11190.0 0.0013164
11210.0 0.0012583
11230.0 0.0011987
11250.0 0.0011417
11270.0 0.001087
11290.0 0.0010322
11310.0 0.0009803
11330.0 0.00093458
11350.0 0.00089139
11370.0 0.00085149
11390.0 0.00081696
11410.0 0.00078675
11430.0 0.00075869
11450.0 0.0007345
11470.0 0.00071359
11490.0 0.00069413
11510.0 0.00067539
11530.0 0.00065799
11550.0 0.00064071
11570.0 0.00062227
11590.0 0.00060317
11610.0 0.00058374
11630.0 0.00056259
11650.0 0.00053994
11670.0 0.00051762
11690.0 0.00049498
11710.0 0.00047163
11730.0 0.00044901
11750.0 0.00042807
11770.0 0.00040753
11790.0 0.00038829
11810.0 0.00037135
11830.0 0.00035619
11850.0 0.00034224
11870.0 0.00033056
11890.0 0.00032086
11910.0 0.00031233
11930.0 0.000305
11950.0 0.0002989
11970.0 0.00029345
11990.0 0.00028829
12010.0 0.00028352
12030.0 0.00027893
12050.0 0.00027418
12070.0 0.00026923
12090.0 0.00026447
12110.0 0.00025963
12130.0 0.00025479
12150.0 0.00025032
12170.0 0.00024642
12190.0 0.00024305
12210.0 0.0002407
12230.0 0.00023956
12250.0 0.00023974
12270.0 0.00024155
12290.0 0.00024497
12310.0 0.00024987
12330.0 0.00025673
12350.0 0.00026529
12370.0 0.00027503
12390.0 0.00028627
12410.0 0.00029943
12430.0 0.00031282
12450.0 0.00032667
12470.0 0.00034141
12490.0 0.0003562
12510.0 0.00037009
12530.0 0.0003839
12550.0 0.00039722
12570.0 0.00040899
12590.0 0.00041931
12610.0 0.00042851
12630.0 0.00043585
12650.0 0.00044091
12670.0 0.00044424
12690.0 0.00044557
12710.0 0.00044484
12730.0 0.00044226
12750.0 0.00043766
12770.0 0.00043134
12790.0 0.00042369
12810.0 0.00041455
12830.0 0.00040397
12850.0 0.00039291
12870.0 0.00038121
12890.0 0.00036856
12910.0 0.00035569
12930.0 0.00034301
12950.0 0.00032978
12970.0 0.00031631
12990.0 0.00030357
13010.0 0.00029099
13030.0 0.00027827
13050.0 0.00026604
13070.0 0.0002546
13090.0 0.00024311
13110.0 0.000232
13130.0 0.00022175
13150.0 0.00021204
13170.0 0.00020254
13190.0 0.00019409
13210.0 0.00018665
13230.0 0.00017984
13250.0 0.00017399
13270.0 0.00016937
13290.0 0.00016577
13310.0 0.0001633
13330.0 0.00016217
13350.0 0.0001623
13370.0 0.00016376
13390.0 0.00016662
13410.0 0.00017048
13430.0 0.0001755
13450.0 0.00018171
13470.0 0.0001886
13490.0 0.00019589
13510.0 0.00020412
13530.0 0.00021247
13550.0 0.00022045
13570.0 0.00022832
13590.0 0.000236
13610.0 0.00024282
13630.0 0.00024878
13650.0 0.00025422
13670.0 0.00025874
13690.0 0.00026223
13710.0 0.00026493
13730.0 0.00026686
13750.0 0.00026782
13770.0 0.00026804
13790.0 0.00026756
13810.0 0.00026638
13830.0 0.00026463
13850.0 0.00026227
13870.0 0.00025928
13890.0 0.00025587
13910.0 0.00025203
13930.0 0.00024758
13950.0 0.00024273
13970.0 0.00023776
13990.0 0.00023235
14010.0 0.0002266
14030.0 0.00022086
14050.0 0.00021508
14070.0 0.00020898
14090.0 0.00020313
14110.0 0.00019763
14130.0 0.0001923
14150.0 0.00018729
14170.0 0.00018301
14190.0 0.00017931
14210.0 0.00017617
14230.0 0.00017385
14250.0 0.00017234
14270.0 0.00017161
14290.0 0.00017177
14310.0 0.00017273
14330.0 0.00017445
14350.0 0.00017698
14370.0 0.00018013
14390.0 0.00018371
14410.0 0.00018792
14430.0 0.00019255
14450.0 0.00019728
14470.0 0.00020219
14490.0 0.00020741
14510.0 0.00021239
14530.0 0.00021713
14550.0 0.00022187
14570.0 0.00022642
14590.0 0.00023055
14610.0 0.00023456
14630.0 0.00023852
14650.0 0.00024221
14670.0 0.00024577
14690.0 0.00024949
14710.0 0.00025339
14730.0 0.0002573
14750.0 0.00026163
14770.0 0.00026654
14790.0 0.00027186
14810.0 0.00027762
14830.0 0.00028446
14850.0 0.00029188
14870.0 0.00029963
14890.0 0.00030799
14910.0 0.00031686
14930.0 0.0003254
14950.0 0.00033337
14970.0 0.00034092
14990.0 0.00034726
15010.0 0.0003521
15030.0 0.00035568
15050.0 0.00035806
15070.0 0.00035921
15090.0 0.00035962
15110.0 0.0003595
15130.0 0.00035905
15150.0 0.00035844
15170.0 0.00035773
15190.0 0.00035695
15210.0 0.0003562
15230.0 0.00035544
15250.0 0.00035465
15270.0 0.00035388
15290.0 0.00035314
15310.0 0.00035239
15330.0 0.00035163
15350.0 0.00035089
15370.0 0.00035017
15390.0 0.0003494
15410.0 0.00034866
15430.0 0.00034795
15450.0 0.00034722
15470.0 0.00034647
15490.0 0.00034577
15510.0 0.00034506
15530.0 0.00034433
15550.0 0.00034362
15570.0 0.00034293
15590.0 0.00034221
15610.0 0.00034148
15630.0 0.0003408
15650.0 0.00034011
15670.0 0.0003394
15690.0 0.0003387
15710.0 0.00033803
15730.0 0.00033733
15750.0 0.00033663
15770.0 0.00033596
15790.0 0.00033528
15810.0 0.00033457
15830.0 0.00033389
15850.0 0.00033323
15870.0 0.00033254
15890.0 0.00033186
15910.0 0.0003312
15930.0 0.00033053
15950.0 0.00032983
15970.0 0.00032916
15990.0 0.00032851
16010.0 0.00032782
16030.0 0.00032713
16050.0 0.00032649
16070.0 0.00032582
16090.0 0.00032514
16110.0 0.00032448
16130.0 0.00032383
16150.0 0.00032313
16170.0 0.00032245
16190.0 0.0003218
16210.0 0.00032114
16230.0 0.00032045
16250.0 0.00031979
16270.0 0.00031914
16290.0 0.00031846
16310.0 0.00031778
16330.0 0.00031713
16350.0 0.00031646
16370.0 0.00031576
16390.0 0.0003151
16410.0 0.00031445
16430.0 0.00031376
16450.0 0.00031308
16470.0 0.00031244
16490.0 0.00031175
16510.0 0.00031106
16530.0 0.00031039
16550.0 0.00030973
16570.0 0.00030903
16590.0 0.00030834
16610.0 0.00030768
16630.0 0.000307
16650.0 0.0003063
16670.0 0.00030563
16690.0 0.00030496
16710.0 0.00030425
16730.0 0.00030356
16750.0 0.00030289
16770.0 0.00030219
16790.0 0.00030148
16810.0 0.0003008
16830.0 0.00030012
16850.0 0.0002994
16870.0 0.00029871
16890.0 0.00029803
16910.0 0.00029731
16930.0 0.00029659
16950.0 0.0002959
16970.0 0.0002952
16990.0 0.00029447
17010.0 0.00029377
17030.0 0.00029308
17050.0 0.00029235
17070.0 0.00029162
17090.0 0.00029092
17110.0 0.00029021
17130.0 0.00028946
17150.0 0.00028874
17170.0 0.00028803
17190.0 0.0002873
17210.0 0.00028656
17230.0 0.00028585
17250.0 0.00028512
17270.0 0.00028436
17290.0 0.00028363
17310.0 0.00028291
17330.0 0.00028216
17350.0 0.0002814
17370.0 0.00028068
17390.0 0.00027994
17410.0 0.00027917
17430.0 0.00027843
17450.0 0.00027771
17470.0 0.00027692
17490.0 0.00027616
17510.0 0.00027542
17530.0 0.00027466
17550.0 0.00027388
17570.0 0.00027313
17590.0 0.00027239
17610.0 0.00027161
17630.0 0.00027083
17650.0 0.00027008
17670.0 0.00026931
17690.0 0.0002685
17710.0 0.00026775
17730.0 0.00026698
17750.0 0.00026619
17770.0 0.00026541
17790.0 0.00026466
17810.0 0.00026386
17830.0 0.00026306
17850.0 0.00026229
17870.0 0.00026151
17890.0 0.0002607
17910.0 0.0002599
17930.0 0.00025913
17950.0 0.00025834
17970.0 0.00025753
17990.0 0.00025675
18010.0 0.00025597
18030.0 0.00025514
18050.0 0.00025433
18070.0 0.00025355
18090.0 0.00025274
18110.0 0.00025192
18130.0 0.00025113
18150.0 0.00025033
18170.0 0.00024951
18190.0 0.0002487
18210.0 0.00024791
18230.0 0.00024708
18250.0 0.00024625
18270.0 0.00024545
18290.0 0.00024464
18310.0 0.00024381
18330.0 0.000243
18350.0 0.00024221
18370.0 0.00024137
18390.0 0.00024054
18410.0 0.00023973
18430.0 0.00023892
18450.0 0.00023806
18470.0 0.00023725
18490.0 0.00023644
18510.0 0.00023561
18530.0 0.00023477
18550.0 0.00023397
18570.0 0.00023314
18590.0 0.00023229
18610.0 0.00023147
18630.0 0.00023065
18650.0 0.00022981
18670.0 0.00022896
18690.0 0.00022816
18710.0 0.00022733
18730.0 0.00022648
18750.0 0.00022566
18770.0 0.00022484
18790.0 0.00022398
18810.0 0.00022314
18830.0 0.00022232
18850.0 0.00022148
18870.0 0.00022063
18890.0 0.00021981
18910.0 0.00021899
18930.0 0.00021814
18950.0 0.0002173
18970.0 0.00021648
18990.0 0.00021564
19010.0 0.00021477
19030.0 0.00021395
19050.0 0.00021313
19070.0 0.00021228
19090.0 0.00021144
19110.0 0.00021063
19130.0 0.00020978
19150.0 0.00020892
19170.0 0.0002081
19190.0 0.00020727
19210.0 0.00020641
19230.0 0.00020556
19250.0 0.00020475
19270.0 0.00020391
19290.0 0.00020306
19310.0 0.00020224
19330.0 0.00020142
19350.0 0.00020055
19370.0 0.00019971
19390.0 0.00019889
19410.0 0.00019805
19430.0 0.0001972
19450.0 0.00019638
19470.0 0.00019555
19490.0 0.0001947
19510.0 0.00019387
19530.0 0.00019305
19550.0 0.0001922
19570.0 0.00019135
19590.0 0.00019053
19610.0 0.0001897
19630.0 0.00018886
19650.0 0.00018803
19670.0 0.00018722
19690.0 0.00018637
19710.0 0.00018553
19730.0 0.00018471
19750.0 0.00018388
19770.0 0.00018303
19790.0 0.0001822
19810.0 0.00018139
19830.0 0.00018055
19850.0 0.0001797
19870.0 0.00017887
19890.0 0.00017797
19910.0 0.00017699
19930.0 0.00017594
19950.0 0.00017474
19970.0 0.00017326
19990.0 0.00017148
20010.0 0.00015257
20030.0 0.00015036
20050.0 0.00014777
20070.0 0.00014497
20090.0 0.00014196
20110.0 0.00013855
20130.0 0.0001351
20150.0 0.00013169
20170.0 0.00012814
20190.0 0.00012455
20210.0 0.00012115
20230.0 0.00011784
20250.0 0.00011452
20270.0 0.00011144
20290.0 0.00010863
20310.0 0.00010596
20330.0 0.00010346
20350.0 0.00010139
20370.0 9.9547e-05
20390.0 9.7934e-05
20410.0 9.6631e-05
20430.0 9.5626e-05
20450.0 9.483e-05
20470.0 9.4297e-05
20490.0 9.401e-05
20510.0 9.3928e-05
20530.0 9.4044e-05
20550.0 9.4334e-05
20570.0 9.4757e-05
20590.0 9.5329e-05
20610.0 9.6021e-05
20630.0 9.6784e-05
20650.0 9.7638e-05
20670.0 9.8613e-05
20690.0 9.9607e-05
20710.0 0.00010064
20730.0 0.00010174
20750.0 0.0001029
20770.0 0.00010404
20790.0 0.00010524
20810.0 0.0001065
20830.0 0.00010776
20850.0 0.00010902
20870.0 0.00011038
20890.0 0.00011176
20910.0 0.00011309
20930.0 0.00011447
20950.0 0.0001159
20970.0 0.0001173
20990.0 0.00011868
21010.0 0.00012012
21030.0 0.00012154
21050.0 0.00012289
21070.0 0.00012424
21090.0 0.00012559
21110.0 0.00012682
21130.0 0.00012798
21150.0 0.00012911
21170.0 0.00013012
21190.0 0.000131
21210.0 0.00013179
21230.0 0.00013244
21250.0 0.00013291
21270.0 0.0001332
21290.0 0.00013331
21310.0 0.00013321
21330.0 0.00013289
21350.0 0.00013234
21370.0 0.00013153
21390.0 0.0001305
21410.0 0.00012924
21430.0 0.00012764
21450.0 0.00012585
21470.0 0.0001239
21490.0 0.00012169
21510.0 0.00011927
21530.0 0.0001168
21550.0 0.00011423
21570.0 0.00011148
21590.0 0.00010877
21610.0 0.00010616
21630.0 0.00010354
21650.0 0.00010099
21670.0 9.8771e-05
21690.0 9.6727e-05
21710.0 9.4887e-05
21730.0 9.338e-05
21750.0 9.2218e-05
21770.0 9.1332e-05
21790.0 9.0822e-05
21810.0 9.0681e-05
21830.0 9.0882e-05
21850.0 9.145e-05
21870.0 9.2336e-05
21890.0 9.348e-05
21910.0 9.4948e-05
21930.0 9.667e-05
21950.0 9.8535e-05
21970.0 0.0001006
21990.0 0.00010292
22010.0 0.00010524
22030.0 0.00010759
22050.0 0.00011006
22070.0 0.00011255
22090.0 0.0001149
22110.0 0.00011728
22130.0 0.00011965
22150.0 0.00012186
22170.0 0.00012394
22190.0 0.00012601
22210.0 0.00012793
22230.0 0.00012963
22250.0 0.00013122
22270.0 0.00013269
22290.0 0.00013394
22310.0 0.00013502
22330.0 0.00013597
22350.0 0.0001367
22370.0 0.00013722
22390.0 0.00013754
22410.0 0.00013764
22430.0 0.00013751
22450.0 0.00013716
22470.0 0.00013655
22490.0 0.00013569
22510.0 0.00013461
22530.0 0.00013324
22550.0 0.00013158
22570.0 0.00012973
22590.0 0.00012764
22610.0 0.00012524
22630.0 0.00012264
22650.0 0.00011996
22670.0 0.00011699
22690.0 0.00011382
22710.0 0.00011062
22730.0 0.00010732
22750.0 0.00010375
22770.0 0.00010026
22790.0 9.6847e-05
22810.0 9.3346e-05
22830.0 8.9855e-05
22850.0 8.6586e-05
22870.0 8.3382e-05
22890.0 8.0194e-05
22910.0 7.7257e-05
22930.0 7.4566e-05
22950.0 7.2002e-05
22970.0 6.963e-05
22990.0 6.7664e-05
23010.0 6.5922e-05
23030.0 6.4426e-05
23050.0 6.3268e-05
23070.0 6.2432e-05
23090.0 6.1867e-05
23110.0 6.1642e-05
23130.0 6.1732e-05
23150.0 6.2122e-05
23170.0 6.2836e-05
23190.0 6.3813e-05
23210.0 6.5012e-05
23230.0 6.6503e-05
23250.0 6.821e-05
23270.0 7.0037e-05
23290.0 7.2047e-05
23310.0 7.4278e-05
23330.0 7.6483e-05
23350.0 7.8708e-05
23370.0 8.1018e-05
23390.0 8.3295e-05
23410.0 8.5412e-05
23430.0 8.7501e-05
23450.0 8.9511e-05
23470.0 9.1305e-05
23490.0 9.2914e-05
23510.0 9.4399e-05
23530.0 9.5653e-05
23550.0 9.6634e-05
23570.0 9.7426e-05
23590.0 9.7999e-05
23610.0 9.833e-05
23630.0 9.8449e-05
23650.0 9.8355e-05
23670.0 9.8051e-05
23690.0 9.7572e-05
23710.0 9.6909e-05
23730.0 9.606e-05
23750.0 9.5116e-05
23770.0 9.4064e-05
23790.0 9.2881e-05
23810.0 9.1645e-05
23830.0 9.0411e-05
23850.0 8.9108e-05
23870.0 8.78e-05
23890.0 8.6589e-05
23910.0 8.5437e-05
23930.0 8.4339e-05
23950.0 8.3369e-05
23970.0 8.2555e-05
23990.0 8.1843e-05
24010.0 8.1277e-05
24030.0 8.0879e-05
24050.0 8.0629e-05
24070.0 8.053e-05
24090.0 8.0592e-05
24110.0 8.0793e-05
24130.0 8.1142e-05
24150.0 8.1635e-05
24170.0 8.223e-05
24190.0 8.2951e-05
24210.0 8.3816e-05
24230.0 8.476e-05
24250.0 8.5773e-05
24270.0 8.6903e-05
24290.0 8.8131e-05
24310.0 8.9334e-05
24330.0 9.0609e-05
24350.0 9.1953e-05
24370.0 9.3285e-05
24390.0 9.4592e-05
24410.0 9.5986e-05
24430.0 9.7347e-05
24450.0 9.8639e-05
24470.0 9.992e-05
24490.0 0.0001012
24510.0 0.00010237
24530.0 0.00010345
24550.0 0.0001045
24570.0 0.00010545
24590.0 0.00010625
24610.0 0.00010695
24630.0 0.00010753
24650.0 0.00010794
24670.0 0.00010819
24690.0 0.0001083
24710.0 0.00010825
24730.0 0.00010807
24750.0 0.00010775
24770.0 0.00010729
24790.0 0.00010674
24810.0 0.00010608
24830.0 0.0001052
24850.0 0.00010403
24870.0 0.00010239
24890.0 9.9806e-05
24910.0 9.5743e-05
24930.0 8.9978e-05
24950.0 8.2138e-05
24970.0 7.159e-05
24990.0 5.9525e-05
