#lamb flux
1010.0 1.3737e-08
1030.0 1.5031e-08
1050.0 1.652e-08
1070.0 1.8195e-08
1090.0 2.0099e-08
1110.0 2.2051e-08
1130.0 2.4016e-08
1150.0 2.6074e-08
1170.0 2.8197e-08
1190.0 3.021e-08
1210.0 3.2251e-08
1230.0 3.4359e-08
1250.0 3.6425e-08
1270.0 3.8431e-08
1290.0 4.055e-08
1310.0 4.2668e-08
1330.0 4.47e-08
1350.0 4.6753e-08
1370.0 4.8874e-08
1390.0 5.0941e-08
1410.0 5.2947e-08
1430.0 5.5044e-08
1450.0 5.714e-08
1470.0 5.9166e-08
1490.0 6.1214e-08
1510.0 6.3376e-08
1530.0 6.5425e-08
1550.0 6.7445e-08
1570.0 6.9536e-08
1590.0 7.1627e-08
1610.0 7.3625e-08
1630.0 7.5683e-08
1650.0 7.7796e-08
1670.0 7.9838e-08
1690.0 8.1852e-08
1710.0 8.3943e-08
1730.0 8.6044e-08
1750.0 8.8017e-08
1770.0 9.0047e-08
1790.0 9.2114e-08
1810.0 9.4111e-08
1830.0 9.6069e-08
1850.0 9.8145e-08
1870.0 1.0016e-07
1890.0 1.021e-07
1910.0 1.0407e-07
1930.0 1.0609e-07
1950.0 1.0799e-07
1970.0 1.0987e-07
1990.0 1.118e-07
2010.0 1.1369e-07
2030.0 1.1549e-07
2050.0 1.1733e-07
2070.0 1.192e-07
2090.0 1.2093e-07
2110.0 1.2264e-07
2130.0 1.2437e-07
2150.0 1.2604e-07
2170.0 1.2759e-07
2190.0 1.2918e-07
2210.0 1.3074e-07
2230.0 1.3219e-07
2250.0 1.3359e-07
2270.0 1.3503e-07
2290.0 1.3636e-07
2310.0 1.3758e-07
2330.0 1.3881e-07
2350.0 1.4005e-07
2370.0 1.4124e-07
2390.0 1.4253e-07
2410.0 1.4417e-07
2430.0 1.4615e-07
2450.0 1.4864e-07
2470.0 1.5206e-07
2490.0 1.5657e-07
2510.0 1.6181e-07
2530.0 1.6829e-07
2550.0 1.7667e-07
2570.0 1.873e-07
2590.0 2.0129e-07
2610.0 2.2244e-07
2630.0 2.5242e-07
2650.0 2.9097e-07
2670.0 3.4e-07
2690.0 3.9909e-07
2710.0 4.606e-07
2730.0 5.1967e-07
2750.0 5.7621e-07
2770.0 6.2332e-07
2790.0 6.5848e-07
2810.0 6.8425e-07
2830.0 7.0225e-07
2850.0 7.1196e-07
2870.0 7.1698e-07
2890.0 7.1932e-07
2910.0 7.1972e-07
2930.0 7.1883e-07
2950.0 7.1772e-07
2970.0 7.1657e-07
2990.0 7.1523e-07
3010.0 2.2723e-05
3030.0 2.2685e-05
3050.0 2.2647e-05
3070.0 2.2593e-05
3090.0 2.2526e-05
3110.0 2.2422e-05
3130.0 2.2252e-05
3150.0 2.1994e-05
3170.0 2.1606e-05
3190.0 2.1094e-05
3210.0 2.0493e-05
3230.0 1.9829e-05
3250.0 1.915e-05
3270.0 1.8642e-05
3290.0 1.8263e-05
3310.0 1.8187e-05
3330.0 1.8322e-05
3350.0 1.866e-05
3370.0 1.9198e-05
3390.0 1.9911e-05
3410.0 2.0705e-05
3430.0 2.161e-05
3450.0 2.2663e-05
3470.0 2.3824e-05
3490.0 2.507e-05
3510.0 2.6488e-05
3530.0 2.8035e-05
3550.0 2.9679e-05
3570.0 3.1479e-05
3590.0 3.3478e-05
3610.0 3.5681e-05
3630.0 3.7863e-05
3650.0 4.0168e-05
3670.0 4.2242e-05
3690.0 4.378e-05
3710.0 4.4559e-05
3730.0 4.4152e-05
3750.0 4.2616e-05
3770.0 4.3573e-05
3790.0 4.2872e-05
3810.0 3.4418e-05
3830.0 3.3792e-05
3850.0 4.8212e-05
3870.0 4.8068e-05
3890.0 3.7898e-05
3910.0 3.588e-05
3930.0 4.3474e-05
3950.0 5.1041e-05
3970.0 5.5763e-05
3990.0 3.8303e-05
4010.0 8.107e-05
4030.0 8.3318e-05
4050.0 9.1771e-05
4070.0 9.764e-05
4090.0 9.1399e-05
4110.0 7.8642e-05
4130.0 9.1802e-05
4150.0 0.00012032
4170.0 9.7583e-05
4190.0 8.8701e-05
4210.0 9.8227e-05
4230.0 0.00011885
4250.0 0.00014276
4270.0 0.00015392
4290.0 0.00013637
4310.0 0.00012797
4330.0 0.00012739
4350.0 0.00016021
4370.0 0.00019369
4390.0 0.0001567
4410.0 8.9899e-05
4430.0 6.541e-05
4450.0 6.138e-05
4470.0 3.8001e-05
4490.0 6.2394e-05
4510.0 0.00013285
4530.0 0.0001615
4550.0 0.00015173
4570.0 0.00013868
4590.0 0.00014876
4610.0 0.00028539
4630.0 0.00039935
4650.0 0.0003827
4670.0 0.00033764
4690.0 0.00034168
4710.0 0.00035726
4730.0 0.0002978
4750.0 0.00019636
4770.0 0.00013447
4790.0 0.00014657
4810.0 0.00015345
4830.0 0.00015074
4850.0 0.00016352
4870.0 0.00021659
4890.0 0.00025121
4910.0 0.0001976
4930.0 0.00019068
4950.0 0.00021896
4970.0 0.00029022
4990.0 0.00039223
5010.0 0.00045424
5030.0 0.00036639
5050.0 0.00022666
5070.0 0.00015987
5090.0 0.00012151
5110.0 0.00011435
5130.0 0.00013746
5150.0 0.00013458
5170.0 0.00012685
5190.0 0.00011291
5210.0 0.00012568
5230.0 0.00015434
5250.0 0.00017916
5270.0 0.00016742
5290.0 0.00018063
5310.0 0.00024068
5330.0 0.00025955
5350.0 0.00025594
5370.0 0.00028604
5390.0 0.00035517
5410.0 0.00030778
5430.0 0.00023908
5450.0 0.00023949
5470.0 0.00027653
5490.0 0.00034522
5510.0 0.00042065
5530.0 0.00048783
5550.0 0.00044286
5570.0 0.00039764
5590.0 0.00032794
5610.0 0.00033046
5630.0 0.00036804
5650.0 0.0003393
5670.0 0.00031246
5690.0 0.0002539
5710.0 0.00026049
5730.0 0.00025232
5750.0 0.00013957
5770.0 9.9955e-05
5790.0 0.00012325
5810.0 0.00013018
5830.0 0.00020047
5850.0 0.00026102
5870.0 0.00028143
5890.0 0.00026969
5910.0 0.00026269
5930.0 0.00025238
5950.0 0.00026013
5970.0 0.00032186
5990.0 0.00026655
6010.0 0.00020627
6030.0 0.0001687
6050.0 0.0001504
6070.0 0.00017745
6090.0 0.00019906
6110.0 0.00020401
6130.0 0.0001893
6150.0 0.00014962
6170.0 0.00011649
6190.0 0.00014117
6210.0 0.00022213
6230.0 0.00032704
6250.0 0.0003529
6270.0 0.00027154
6290.0 0.00023244
6310.0 0.00017748
6330.0 0.00012959
6350.0 0.00012679
6370.0 0.00013311
6390.0 0.00015892
6410.0 0.00020545
6430.0 0.00024709
6450.0 0.00030235
6470.0 0.00032005
6490.0 0.00038334
6510.0 0.00042993
6530.0 0.00043849
6550.0 0.00040327
6570.0 0.00032367
6590.0 0.00030732
6610.0 0.00025482
6630.0 0.00026379
6650.0 0.00025626
6670.0 0.00022431
6690.0 0.00017425
6710.0 0.00017
6730.0 7.4529e-05
6750.0 0.00010005
6770.0 0.00015699
6790.0 0.00020765
6810.0 0.00014823
6830.0 0.00015135
6850.0 0.00012607
6870.0 0.00011795
6890.0 9.9688e-05
6910.0 0.00012128
6930.0 0.00011418
6950.0 0.00013648
6970.0 0.00014179
6990.0 0.0001574
7010.0 0.00015205
7030.0 0.00017406
7050.0 0.00015086
7070.0 0.00012585
7090.0 0.00013498
7110.0 0.00014321
7130.0 0.00016481
7150.0 0.00018678
7170.0 0.00020942
7190.0 0.00022363
7210.0 0.00019936
7230.0 0.0002019
7250.0 0.0002164
7270.0 0.00023229
7290.0 0.00028618
7310.0 0.00030254
7330.0 0.00028301
7350.0 0.00025347
7370.0 0.000188
7390.0 0.00019391
7410.0 0.0002375
7430.0 0.00027066
7450.0 0.00029161
7470.0 0.00026682
7490.0 0.00021306
7510.0 0.00034348
7530.0 0.00031299
7550.0 0.00029522
7570.0 0.00020058
7590.0 8.9019e-05
7610.0 6.2847e-05
7630.0 9.5412e-05
7650.0 0.00012829
7670.0 0.00020422
7690.0 0.00022754
7710.0 0.00020563
7730.0 0.0002041
7750.0 0.00026794
7770.0 0.00027538
7790.0 0.0002518
7810.0 0.00020356
7830.0 0.00022057
7850.0 0.00024173
7870.0 0.00023636
7890.0 0.00018476
7910.0 0.00012419
7930.0 0.00012867
7950.0 0.00011623
7970.0 9.7915e-05
7990.0 8.8524e-05
8010.0 4.6512e-05
8030.0 4.2445e-05
8050.0 4.6086e-05
8070.0 5.2236e-05
8090.0 6.4142e-05
8110.0 6.016e-05
8130.0 3.5201e-05
8150.0 3.6672e-05
8170.0 1.9941e-05
8190.0 1.1513e-05
8210.0 3.2549e-05
8230.0 3.9545e-05
8250.0 1.4484e-05
8270.0 1.1171e-05
8290.0 2.336e-05
8310.0 2.0811e-05
8330.0 1.2699e-05
8350.0 1.0259e-05
8370.0 2.1134e-06
8390.0 1.096e-05
8410.0 1.2645e-05
8430.0 1.5719e-05
8450.0 1.7696e-05
8470.0 3.0211e-05
8490.0 2.4401e-05
8510.0 1.846e-05
8530.0 8.5193e-06
8550.0 3.3476e-05
8570.0 5.2687e-05
8590.0 3.5833e-05
8610.0 5.4486e-05
8630.0 5.9007e-05
8650.0 3.0038e-05
8670.0 4.5903e-05
8690.0 7.3441e-05
8710.0 6.2738e-05
8730.0 6.7972e-05
8750.0 5.3009e-05
8770.0 4.6917e-05
8790.0 5.2439e-05
8810.0 5.7248e-05
8830.0 3.1006e-05
8850.0 1.2498e-05
8870.0 8.6851e-06
8890.0 2.4128e-05
8910.0 3.893e-05
8930.0 5.1903e-05
8950.0 5.7967e-05
8970.0 5.5728e-05
8990.0 4.1311e-05
9010.0 3.9293e-05
9030.0 2.9663e-05
9050.0 3.0839e-05
9070.0 3.2069e-05
9090.0 3.307e-05
9110.0 3.4282e-05
9130.0 3.5157e-05
9150.0 3.5781e-05
9170.0 3.6444e-05
9190.0 3.7154e-05
9210.0 3.79e-05
9230.0 3.8689e-05
9250.0 3.9484e-05
9270.0 4.0305e-05
9290.0 4.1148e-05
9310.0 4.1988e-05
9330.0 4.284e-05
9350.0 4.3721e-05
9370.0 4.4606e-05
9390.0 4.5492e-05
9410.0 4.6402e-05
9430.0 4.7337e-05
9450.0 4.8261e-05
9470.0 4.92e-05
9490.0 5.0166e-05
9510.0 5.1138e-05
9530.0 5.2109e-05
9550.0 5.3115e-05
9570.0 5.4135e-05
9590.0 5.5154e-05
9610.0 5.6187e-05
9630.0 5.7249e-05
9650.0 5.8316e-05
9670.0 5.938e-05
9690.0 6.0475e-05
9710.0 6.1584e-05
9730.0 6.2692e-05
9750.0 6.3816e-05
9770.0 6.4977e-05
9790.0 6.613e-05
9810.0 6.7287e-05
9830.0 6.847e-05
9850.0 6.9668e-05
9870.0 7.0857e-05
9890.0 7.2067e-05
9910.0 7.33e-05
9930.0 7.4532e-05
9950.0 7.5767e-05
9970.0 7.7029e-05
9990.0 7.8304e-05
10010.0 6.9759e-05
10030.0 7.0874e-05
10050.0 7.2005e-05
10070.0 7.3125e-05
10090.0 7.4252e-05
10110.0 7.5407e-05
10130.0 7.656e-05
10150.0 7.7703e-05
10170.0 7.8857e-05
10190.0 8.0028e-05
10210.0 8.1183e-05
10230.0 8.2335e-05
10250.0 8.3503e-05
10270.0 8.4669e-05
10290.0 8.582e-05
10310.0 8.6984e-05
10330.0 8.816e-05
10350.0 8.9313e-05
10370.0 9.0462e-05
10390.0 9.1623e-05
10410.0 9.2777e-05
10430.0 9.3906e-05
10450.0 9.5045e-05
10470.0 9.6186e-05
10490.0 9.7304e-05
10510.0 9.8413e-05
10530.0 9.9538e-05
10550.0 0.00010064
10570.0 0.00010172
10590.0 0.0001028
10610.0 0.00010388
10630.0 0.00010493
10650.0 0.00010596
10670.0 0.00010701
10690.0 0.00010803
10710.0 0.00010902
10730.0 0.00011002
10750.0 0.00011101
10770.0 0.00011195
10790.0 0.00011289
10810.0 0.00011382
10830.0 0.00011471
10850.0 0.00011557
10870.0 0.0001164
10890.0 0.00011715
10910.0 0.00011777
10930.0 0.0001182
10950.0 0.00011835
10970.0 0.00011811
10990.0 0.00011746
11010.0 0.00011678
11030.0 0.000115
11050.0 0.00011277
11070.0 0.00011006
11090.0 0.00010678
11110.0 0.00010338
11130.0 9.9835e-05
11150.0 9.6026e-05
11170.0 9.2115e-05
11190.0 8.8337e-05
11210.0 8.4459e-05
11230.0 8.0509e-05
11250.0 7.6754e-05
11270.0 7.3164e-05
11290.0 6.9586e-05
11310.0 6.6206e-05
11330.0 6.3227e-05
11350.0 6.0411e-05
11370.0 5.78e-05
11390.0 5.552e-05
11410.0 5.3503e-05
11430.0 5.1605e-05
11450.0 4.9936e-05
11470.0 4.8459e-05
11490.0 4.7061e-05
11510.0 4.5693e-05
11530.0 4.4407e-05
11550.0 4.3125e-05
11570.0 4.1767e-05
11590.0 4.0373e-05
11610.0 3.8967e-05
11630.0 3.7458e-05
11650.0 3.5864e-05
11670.0 3.4304e-05
11690.0 3.2734e-05
11710.0 3.1126e-05
11730.0 2.9573e-05
11750.0 2.8132e-05
11770.0 2.6719e-05
11790.0 2.539e-05
11810.0 2.4208e-05
11830.0 2.3138e-05
11850.0 2.2141e-05
11870.0 2.1288e-05
11890.0 2.056e-05
11910.0 1.9904e-05
11930.0 1.9324e-05
11950.0 1.8823e-05
11970.0 1.8365e-05
11990.0 1.7926e-05
12010.0 1.7516e-05
12030.0 1.712e-05
12050.0 1.6717e-05
12070.0 1.6303e-05
12090.0 1.5904e-05
12110.0 1.5501e-05
12130.0 1.5096e-05
12150.0 1.4713e-05
12170.0 1.4364e-05
12190.0 1.4039e-05
12210.0 1.377e-05
12230.0 1.3571e-05
12250.0 1.3442e-05
12270.0 1.34e-05
12290.0 1.3447e-05
12310.0 1.3577e-05
12330.0 1.3808e-05
12350.0 1.4131e-05
12370.0 1.452e-05
12390.0 1.4987e-05
12410.0 1.5552e-05
12430.0 1.6131e-05
12450.0 1.6735e-05
12470.0 1.7383e-05
12490.0 1.8035e-05
12510.0 1.864e-05
12530.0 1.9242e-05
12550.0 1.9819e-05
12570.0 2.0319e-05
12590.0 2.0749e-05
12610.0 2.1125e-05
12630.0 2.1411e-05
12650.0 2.1587e-05
12670.0 2.1681e-05
12690.0 2.1681e-05
12710.0 2.1583e-05
12730.0 2.1398e-05
12750.0 2.1119e-05
12770.0 2.0761e-05
12790.0 2.034e-05
12810.0 1.9852e-05
12830.0 1.9299e-05
12850.0 1.8726e-05
12870.0 1.8126e-05
12890.0 1.7486e-05
12910.0 1.6839e-05
12930.0 1.6205e-05
12950.0 1.555e-05
12970.0 1.4888e-05
12990.0 1.4262e-05
13010.0 1.3646e-05
13030.0 1.3026e-05
13050.0 1.243e-05
13070.0 1.1871e-05
13090.0 1.1309e-05
13110.0 1.0765e-05
13130.0 1.0259e-05
13150.0 9.777e-06
13170.0 9.3023e-06
13190.0 8.874e-06
13210.0 8.4908e-06
13230.0 8.1344e-06
13250.0 7.819e-06
13270.0 7.5593e-06
13290.0 7.3443e-06
13310.0 7.1774e-06
13330.0 7.0713e-06
13350.0 7.0222e-06
13370.0 7.0316e-06
13390.0 7.1042e-06
13410.0 7.2258e-06
13430.0 7.4013e-06
13450.0 7.6324e-06
13470.0 7.8995e-06
13490.0 8.1905e-06
13510.0 8.5285e-06
13530.0 8.8789e-06
13550.0 9.2204e-06
13570.0 9.5638e-06
13590.0 9.9053e-06
13610.0 1.0214e-05
13630.0 1.0489e-05
13650.0 1.0745e-05
13670.0 1.0963e-05
13690.0 1.1135e-05
13710.0 1.1273e-05
13730.0 1.1378e-05
13750.0 1.1436e-05
13770.0 1.146e-05
13790.0 1.145e-05
13810.0 1.1408e-05
13830.0 1.1338e-05
13850.0 1.1239e-05
13870.0 1.1112e-05
13890.0 1.0964e-05
13910.0 1.0797e-05
13930.0 1.0604e-05
13950.0 1.0394e-05
13970.0 1.0179e-05
13990.0 9.9464e-06
14010.0 9.7001e-06
14030.0 9.4554e-06
14050.0 9.2097e-06
14070.0 8.9515e-06
14090.0 8.7045e-06
14110.0 8.4725e-06
14130.0 8.2476e-06
14150.0 8.0355e-06
14170.0 7.8533e-06
14190.0 7.6943e-06
14210.0 7.5576e-06
14230.0 7.4536e-06
14250.0 7.383e-06
14270.0 7.3435e-06
14290.0 7.3398e-06
14310.0 7.37e-06
14330.0 7.4321e-06
14350.0 7.5287e-06
14370.0 7.6529e-06
14390.0 7.7975e-06
14410.0 7.9711e-06
14430.0 8.1653e-06
14450.0 8.3673e-06
14470.0 8.5806e-06
14490.0 8.8115e-06
14510.0 9.0365e-06
14530.0 9.2544e-06
14550.0 9.476e-06
14570.0 9.6929e-06
14590.0 9.8941e-06
14610.0 1.0092e-05
14630.0 1.029e-05
14650.0 1.0478e-05
14670.0 1.066e-05
14690.0 1.0851e-05
14710.0 1.1051e-05
14730.0 1.125e-05
14750.0 1.1469e-05
14770.0 1.1715e-05
14790.0 1.198e-05
14810.0 1.2265e-05
14830.0 1.26e-05
14850.0 1.2962e-05
14870.0 1.3339e-05
14890.0 1.3744e-05
14910.0 1.4174e-05
14930.0 1.4588e-05
14950.0 1.4976e-05
14970.0 1.5346e-05
14990.0 1.5659e-05
15010.0 1.5903e-05
15030.0 1.609e-05
15050.0 1.6221e-05
15070.0 1.6297e-05
15090.0 1.6338e-05
15110.0 1.6355e-05
15130.0 1.6356e-05
15150.0 1.6351e-05
15170.0 1.6341e-05
15190.0 1.6329e-05
15210.0 1.6317e-05
15230.0 1.6306e-05
15250.0 1.6293e-05
15270.0 1.6282e-05
15290.0 1.6272e-05
15310.0 1.6261e-05
15330.0 1.625e-05
15350.0 1.6241e-05
15370.0 1.6231e-05
15390.0 1.6221e-05
15410.0 1.6211e-05
15430.0 1.6203e-05
15450.0 1.6194e-05
15470.0 1.6184e-05
15490.0 1.6176e-05
15510.0 1.6168e-05
15530.0 1.6159e-05
15550.0 1.6151e-05
15570.0 1.6144e-05
15590.0 1.6136e-05
15610.0 1.6127e-05
15630.0 1.612e-05
15650.0 1.6113e-05
15670.0 1.6104e-05
15690.0 1.6096e-05
15710.0 1.609e-05
15730.0 1.6082e-05
15750.0 1.6074e-05
15770.0 1.6067e-05
15790.0 1.6059e-05
15810.0 1.605e-05
15830.0 1.6042e-05
15850.0 1.6035e-05
15870.0 1.6027e-05
15890.0 1.6018e-05
15910.0 1.6011e-05
15930.0 1.6003e-05
15950.0 1.5993e-05
15970.0 1.5984e-05
15990.0 1.5976e-05
16010.0 1.5967e-05
16030.0 1.5956e-05
16050.0 1.5948e-05
16070.0 1.5939e-05
16090.0 1.5928e-05
16110.0 1.5918e-05
16130.0 1.5909e-05
16150.0 1.5897e-05
16170.0 1.5886e-05
16190.0 1.5875e-05
16210.0 1.5864e-05
16230.0 1.5851e-05
16250.0 1.5839e-05
16270.0 1.5828e-05
16290.0 1.5815e-05
16310.0 1.5801e-05
16330.0 1.5789e-05
16350.0 1.5775e-05
16370.0 1.5759e-05
16390.0 1.5746e-05
16410.0 1.5731e-05
16430.0 1.5716e-05
16450.0 1.57e-05
16470.0 1.5685e-05
16490.0 1.5668e-05
16510.0 1.5651e-05
16530.0 1.5634e-05
16550.0 1.5617e-05
16570.0 1.5598e-05
16590.0 1.5579e-05
16610.0 1.5561e-05
16630.0 1.5542e-05
16650.0 1.5521e-05
16670.0 1.5502e-05
16690.0 1.5482e-05
16710.0 1.5459e-05
16730.0 1.5438e-05
16750.0 1.5417e-05
16770.0 1.5394e-05
16790.0 1.537e-05
16810.0 1.5347e-05
16830.0 1.5324e-05
16850.0 1.5299e-05
16870.0 1.5274e-05
16890.0 1.525e-05
16910.0 1.5223e-05
16930.0 1.5196e-05
16950.0 1.517e-05
16970.0 1.5143e-05
16990.0 1.5115e-05
17010.0 1.5087e-05
17030.0 1.5059e-05
17050.0 1.5029e-05
17070.0 1.4999e-05
17090.0 1.497e-05
17110.0 1.4939e-05
17130.0 1.4907e-05
17150.0 1.4875e-05
17170.0 1.4844e-05
17190.0 1.4811e-05
17210.0 1.4778e-05
17230.0 1.4746e-05
17250.0 1.4712e-05
17270.0 1.4676e-05
17290.0 1.4641e-05
17310.0 1.4607e-05
17330.0 1.457e-05
17350.0 1.4533e-05
17370.0 1.4497e-05
17390.0 1.446e-05
17410.0 1.4422e-05
17430.0 1.4384e-05
17450.0 1.4347e-05
17470.0 1.4306e-05
17490.0 1.4266e-05
17510.0 1.4228e-05
17530.0 1.4187e-05
17550.0 1.4146e-05
17570.0 1.4105e-05
17590.0 1.4065e-05
17610.0 1.4022e-05
17630.0 1.3979e-05
17650.0 1.3937e-05
17670.0 1.3894e-05
17690.0 1.3849e-05
17710.0 1.3806e-05
17730.0 1.3762e-05
17750.0 1.3717e-05
17770.0 1.3672e-05
17790.0 1.3628e-05
17810.0 1.3581e-05
17830.0 1.3534e-05
17850.0 1.3488e-05
17870.0 1.3442e-05
17890.0 1.3394e-05
17910.0 1.3346e-05
17930.0 1.33e-05
17950.0 1.3251e-05
17970.0 1.3202e-05
17990.0 1.3154e-05
18010.0 1.3106e-05
18030.0 1.3055e-05
18050.0 1.3006e-05
18070.0 1.2957e-05
18090.0 1.2906e-05
18110.0 1.2855e-05
18130.0 1.2805e-05
18150.0 1.2755e-05
18170.0 1.2703e-05
18190.0 1.2652e-05
18210.0 1.2601e-05
18230.0 1.2548e-05
18250.0 1.2495e-05
18270.0 1.2444e-05
18290.0 1.2392e-05
18310.0 1.2338e-05
18330.0 1.2286e-05
18350.0 1.2234e-05
18370.0 1.218e-05
18390.0 1.2126e-05
18410.0 1.2073e-05
18430.0 1.202e-05
18450.0 1.1964e-05
18470.0 1.191e-05
18490.0 1.1857e-05
18510.0 1.1802e-05
18530.0 1.1747e-05
18550.0 1.1694e-05
18570.0 1.1639e-05
18590.0 1.1583e-05
18610.0 1.1529e-05
18630.0 1.1474e-05
18650.0 1.1418e-05
18670.0 1.1362e-05
18690.0 1.1308e-05
18710.0 1.1253e-05
18730.0 1.1197e-05
18750.0 1.1142e-05
18770.0 1.1087e-05
18790.0 1.103e-05
18810.0 1.0974e-05
18830.0 1.0919e-05
18850.0 1.0863e-05
18870.0 1.0806e-05
18890.0 1.0751e-05
18910.0 1.0696e-05
18930.0 1.064e-05
18950.0 1.0583e-05
18970.0 1.0529e-05
18990.0 1.0472e-05
19010.0 1.0415e-05
19030.0 1.036e-05
19050.0 1.0305e-05
19070.0 1.0248e-05
19090.0 1.0192e-05
19110.0 1.0138e-05
19130.0 1.0081e-05
19150.0 1.0024e-05
19170.0 9.9691e-06
19190.0 9.9138e-06
19210.0 9.8569e-06
19230.0 9.8009e-06
19250.0 9.7467e-06
19270.0 9.6908e-06
19290.0 9.6347e-06
19310.0 9.5802e-06
19330.0 9.5255e-06
19350.0 9.4684e-06
19370.0 9.4133e-06
19390.0 9.359e-06
19410.0 9.3035e-06
19430.0 9.2476e-06
19450.0 9.1939e-06
19470.0 9.1395e-06
19490.0 9.0838e-06
19510.0 9.0294e-06
19530.0 8.9759e-06
19550.0 8.9205e-06
19570.0 8.865e-06
19590.0 8.8118e-06
19610.0 8.758e-06
19630.0 8.703e-06
19650.0 8.6495e-06
19670.0 8.5969e-06
19690.0 8.5423e-06
19710.0 8.4882e-06
19730.0 8.4356e-06
19750.0 8.3824e-06
19770.0 8.3276e-06
19790.0 8.275e-06
19810.0 8.223e-06
19830.0 8.1694e-06
19850.0 8.1158e-06
19870.0 8.0633e-06
19890.0 8.0079e-06
19910.0 7.9487e-06
19930.0 7.8868e-06
19950.0 7.8184e-06
19970.0 7.7379e-06
19990.0 7.6445e-06
20010.0 7.0467e-06
20030.0 6.9326e-06
20050.0 6.8021e-06
20070.0 6.6629e-06
20090.0 6.5149e-06
20110.0 6.3501e-06
20130.0 6.1846e-06
20150.0 6.0218e-06
20170.0 5.8543e-06
20190.0 5.6856e-06
20210.0 5.5268e-06
20230.0 5.3724e-06
20250.0 5.2183e-06
20270.0 5.0752e-06
20290.0 4.9443e-06
20310.0 4.8197e-06
20330.0 4.7027e-06
20350.0 4.6045e-06
20370.0 4.5163e-06
20390.0 4.4378e-06
20410.0 4.3728e-06
20430.0 4.3209e-06
20450.0 4.2779e-06
20470.0 4.2466e-06
20490.0 4.2265e-06
20510.0 4.2157e-06
20530.0 4.2141e-06
20550.0 4.2208e-06
20570.0 4.2341e-06
20590.0 4.2548e-06
20610.0 4.2817e-06
20630.0 4.3126e-06
20650.0 4.3482e-06
20670.0 4.3901e-06
20690.0 4.4333e-06
20710.0 4.4784e-06
20730.0 4.5275e-06
20750.0 4.5789e-06
20770.0 4.6291e-06
20790.0 4.6817e-06
20810.0 4.7371e-06
20830.0 4.7916e-06
20850.0 4.8457e-06
20870.0 4.9033e-06
20890.0 4.9614e-06
20910.0 5.0166e-06
20930.0 5.0734e-06
20950.0 5.1319e-06
20970.0 5.1883e-06
20990.0 5.2434e-06
21010.0 5.3013e-06
21030.0 5.3574e-06
21050.0 5.4106e-06
21070.0 5.4634e-06
21090.0 5.5165e-06
21110.0 5.5643e-06
21130.0 5.6091e-06
21150.0 5.6526e-06
21170.0 5.6918e-06
21190.0 5.7253e-06
21210.0 5.7555e-06
21230.0 5.7808e-06
21250.0 5.7985e-06
21270.0 5.8096e-06
21290.0 5.8136e-06
21310.0 5.809e-06
21330.0 5.7959e-06
21350.0 5.7734e-06
21370.0 5.7406e-06
21390.0 5.6986e-06
21410.0 5.647e-06
21430.0 5.5818e-06
21450.0 5.508e-06
21470.0 5.4272e-06
21490.0 5.3356e-06
21510.0 5.2347e-06
21530.0 5.1316e-06
21550.0 5.0231e-06
21570.0 4.9071e-06
21590.0 4.7922e-06
21610.0 4.6806e-06
21630.0 4.5682e-06
21650.0 4.4577e-06
21670.0 4.3607e-06
21690.0 4.2703e-06
21710.0 4.1877e-06
21730.0 4.1183e-06
21750.0 4.0628e-06
21770.0 4.018e-06
21790.0 3.9883e-06
21810.0 3.9736e-06
21830.0 3.9725e-06
21850.0 3.9861e-06
21870.0 4.0128e-06
21890.0 4.0501e-06
21910.0 4.1005e-06
21930.0 4.1615e-06
21950.0 4.2287e-06
21970.0 4.3045e-06
21990.0 4.3908e-06
22010.0 4.4779e-06
22030.0 4.5672e-06
22050.0 4.6619e-06
22070.0 4.758e-06
22090.0 4.8495e-06
22110.0 4.9425e-06
22130.0 5.0361e-06
22150.0 5.1241e-06
22170.0 5.2074e-06
22190.0 5.2907e-06
22210.0 5.3686e-06
22230.0 5.4373e-06
22250.0 5.5022e-06
22270.0 5.5623e-06
22290.0 5.6136e-06
22310.0 5.6575e-06
22330.0 5.6964e-06
22350.0 5.7263e-06
22370.0 5.747e-06
22390.0 5.7599e-06
22410.0 5.7636e-06
22430.0 5.7576e-06
22450.0 5.7422e-06
22470.0 5.7165e-06
22490.0 5.6805e-06
22510.0 5.6358e-06
22530.0 5.579e-06
22550.0 5.5102e-06
22570.0 5.4339e-06
22590.0 5.3481e-06
22610.0 5.2495e-06
22630.0 5.1429e-06
22650.0 5.0326e-06
22670.0 4.9108e-06
22690.0 4.7808e-06
22710.0 4.6494e-06
22730.0 4.514e-06
22750.0 4.3672e-06
22770.0 4.2235e-06
22790.0 4.083e-06
22810.0 3.9387e-06
22830.0 3.7946e-06
22850.0 3.6595e-06
22870.0 3.527e-06
22890.0 3.3952e-06
22910.0 3.2735e-06
22930.0 3.1618e-06
22950.0 3.0553e-06
22970.0 2.9566e-06
22990.0 2.8743e-06
23010.0 2.8011e-06
23030.0 2.7377e-06
23050.0 2.6879e-06
23070.0 2.6509e-06
23090.0 2.6246e-06
23110.0 2.6116e-06
23130.0 2.6112e-06
23150.0 2.6224e-06
23170.0 2.6462e-06
23190.0 2.6803e-06
23210.0 2.723e-06
23230.0 2.7769e-06
23250.0 2.8392e-06
23270.0 2.9061e-06
23290.0 2.9801e-06
23310.0 3.0627e-06
23330.0 3.1443e-06
23350.0 3.2269e-06
23370.0 3.3128e-06
23390.0 3.3976e-06
23410.0 3.4763e-06
23430.0 3.5541e-06
23450.0 3.6289e-06
23470.0 3.6955e-06
23490.0 3.7551e-06
23510.0 3.8098e-06
23530.0 3.8556e-06
23550.0 3.8907e-06
23570.0 3.9184e-06
23590.0 3.9374e-06
23610.0 3.9468e-06
23630.0 3.9478e-06
23650.0 3.9401e-06
23670.0 3.9241e-06
23690.0 3.9012e-06
23710.0 3.871e-06
23730.0 3.8335e-06
23750.0 3.7927e-06
23770.0 3.7481e-06
23790.0 3.699e-06
23810.0 3.6487e-06
23830.0 3.5995e-06
23850.0 3.549e-06
23870.0 3.4998e-06
23890.0 3.4559e-06
23910.0 3.4158e-06
23930.0 3.3796e-06
23950.0 3.3496e-06
23970.0 3.3263e-06
23990.0 3.3081e-06
24010.0 3.296e-06
24030.0 3.2898e-06
24050.0 3.2888e-06
24070.0 3.2929e-06
24090.0 3.3013e-06
24110.0 3.3131e-06
24130.0 3.3286e-06
24150.0 3.3473e-06
24170.0 3.3676e-06
24190.0 3.3904e-06
24210.0 3.4161e-06
24230.0 3.4428e-06
24250.0 3.4704e-06
24270.0 3.5003e-06
24290.0 3.5321e-06
24310.0 3.5627e-06
24330.0 3.595e-06
24350.0 3.629e-06
24370.0 3.6628e-06
24390.0 3.6964e-06
24410.0 3.7332e-06
24430.0 3.7702e-06
24450.0 3.8066e-06
24470.0 3.8443e-06
24490.0 3.8838e-06
24510.0 3.9222e-06
24530.0 3.9595e-06
24550.0 3.9979e-06
24570.0 4.0347e-06
24590.0 4.0681e-06
24610.0 4.0994e-06
24630.0 4.1281e-06
24650.0 4.1505e-06
24670.0 4.1677e-06
24690.0 4.1798e-06
24710.0 4.1859e-06
24730.0 4.1861e-06
24750.0 4.1809e-06
24770.0 4.1702e-06
24790.0 4.1549e-06
24810.0 4.1346e-06
24830.0 4.1058e-06
24850.0 4.0644e-06
24870.0 4.0039e-06
24890.0 3.9061e-06
24910.0 3.7495e-06
24930.0 3.5253e-06
24950.0 3.2192e-06
24970.0 2.8064e-06
24990.0 2.3337e-06
