#lamb flux
1010.0 1.1812e-06
1030.0 1.186e-06
1050.0 1.1914e-06
1070.0 1.2194e-06
1090.0 1.2961e-06
1110.0 1.3558e-06
1130.0 1.3984e-06
1150.0 1.4325e-06
1170.0 1.4574e-06
1190.0 1.4648e-06
1210.0 1.4664e-06
1230.0 1.4659e-06
1250.0 1.4597e-06
1270.0 1.4485e-06
1290.0 1.4413e-06
1310.0 1.4335e-06
1330.0 1.4233e-06
1350.0 1.4163e-06
1370.0 1.4147e-06
1390.0 1.4154e-06
1410.0 1.4198e-06
1430.0 1.4337e-06
1450.0 1.4553e-06
1470.0 1.4841e-06
1490.0 1.5243e-06
1510.0 1.5797e-06
1530.0 1.6459e-06
1550.0 1.7271e-06
1570.0 1.8278e-06
1590.0 1.9485e-06
1610.0 2.0892e-06
1630.0 2.2578e-06
1650.0 2.4567e-06
1670.0 2.6849e-06
1690.0 2.9472e-06
1710.0 3.2516e-06
1730.0 3.5998e-06
1750.0 3.9893e-06
1770.0 4.4321e-06
1790.0 4.932e-06
1810.0 5.4864e-06
1830.0 6.099e-06
1850.0 6.7831e-06
1870.0 7.5284e-06
1890.0 8.3324e-06
1910.0 9.2022e-06
1930.0 1.0137e-05
1950.0 1.1119e-05
1970.0 1.2146e-05
1990.0 1.3222e-05
2010.0 1.4327e-05
2030.0 1.5443e-05
2050.0 1.6575e-05
2070.0 1.7711e-05
2090.0 1.8813e-05
2110.0 1.9883e-05
2130.0 2.0921e-05
2150.0 2.1898e-05
2170.0 2.2795e-05
2190.0 2.3632e-05
2210.0 2.4392e-05
2230.0 2.5052e-05
2250.0 2.5622e-05
2270.0 2.6121e-05
2290.0 2.652e-05
2310.0 2.6819e-05
2330.0 2.7049e-05
2350.0 2.7209e-05
2370.0 2.7288e-05
2390.0 2.7313e-05
2410.0 2.7312e-05
2430.0 2.7267e-05
2450.0 2.7195e-05
2470.0 2.7133e-05
2490.0 2.7095e-05
2510.0 2.707e-05
2530.0 2.7136e-05
2550.0 2.7389e-05
2570.0 2.7905e-05
2590.0 2.8791e-05
2610.0 3.035e-05
2630.0 3.2635e-05
2650.0 3.5518e-05
2670.0 3.9091e-05
2690.0 4.3312e-05
2710.0 4.7697e-05
2730.0 5.2065e-05
2750.0 5.6652e-05
2770.0 6.1165e-05
2790.0 6.5485e-05
2810.0 6.9909e-05
2830.0 7.4687e-05
2850.0 7.9343e-05
2870.0 8.4131e-05
2890.0 8.9286e-05
2910.0 9.4635e-05
2930.0 9.9969e-05
2950.0 0.0001057
2970.0 0.00011178
2990.0 0.00011792
3010.0 0.00012426
3030.0 0.00013105
3050.0 0.00013806
3070.0 0.00014488
3090.0 0.00015184
3110.0 0.00015861
3130.0 0.00016466
3150.0 0.00016984
3170.0 0.00017397
3190.0 0.00017685
3210.0 0.00017892
3230.0 0.00018064
3250.0 0.00018267
3270.0 0.00018575
3290.0 0.0001903
3310.0 0.0001967
3330.0 0.00020476
3350.0 0.00021396
3370.0 0.00022414
3390.0 0.0002346
3410.0 0.00024525
3430.0 0.00026679
3450.0 0.00028272
3470.0 0.0002968
3490.0 0.00030134
3510.0 0.00029739
3530.0 0.00033698
3550.0 0.00040087
3570.0 0.00044073
3590.0 0.00047096
3610.0 0.00047493
3630.0 0.0004505
3650.0 0.00048418
3670.0 0.00057916
3690.0 0.00065079
3710.0 0.00067951
3730.0 0.0006956
3750.0 0.00073179
3770.0 0.00073346
3790.0 0.00070299
3810.0 0.00066165
3830.0 0.00061715
3850.0 0.00061543
3870.0 0.00065302
3890.0 0.00068989
3910.0 0.00071844
3930.0 0.00072707
3950.0 0.00077587
3970.0 0.00082888
3990.0 0.00079853
4010.0 0.0007133
4030.0 0.00063349
4050.0 0.00060982
4070.0 0.00063485
4090.0 0.00063999
4110.0 0.00062201
4130.0 0.00061416
4150.0 0.00063044
4170.0 0.00069593
4190.0 0.00075362
4210.0 0.00073002
4230.0 0.00068142
4250.0 0.00065523
4270.0 0.00064034
4290.0 0.00065171
4310.0 0.00067123
4330.0 0.00063924
4350.0 0.00056232
4370.0 0.00049778
4390.0 0.00045349
4410.0 0.00041863
4430.0 0.00041879
4450.0 0.00045554
4470.0 0.00049257
4490.0 0.00053607
4510.0 0.00060643
4530.0 0.00074188
4550.0 0.00089544
4570.0 0.00098762
4590.0 0.0010561
4610.0 0.0011356
4630.0 0.0011741
4650.0 0.0010937
4670.0 0.00091751
4690.0 0.00077987
4710.0 0.00073259
4730.0 0.00070815
4750.0 0.00063458
4770.0 0.0005758
4790.0 0.00059798
4810.0 0.00064985
4830.0 0.00064705
4850.0 0.00059649
4870.0 0.00058426
4890.0 0.00060954
4910.0 0.00063769
4930.0 0.00063696
4950.0 0.00061932
4970.0 0.00058992
4990.0 0.00054222
5010.0 0.000498
5030.0 0.00047289
5050.0 0.00046127
5070.0 0.00045344
5090.0 0.00044618
5110.0 0.00044552
5130.0 0.00045238
5150.0 0.00047779
5170.0 0.00052762
5190.0 0.00058814
5210.0 0.00065105
5230.0 0.00068858
5250.0 0.00070745
5270.0 0.00074245
5290.0 0.00077636
5310.0 0.00078341
5330.0 0.00075285
5350.0 0.00071767
5370.0 0.00071644
5390.0 0.00075373
5410.0 0.00078959
5430.0 0.00080103
5450.0 0.00079494
5470.0 0.00077039
5490.0 0.00074063
5510.0 0.00072492
5530.0 0.00072669
5550.0 0.00073616
5570.0 0.00074196
5590.0 0.00071861
5610.0 0.00067633
5630.0 0.00063498
5650.0 0.00060236
5670.0 0.00058201
5690.0 0.0005574
5710.0 0.00053839
5730.0 0.00054522
5750.0 0.00054299
5770.0 0.0005306
5790.0 0.00053424
5810.0 0.00054548
5830.0 0.00055591
5850.0 0.00055893
5870.0 0.00054627
5890.0 0.00052186
5910.0 0.0004942
5930.0 0.00045547
5950.0 0.00042759
5970.0 0.0004261
5990.0 0.00043861
6010.0 0.00044302
6030.0 0.00042737
6050.0 0.00042096
6070.0 0.00043719
6090.0 0.00045885
6110.0 0.00046692
6130.0 0.00045096
6150.0 0.00042468
6170.0 0.00040739
6190.0 0.00039029
6210.0 0.00037201
6230.0 0.00035811
6250.0 0.00035384
6270.0 0.00036299
6290.0 0.00037943
6310.0 0.00040055
6330.0 0.00042373
6350.0 0.00044298
6370.0 0.0004516
6390.0 0.0004525
6410.0 0.00045723
6430.0 0.00046284
6450.0 0.0004644
6470.0 0.00047036
6490.0 0.00047756
6510.0 0.00047954
6530.0 0.00047441
6550.0 0.00046098
6570.0 0.00044405
6590.0 0.0004311
6610.0 0.00042153
6630.0 0.00041312
6650.0 0.00039891
6670.0 0.00038206
6690.0 0.00036945
6710.0 0.00036164
6730.0 0.00035923
6750.0 0.00035482
6770.0 0.0003477
6790.0 0.00034231
6810.0 0.000338
6830.0 0.00033711
6850.0 0.00033737
6870.0 0.00033476
6890.0 0.00033266
6910.0 0.00032569
6930.0 0.00031808
6950.0 0.00031632
6970.0 0.00031099
6990.0 0.00030129
7010.0 0.00029668
7030.0 0.00029295
7050.0 0.00028636
7070.0 0.00027855
7090.0 0.00027299
7110.0 0.00027585
7130.0 0.00028659
7150.0 0.00029886
7170.0 0.00030676
7190.0 0.00030446
7210.0 0.00029856
7230.0 0.00029468
7250.0 0.00029078
7270.0 0.00028826
7290.0 0.00028454
7310.0 0.00028271
7330.0 0.00028762
7350.0 0.00029325
7370.0 0.00029625
7390.0 0.00029334
7410.0 0.00028617
7430.0 0.0002827
7450.0 0.00027952
7470.0 0.00026592
7490.0 0.00025601
7510.0 0.00024537
7530.0 0.00023769
7550.0 0.00023688
7570.0 0.00023987
7590.0 0.00023866
7610.0 0.00023649
7630.0 0.00023568
7650.0 0.00023491
7670.0 0.00023958
7690.0 0.00024849
7710.0 0.00025903
7730.0 0.00026711
7750.0 0.00027502
7770.0 0.00027907
7790.0 0.00027859
7810.0 0.00027458
7830.0 0.00027773
7850.0 0.00027754
7870.0 0.00026875
7890.0 0.00025928
7910.0 0.00025124
7930.0 0.00024307
7950.0 0.0002374
7970.0 0.00023669
7990.0 0.00023981
8010.0 0.00023736
8030.0 0.00023479
8050.0 0.00023095
8070.0 0.00022669
8090.0 0.00022224
8110.0 0.00022268
8130.0 0.00022456
8150.0 0.00022434
8170.0 0.00022287
8190.0 0.0002184
8210.0 0.00020749
8230.0 0.00019361
8250.0 0.0001851
8270.0 0.00017973
8290.0 0.0001764
8310.0 0.00017703
8330.0 0.00017998
8350.0 0.00017622
8370.0 0.00017224
8390.0 0.00017548
8410.0 0.0001836
8430.0 0.00019547
8450.0 0.000207
8470.0 0.00021176
8490.0 0.00021552
8510.0 0.00021665
8530.0 0.00021799
8550.0 0.00022069
8570.0 0.00022199
8590.0 0.00022322
8610.0 0.00022953
8630.0 0.00023217
8650.0 0.00022746
8670.0 0.00022748
8690.0 0.00022938
8710.0 0.00022917
8730.0 0.00022737
8750.0 0.00022111
8770.0 0.00021839
8790.0 0.00021691
8810.0 0.00021444
8830.0 0.0002025
8850.0 0.00018646
8870.0 0.00017474
8890.0 0.00016815
8910.0 0.00015835
8930.0 0.00014752
8950.0 0.00014205
8970.0 0.00014141
8990.0 0.00014225
9010.0 0.00014159
9030.0 0.0001406
9050.0 0.00013967
9070.0 0.00013882
9090.0 0.00013798
9110.0 0.00013714
9130.0 0.00013631
9150.0 0.00013547
9170.0 0.00013465
9190.0 0.00013382
9210.0 0.00013298
9230.0 0.00013217
9250.0 0.00013136
9270.0 0.00013054
9290.0 0.00012973
9310.0 0.00012893
9330.0 0.00012812
9350.0 0.00012733
9370.0 0.00012653
9390.0 0.00012574
9410.0 0.00012495
9430.0 0.00012416
9450.0 0.00012335
9470.0 0.00012255
9490.0 0.00012181
9510.0 0.00012105
9530.0 0.0001203
9550.0 0.00011954
9570.0 0.00011878
9590.0 0.00011803
9610.0 0.00011729
9630.0 0.00011654
9650.0 0.0001158
9670.0 0.00011506
9690.0 0.00011433
9710.0 0.0001136
9730.0 0.00011288
9750.0 0.00011216
9770.0 0.00011144
9790.0 0.00011072
9810.0 0.00011001
9830.0 0.00010929
9850.0 0.00010849
9870.0 0.00010781
9890.0 0.00010715
9910.0 0.00010648
9930.0 0.00010579
9950.0 0.00010513
9970.0 0.00010444
9990.0 0.00010375
10010.0 0.00010297
10030.0 0.00010226
10050.0 0.00010164
10070.0 0.00010101
10090.0 0.00010038
10110.0 9.9694e-05
10130.0 9.887e-05
10150.0 9.8245e-05
10170.0 9.7649e-05
10190.0 9.7013e-05
10210.0 9.639e-05
10230.0 9.5767e-05
10250.0 9.5112e-05
10270.0 9.446e-05
10290.0 9.383e-05
10310.0 9.3178e-05
10330.0 9.2506e-05
10350.0 9.1867e-05
10370.0 9.1231e-05
10390.0 9.0571e-05
10410.0 8.9918e-05
10430.0 8.9294e-05
10450.0 8.8648e-05
10470.0 8.7989e-05
10490.0 8.7354e-05
10510.0 8.6722e-05
10530.0 8.6053e-05
10550.0 8.5401e-05
10570.0 8.4774e-05
10590.0 8.4126e-05
10610.0 8.3467e-05
10630.0 8.2834e-05
10650.0 8.2199e-05
10670.0 8.1532e-05
10690.0 8.0881e-05
10710.0 8.0246e-05
10730.0 7.9589e-05
10750.0 7.8911e-05
10770.0 7.8276e-05
10790.0 7.7631e-05
10810.0 7.6963e-05
10830.0 7.6307e-05
10850.0 7.5673e-05
10870.0 7.4999e-05
10890.0 7.4327e-05
10910.0 7.3685e-05
10930.0 7.3041e-05
10950.0 7.2383e-05
10970.0 7.1753e-05
10990.0 7.1161e-05
11010.0 7.2572e-05
11030.0 7.203e-05
11050.0 7.1512e-05
11070.0 7.099e-05
11090.0 7.0434e-05
11110.0 6.9902e-05
11130.0 6.9372e-05
11150.0 6.8822e-05
11170.0 6.8272e-05
11190.0 6.7752e-05
11210.0 6.7229e-05
11230.0 6.6706e-05
11250.0 6.6217e-05
11270.0 6.5755e-05
11290.0 6.5296e-05
11310.0 6.486e-05
11330.0 6.4468e-05
11350.0 6.4086e-05
11370.0 6.3714e-05
11390.0 6.3367e-05
11410.0 6.3034e-05
11430.0 6.2691e-05
11450.0 6.2355e-05
11470.0 6.2025e-05
11490.0 6.1681e-05
11510.0 6.1315e-05
11530.0 6.0946e-05
11550.0 6.0561e-05
11570.0 6.014e-05
11590.0 5.9697e-05
11610.0 5.9243e-05
11630.0 5.8748e-05
11650.0 5.8214e-05
11670.0 5.7679e-05
11690.0 5.7123e-05
11710.0 5.6531e-05
11730.0 5.593e-05
11750.0 5.5339e-05
11770.0 5.472e-05
11790.0 5.4089e-05
11810.0 5.3477e-05
11830.0 5.2867e-05
11850.0 5.2233e-05
11870.0 5.1623e-05
11890.0 5.104e-05
11910.0 5.0452e-05
11930.0 4.987e-05
11950.0 4.9324e-05
11970.0 4.8788e-05
11990.0 4.825e-05
12010.0 4.7743e-05
12030.0 4.7266e-05
12050.0 4.6796e-05
12070.0 4.634e-05
12090.0 4.593e-05
12110.0 4.5538e-05
12130.0 4.5163e-05
12150.0 4.4821e-05
12170.0 4.4515e-05
12190.0 4.4225e-05
12210.0 4.3971e-05
12230.0 4.3757e-05
12250.0 4.3574e-05
12270.0 4.3425e-05
12290.0 4.3312e-05
12310.0 4.3232e-05
12330.0 4.3182e-05
12350.0 4.3162e-05
12370.0 4.3163e-05
12390.0 4.3184e-05
12410.0 4.3227e-05
12430.0 4.3273e-05
12450.0 4.3322e-05
12470.0 4.3374e-05
12490.0 4.3418e-05
12510.0 4.3445e-05
12530.0 4.3458e-05
12550.0 4.3449e-05
12570.0 4.341e-05
12590.0 4.3341e-05
12610.0 4.3237e-05
12630.0 4.3094e-05
12650.0 4.2918e-05
12670.0 4.2702e-05
12690.0 4.2445e-05
12710.0 4.2158e-05
12730.0 4.1843e-05
12750.0 4.1484e-05
12770.0 4.1105e-05
12790.0 4.0715e-05
12810.0 4.0301e-05
12830.0 3.9865e-05
12850.0 3.9438e-05
12870.0 3.9009e-05
12890.0 3.8564e-05
12910.0 3.8125e-05
12930.0 3.7701e-05
12950.0 3.7268e-05
12970.0 3.6831e-05
12990.0 3.6418e-05
13010.0 3.601e-05
13030.0 3.5597e-05
13050.0 3.5196e-05
13070.0 3.4816e-05
13090.0 3.443e-05
13110.0 3.4052e-05
13130.0 3.3695e-05
13150.0 3.3349e-05
13170.0 3.3002e-05
13190.0 3.268e-05
13210.0 3.2382e-05
13230.0 3.209e-05
13250.0 3.1813e-05
13270.0 3.1559e-05
13290.0 3.1316e-05
13310.0 3.1078e-05
13330.0 3.0857e-05
13350.0 3.0646e-05
13370.0 3.0437e-05
13390.0 3.0229e-05
13410.0 3.0032e-05
13430.0 2.9832e-05
13450.0 2.9626e-05
13470.0 2.9421e-05
13490.0 2.9218e-05
13510.0 2.9001e-05
13530.0 2.8781e-05
13550.0 2.8564e-05
13570.0 2.8342e-05
13590.0 2.811e-05
13610.0 2.7882e-05
13630.0 2.7658e-05
13650.0 2.7423e-05
13670.0 2.7189e-05
13690.0 2.6962e-05
13710.0 2.6732e-05
13730.0 2.6491e-05
13750.0 2.6263e-05
13770.0 2.6036e-05
13790.0 2.5802e-05
13810.0 2.5569e-05
13830.0 2.5344e-05
13850.0 2.5111e-05
13870.0 2.4873e-05
13890.0 2.4641e-05
13910.0 2.4409e-05
13930.0 2.4167e-05
13950.0 2.3925e-05
13970.0 2.3693e-05
13990.0 2.3453e-05
14010.0 2.3208e-05
14030.0 2.297e-05
14050.0 2.2732e-05
14070.0 2.2482e-05
14090.0 2.2237e-05
14110.0 2.2001e-05
14130.0 2.176e-05
14150.0 2.1518e-05
14170.0 2.129e-05
14190.0 2.1068e-05
14210.0 2.0846e-05
14230.0 2.0635e-05
14250.0 2.0439e-05
14270.0 2.0245e-05
14290.0 2.0059e-05
14310.0 1.9892e-05
14330.0 1.9735e-05
14350.0 1.9584e-05
14370.0 1.9446e-05
14390.0 1.9321e-05
14410.0 1.9198e-05
14430.0 1.9083e-05
14450.0 1.8978e-05
14470.0 1.8878e-05
14490.0 1.8777e-05
14510.0 1.8684e-05
14530.0 1.8598e-05
14550.0 1.851e-05
14570.0 1.8425e-05
14590.0 1.8345e-05
14610.0 1.8265e-05
14630.0 1.8184e-05
14650.0 1.8108e-05
14670.0 1.8036e-05
14690.0 1.7965e-05
14710.0 1.7897e-05
14730.0 1.784e-05
14750.0 1.7788e-05
14770.0 1.7745e-05
14790.0 1.7714e-05
14810.0 1.7698e-05
14830.0 1.7696e-05
14850.0 1.7712e-05
14870.0 1.7747e-05
14890.0 1.7799e-05
14910.0 1.787e-05
14930.0 1.7952e-05
14950.0 1.8039e-05
14970.0 1.8131e-05
14990.0 1.8216e-05
15010.0 1.8289e-05
15030.0 1.835e-05
15050.0 1.8397e-05
15070.0 1.843e-05
15090.0 1.8454e-05
15110.0 1.8471e-05
15130.0 1.8485e-05
15150.0 1.8496e-05
15170.0 1.8507e-05
15190.0 1.8517e-05
15210.0 1.8528e-05
15230.0 1.854e-05
15250.0 1.8551e-05
15270.0 1.8563e-05
15290.0 1.8577e-05
15310.0 1.8591e-05
15330.0 1.8605e-05
15350.0 1.862e-05
15370.0 1.8636e-05
15390.0 1.8651e-05
15410.0 1.8667e-05
15430.0 1.8685e-05
15450.0 1.8702e-05
15470.0 1.872e-05
15490.0 1.8739e-05
15510.0 1.8759e-05
15530.0 1.8778e-05
15550.0 1.8798e-05
15570.0 1.882e-05
15590.0 1.8841e-05
15610.0 1.8862e-05
15630.0 1.8885e-05
15650.0 1.8907e-05
15670.0 1.893e-05
15690.0 1.8954e-05
15710.0 1.8978e-05
15730.0 1.9003e-05
15750.0 1.9027e-05
15770.0 1.9053e-05
15790.0 1.9079e-05
15810.0 1.9104e-05
15830.0 1.9131e-05
15850.0 1.9158e-05
15870.0 1.9185e-05
15890.0 1.9212e-05
15910.0 1.9241e-05
15930.0 1.9269e-05
15950.0 1.9297e-05
15970.0 1.9326e-05
15990.0 1.9356e-05
16010.0 1.9385e-05
16030.0 1.9415e-05
16050.0 1.9445e-05
16070.0 1.9476e-05
16090.0 1.9506e-05
16110.0 1.9537e-05
16130.0 1.9569e-05
16150.0 1.9599e-05
16170.0 1.963e-05
16190.0 1.9663e-05
16210.0 1.9695e-05
16230.0 1.9726e-05
16250.0 1.9758e-05
16270.0 1.9791e-05
16290.0 1.9823e-05
16310.0 1.9856e-05
16330.0 1.9889e-05
16350.0 1.9922e-05
16370.0 1.9954e-05
16390.0 1.9987e-05
16410.0 2.002e-05
16430.0 2.0053e-05
16450.0 2.0086e-05
16470.0 2.012e-05
16490.0 2.0153e-05
16510.0 2.0185e-05
16530.0 2.0218e-05
16550.0 2.0252e-05
16570.0 2.0284e-05
16590.0 2.0317e-05
16610.0 2.035e-05
16630.0 2.0383e-05
16650.0 2.0415e-05
16670.0 2.0448e-05
16690.0 2.0481e-05
16710.0 2.0512e-05
16730.0 2.0544e-05
16750.0 2.0576e-05
16770.0 2.0608e-05
16790.0 2.0638e-05
16810.0 2.067e-05
16830.0 2.0701e-05
16850.0 2.0732e-05
16870.0 2.0762e-05
16890.0 2.0793e-05
16910.0 2.0822e-05
16930.0 2.0851e-05
16950.0 2.0881e-05
16970.0 2.091e-05
16990.0 2.0938e-05
17010.0 2.0966e-05
17030.0 2.0995e-05
17050.0 2.1021e-05
17070.0 2.1048e-05
17090.0 2.1075e-05
17110.0 2.1101e-05
17130.0 2.1126e-05
17150.0 2.1151e-05
17170.0 2.1176e-05
17190.0 2.12e-05
17210.0 2.1223e-05
17230.0 2.1247e-05
17250.0 2.127e-05
17270.0 2.1291e-05
17290.0 2.1312e-05
17310.0 2.1334e-05
17330.0 2.1353e-05
17350.0 2.1372e-05
17370.0 2.1392e-05
17390.0 2.1411e-05
17410.0 2.1428e-05
17430.0 2.1445e-05
17450.0 2.1462e-05
17470.0 2.1477e-05
17490.0 2.1491e-05
17510.0 2.1506e-05
17530.0 2.1519e-05
17550.0 2.1531e-05
17570.0 2.1544e-05
17590.0 2.1556e-05
17610.0 2.1565e-05
17630.0 2.1575e-05
17650.0 2.1584e-05
17670.0 2.1592e-05
17690.0 2.1598e-05
17710.0 2.1605e-05
17730.0 2.1611e-05
17750.0 2.1615e-05
17770.0 2.1618e-05
17790.0 2.1622e-05
17810.0 2.1624e-05
17830.0 2.1624e-05
17850.0 2.1625e-05
17870.0 2.1624e-05
17890.0 2.1622e-05
17910.0 2.1619e-05
17930.0 2.1616e-05
17950.0 2.1611e-05
17970.0 2.1605e-05
17990.0 2.16e-05
18010.0 2.1593e-05
18030.0 2.1583e-05
18050.0 2.1574e-05
18070.0 2.1564e-05
18090.0 2.1552e-05
18110.0 2.1539e-05
18130.0 2.1526e-05
18150.0 2.1512e-05
18170.0 2.1496e-05
18190.0 2.148e-05
18210.0 2.1463e-05
18230.0 2.1444e-05
18250.0 2.1423e-05
18270.0 2.1403e-05
18290.0 2.1382e-05
18310.0 2.1358e-05
18330.0 2.1335e-05
18350.0 2.1311e-05
18370.0 2.1284e-05
18390.0 2.1257e-05
18410.0 2.1229e-05
18430.0 2.1201e-05
18450.0 2.1169e-05
18470.0 2.1138e-05
18490.0 2.1107e-05
18510.0 2.1073e-05
18530.0 2.1038e-05
18550.0 2.1004e-05
18570.0 2.0967e-05
18590.0 2.0929e-05
18610.0 2.0891e-05
18630.0 2.0851e-05
18650.0 2.081e-05
18670.0 2.0768e-05
18690.0 2.0726e-05
18710.0 2.0682e-05
18730.0 2.0637e-05
18750.0 2.0591e-05
18770.0 2.0545e-05
18790.0 2.0496e-05
18810.0 2.0447e-05
18830.0 2.0398e-05
18850.0 2.0347e-05
18870.0 2.0294e-05
18890.0 2.0242e-05
18910.0 2.0188e-05
18930.0 2.0133e-05
18950.0 2.0077e-05
18970.0 2.0021e-05
18990.0 1.9963e-05
19010.0 1.9903e-05
19030.0 1.9844e-05
19050.0 1.9784e-05
19070.0 1.9722e-05
19090.0 1.9659e-05
19110.0 1.9597e-05
19130.0 1.9532e-05
19150.0 1.9467e-05
19170.0 1.9401e-05
19190.0 1.9335e-05
19210.0 1.9266e-05
19230.0 1.9198e-05
19250.0 1.9129e-05
19270.0 1.9059e-05
19290.0 1.8988e-05
19310.0 1.8916e-05
19330.0 1.8844e-05
19350.0 1.877e-05
19370.0 1.8696e-05
19390.0 1.8622e-05
19410.0 1.8546e-05
19430.0 1.8469e-05
19450.0 1.8393e-05
19470.0 1.8315e-05
19490.0 1.8236e-05
19510.0 1.8157e-05
19530.0 1.8078e-05
19550.0 1.7998e-05
19570.0 1.7916e-05
19590.0 1.7835e-05
19610.0 1.7753e-05
19630.0 1.767e-05
19650.0 1.7587e-05
19670.0 1.7503e-05
19690.0 1.7418e-05
19710.0 1.7333e-05
19730.0 1.7248e-05
19750.0 1.7162e-05
19770.0 1.7075e-05
19790.0 1.6988e-05
19810.0 1.6901e-05
19830.0 1.6813e-05
19850.0 1.6723e-05
19870.0 1.6634e-05
19890.0 1.6541e-05
19910.0 1.6442e-05
19930.0 1.6338e-05
19950.0 1.6225e-05
19970.0 1.6095e-05
19990.0 1.5947e-05
20010.0 1.5784e-05
20030.0 1.5598e-05
20050.0 1.539e-05
20070.0 1.517e-05
20090.0 1.494e-05
20110.0 1.469e-05
20130.0 1.444e-05
20150.0 1.4195e-05
20170.0 1.3946e-05
20190.0 1.3696e-05
20210.0 1.3457e-05
20230.0 1.3224e-05
20250.0 1.2989e-05
20270.0 1.2766e-05
20290.0 1.2554e-05
20310.0 1.2346e-05
20330.0 1.2143e-05
20350.0 1.1959e-05
20370.0 1.1781e-05
20390.0 1.161e-05
20410.0 1.1451e-05
20430.0 1.1304e-05
20450.0 1.1162e-05
20470.0 1.1029e-05
20490.0 1.0908e-05
20510.0 1.0794e-05
20530.0 1.0686e-05
20550.0 1.0588e-05
20570.0 1.0497e-05
20590.0 1.0411e-05
20610.0 1.0331e-05
20630.0 1.0256e-05
20650.0 1.0186e-05
20670.0 1.0118e-05
20690.0 1.0055e-05
20710.0 9.9932e-06
20730.0 9.9331e-06
20750.0 9.8736e-06
20770.0 9.8142e-06
20790.0 9.7541e-06
20810.0 9.6923e-06
20830.0 9.6286e-06
20850.0 9.5624e-06
20870.0 9.4926e-06
20890.0 9.4189e-06
20910.0 9.3421e-06
20930.0 9.2609e-06
20950.0 9.1747e-06
20970.0 9.0852e-06
20990.0 8.9922e-06
21010.0 8.8933e-06
21030.0 8.791e-06
21050.0 8.687e-06
21070.0 8.579e-06
21090.0 8.4664e-06
21110.0 8.3545e-06
21130.0 8.2416e-06
21150.0 8.1255e-06
21170.0 8.0094e-06
21190.0 7.8955e-06
21210.0 7.7796e-06
21230.0 7.6632e-06
21250.0 7.5508e-06
21270.0 7.4402e-06
21290.0 7.3294e-06
21310.0 7.2215e-06
21330.0 7.1185e-06
21350.0 7.0161e-06
21370.0 6.9156e-06
21390.0 6.8196e-06
21410.0 6.7265e-06
21430.0 6.6334e-06
21450.0 6.5445e-06
21470.0 6.4594e-06
21490.0 6.3753e-06
21510.0 6.2929e-06
21530.0 6.2141e-06
21550.0 6.1368e-06
21570.0 6.0598e-06
21590.0 5.9852e-06
21610.0 5.9128e-06
21630.0 5.8406e-06
21650.0 5.7688e-06
21670.0 5.7e-06
21690.0 5.6317e-06
21710.0 5.5634e-06
21730.0 5.4965e-06
21750.0 5.431e-06
21770.0 5.3646e-06
21790.0 5.2989e-06
21810.0 5.2345e-06
21830.0 5.1702e-06
21850.0 5.1052e-06
21870.0 5.041e-06
21890.0 4.9778e-06
21910.0 4.9134e-06
21930.0 4.849e-06
21950.0 4.7855e-06
21970.0 4.7216e-06
21990.0 4.6561e-06
22010.0 4.5921e-06
22030.0 4.5285e-06
22050.0 4.4641e-06
22070.0 4.3998e-06
22090.0 4.3372e-06
22110.0 4.2743e-06
22130.0 4.2112e-06
22150.0 4.1497e-06
22170.0 4.0894e-06
22190.0 4.0286e-06
22210.0 3.9689e-06
22230.0 3.9117e-06
22250.0 3.8549e-06
22270.0 3.7986e-06
22290.0 3.7443e-06
22310.0 3.6913e-06
22330.0 3.6381e-06
22350.0 3.5863e-06
22370.0 3.5362e-06
22390.0 3.4863e-06
22410.0 3.4365e-06
22430.0 3.3883e-06
22450.0 3.3408e-06
22470.0 3.293e-06
22490.0 3.2457e-06
22510.0 3.1995e-06
22530.0 3.1526e-06
22550.0 3.1055e-06
22570.0 3.0595e-06
22590.0 3.0138e-06
22610.0 2.9675e-06
22630.0 2.9219e-06
22650.0 2.8775e-06
22670.0 2.8328e-06
22690.0 2.7884e-06
22710.0 2.7454e-06
22730.0 2.7033e-06
22750.0 2.661e-06
22770.0 2.6205e-06
22790.0 2.5817e-06
22810.0 2.5437e-06
22830.0 2.507e-06
22850.0 2.4725e-06
22870.0 2.4395e-06
22890.0 2.4079e-06
22910.0 2.3786e-06
22930.0 2.3515e-06
22950.0 2.3263e-06
22970.0 2.3032e-06
22990.0 2.2828e-06
23010.0 2.2643e-06
23030.0 2.248e-06
23050.0 2.2337e-06
23070.0 2.2209e-06
23090.0 2.2099e-06
23110.0 2.2001e-06
23130.0 2.1909e-06
23150.0 2.1823e-06
23170.0 2.1742e-06
23190.0 2.1659e-06
23210.0 2.1571e-06
23230.0 2.1481e-06
23250.0 2.1386e-06
23270.0 2.1281e-06
23290.0 2.117e-06
23310.0 2.1052e-06
23330.0 2.0925e-06
23350.0 2.079e-06
23370.0 2.065e-06
23390.0 2.0502e-06
23410.0 2.035e-06
23430.0 2.0193e-06
23450.0 2.0033e-06
23470.0 1.987e-06
23490.0 1.9706e-06
23510.0 1.954e-06
23530.0 1.9375e-06
23550.0 1.9213e-06
23570.0 1.9052e-06
23590.0 1.8896e-06
23610.0 1.8747e-06
23630.0 1.8606e-06
23650.0 1.8477e-06
23670.0 1.8364e-06
23690.0 1.8268e-06
23710.0 1.8195e-06
23730.0 1.8151e-06
23750.0 1.813e-06
23770.0 1.8138e-06
23790.0 1.8183e-06
23810.0 1.8256e-06
23830.0 1.835e-06
23850.0 1.8481e-06
23870.0 1.8641e-06
23890.0 1.8807e-06
23910.0 1.8989e-06
23930.0 1.9191e-06
23950.0 1.9394e-06
23970.0 1.9584e-06
23990.0 1.9783e-06
24010.0 1.9976e-06
24030.0 2.0146e-06
24050.0 2.0301e-06
24070.0 2.0451e-06
24090.0 2.0569e-06
24110.0 2.0657e-06
24130.0 2.0729e-06
24150.0 2.0779e-06
24170.0 2.0798e-06
24190.0 2.08e-06
24210.0 2.0787e-06
24230.0 2.0754e-06
24250.0 2.0706e-06
24270.0 2.0649e-06
24290.0 2.0585e-06
24310.0 2.051e-06
24330.0 2.0432e-06
24350.0 2.0353e-06
24370.0 2.0271e-06
24390.0 2.0188e-06
24410.0 2.0108e-06
24430.0 2.0028e-06
24450.0 1.9949e-06
24470.0 1.9871e-06
24490.0 1.9796e-06
24510.0 1.9721e-06
24530.0 1.9646e-06
24550.0 1.9574e-06
24570.0 1.9503e-06
24590.0 1.9432e-06
24610.0 1.9362e-06
24630.0 1.9296e-06
24650.0 1.9228e-06
24670.0 1.9162e-06
24690.0 1.91e-06
24710.0 1.904e-06
24730.0 1.8981e-06
24750.0 1.8927e-06
24770.0 1.8876e-06
24790.0 1.8823e-06
24810.0 1.8764e-06
24830.0 1.8683e-06
24850.0 1.8549e-06
24870.0 1.8319e-06
24890.0 1.7915e-06
24910.0 1.7231e-06
24930.0 1.6217e-06
24950.0 1.4816e-06
24970.0 1.3045e-06
24990.0 1.2705e-06
