#lamb flux
1010.0 3.6356e-06
1030.0 3.9819e-06
1050.0 4.3803e-06
1070.0 4.8288e-06
1090.0 5.3382e-06
1110.0 5.8607e-06
1130.0 6.3867e-06
1150.0 6.9377e-06
1170.0 7.5062e-06
1190.0 8.0454e-06
1210.0 8.5919e-06
1230.0 9.1568e-06
1250.0 9.7103e-06
1270.0 1.0248e-05
1290.0 1.0816e-05
1310.0 1.1384e-05
1330.0 1.1929e-05
1350.0 1.248e-05
1370.0 1.3049e-05
1390.0 1.3604e-05
1410.0 1.4143e-05
1430.0 1.4706e-05
1450.0 1.5269e-05
1470.0 1.5814e-05
1490.0 1.6364e-05
1510.0 1.6946e-05
1530.0 1.7497e-05
1550.0 1.804e-05
1570.0 1.8603e-05
1590.0 1.9166e-05
1610.0 1.9703e-05
1630.0 2.0257e-05
1650.0 2.0826e-05
1670.0 2.1375e-05
1690.0 2.1917e-05
1710.0 2.2479e-05
1730.0 2.3044e-05
1750.0 2.3574e-05
1770.0 2.4118e-05
1790.0 2.4673e-05
1810.0 2.5208e-05
1830.0 2.5732e-05
1850.0 2.6286e-05
1870.0 2.6824e-05
1890.0 2.7341e-05
1910.0 2.7865e-05
1930.0 2.8399e-05
1950.0 2.8904e-05
1970.0 2.9398e-05
1990.0 2.9908e-05
2010.0 3.0404e-05
2030.0 3.0874e-05
2050.0 3.1354e-05
2070.0 3.1841e-05
2090.0 3.2288e-05
2110.0 3.2726e-05
2130.0 3.3171e-05
2150.0 3.3596e-05
2170.0 3.3987e-05
2190.0 3.4387e-05
2210.0 3.4778e-05
2230.0 3.5136e-05
2250.0 3.5478e-05
2270.0 3.5828e-05
2290.0 3.6147e-05
2310.0 3.6431e-05
2330.0 3.6713e-05
2350.0 3.6984e-05
2370.0 3.7217e-05
2390.0 3.7442e-05
2410.0 3.7678e-05
2430.0 3.7894e-05
2450.0 3.8102e-05
2470.0 3.8346e-05
2490.0 3.8657e-05
2510.0 3.9044e-05
2530.0 3.9678e-05
2550.0 4.0822e-05
2570.0 4.2725e-05
2590.0 4.5679e-05
2610.0 5.0477e-05
2630.0 5.7238e-05
2650.0 6.5518e-05
2670.0 7.5343e-05
2690.0 8.6266e-05
2710.0 9.6692e-05
2730.0 0.00010589
2750.0 0.00011404
2770.0 0.00012034
2790.0 0.0001248
2810.0 0.00012809
2830.0 0.0001307
2850.0 0.00013254
2870.0 0.0001341
2890.0 0.00013567
2910.0 0.00013719
2930.0 0.00013854
2950.0 0.00014
2970.0 0.00014151
2990.0 0.00014288
3010.0 0.0013123
3030.0 0.0013251
3050.0 0.0013372
3070.0 0.0013464
3090.0 0.0013538
3110.0 0.0013569
3130.0 0.0013524
3150.0 0.0013386
3170.0 0.0013125
3190.0 0.0012744
3210.0 0.0012276
3230.0 0.0011777
3250.0 0.001173
3270.0 0.0011355
3290.0 0.0011802
3310.0 0.0011375
3330.0 0.0011594
3350.0 0.0011985
3370.0 0.0012496
3390.0 0.0013103
3410.0 0.001373
3430.0 0.0014402
3450.0 0.0015124
3470.0 0.0015851
3490.0 0.001655
3510.0 0.0017433
3530.0 0.0018489
3550.0 0.0019156
3570.0 0.0019649
3590.0 0.0020942
3610.0 0.0021264
3630.0 0.002286
3650.0 0.0024036
3670.0 0.0025284
3690.0 0.0025481
3710.0 0.0024772
3730.0 0.0025135
3750.0 0.0025138
3770.0 0.0026174
3790.0 0.0027718
3810.0 0.0030834
3830.0 0.0037308
3850.0 0.0044436
3870.0 0.0051162
3890.0 0.0055587
3910.0 0.0057651
3930.0 0.0059968
3950.0 0.0062334
3970.0 0.0054664
3990.0 0.0037129
4010.0 0.0032106
4030.0 0.0043867
4050.0 0.0055304
4070.0 0.0049156
4090.0 0.0030302
4110.0 0.0029483
4130.0 0.0041926
4150.0 0.0047528
4170.0 0.0040012
4190.0 0.0034139
4210.0 0.0044789
4230.0 0.0047037
4250.0 0.0044676
4270.0 0.004501
4290.0 0.004104
4310.0 0.0046071
4330.0 0.0053694
4350.0 0.0061676
4370.0 0.0061412
4390.0 0.0059863
4410.0 0.0052836
4430.0 0.0041678
4450.0 0.0031724
4470.0 0.0034415
4490.0 0.003725
4510.0 0.0051024
4530.0 0.0053208
4550.0 0.0052378
4570.0 0.0060856
4590.0 0.0077607
4610.0 0.010617
4630.0 0.013024
4650.0 0.013149
4670.0 0.013574
4690.0 0.01463
4710.0 0.014327
4730.0 0.011547
4750.0 0.0082327
4770.0 0.0068745
4790.0 0.0060613
4810.0 0.0057445
4830.0 0.0062771
4850.0 0.0070497
4870.0 0.0082763
4890.0 0.0090873
4910.0 0.0080902
4930.0 0.0084193
4950.0 0.010468
4970.0 0.012966
4990.0 0.0149
5010.0 0.014894
5030.0 0.012614
5050.0 0.0091322
5070.0 0.0066913
5090.0 0.0057881
5110.0 0.0059409
5130.0 0.0064708
5150.0 0.0060924
5170.0 0.0060689
5190.0 0.0060427
5210.0 0.0061482
5230.0 0.006644
5250.0 0.0068486
5270.0 0.0073678
5290.0 0.0088284
5310.0 0.0099927
5330.0 0.010538
5350.0 0.010734
5370.0 0.011446
5390.0 0.011885
5410.0 0.010907
5430.0 0.0099207
5450.0 0.01012
5470.0 0.011971
5490.0 0.015325
5510.0 0.018385
5530.0 0.019323
5550.0 0.018728
5570.0 0.017672
5590.0 0.016516
5610.0 0.015771
5630.0 0.016015
5650.0 0.016511
5670.0 0.015954
5690.0 0.014992
5710.0 0.0146
5730.0 0.01289
5750.0 0.01027
5770.0 0.0093359
5790.0 0.010497
5810.0 0.011663
5830.0 0.012996
5850.0 0.01333
5870.0 0.012954
5890.0 0.012252
5910.0 0.011395
5930.0 0.011344
5950.0 0.011955
5970.0 0.012186
5990.0 0.010744
6010.0 0.0087413
6030.0 0.0070798
6050.0 0.0064063
6070.0 0.0067917
6090.0 0.0076274
6110.0 0.0078155
6130.0 0.0073204
6150.0 0.0072555
6170.0 0.0080206
6190.0 0.0093606
6210.0 0.011212
6230.0 0.012657
6250.0 0.012008
6270.0 0.010484
6290.0 0.0087559
6310.0 0.0069436
6330.0 0.005882
6350.0 0.0058075
6370.0 0.0063741
6390.0 0.0070321
6410.0 0.008227
6430.0 0.010125
6450.0 0.012466
6470.0 0.014626
6490.0 0.016533
6510.0 0.017522
6530.0 0.016907
6550.0 0.016241
6570.0 0.016319
6590.0 0.016223
6610.0 0.01544
6630.0 0.014543
6650.0 0.01353
6670.0 0.013402
6690.0 0.013064
6710.0 0.01208
6730.0 0.01051
6750.0 0.0093667
6770.0 0.0096612
6790.0 0.010315
6810.0 0.011207
6830.0 0.011425
6850.0 0.010738
6870.0 0.010422
6890.0 0.010212
6910.0 0.0096493
6930.0 0.0093187
6950.0 0.0093888
6970.0 0.00959
6990.0 0.010142
7010.0 0.010918
7030.0 0.010703
7050.0 0.0096997
7070.0 0.0087145
7090.0 0.0074468
7110.0 0.0066328
7130.0 0.0069698
7150.0 0.0075509
7170.0 0.0076937
7190.0 0.0075183
7210.0 0.0074396
7230.0 0.0083536
7250.0 0.0095139
7270.0 0.01024
7290.0 0.010334
7310.0 0.0098277
7330.0 0.0090262
7350.0 0.0083481
7370.0 0.0079289
7390.0 0.0078412
7410.0 0.0083819
7430.0 0.0096557
7450.0 0.01078
7470.0 0.012135
7490.0 0.013874
7510.0 0.013273
7530.0 0.011195
7550.0 0.009452
7570.0 0.0078706
7590.0 0.006522
7610.0 0.0063229
7630.0 0.0066502
7650.0 0.0073498
7670.0 0.0084324
7690.0 0.0092973
7710.0 0.010502
7730.0 0.010994
7750.0 0.01139
7770.0 0.012065
7790.0 0.012198
7810.0 0.012033
7830.0 0.011412
7850.0 0.011169
7870.0 0.010822
7890.0 0.0099598
7910.0 0.0090895
7930.0 0.0082759
7950.0 0.0071166
7970.0 0.0067754
7990.0 0.0070085
8010.0 0.0081333
8030.0 0.0081922
8050.0 0.0085176
8070.0 0.0083865
8090.0 0.0083965
8110.0 0.0081996
8130.0 0.0077519
8150.0 0.0072145
8170.0 0.0071611
8190.0 0.0072653
8210.0 0.0073507
8230.0 0.0068929
8250.0 0.006485
8270.0 0.0057159
8290.0 0.0047023
8310.0 0.0037271
8330.0 0.0026725
8350.0 0.0020113
8370.0 0.0018924
8390.0 0.0020899
8410.0 0.0024697
8430.0 0.0031025
8450.0 0.0034303
8470.0 0.0036806
8490.0 0.0040509
8510.0 0.0043492
8530.0 0.0048305
8550.0 0.0057126
8570.0 0.0065267
8590.0 0.007163
8610.0 0.0082502
8630.0 0.0095538
8650.0 0.010076
8670.0 0.010236
8690.0 0.010199
8710.0 0.0098569
8730.0 0.00946
8750.0 0.0088799
8770.0 0.0087374
8790.0 0.0084588
8810.0 0.0078308
8830.0 0.0074081
8850.0 0.0064623
8870.0 0.005927
8890.0 0.0054627
8910.0 0.0059978
8930.0 0.0056801
8950.0 0.0057887
8970.0 0.0059038
8990.0 0.0058709
9010.0 0.0059498
9030.0 0.0057413
9050.0 0.0057267
9070.0 0.0057324
9090.0 0.0057382
9110.0 0.0057464
9130.0 0.0057524
9150.0 0.0057578
9170.0 0.0057552
9190.0 0.0057415
9210.0 0.0058015
9230.0 0.0057959
9250.0 0.0057973
9270.0 0.0058008
9290.0 0.0058057
9310.0 0.0058118
9330.0 0.0058185
9350.0 0.0058259
9370.0 0.0058337
9390.0 0.0058416
9410.0 0.0058499
9430.0 0.0058587
9450.0 0.0058674
9470.0 0.0058764
9490.0 0.0058857
9510.0 0.0058953
9530.0 0.005905
9550.0 0.0059152
9570.0 0.0059257
9590.0 0.0059364
9610.0 0.0059473
9630.0 0.0059587
9650.0 0.0059704
9670.0 0.0059821
9690.0 0.0059943
9710.0 0.0060069
9730.0 0.0060196
9750.0 0.0060326
9770.0 0.0060462
9790.0 0.0060598
9810.0 0.0060736
9830.0 0.0060879
9850.0 0.0061025
9870.0 0.006117
9890.0 0.0061319
9910.0 0.0061473
9930.0 0.0061627
9950.0 0.0061743
9970.0 0.0061914
9990.0 0.0062087
10010.0 0.0062244
10030.0 0.0062412
10050.0 0.0062559
10070.0 0.0062586
10090.0 0.0062802
10110.0 0.0063014
10130.0 0.0063212
10150.0 0.0063404
10170.0 0.0063586
10190.0 0.0063759
10210.0 0.0063934
10230.0 0.0064109
10250.0 0.0064277
10270.0 0.0064446
10290.0 0.0064619
10310.0 0.0064786
10330.0 0.0064947
10350.0 0.0065114
10370.0 0.0065279
10390.0 0.0065438
10410.0 0.0065596
10430.0 0.0065757
10450.0 0.0065911
10470.0 0.006606
10490.0 0.0066211
10510.0 0.0066359
10530.0 0.0066497
10550.0 0.0066634
10570.0 0.0066773
10590.0 0.0066904
10610.0 0.0067029
10630.0 0.0067155
10650.0 0.0067276
10670.0 0.0067387
10690.0 0.0067497
10710.0 0.0067604
10730.0 0.0067703
10750.0 0.0067794
10770.0 0.0067887
10790.0 0.0067973
10810.0 0.0068048
10830.0 0.0068118
10850.0 0.006818
10870.0 0.0068213
10890.0 0.0068211
10910.0 0.0068156
10930.0 0.0068006
10950.0 0.0067699
10970.0 0.0067207
10990.0 0.0066514
11010.0 0.0067
11030.0 0.0065608
11050.0 0.0064013
11070.0 0.0062187
11090.0 0.006008
11110.0 0.0057992
11130.0 0.0055907
11150.0 0.0053775
11170.0 0.0051711
11190.0 0.0049847
11210.0 0.0048066
11230.0 0.0046396
11250.0 0.004495
11270.0 0.0043692
11290.0 0.004255
11310.0 0.0041571
11330.0 0.0040776
11350.0 0.0040062
11370.0 0.0039413
11390.0 0.0038831
11410.0 0.0038272
11430.0 0.0037671
11450.0 0.0037044
11470.0 0.0036385
11490.0 0.003565
11510.0 0.0034823
11530.0 0.0033966
11550.0 0.0033063
11570.0 0.0032081
11590.0 0.003108
11610.0 0.0030099
11630.0 0.0029086
11650.0 0.002807
11670.0 0.0027132
11690.0 0.0026235
11710.0 0.0025361
11730.0 0.0024552
11750.0 0.0023826
11770.0 0.0023125
11790.0 0.0022467
11810.0 0.0021871
11830.0 0.002131
11850.0 0.0020752
11870.0 0.0020229
11890.0 0.0019733
11910.0 0.0019228
11930.0 0.0018717
11950.0 0.0018219
11970.0 0.0017711
11990.0 0.0017176
12010.0 0.0016646
12030.0 0.0016125
12050.0 0.0015593
12070.0 0.001506
12090.0 0.0014574
12110.0 0.0014108
12130.0 0.0013667
12150.0 0.0013283
12170.0 0.0012961
12190.0 0.0012689
12210.0 0.0012494
12230.0 0.0012381
12250.0 0.0012346
12270.0 0.0012397
12290.0 0.0012528
12310.0 0.0012726
12330.0 0.0013006
12350.0 0.0013348
12370.0 0.0013726
12390.0 0.0014145
12410.0 0.0014614
12430.0 0.0015064
12450.0 0.0015501
12470.0 0.0015935
12490.0 0.0016337
12510.0 0.001668
12530.0 0.0016987
12550.0 0.0017247
12570.0 0.0017439
12590.0 0.0017571
12610.0 0.0017652
12630.0 0.0017672
12650.0 0.0017635
12670.0 0.001755
12690.0 0.0017419
12710.0 0.001725
12730.0 0.0017049
12750.0 0.0016809
12770.0 0.0016547
12790.0 0.0016271
12810.0 0.0015974
12830.0 0.0015654
12850.0 0.0015333
12870.0 0.0015001
12890.0 0.0014646
12910.0 0.0014282
12930.0 0.0013914
12950.0 0.001352
12970.0 0.0013102
12990.0 0.0012688
13010.0 0.0012262
13030.0 0.0011815
13050.0 0.0011369
13070.0 0.001094
13090.0 0.0010502
13110.0 0.0010076
13130.0 0.00096836
13150.0 0.00093184
13170.0 0.00089725
13190.0 0.0008678
13210.0 0.00084332
13230.0 0.00082265
13250.0 0.0008066
13270.0 0.00079549
13290.0 0.00078841
13310.0 0.00078525
13330.0 0.00078563
13350.0 0.0007887
13370.0 0.00079419
13390.0 0.00080149
13410.0 0.00080906
13430.0 0.0008171
13450.0 0.00082522
13470.0 0.00083244
13490.0 0.00083849
13510.0 0.00084392
13530.0 0.00084797
13550.0 0.00085063
13570.0 0.00085235
13590.0 0.0008533
13610.0 0.0008535
13630.0 0.00085322
13650.0 0.0008528
13670.0 0.00085229
13690.0 0.00085174
13710.0 0.0008513
13730.0 0.00085105
13750.0 0.00085069
13770.0 0.00085024
13790.0 0.00084962
13810.0 0.00084858
13830.0 0.00084697
13850.0 0.00084467
13870.0 0.00084146
13890.0 0.00083733
13910.0 0.00083227
13930.0 0.00082607
13950.0 0.00081895
13970.0 0.00081141
13990.0 0.00080318
14010.0 0.00079455
14030.0 0.00078612
14050.0 0.00077795
14070.0 0.00076985
14090.0 0.00076256
14110.0 0.00075616
14130.0 0.00075043
14150.0 0.0007455
14170.0 0.00074158
14190.0 0.00073844
14210.0 0.00073607
14230.0 0.00073454
14250.0 0.00073379
14270.0 0.00073391
14290.0 0.000735
14310.0 0.0007369
14330.0 0.00073974
14350.0 0.00074369
14370.0 0.0007485
14390.0 0.00075395
14410.0 0.00076049
14430.0 0.00076783
14450.0 0.0007755
14470.0 0.00078374
14490.0 0.00079299
14510.0 0.00080243
14530.0 0.00081216
14550.0 0.000823
14570.0 0.00083488
14590.0 0.00084737
14610.0 0.00086147
14630.0 0.00087789
14650.0 0.00089572
14670.0 0.00091523
14690.0 0.00093762
14710.0 0.00096263
14730.0 0.00098815
14750.0 0.001016
14770.0 0.0010461
14790.0 0.0010764
14810.0 0.0011065
14830.0 0.0011384
14850.0 0.001169
14870.0 0.0011972
14890.0 0.0012238
14910.0 0.0012485
14930.0 0.0012692
14950.0 0.0012861
14970.0 0.0013001
14990.0 0.0013101
15010.0 0.0013165
15030.0 0.0013201
15050.0 0.0013211
15070.0 0.0013203
15090.0 0.0013184
15110.0 0.0013156
15130.0 0.0013123
15150.0 0.001309
15170.0 0.0013055
15190.0 0.0013018
15210.0 0.0012983
15230.0 0.0012949
15250.0 0.0012913
15270.0 0.0012877
15290.0 0.0012844
15310.0 0.001281
15330.0 0.0012776
15350.0 0.0012743
15370.0 0.001271
15390.0 0.0012675
15410.0 0.0012642
15430.0 0.001261
15450.0 0.0012577
15470.0 0.0012543
15490.0 0.0012512
15510.0 0.001248
15530.0 0.0012447
15550.0 0.0012415
15570.0 0.0012385
15590.0 0.0012352
15610.0 0.001232
15630.0 0.0012289
15650.0 0.0012258
15670.0 0.0012226
15690.0 0.0012194
15710.0 0.0012165
15730.0 0.0012133
15750.0 0.0012101
15770.0 0.0012071
15790.0 0.001204
15810.0 0.0012008
15830.0 0.0011977
15850.0 0.0011947
15870.0 0.0011916
15890.0 0.0011885
15910.0 0.0011855
15930.0 0.0011824
15950.0 0.0011792
15970.0 0.0011761
15990.0 0.0011731
16010.0 0.0011699
16030.0 0.0011667
16050.0 0.0011637
16070.0 0.0011607
16090.0 0.0011575
16110.0 0.0011544
16130.0 0.0011514
16150.0 0.0011481
16170.0 0.0011449
16190.0 0.0011418
16210.0 0.0011387
16230.0 0.0011354
16250.0 0.0011323
16270.0 0.0011292
16290.0 0.0011259
16310.0 0.0011226
16330.0 0.0011195
16350.0 0.0011163
16370.0 0.0011129
16390.0 0.0011097
16410.0 0.0011065
16430.0 0.0011031
16450.0 0.0010998
16470.0 0.0010966
16490.0 0.0010932
16510.0 0.0010898
16530.0 0.0010865
16550.0 0.0010832
16570.0 0.0010797
16590.0 0.0010762
16610.0 0.001073
16630.0 0.0010695
16650.0 0.001066
16670.0 0.0010626
16690.0 0.0010592
16710.0 0.0010555
16730.0 0.001052
16750.0 0.0010486
16770.0 0.001045
16790.0 0.0010413
16810.0 0.0010378
16830.0 0.0010343
16850.0 0.0010306
16870.0 0.001027
16890.0 0.0010234
16910.0 0.0010197
16930.0 0.0010159
16950.0 0.0010123
16970.0 0.0010086
16990.0 0.0010047
17010.0 0.001001
17030.0 0.00099736
17050.0 0.0009935
17070.0 0.00098962
17090.0 0.00098587
17110.0 0.00098206
17130.0 0.00097804
17150.0 0.00097418
17170.0 0.00097039
17190.0 0.00096643
17210.0 0.00096245
17230.0 0.00095862
17250.0 0.00095467
17270.0 0.00095056
17290.0 0.00094659
17310.0 0.00094265
17330.0 0.00093855
17350.0 0.00093441
17370.0 0.00093048
17390.0 0.00092642
17410.0 0.00092225
17430.0 0.00091819
17450.0 0.00091417
17470.0 0.00090989
17490.0 0.00090568
17510.0 0.00090161
17530.0 0.00089743
17550.0 0.00089313
17570.0 0.00088898
17590.0 0.00088486
17610.0 0.00088053
17630.0 0.00087626
17650.0 0.00087209
17670.0 0.00086781
17690.0 0.00086333
17710.0 0.00085912
17730.0 0.00085488
17750.0 0.00085048
17770.0 0.00084613
17790.0 0.00084192
17810.0 0.00083751
17830.0 0.00083305
17850.0 0.00082873
17870.0 0.00082439
17890.0 0.00081988
17910.0 0.00081543
17930.0 0.00081114
17950.0 0.00080669
17970.0 0.00080219
17990.0 0.00079783
18010.0 0.00079345
18030.0 0.00078883
18050.0 0.00078436
18070.0 0.00077997
18090.0 0.00077545
18110.0 0.00077087
18130.0 0.00076648
18150.0 0.00076203
18170.0 0.00075744
18190.0 0.00075294
18210.0 0.00074853
18230.0 0.00074392
18250.0 0.00073928
18270.0 0.00073485
18290.0 0.00073034
18310.0 0.00072572
18330.0 0.0007212
18350.0 0.00071678
18370.0 0.00071215
18390.0 0.00070754
18410.0 0.00070307
18430.0 0.00069853
18450.0 0.00069382
18470.0 0.0006893
18490.0 0.00068483
18510.0 0.00068022
18530.0 0.00067562
18550.0 0.00067118
18570.0 0.00066661
18590.0 0.00066193
18610.0 0.0006574
18630.0 0.0006529
18650.0 0.00064827
18670.0 0.00064363
18690.0 0.00063921
18710.0 0.00063466
18730.0 0.00063003
18750.0 0.00062552
18770.0 0.00062107
18790.0 0.00061637
18810.0 0.00061179
18830.0 0.00060734
18850.0 0.00060279
18870.0 0.00059817
18890.0 0.00059371
18910.0 0.00058926
18930.0 0.00058465
18950.0 0.00058011
18970.0 0.00057569
18990.0 0.00057116
19010.0 0.00056648
19030.0 0.00056207
19050.0 0.00055764
19070.0 0.00055308
19090.0 0.00054859
19110.0 0.00054424
19130.0 0.0005397
19150.0 0.00053515
19170.0 0.00053075
19190.0 0.00052634
19210.0 0.00052178
19230.0 0.00051731
19250.0 0.000513
19270.0 0.00050854
19290.0 0.00050407
19310.0 0.00049974
19330.0 0.00049538
19350.0 0.00049083
19370.0 0.00048645
19390.0 0.00048215
19410.0 0.00047773
19430.0 0.00047328
19450.0 0.00046903
19470.0 0.00046471
19490.0 0.00046029
19510.0 0.00045597
19530.0 0.00045174
19550.0 0.00044733
19570.0 0.00044292
19590.0 0.00043872
19610.0 0.00043445
19630.0 0.00043009
19650.0 0.00042585
19670.0 0.0004217
19690.0 0.00041736
19710.0 0.00041306
19730.0 0.0004089
19750.0 0.00040469
19770.0 0.00040033
19790.0 0.00039616
19810.0 0.00039204
19830.0 0.00038779
19850.0 0.00038353
19870.0 0.00037938
19890.0 0.000375
19910.0 0.00037032
19930.0 0.00036549
19950.0 0.00036023
19970.0 0.00035414
19990.0 0.00034726
20010.0 0.00033991
20030.0 0.00033156
20050.0 0.00032243
20070.0 0.00031321
20090.0 0.00030397
20110.0 0.00029435
20130.0 0.00028545
20150.0 0.0002774
20170.0 0.00026982
20190.0 0.00026291
20210.0 0.00025703
20230.0 0.0002519
20250.0 0.00024733
20270.0 0.0002436
20290.0 0.00024063
20310.0 0.00023822
20330.0 0.0002364
20350.0 0.00023524
20370.0 0.00023459
20390.0 0.00023444
20410.0 0.0002348
20430.0 0.00023559
20450.0 0.00023691
20470.0 0.00023873
20490.0 0.00024095
20510.0 0.00024363
20530.0 0.00024689
20550.0 0.00025052
20570.0 0.00025439
20590.0 0.00025878
20610.0 0.0002635
20630.0 0.00026828
20650.0 0.00027326
20670.0 0.00027861
20690.0 0.0002837
20710.0 0.00028863
20730.0 0.00029359
20750.0 0.00029838
20770.0 0.00030273
20790.0 0.00030697
20810.0 0.00031112
20830.0 0.00031498
20850.0 0.00031865
20870.0 0.00032245
20890.0 0.00032626
20910.0 0.00032994
20930.0 0.0003338
20950.0 0.00033791
20970.0 0.00034202
20990.0 0.00034615
21010.0 0.00035058
21030.0 0.00035492
21050.0 0.00035901
21070.0 0.000363
21090.0 0.00036681
21110.0 0.00037004
21130.0 0.00037279
21150.0 0.00037513
21170.0 0.00037685
21190.0 0.00037793
21210.0 0.00037845
21230.0 0.00037835
21250.0 0.00037763
21270.0 0.00037637
21290.0 0.00037452
21310.0 0.00037217
21330.0 0.00036947
21350.0 0.00036628
21370.0 0.00036267
21390.0 0.00035887
21410.0 0.00035484
21430.0 0.00035036
21450.0 0.00034587
21470.0 0.00034142
21490.0 0.00033682
21510.0 0.00033219
21530.0 0.00032784
21550.0 0.0003236
21570.0 0.0003194
21590.0 0.00031558
21610.0 0.00031214
21630.0 0.00030897
21650.0 0.00030616
21670.0 0.00030397
21690.0 0.00030222
21710.0 0.00030095
21730.0 0.00030024
21750.0 0.00030007
21770.0 0.00030046
21790.0 0.00030143
21810.0 0.00030289
21830.0 0.00030489
21850.0 0.00030748
21870.0 0.00031048
21890.0 0.0003138
21910.0 0.00031767
21930.0 0.00032191
21950.0 0.00032629
21970.0 0.000331
21990.0 0.00033619
22010.0 0.00034128
22030.0 0.00034641
22050.0 0.00035177
22070.0 0.00035712
22090.0 0.00036217
22110.0 0.00036722
22130.0 0.00037222
22150.0 0.00037681
22170.0 0.00038104
22190.0 0.00038509
22210.0 0.00038865
22230.0 0.00039156
22250.0 0.000394
22270.0 0.00039588
22290.0 0.00039706
22310.0 0.00039757
22330.0 0.00039737
22350.0 0.0003964
22370.0 0.00039472
22390.0 0.00039226
22410.0 0.00038891
22430.0 0.00038499
22450.0 0.00038041
22470.0 0.00037499
22490.0 0.00036898
22510.0 0.00036264
22530.0 0.00035551
22550.0 0.00034777
22570.0 0.00033997
22590.0 0.00033187
22610.0 0.00032325
22630.0 0.00031455
22650.0 0.00030613
22670.0 0.00029735
22690.0 0.0002885
22710.0 0.00028006
22730.0 0.00027179
22750.0 0.00026327
22770.0 0.00025536
22790.0 0.000248
22810.0 0.00024079
22830.0 0.00023397
22850.0 0.0002279
22870.0 0.00022229
22890.0 0.00021705
22910.0 0.0002126
22930.0 0.00020887
22950.0 0.00020572
22970.0 0.00020328
22990.0 0.00020173
23010.0 0.00020088
23030.0 0.0002008
23050.0 0.0002015
23070.0 0.00020288
23090.0 0.00020509
23110.0 0.00020801
23130.0 0.00021145
23150.0 0.00021549
23170.0 0.00022018
23190.0 0.00022513
23210.0 0.00023024
23230.0 0.00023578
23250.0 0.0002414
23270.0 0.00024682
23290.0 0.00025223
23310.0 0.00025765
23330.0 0.00026249
23350.0 0.00026688
23370.0 0.00027094
23390.0 0.00027442
23410.0 0.00027719
23430.0 0.00027943
23450.0 0.00028103
23470.0 0.00028192
23490.0 0.00028217
23510.0 0.00028175
23530.0 0.00028067
23550.0 0.00027907
23570.0 0.00027688
23590.0 0.00027413
23610.0 0.00027102
23630.0 0.00026757
23650.0 0.00026359
23670.0 0.00025942
23690.0 0.00025521
23710.0 0.0002508
23730.0 0.00024628
23750.0 0.00024209
23770.0 0.00023813
23790.0 0.00023437
23810.0 0.00023115
23830.0 0.00022857
23850.0 0.00022658
23870.0 0.00022539
23890.0 0.00022512
23910.0 0.00022572
23930.0 0.00022729
23950.0 0.00022974
23970.0 0.00023289
23990.0 0.00023687
24010.0 0.00024152
24030.0 0.00024647
24050.0 0.00025173
24070.0 0.00025746
24090.0 0.00026299
24110.0 0.0002683
24130.0 0.00027358
24150.0 0.00027865
24170.0 0.00028322
24190.0 0.00028755
24210.0 0.0002917
24230.0 0.00029541
24250.0 0.00029875
24270.0 0.00030192
24290.0 0.00030486
24310.0 0.00030738
24330.0 0.00030972
24350.0 0.00031189
24370.0 0.00031377
24390.0 0.0003154
24410.0 0.00031688
24430.0 0.00031811
24450.0 0.00031907
24470.0 0.00031982
24490.0 0.00032036
24510.0 0.00032067
24530.0 0.0003208
24550.0 0.00032076
24570.0 0.00032057
24590.0 0.00032029
24610.0 0.00031992
24630.0 0.00031948
24650.0 0.00031907
24670.0 0.00031868
24690.0 0.00031832
24710.0 0.00031803
24730.0 0.00031784
24750.0 0.00031771
24770.0 0.00031764
24790.0 0.0003176
24810.0 0.00031747
24830.0 0.00031696
24850.0 0.00031558
24870.0 0.00031264
24890.0 0.00030671
24910.0 0.00029597
24930.0 0.00027955
24950.0 0.0002563
24970.0 0.00022425
24990.0 0.00018704
