#lamb flux
1010.0 6.8289e-05
1030.0 6.8265e-05
1050.0 6.8491e-05
1070.0 6.9036e-05
1090.0 6.9979e-05
1110.0 7.138e-05
1130.0 7.3208e-05
1150.0 7.5436e-05
1170.0 7.8007e-05
1190.0 8.0751e-05
1210.0 8.3594e-05
1230.0 8.6451e-05
1250.0 8.9129e-05
1270.0 9.1502e-05
1290.0 9.3599e-05
1310.0 9.5269e-05
1330.0 9.6406e-05
1350.0 9.6934e-05
1370.0 9.64e-05
1390.0 9.5592e-05
1410.0 9.4563e-05
1430.0 9.345e-05
1450.0 9.2238e-05
1470.0 9.094e-05
1490.0 8.9641e-05
1510.0 8.836e-05
1530.0 8.7034e-05
1550.0 8.5773e-05
1570.0 8.4616e-05
1590.0 8.3419e-05
1610.0 8.1934e-05
1630.0 8.0517e-05
1650.0 7.9166e-05
1670.0 7.7853e-05
1690.0 7.6577e-05
1710.0 7.5375e-05
1730.0 7.4167e-05
1750.0 7.2841e-05
1770.0 7.1468e-05
1790.0 7.0023e-05
1810.0 6.8486e-05
1830.0 6.7597e-05
1850.0 0.00013908
1870.0 0.00021801
1890.0 0.00030317
1910.0 0.00039563
1930.0 0.00049636
1950.0 0.00060529
1970.0 0.00072318
1990.0 0.00085126
2010.0 0.00098913
2030.0 0.0011364
2050.0 0.0012943
2070.0 0.0014627
2090.0 0.0016391
2110.0 0.0018239
2130.0 0.0020174
2150.0 0.0022169
2170.0 0.0024198
2190.0 0.0026276
2210.0 0.0028377
2230.0 0.0030459
2250.0 0.0032516
2270.0 0.0034556
2290.0 0.0036518
2310.0 0.0038375
2330.0 0.0040146
2350.0 0.0041803
2370.0 0.0043296
2390.0 0.004464
2410.0 0.0045841
2430.0 0.0046838
2450.0 0.0047626
2470.0 0.0048231
2490.0 0.0048648
2510.0 0.0048871
2530.0 0.0049006
2550.0 0.0049191
2570.0 0.0049583
2590.0 0.0050385
2610.0 0.0052073
2630.0 0.0054889
2650.0 0.005882
2670.0 0.0064147
2690.0 0.0070998
2710.0 0.0078639
2730.0 0.008665
2750.0 0.0095323
2770.0 0.010377
2790.0 0.011137
2810.0 0.011839
2830.0 0.012499
2850.0 0.013033
2870.0 0.013502
2890.0 0.013952
2910.0 0.01438
2930.0 0.014782
2950.0 0.015215
2970.0 0.01568
2990.0 0.016154
3010.0 0.016653
3030.0 0.017201
3050.0 0.017774
3070.0 0.018336
3090.0 0.018916
3110.0 0.019479
3130.0 0.01998
3150.0 0.020404
3170.0 0.020738
3190.0 0.020971
3210.0 0.02115
3230.0 0.021336
3250.0 0.021631
3270.0 0.022126
3290.0 0.022869
3310.0 0.023919
3330.0 0.025254
3350.0 0.026798
3370.0 0.028568
3390.0 0.030415
3410.0 0.032184
3430.0 0.033797
3450.0 0.035166
3470.0 0.03846
3490.0 0.039782
3510.0 0.035769
3530.0 0.03404
3550.0 0.044385
3570.0 0.053412
3590.0 0.052838
3610.0 0.056955
3630.0 0.057258
3650.0 0.05245
3670.0 0.052439
3690.0 0.059452
3710.0 0.065637
3730.0 0.068923
3750.0 0.062278
3770.0 0.061474
3790.0 0.064091
3810.0 0.061879
3830.0 0.054004
3850.0 0.048847
3870.0 0.051521
3890.0 0.057607
3910.0 0.06141
3930.0 0.063115
3950.0 0.065431
3970.0 0.06676
3990.0 0.067406
4010.0 0.065361
4030.0 0.059418
4050.0 0.055713
4070.0 0.056702
4090.0 0.060208
4110.0 0.062401
4130.0 0.061543
4150.0 0.060836
4170.0 0.0615
4190.0 0.06279
4210.0 0.060646
4230.0 0.055258
4250.0 0.049534
4270.0 0.045705
4290.0 0.042802
4310.0 0.040127
4330.0 0.041259
4350.0 0.042849
4370.0 0.043276
4390.0 0.044367
4410.0 0.044013
4430.0 0.043507
4450.0 0.044038
4470.0 0.044305
4490.0 0.047692
4510.0 0.049546
4530.0 0.051231
4550.0 0.052919
4570.0 0.055006
4590.0 0.056161
4610.0 0.056912
4630.0 0.05754
4650.0 0.058687
4670.0 0.055019
4690.0 0.050905
4710.0 0.047358
4730.0 0.04587
4750.0 0.04377
4770.0 0.042209
4790.0 0.041299
4810.0 0.040093
4830.0 0.04188
4850.0 0.046036
4870.0 0.034001
4890.0 0.034165
4910.0 0.036837
4930.0 0.038015
4950.0 0.034755
4970.0 0.032228
4990.0 0.03111
5010.0 0.029083
5030.0 0.027506
5050.0 0.028475
5070.0 0.030168
5090.0 0.031109
5110.0 0.033687
5130.0 0.034605
5150.0 0.035943
5170.0 0.037246
5190.0 0.036574
5210.0 0.038248
5230.0 0.039061
5250.0 0.039493
5270.0 0.040056
5290.0 0.039117
5310.0 0.038
5330.0 0.036113
5350.0 0.034282
5370.0 0.032819
5390.0 0.033673
5410.0 0.033435
5430.0 0.033773
5450.0 0.033636
5470.0 0.033106
5490.0 0.032804
5510.0 0.031963
5530.0 0.031215
5550.0 0.030766
5570.0 0.031047
5590.0 0.031365
5610.0 0.031673
5630.0 0.030987
5650.0 0.030409
5670.0 0.0291
5690.0 0.028445
5710.0 0.02754
5730.0 0.027424
5750.0 0.026887
5770.0 0.02593
5790.0 0.026745
5810.0 0.0267
5830.0 0.027431
5850.0 0.027713
5870.0 0.027963
5890.0 0.02746
5910.0 0.027388
5930.0 0.026578
5950.0 0.026837
5970.0 0.026222
5990.0 0.02576
6010.0 0.025735
6030.0 0.026262
6050.0 0.026005
6070.0 0.025405
6090.0 0.025156
6110.0 0.025545
6130.0 0.025197
6150.0 0.024336
6170.0 0.023004
6190.0 0.021596
6210.0 0.020546
6230.0 0.020367
6250.0 0.020556
6270.0 0.021006
6290.0 0.021861
6310.0 0.023309
6330.0 0.023997
6350.0 0.02404
6370.0 0.024206
6390.0 0.024069
6410.0 0.023552
6430.0 0.022906
6450.0 0.022602
6470.0 0.022556
6490.0 0.022401
6510.0 0.022166
6530.0 0.022144
6550.0 0.021927
6570.0 0.02104
6590.0 0.02081
6610.0 0.020611
6630.0 0.019898
6650.0 0.019224
6670.0 0.018686
6690.0 0.018558
6710.0 0.017996
6730.0 0.017702
6750.0 0.017417
6770.0 0.017011
6790.0 0.017118
6810.0 0.016885
6830.0 0.016375
6850.0 0.016189
6870.0 0.016083
6890.0 0.015805
6910.0 0.015691
6930.0 0.015582
6950.0 0.015314
6970.0 0.014978
6990.0 0.014965
7010.0 0.014867
7030.0 0.014966
7050.0 0.014544
7070.0 0.014347
7090.0 0.014399
7110.0 0.013958
7130.0 0.013916
7150.0 0.014063
7170.0 0.014291
7190.0 0.014059
7210.0 0.014115
7230.0 0.014385
7250.0 0.014048
7270.0 0.014231
7290.0 0.014005
7310.0 0.013627
7330.0 0.012968
7350.0 0.013077
7370.0 0.013137
7390.0 0.012851
7410.0 0.012518
7430.0 0.01233
7450.0 0.012184
7470.0 0.012325
7490.0 0.012582
7510.0 0.012347
7530.0 0.011903
7550.0 0.011983
7570.0 0.01101
7590.0 0.010781
7610.0 0.01057
7630.0 0.010741
7650.0 0.010504
7670.0 0.010892
7690.0 0.010448
7710.0 0.011099
7730.0 0.011133
7750.0 0.012171
7770.0 0.012502
7790.0 0.012927
7810.0 0.013484
7830.0 0.013669
7850.0 0.014108
7870.0 0.013828
7890.0 0.013696
7910.0 0.01345
7930.0 0.012979
7950.0 0.012605
7970.0 0.012559
7990.0 0.012426
8010.0 0.011427
8030.0 0.011356
8050.0 0.011139
8070.0 0.011023
8090.0 0.010772
8110.0 0.010855
8130.0 0.010948
8150.0 0.011093
8170.0 0.010966
8190.0 0.011069
8210.0 0.010893
8230.0 0.010294
8250.0 0.010051
8270.0 0.0098738
8290.0 0.0097257
8310.0 0.0094561
8330.0 0.0096024
8350.0 0.0095257
8370.0 0.0094978
8390.0 0.0096727
8410.0 0.0096804
8430.0 0.0098822
8450.0 0.010054
8470.0 0.010099
8490.0 0.010204
8510.0 0.010053
8530.0 0.00975
8550.0 0.0098325
8570.0 0.0098545
8590.0 0.0095942
8610.0 0.0098126
8630.0 0.0097104
8650.0 0.0095063
8670.0 0.0094506
8690.0 0.0094507
8710.0 0.0091135
8730.0 0.0092089
8750.0 0.0088994
8770.0 0.0088316
8790.0 0.0086105
8810.0 0.0085192
8830.0 0.0084525
8850.0 0.0080067
8870.0 0.0075811
8890.0 0.007464
8910.0 0.0070153
8930.0 0.0064774
8950.0 0.0064625
8970.0 0.0062803
8990.0 0.0062459
9010.0 0.0062013
9030.0 0.0061601
9050.0 0.0061163
9070.0 0.0060721
9090.0 0.0060276
9110.0 0.0059828
9130.0 0.005938
9150.0 0.0058935
9170.0 0.0058488
9190.0 0.0058039
9210.0 0.005759
9230.0 0.0057141
9250.0 0.0056692
9270.0 0.0056242
9290.0 0.0055793
9310.0 0.0055344
9330.0 0.0054897
9350.0 0.005445
9370.0 0.0054003
9390.0 0.0053559
9410.0 0.0053115
9430.0 0.0052672
9450.0 0.0052231
9470.0 0.0051819
9490.0 0.0051395
9510.0 0.0050945
9530.0 0.0050501
9550.0 0.0050064
9570.0 0.0049633
9590.0 0.0049205
9610.0 0.004878
9630.0 0.004836
9650.0 0.0047942
9670.0 0.0047526
9690.0 0.0047115
9710.0 0.0046706
9730.0 0.00463
9750.0 0.0045897
9770.0 0.0045499
9790.0 0.0045103
9810.0 0.004471
9830.0 0.0044312
9850.0 0.0043856
9870.0 0.0043471
9890.0 0.0043126
9910.0 0.0042775
9930.0 0.0042358
9950.0 0.0041993
9970.0 0.0041657
9990.0 0.0041312
10010.0 0.0040959
10030.0 0.0040611
10050.0 0.004027
10070.0 0.0039933
10090.0 0.0039601
10110.0 0.0039262
10130.0 0.0038924
10150.0 0.00386
10170.0 0.0038277
10190.0 0.0037952
10210.0 0.0037637
10230.0 0.0037329
10250.0 0.0037017
10270.0 0.003671
10290.0 0.0036413
10310.0 0.0036115
10330.0 0.0035814
10350.0 0.0035526
10370.0 0.0035242
10390.0 0.0034955
10410.0 0.0034672
10430.0 0.00344
10450.0 0.0034129
10470.0 0.0033857
10490.0 0.0033595
10510.0 0.0033337
10530.0 0.0033072
10550.0 0.0032816
10570.0 0.0032568
10590.0 0.003232
10610.0 0.0032071
10630.0 0.0031833
10650.0 0.0031597
10670.0 0.0031357
10690.0 0.0031125
10710.0 0.0030899
10730.0 0.0030671
10750.0 0.0030442
10770.0 0.0030226
10790.0 0.0030011
10810.0 0.0029793
10830.0 0.0029581
10850.0 0.0029378
10870.0 0.0029169
10890.0 0.0028963
10910.0 0.0028769
10930.0 0.0028579
10950.0 0.0028389
10970.0 0.0028212
10990.0 0.0028048
11010.0 0.0028256
11030.0 0.002813
11050.0 0.0028012
11070.0 0.0027894
11090.0 0.0027768
11110.0 0.0027642
11130.0 0.0027511
11150.0 0.0027369
11170.0 0.0027218
11190.0 0.0027068
11210.0 0.0026909
11230.0 0.0026742
11250.0 0.0026579
11270.0 0.002642
11290.0 0.0026256
11310.0 0.0026096
11330.0 0.0025952
11350.0 0.0025811
11370.0 0.0025675
11390.0 0.0025552
11410.0 0.0025439
11430.0 0.0025326
11450.0 0.0025221
11470.0 0.0025125
11490.0 0.002503
11510.0 0.0024931
11530.0 0.0024838
11550.0 0.0024744
11570.0 0.0024643
11590.0 0.0024539
11610.0 0.0024437
11630.0 0.0024326
11650.0 0.0024208
11670.0 0.0024096
11690.0 0.0023983
11710.0 0.0023864
11730.0 0.0023748
11750.0 0.0023641
11770.0 0.002353
11790.0 0.0023419
11810.0 0.0023316
11830.0 0.0023217
11850.0 0.0023112
11870.0 0.0023015
11890.0 0.0022927
11910.0 0.0022839
11930.0 0.0022755
11950.0 0.0022682
11970.0 0.0022616
11990.0 0.0022554
12010.0 0.0022507
12030.0 0.0022473
12050.0 0.002245
12070.0 0.0022441
12090.0 0.0022452
12110.0 0.0022476
12130.0 0.0022515
12150.0 0.002257
12170.0 0.0022639
12190.0 0.0022721
12210.0 0.0022815
12230.0 0.0022918
12250.0 0.0023029
12270.0 0.0023147
12290.0 0.0023268
12310.0 0.002339
12330.0 0.0023514
12350.0 0.0023636
12370.0 0.0023753
12390.0 0.0023866
12410.0 0.0023972
12430.0 0.0024067
12450.0 0.0024151
12470.0 0.0024222
12490.0 0.0024277
12510.0 0.0024317
12530.0 0.0024338
12550.0 0.0024338
12570.0 0.002432
12590.0 0.0024283
12610.0 0.0024221
12630.0 0.0024139
12650.0 0.0024047
12670.0 0.0023933
12690.0 0.0023799
12710.0 0.0023659
12730.0 0.0023511
12750.0 0.0023339
12770.0 0.0023166
12790.0 0.0022996
12810.0 0.0022818
12830.0 0.0022633
12850.0 0.0022461
12870.0 0.0022294
12890.0 0.0022124
12910.0 0.0021964
12930.0 0.0021818
12950.0 0.0021671
12970.0 0.002153
12990.0 0.0021406
13010.0 0.0021289
13030.0 0.0021174
13050.0 0.0021069
13070.0 0.0020974
13090.0 0.0020879
13110.0 0.0020787
13130.0 0.0020704
13150.0 0.0020624
13170.0 0.0020541
13190.0 0.0020466
13210.0 0.0020397
13230.0 0.0020327
13250.0 0.0020258
13270.0 0.0020194
13290.0 0.0020129
13310.0 0.002006
13330.0 0.0019992
13350.0 0.0019924
13370.0 0.0019849
13390.0 0.0019767
13410.0 0.0019688
13430.0 0.0019602
13450.0 0.0019508
13470.0 0.001941
13490.0 0.0019311
13510.0 0.0019199
13530.0 0.0019083
13550.0 0.0018968
13570.0 0.0018846
13590.0 0.0018716
13610.0 0.0018588
13630.0 0.0018459
13650.0 0.0018322
13670.0 0.0018182
13690.0 0.0018046
13710.0 0.0017905
13730.0 0.0017754
13750.0 0.0017612
13770.0 0.0017469
13790.0 0.001732
13810.0 0.0017171
13830.0 0.0017028
13850.0 0.001688
13870.0 0.0016729
13890.0 0.0016582
13910.0 0.0016437
13930.0 0.0016285
13950.0 0.0016135
13970.0 0.0015992
13990.0 0.0015846
14010.0 0.0015697
14030.0 0.0015554
14050.0 0.0015413
14070.0 0.0015265
14090.0 0.0015122
14110.0 0.0014984
14130.0 0.0014845
14150.0 0.0014704
14170.0 0.0014572
14190.0 0.0014441
14210.0 0.0014308
14230.0 0.001418
14250.0 0.0014056
14270.0 0.0013931
14290.0 0.0013805
14310.0 0.0013686
14330.0 0.0013568
14350.0 0.0013449
14370.0 0.0013333
14390.0 0.0013222
14410.0 0.0013109
14430.0 0.0012997
14450.0 0.0012891
14470.0 0.0012785
14490.0 0.0012678
14510.0 0.0012577
14530.0 0.001248
14550.0 0.0012382
14570.0 0.0012286
14590.0 0.0012194
14610.0 0.0012103
14630.0 0.0012011
14650.0 0.0011923
14670.0 0.0011836
14690.0 0.0011749
14710.0 0.0011661
14730.0 0.0011579
14750.0 0.0011496
14770.0 0.0011413
14790.0 0.0011333
14810.0 0.0011256
14830.0 0.0011177
14850.0 0.0011101
14870.0 0.0011029
14890.0 0.0010957
14910.0 0.0010887
14930.0 0.0010819
14950.0 0.0010754
14970.0 0.0010689
14990.0 0.0010625
15010.0 0.0010565
15030.0 0.0010505
15050.0 0.0010445
15070.0 0.0010388
15090.0 0.0010331
15110.0 0.0010274
15130.0 0.0010217
15150.0 0.0010161
15170.0 0.0010104
15190.0 0.0010046
15210.0 0.00099896
15230.0 0.00099328
15250.0 0.00098751
15270.0 0.00098174
15290.0 0.00097607
15310.0 0.00097033
15330.0 0.00096455
15350.0 0.00095883
15370.0 0.00095312
15390.0 0.00094729
15410.0 0.00094153
15430.0 0.00093581
15450.0 0.00093004
15470.0 0.00092423
15490.0 0.00091852
15510.0 0.00091281
15530.0 0.00090703
15550.0 0.00090129
15570.0 0.00089561
15590.0 0.00088985
15610.0 0.00088407
15630.0 0.0008784
15650.0 0.00087272
15670.0 0.00086698
15690.0 0.0008613
15710.0 0.00085569
15730.0 0.00085001
15750.0 0.00084433
15770.0 0.00083873
15790.0 0.00083313
15810.0 0.00082745
15830.0 0.00082187
15850.0 0.00081634
15870.0 0.00081077
15890.0 0.0008052
15910.0 0.00079973
15930.0 0.00079423
15950.0 0.00078869
15970.0 0.00078323
15990.0 0.00077782
16010.0 0.00077236
16030.0 0.00076691
16050.0 0.00076158
16070.0 0.00075623
16090.0 0.00075085
16110.0 0.00074555
16130.0 0.0007403
16150.0 0.00073496
16170.0 0.00072969
16190.0 0.0007245
16210.0 0.0007193
16230.0 0.00071408
16250.0 0.00070894
16270.0 0.00070386
16290.0 0.00069873
16310.0 0.00069364
16330.0 0.00068863
16350.0 0.0006836
16370.0 0.00067853
16390.0 0.0006736
16410.0 0.00066868
16430.0 0.00066374
16450.0 0.00065885
16470.0 0.00065404
16490.0 0.0006492
16510.0 0.00064436
16530.0 0.00063961
16550.0 0.00063489
16570.0 0.00063013
16590.0 0.00062543
16610.0 0.00062082
16630.0 0.00061619
16650.0 0.00061157
16670.0 0.00060704
16690.0 0.00060253
16710.0 0.00059797
16730.0 0.0005935
16750.0 0.00058909
16770.0 0.00058466
16790.0 0.00058024
16810.0 0.00057593
16830.0 0.00057163
16850.0 0.00056732
16870.0 0.00056306
16890.0 0.00055888
16910.0 0.00055466
16930.0 0.00055046
16950.0 0.00054636
16970.0 0.00054228
16990.0 0.00053818
17010.0 0.00053415
17030.0 0.0005302
17050.0 0.0005262
17070.0 0.00052225
17090.0 0.00051837
17110.0 0.0005145
17130.0 0.00051061
17150.0 0.00050681
17170.0 0.00050307
17190.0 0.00049931
17210.0 0.00049558
17230.0 0.00049194
17250.0 0.0004883
17270.0 0.00048464
17290.0 0.00048107
17310.0 0.00047755
17330.0 0.00047401
17350.0 0.00047049
17370.0 0.00046708
17390.0 0.00046367
17410.0 0.00046025
17430.0 0.00045691
17450.0 0.00045362
17470.0 0.00045029
17490.0 0.00044701
17510.0 0.00044381
17530.0 0.00044062
17550.0 0.00043743
17570.0 0.00043432
17590.0 0.00043125
17610.0 0.00042815
17630.0 0.00042511
17650.0 0.00042214
17670.0 0.00041916
17690.0 0.00041617
17710.0 0.00041329
17730.0 0.00041043
17750.0 0.00040757
17770.0 0.00040475
17790.0 0.00040201
17810.0 0.00039925
17830.0 0.0003965
17850.0 0.00039383
17870.0 0.00039119
17890.0 0.00038853
17910.0 0.00038592
17930.0 0.0003834
17950.0 0.00038086
17970.0 0.00037834
17990.0 0.00037589
18010.0 0.00037347
18030.0 0.00037102
18050.0 0.00036863
18070.0 0.00036631
18090.0 0.00036398
18110.0 0.00036166
18130.0 0.00035943
18150.0 0.00035721
18170.0 0.00035499
18190.0 0.00035282
18210.0 0.00035071
18230.0 0.00034857
18250.0 0.00034646
18270.0 0.00034443
18290.0 0.00034242
18310.0 0.0003404
18330.0 0.00033843
18350.0 0.00033653
18370.0 0.00033459
18390.0 0.0003327
18410.0 0.00033086
18430.0 0.00032904
18450.0 0.0003272
18470.0 0.00032544
18490.0 0.00032372
18510.0 0.00032199
18530.0 0.00032029
18550.0 0.00031866
18570.0 0.00031702
18590.0 0.00031538
18610.0 0.00031381
18630.0 0.00031227
18650.0 0.00031072
18670.0 0.00030919
18690.0 0.00030775
18710.0 0.0003063
18730.0 0.00030485
18750.0 0.00030346
18770.0 0.00030211
18790.0 0.00030071
18810.0 0.00029937
18830.0 0.00029809
18850.0 0.00029681
18870.0 0.00029553
18890.0 0.00029432
18910.0 0.00029313
18930.0 0.00029192
18950.0 0.00029075
18970.0 0.00028964
18990.0 0.00028852
19010.0 0.00028738
19030.0 0.00028633
19050.0 0.00028529
19070.0 0.00028425
19090.0 0.00028324
19110.0 0.00028229
19130.0 0.0002813
19150.0 0.00028034
19170.0 0.00027943
19190.0 0.00027853
19210.0 0.00027762
19230.0 0.00027675
19250.0 0.00027593
19270.0 0.0002751
19290.0 0.00027428
19310.0 0.00027351
19330.0 0.00027275
19350.0 0.00027196
19370.0 0.00027123
19390.0 0.00027053
19410.0 0.00026982
19430.0 0.00026911
19450.0 0.00026847
19470.0 0.00026783
19490.0 0.00026718
19510.0 0.00026656
19530.0 0.00026598
19550.0 0.00026537
19570.0 0.00026477
19590.0 0.00026423
19610.0 0.0002637
19630.0 0.00026314
19650.0 0.00026263
19670.0 0.00026216
19690.0 0.00026164
19710.0 0.00026115
19730.0 0.0002607
19750.0 0.00026025
19770.0 0.00025977
19790.0 0.00025935
19810.0 0.00025895
19830.0 0.00025852
19850.0 0.00025811
19870.0 0.00025776
19890.0 0.00025737
19910.0 0.00025696
19930.0 0.0002566
19950.0 0.00025626
19970.0 0.00025587
19990.0 0.00025549
20010.0 0.00025515
20030.0 0.00025476
20050.0 0.00025432
20070.0 0.00025389
20090.0 0.00025345
20110.0 0.0002529
20130.0 0.00025236
20150.0 0.00025185
20170.0 0.00025128
20190.0 0.00025067
20210.0 0.00025013
20230.0 0.00024959
20250.0 0.000249
20270.0 0.00024846
20290.0 0.00024798
20310.0 0.0002475
20330.0 0.00024702
20350.0 0.00024666
20370.0 0.00024634
20390.0 0.00024604
20410.0 0.00024581
20430.0 0.00024569
20450.0 0.00024556
20470.0 0.00024551
20490.0 0.00024556
20510.0 0.00024568
20530.0 0.00024585
20550.0 0.00024612
20570.0 0.0002465
20590.0 0.00024694
20610.0 0.00024748
20630.0 0.00024812
20650.0 0.00024885
20670.0 0.00024967
20690.0 0.00025058
20710.0 0.00025158
20730.0 0.00025264
20750.0 0.00025377
20770.0 0.00025494
20790.0 0.00025615
20810.0 0.00025737
20830.0 0.00025858
20850.0 0.00025977
20870.0 0.00026091
20890.0 0.00026199
20910.0 0.00026298
20930.0 0.00026387
20950.0 0.00026465
20970.0 0.00026531
20990.0 0.00026585
21010.0 0.00026623
21030.0 0.00026647
21050.0 0.00026661
21070.0 0.00026661
21090.0 0.00026644
21110.0 0.00026623
21130.0 0.00026593
21150.0 0.00026551
21170.0 0.00026502
21190.0 0.00026454
21210.0 0.00026396
21230.0 0.00026332
21250.0 0.00026274
21270.0 0.00026215
21290.0 0.0002615
21310.0 0.00026088
21330.0 0.00026033
21350.0 0.00025974
21370.0 0.00025913
21390.0 0.00025857
21410.0 0.00025802
21430.0 0.00025737
21450.0 0.00025676
21470.0 0.00025617
21490.0 0.00025551
21510.0 0.00025479
21530.0 0.00025411
21550.0 0.00025338
21570.0 0.00025255
21590.0 0.00025172
21610.0 0.0002509
21630.0 0.00024999
21650.0 0.000249
21670.0 0.00024812
21690.0 0.00024718
21710.0 0.00024618
21730.0 0.00024521
21750.0 0.00024429
21770.0 0.00024327
21790.0 0.00024227
21810.0 0.00024133
21830.0 0.00024038
21850.0 0.00023938
21870.0 0.00023844
21890.0 0.00023755
21910.0 0.00023659
21930.0 0.00023563
21950.0 0.00023473
21970.0 0.00023379
21990.0 0.00023275
22010.0 0.00023178
22030.0 0.0002308
22050.0 0.00022974
22070.0 0.00022864
22090.0 0.00022759
22110.0 0.00022645
22130.0 0.00022523
22150.0 0.00022402
22170.0 0.0002228
22190.0 0.00022147
22210.0 0.0002201
22230.0 0.0002188
22250.0 0.00021743
22270.0 0.00021601
22290.0 0.00021463
22310.0 0.00021326
22330.0 0.0002118
22350.0 0.00021037
22370.0 0.00020901
22390.0 0.00020761
22410.0 0.00020618
22430.0 0.00020486
22450.0 0.00020357
22470.0 0.00020226
22490.0 0.00020099
22510.0 0.00019982
22530.0 0.00019863
22550.0 0.00019745
22570.0 0.00019638
22590.0 0.00019536
22610.0 0.00019434
22630.0 0.00019338
22650.0 0.00019252
22670.0 0.00019166
22690.0 0.00019083
22710.0 0.00019008
22730.0 0.00018936
22750.0 0.00018862
22770.0 0.00018796
22790.0 0.00018736
22810.0 0.00018676
22830.0 0.00018618
22850.0 0.00018568
22870.0 0.00018519
22890.0 0.00018473
22910.0 0.00018432
22930.0 0.00018396
22950.0 0.00018364
22970.0 0.00018335
22990.0 0.00018316
23010.0 0.00018301
23030.0 0.00018292
23050.0 0.0001829
23070.0 0.00018296
23090.0 0.0001831
23110.0 0.00018332
23130.0 0.00018362
23150.0 0.00018401
23170.0 0.0001845
23190.0 0.00018506
23210.0 0.00018569
23230.0 0.00018642
23250.0 0.00018722
23270.0 0.00018805
23290.0 0.00018894
23310.0 0.00018991
23330.0 0.00019084
23350.0 0.00019177
23370.0 0.00019272
23390.0 0.00019364
23410.0 0.00019447
23430.0 0.00019529
23450.0 0.00019569
23470.0 0.0001959
23490.0 0.00019604
23510.0 0.00019614
23530.0 0.00019619
23550.0 0.00019617
23570.0 0.00019617
23590.0 0.00019622
23610.0 0.00019629
23630.0 0.00019643
23650.0 0.00019671
23670.0 0.00019709
23690.0 0.00019754
23710.0 0.00019815
23730.0 0.00019891
23750.0 0.00019969
23770.0 0.00020057
23790.0 0.0002016
23810.0 0.00020269
23830.0 0.00020382
23850.0 0.00020513
23870.0 0.00020661
23890.0 0.00020812
23910.0 0.00020977
23930.0 0.00021168
23950.0 0.00021368
23970.0 0.00021569
23990.0 0.00021791
24010.0 0.00022022
24030.0 0.0002224
24050.0 0.00022453
24070.0 0.00022672
24090.0 0.00022858
24110.0 0.00023015
24130.0 0.00023155
24150.0 0.00023269
24170.0 0.00023345
24190.0 0.00023397
24210.0 0.00023429
24230.0 0.00023432
24250.0 0.00023411
24270.0 0.00023376
24290.0 0.00023327
24310.0 0.00023258
24330.0 0.00023181
24350.0 0.00023097
24370.0 0.00023004
24390.0 0.00022904
24410.0 0.00022802
24430.0 0.00022695
24450.0 0.00022585
24470.0 0.00022472
24490.0 0.0002236
24510.0 0.00022244
24530.0 0.00022127
24550.0 0.0002201
24570.0 0.00021892
24590.0 0.00021772
24610.0 0.00021651
24630.0 0.00021533
24650.0 0.00021411
24670.0 0.0002129
24690.0 0.00021173
24710.0 0.00021058
24730.0 0.00020945
24750.0 0.00020839
24770.0 0.00020739
24790.0 0.00020637
24810.0 0.00020527
24830.0 0.0002039
24850.0 0.00020175
24870.0 0.00019818
24890.0 0.00019206
24910.0 0.00018181
24930.0 0.00016671
24950.0 0.0001459
24970.0 0.00011714
24990.0 8.966e-05
