#lamb flux
1010.0 3.5372e-06
1030.0 3.7697e-06
1050.0 4.2379e-06
1070.0 4.7629e-06
1090.0 5.3119e-06
1110.0 5.8763e-06
1130.0 6.4437e-06
1150.0 7.0371e-06
1170.0 7.6439e-06
1190.0 8.205e-06
1210.0 8.7582e-06
1230.0 9.3106e-06
1250.0 9.8345e-06
1270.0 1.0312e-05
1290.0 1.079e-05
1310.0 1.1235e-05
1330.0 1.1625e-05
1350.0 1.1997e-05
1370.0 1.2369e-05
1390.0 1.2716e-05
1410.0 1.3047e-05
1430.0 1.3413e-05
1450.0 1.38e-05
1470.0 1.4201e-05
1490.0 1.4651e-05
1510.0 1.5182e-05
1530.0 1.5746e-05
1550.0 1.6372e-05
1570.0 1.7091e-05
1590.0 1.7892e-05
1610.0 1.8759e-05
1630.0 1.9749e-05
1650.0 2.0845e-05
1670.0 2.2017e-05
1690.0 2.327e-05
1710.0 2.4633e-05
1730.0 2.608e-05
1750.0 2.7556e-05
1770.0 2.9106e-05
1790.0 3.0712e-05
1810.0 3.2318e-05
1830.0 3.3912e-05
1850.0 3.553e-05
1870.0 3.7084e-05
1890.0 3.8542e-05
1910.0 3.9921e-05
1930.0 4.1202e-05
1950.0 4.2306e-05
1970.0 4.3242e-05
1990.0 4.4035e-05
2010.0 4.4631e-05
2030.0 4.5008e-05
2050.0 4.5219e-05
2070.0 4.5263e-05
2090.0 4.5083e-05
2110.0 4.4738e-05
2130.0 4.4266e-05
2150.0 4.3651e-05
2170.0 4.2902e-05
2190.0 4.2094e-05
2210.0 4.123e-05
2230.0 4.0305e-05
2250.0 3.9364e-05
2270.0 3.8455e-05
2290.0 3.7552e-05
2310.0 3.6672e-05
2330.0 3.5866e-05
2350.0 3.5136e-05
2370.0 3.447e-05
2390.0 3.3905e-05
2410.0 3.3474e-05
2430.0 3.3155e-05
2450.0 3.2967e-05
2470.0 3.2955e-05
2490.0 3.3138e-05
2510.0 3.349e-05
2530.0 3.4115e-05
2550.0 3.5155e-05
2570.0 3.6725e-05
2590.0 3.8999e-05
2610.0 4.2517e-05
2630.0 4.7415e-05
2650.0 5.3521e-05
2670.0 6.1002e-05
2690.0 6.9721e-05
2710.0 7.8681e-05
2730.0 8.7374e-05
2750.0 9.593e-05
2770.0 0.00010369
2790.0 0.00011053
2810.0 0.00011694
2830.0 0.00012334
2850.0 0.0001296
2870.0 0.00013616
2890.0 0.00014334
2910.0 0.00015109
2930.0 0.00015921
2950.0 0.00016809
2970.0 0.00017769
2990.0 0.00018771
3010.0 0.00022467
3030.0 0.00023753
3050.0 0.00025094
3070.0 0.00026431
3090.0 0.00027783
3110.0 0.00029076
3130.0 0.00030207
3150.0 0.00031132
3170.0 0.0003172
3190.0 0.00032726
3210.0 0.00036095
3230.0 0.00041307
3250.0 0.00043473
3270.0 0.00041192
3290.0 0.00037571
3310.0 0.00035682
3330.0 0.00034909
3350.0 0.00034851
3370.0 0.00035035
3390.0 0.00035465
3410.0 0.00035689
3430.0 0.00034574
3450.0 0.00034176
3470.0 0.00034066
3490.0 0.00038141
3510.0 0.00050221
3530.0 0.00062308
3550.0 0.00070998
3570.0 0.00079245
3590.0 0.00084008
3610.0 0.00083461
3630.0 0.0008196
3650.0 0.00086161
3670.0 0.00098334
3690.0 0.0011318
3710.0 0.0012628
3730.0 0.001372
3750.0 0.0014691
3770.0 0.0014515
3790.0 0.0013508
3810.0 0.00125
3830.0 0.0011523
3850.0 0.0011126
3870.0 0.0011657
3890.0 0.0012802
3910.0 0.0013975
3930.0 0.0015246
3950.0 0.0017099
3970.0 0.0018439
3990.0 0.0017871
4010.0 0.0016219
4030.0 0.0014251
4050.0 0.0013052
4070.0 0.0012537
4090.0 0.0012286
4110.0 0.0012455
4130.0 0.0012469
4150.0 0.0012524
4170.0 0.0013046
4190.0 0.0013924
4210.0 0.0013909
4230.0 0.0013707
4250.0 0.0013743
4270.0 0.0014141
4290.0 0.0014879
4310.0 0.001558
4330.0 0.0015168
4350.0 0.0013834
4370.0 0.0012523
4390.0 0.001122
4410.0 0.00099199
4430.0 0.00094056
4450.0 0.00095959
4470.0 0.0010002
4490.0 0.0010695
4510.0 0.0012204
4530.0 0.0015332
4550.0 0.0019979
4570.0 0.002335
4590.0 0.0025767
4610.0 0.00293
4630.0 0.0032008
4650.0 0.0030987
4670.0 0.0027086
4690.0 0.002299
4710.0 0.0020162
4730.0 0.0018323
4750.0 0.0016525
4770.0 0.0015182
4790.0 0.0015633
4810.0 0.0016868
4830.0 0.001736
4850.0 0.001698
4870.0 0.0017396
4890.0 0.0018596
4910.0 0.0019689
4930.0 0.0020396
4950.0 0.0020518
4970.0 0.0019693
4990.0 0.0017975
5010.0 0.001609
5030.0 0.0014514
5050.0 0.0013468
5070.0 0.0012759
5090.0 0.001221
5110.0 0.0012043
5130.0 0.0012038
5150.0 0.0012238
5170.0 0.001314
5190.0 0.0014598
5210.0 0.0016458
5230.0 0.0018057
5250.0 0.0019391
5270.0 0.0020886
5290.0 0.0022439
5310.0 0.0023349
5330.0 0.0023317
5350.0 0.0022678
5370.0 0.0022472
5390.0 0.0023247
5410.0 0.0024786
5430.0 0.0026387
5450.0 0.0027714
5470.0 0.0028514
5490.0 0.0028513
5510.0 0.0028125
5530.0 0.0027719
5550.0 0.0027319
5570.0 0.0026726
5590.0 0.0026028
5610.0 0.0025183
5630.0 0.0023916
5650.0 0.0022181
5670.0 0.0020598
5690.0 0.0019652
5710.0 0.001911
5730.0 0.0018476
5750.0 0.0018036
5770.0 0.0017944
5790.0 0.0018056
5810.0 0.0017992
5830.0 0.001796
5850.0 0.0017929
5870.0 0.0017502
5890.0 0.0016991
5910.0 0.0016366
5930.0 0.0015109
5950.0 0.0013642
5970.0 0.0012595
5990.0 0.001208
6010.0 0.0011782
6030.0 0.0011388
6050.0 0.0011189
6070.0 0.0011637
6090.0 0.0012296
6110.0 0.0012617
6130.0 0.0012511
6150.0 0.0012268
6170.0 0.0012136
6190.0 0.0011992
6210.0 0.0011581
6230.0 0.0010801
6250.0 0.0010044
6270.0 0.00095934
6290.0 0.00093018
6310.0 0.00095097
6330.0 0.0010311
6350.0 0.0011319
6370.0 0.0012043
6390.0 0.0012628
6410.0 0.0013326
6430.0 0.0013861
6450.0 0.0014237
6470.0 0.0014602
6490.0 0.0014962
6510.0 0.0015215
6530.0 0.0015317
6550.0 0.0015404
6570.0 0.0015193
6590.0 0.0014637
6610.0 0.0014097
6630.0 0.0013629
6650.0 0.001302
6670.0 0.0012301
6690.0 0.0011741
6710.0 0.0011407
6730.0 0.0011072
6750.0 0.0010826
6770.0 0.0010818
6790.0 0.0010826
6810.0 0.0010642
6830.0 0.0010428
6850.0 0.0010492
6870.0 0.0010548
6890.0 0.0010366
6910.0 0.001027
6930.0 0.0010212
6950.0 0.0010027
6970.0 0.00097577
6990.0 0.00094821
7010.0 0.00092457
7030.0 0.00089517
7050.0 0.00084366
7070.0 0.00078833
7090.0 0.00077789
7110.0 0.00080633
7130.0 0.00083744
7150.0 0.00085987
7170.0 0.00088532
7190.0 0.00090669
7210.0 0.00090328
7230.0 0.0009021
7250.0 0.00091854
7270.0 0.00091057
7290.0 0.0008923
7310.0 0.00089285
7330.0 0.00091946
7350.0 0.0009592
7370.0 0.00098472
7390.0 0.0010023
7410.0 0.0010202
7430.0 0.0010206
7450.0 0.0010057
7470.0 0.00098702
7490.0 0.00094697
7510.0 0.00090717
7530.0 0.00089659
7550.0 0.00088659
7570.0 0.00087714
7590.0 0.00088035
7610.0 0.0008812
7630.0 0.0008869
7650.0 0.00092162
7670.0 0.00096973
7690.0 0.0010156
7710.0 0.0010495
7730.0 0.0010803
7750.0 0.0011113
7770.0 0.0011408
7790.0 0.0011672
7810.0 0.0011766
7830.0 0.0011512
7850.0 0.0011106
7870.0 0.001069
7890.0 0.0010319
7910.0 0.0010177
7930.0 0.001002
7950.0 0.00098029
7970.0 0.00095529
7990.0 0.00094285
8010.0 0.00088633
8030.0 0.00088211
8050.0 0.00087623
8070.0 0.00086461
8090.0 0.00085418
8110.0 0.0008505
8130.0 0.00085254
8150.0 0.00084797
8170.0 0.00083877
8190.0 0.00081451
8210.0 0.00077171
8230.0 0.00073174
8250.0 0.00071329
8270.0 0.00068474
8290.0 0.00063129
8310.0 0.0005788
8330.0 0.000545
8350.0 0.0005282
8370.0 0.00054479
8390.0 0.00058717
8410.0 0.00062688
8430.0 0.00066633
8450.0 0.00071718
8470.0 0.00076228
8490.0 0.00081175
8510.0 0.00086105
8530.0 0.00090941
8550.0 0.00094829
8570.0 0.00097698
8590.0 0.00099939
8610.0 0.0010216
8630.0 0.0010264
8650.0 0.001008
8670.0 0.00101
8690.0 0.0010457
8710.0 0.001092
8730.0 0.0011068
8750.0 0.0010901
8770.0 0.0010906
8790.0 0.0010896
8810.0 0.0010593
8830.0 0.00098282
8850.0 0.00088857
8870.0 0.00081993
8890.0 0.00079409
8910.0 0.00076509
8930.0 0.00071264
8950.0 0.00066703
8970.0 0.00065253
8990.0 0.00065955
9010.0 0.00065825
9030.0 0.00065092
9050.0 0.00064563
9070.0 0.00064208
9090.0 0.00063881
9110.0 0.00063559
9130.0 0.00063239
9150.0 0.00062924
9170.0 0.00062607
9190.0 0.00062307
9210.0 0.00062031
9230.0 0.0006171
9250.0 0.000614
9270.0 0.00061096
9290.0 0.00060798
9310.0 0.00060504
9330.0 0.00060213
9350.0 0.00059927
9370.0 0.00059643
9390.0 0.00059361
9410.0 0.00059082
9430.0 0.00058796
9450.0 0.00058457
9470.0 0.0005814
9490.0 0.0005793
9510.0 0.00057691
9530.0 0.00057451
9550.0 0.00057198
9570.0 0.00056944
9590.0 0.00056693
9610.0 0.00056441
9630.0 0.00056187
9650.0 0.00055935
9670.0 0.00055692
9690.0 0.00055444
9710.0 0.00055197
9730.0 0.00054957
9750.0 0.00054716
9770.0 0.0005447
9790.0 0.0005423
9810.0 0.00053995
9830.0 0.00053755
9850.0 0.00053508
9870.0 0.00053278
9890.0 0.00053046
9910.0 0.0005281
9930.0 0.00052577
9950.0 0.00052294
9970.0 0.00052073
9990.0 0.00051845
10010.0 0.00051614
10030.0 0.00051381
10050.0 0.00051154
10070.0 0.00050928
10090.0 0.00050702
10110.0 0.00050447
10130.0 0.00050103
10150.0 0.00049885
10170.0 0.00049686
10190.0 0.00049459
10210.0 0.00049238
10230.0 0.00049013
10250.0 0.00048766
10270.0 0.00048518
10290.0 0.00048281
10310.0 0.00048027
10330.0 0.00047759
10350.0 0.00047507
10370.0 0.00047254
10390.0 0.00046984
10410.0 0.00046715
10430.0 0.00046461
10450.0 0.00046189
10470.0 0.00045907
10490.0 0.00045635
10510.0 0.00045363
10530.0 0.00045064
10550.0 0.00044772
10570.0 0.00044493
10590.0 0.00044196
10610.0 0.00043889
10630.0 0.00043596
10650.0 0.00043297
10670.0 0.00042975
10690.0 0.00042659
10710.0 0.00042349
10730.0 0.00042022
10750.0 0.00041678
10770.0 0.00041358
10790.0 0.00041028
10810.0 0.00040679
10830.0 0.00040334
10850.0 0.0004
10870.0 0.00039634
10890.0 0.00039266
10910.0 0.00038911
10930.0 0.00038549
10950.0 0.00038167
10970.0 0.00037795
10990.0 0.00037438
11010.0 0.00036824
11030.0 0.00036424
11050.0 0.00036048
11070.0 0.00035679
11090.0 0.00035297
11110.0 0.00034951
11130.0 0.00034622
11150.0 0.00034295
11170.0 0.00033982
11190.0 0.00033699
11210.0 0.00033424
11230.0 0.00033157
11250.0 0.00032916
11270.0 0.00032695
11290.0 0.0003248
11310.0 0.0003228
11330.0 0.00032106
11350.0 0.00031937
11370.0 0.00031772
11390.0 0.00031618
11410.0 0.00031468
11430.0 0.00031307
11450.0 0.00031144
11470.0 0.00030976
11490.0 0.00030793
11510.0 0.00030588
11530.0 0.00030376
11550.0 0.00030148
11570.0 0.00029891
11590.0 0.00029617
11610.0 0.00029334
11630.0 0.00029021
11650.0 0.0002868
11670.0 0.00028336
11690.0 0.00027973
11710.0 0.00027581
11730.0 0.00027173
11750.0 0.00026764
11770.0 0.00026323
11790.0 0.00025857
11810.0 0.0002539
11830.0 0.00024909
11850.0 0.0002439
11870.0 0.00023873
11890.0 0.00023366
11910.0 0.00022839
11930.0 0.00022307
11950.0 0.00021799
11970.0 0.00021295
11990.0 0.00020783
12010.0 0.000203
12030.0 0.00019845
12050.0 0.00019398
12070.0 0.00018966
12090.0 0.00018583
12110.0 0.00018218
12130.0 0.0001787
12150.0 0.00017557
12170.0 0.0001728
12190.0 0.00017018
12210.0 0.00016789
12230.0 0.00016599
12250.0 0.00016438
12270.0 0.00016306
12290.0 0.00016209
12310.0 0.00016141
12330.0 0.000161
12350.0 0.00016086
12370.0 0.00016093
12390.0 0.00016119
12410.0 0.00016166
12430.0 0.0001622
12450.0 0.00016283
12470.0 0.00016355
12490.0 0.00016431
12510.0 0.00016502
12530.0 0.00016576
12550.0 0.00016649
12570.0 0.00016713
12590.0 0.00016768
12610.0 0.00016818
12630.0 0.00016854
12650.0 0.00016871
12670.0 0.00016872
12690.0 0.00016855
12710.0 0.00016814
12730.0 0.00016753
12750.0 0.00016666
12770.0 0.00016555
12790.0 0.00016424
12810.0 0.0001627
12830.0 0.00016094
12850.0 0.00015908
12870.0 0.00015711
12890.0 0.000155
12910.0 0.00015285
12930.0 0.00015074
12950.0 0.00014858
12970.0 0.00014642
12990.0 0.0001444
13010.0 0.00014244
13030.0 0.00014052
13050.0 0.0001387
13070.0 0.00013701
13090.0 0.00013535
13110.0 0.00013375
13130.0 0.00013228
13150.0 0.00013087
13170.0 0.00012947
13190.0 0.00012819
13210.0 0.00012699
13230.0 0.00012582
13250.0 0.00012471
13270.0 0.00012368
13290.0 0.00012269
13310.0 0.00012171
13330.0 0.00012079
13350.0 0.00011991
13370.0 0.00011902
13390.0 0.00011813
13410.0 0.00011727
13430.0 0.00011638
13450.0 0.00011546
13470.0 0.00011453
13490.0 0.00011358
13510.0 0.00011256
13530.0 0.0001115
13550.0 0.00011044
13570.0 0.00010933
13590.0 0.00010817
13610.0 0.00010701
13630.0 0.00010586
13650.0 0.00010465
13670.0 0.00010343
13690.0 0.00010226
13710.0 0.00010106
13730.0 9.9828e-05
13750.0 9.8664e-05
13770.0 9.752e-05
13790.0 9.636e-05
13810.0 9.5223e-05
13830.0 9.415e-05
13850.0 9.3069e-05
13870.0 9.1997e-05
13890.0 9.0991e-05
13910.0 9.0029e-05
13930.0 8.9075e-05
13950.0 8.8173e-05
13970.0 8.7359e-05
13990.0 8.6572e-05
14010.0 8.5824e-05
14030.0 8.5148e-05
14050.0 8.4521e-05
14070.0 8.3908e-05
14090.0 8.3351e-05
14110.0 8.2841e-05
14130.0 8.2351e-05
14150.0 8.1878e-05
14170.0 8.1447e-05
14190.0 8.1034e-05
14210.0 8.0624e-05
14230.0 8.0235e-05
14250.0 7.9868e-05
14270.0 7.9498e-05
14290.0 7.9132e-05
14310.0 7.8791e-05
14330.0 7.8455e-05
14350.0 7.8115e-05
14370.0 7.7786e-05
14390.0 7.7474e-05
14410.0 7.7154e-05
14430.0 7.6836e-05
14450.0 7.6535e-05
14470.0 7.6237e-05
14490.0 7.5928e-05
14510.0 7.5635e-05
14530.0 7.5353e-05
14550.0 7.506e-05
14570.0 7.4762e-05
14590.0 7.4474e-05
14610.0 7.4174e-05
14630.0 7.3855e-05
14650.0 7.3546e-05
14670.0 7.325e-05
14690.0 7.2959e-05
14710.0 7.2699e-05
14730.0 7.2509e-05
14750.0 7.2387e-05
14770.0 7.2364e-05
14790.0 7.2471e-05
14810.0 7.272e-05
14830.0 7.3162e-05
14850.0 7.3801e-05
14870.0 7.4613e-05
14890.0 7.5621e-05
14910.0 7.6823e-05
14930.0 7.81e-05
14950.0 7.9396e-05
14970.0 8.0715e-05
14990.0 8.1919e-05
15010.0 8.2935e-05
15030.0 8.3785e-05
15050.0 8.4466e-05
15070.0 8.4951e-05
15090.0 8.5317e-05
15110.0 8.5602e-05
15130.0 8.5833e-05
15150.0 8.6036e-05
15170.0 8.6227e-05
15190.0 8.6414e-05
15210.0 8.6602e-05
15230.0 8.6794e-05
15250.0 8.6988e-05
15270.0 8.7187e-05
15290.0 8.7391e-05
15310.0 8.7598e-05
15330.0 8.7809e-05
15350.0 8.8024e-05
15370.0 8.8244e-05
15390.0 8.8466e-05
15410.0 8.8693e-05
15430.0 8.8924e-05
15450.0 8.9158e-05
15470.0 8.9396e-05
15490.0 8.9638e-05
15510.0 8.9884e-05
15530.0 9.0132e-05
15550.0 9.0385e-05
15570.0 9.0641e-05
15590.0 9.09e-05
15610.0 9.1162e-05
15630.0 9.1427e-05
15650.0 9.1696e-05
15670.0 9.1968e-05
15690.0 9.2243e-05
15710.0 9.2521e-05
15730.0 9.2802e-05
15750.0 9.3085e-05
15770.0 9.3372e-05
15790.0 9.3661e-05
15810.0 9.3952e-05
15830.0 9.4247e-05
15850.0 9.4544e-05
15870.0 9.4842e-05
15890.0 9.5144e-05
15910.0 9.5447e-05
15930.0 9.5753e-05
15950.0 9.606e-05
15970.0 9.637e-05
15990.0 9.6681e-05
16010.0 9.6994e-05
16030.0 9.7309e-05
16050.0 9.7626e-05
16070.0 9.7943e-05
16090.0 9.8262e-05
16110.0 9.8583e-05
16130.0 9.8905e-05
16150.0 9.9227e-05
16170.0 9.9551e-05
16190.0 9.9875e-05
16210.0 0.0001002
16230.0 0.00010053
16250.0 0.00010085
16270.0 0.00010118
16290.0 0.00010151
16310.0 0.00010183
16330.0 0.00010216
16350.0 0.00010249
16370.0 0.00010282
16390.0 0.00010314
16410.0 0.00010347
16430.0 0.0001038
16450.0 0.00010412
16470.0 0.00010445
16490.0 0.00010477
16510.0 0.00010509
16530.0 0.00010542
16550.0 0.00010574
16570.0 0.00010606
16590.0 0.00010637
16610.0 0.00010669
16630.0 0.00010701
16650.0 0.00010732
16670.0 0.00010763
16690.0 0.00010794
16710.0 0.00010825
16730.0 0.00010855
16750.0 0.00010885
16770.0 0.00010915
16790.0 0.00010945
16810.0 0.00010974
16830.0 0.00011003
16850.0 0.00011032
16870.0 0.00011061
16890.0 0.00011089
16910.0 0.00011117
16930.0 0.00011144
16950.0 0.00011171
16970.0 0.00011198
16990.0 0.00011224
17010.0 0.0001125
17030.0 0.00011276
17050.0 0.00011301
17070.0 0.00011325
17090.0 0.0001135
17110.0 0.00011373
17130.0 0.00011397
17150.0 0.00011419
17170.0 0.00011442
17190.0 0.00011463
17210.0 0.00011485
17230.0 0.00011506
17250.0 0.00011526
17270.0 0.00011545
17290.0 0.00011565
17310.0 0.00011583
17330.0 0.00011601
17350.0 0.00011619
17370.0 0.00011636
17390.0 0.00011652
17410.0 0.00011667
17430.0 0.00011683
17450.0 0.00011697
17470.0 0.00011711
17490.0 0.00011724
17510.0 0.00011736
17530.0 0.00011748
17550.0 0.00011759
17570.0 0.0001177
17590.0 0.0001178
17610.0 0.00011789
17630.0 0.00011798
17650.0 0.00011805
17670.0 0.00011813
17690.0 0.00011819
17710.0 0.00011825
17730.0 0.0001183
17750.0 0.00011834
17770.0 0.00011838
17790.0 0.00011841
17810.0 0.00011843
17830.0 0.00011844
17850.0 0.00011845
17870.0 0.00011845
17890.0 0.00011844
17910.0 0.00011842
17930.0 0.0001184
17950.0 0.00011837
17970.0 0.00011833
17990.0 0.00011829
18010.0 0.00011824
18030.0 0.00011818
18050.0 0.00011811
18070.0 0.00011804
18090.0 0.00011796
18110.0 0.00011787
18130.0 0.00011777
18150.0 0.00011767
18170.0 0.00011755
18190.0 0.00011744
18210.0 0.00011731
18230.0 0.00011718
18250.0 0.00011704
18270.0 0.00011689
18290.0 0.00011673
18310.0 0.00011657
18330.0 0.0001164
18350.0 0.00011622
18370.0 0.00011604
18390.0 0.00011585
18410.0 0.00011565
18430.0 0.00011545
18450.0 0.00011524
18470.0 0.00011502
18490.0 0.00011479
18510.0 0.00011456
18530.0 0.00011432
18550.0 0.00011408
18570.0 0.00011383
18590.0 0.00011357
18610.0 0.0001133
18630.0 0.00011303
18650.0 0.00011275
18670.0 0.00011247
18690.0 0.00011218
18710.0 0.00011188
18730.0 0.00011158
18750.0 0.00011127
18770.0 0.00011096
18790.0 0.00011064
18810.0 0.00011032
18830.0 0.00010999
18850.0 0.00010965
18870.0 0.00010931
18890.0 0.00010896
18910.0 0.00010861
18930.0 0.00010825
18950.0 0.00010789
18970.0 0.00010752
18990.0 0.00010715
19010.0 0.00010677
19030.0 0.00010639
19050.0 0.000106
19070.0 0.00010561
19090.0 0.00010521
19110.0 0.00010481
19130.0 0.00010441
19150.0 0.000104
19170.0 0.00010359
19190.0 0.00010317
19210.0 0.00010275
19230.0 0.00010232
19250.0 0.00010189
19270.0 0.00010146
19290.0 0.00010103
19310.0 0.00010059
19330.0 0.00010015
19350.0 9.9699e-05
19370.0 9.9251e-05
19390.0 9.8799e-05
19410.0 9.8344e-05
19430.0 9.7886e-05
19450.0 9.7426e-05
19470.0 9.6963e-05
19490.0 9.6497e-05
19510.0 9.6029e-05
19530.0 9.5558e-05
19550.0 9.5085e-05
19570.0 9.461e-05
19590.0 9.4133e-05
19610.0 9.3654e-05
19630.0 9.3173e-05
19650.0 9.269e-05
19670.0 9.2205e-05
19690.0 9.1719e-05
19710.0 9.1231e-05
19730.0 9.0742e-05
19750.0 9.0251e-05
19770.0 8.9759e-05
19790.0 8.9265e-05
19810.0 8.877e-05
19830.0 8.8272e-05
19850.0 8.777e-05
19870.0 8.726e-05
19890.0 8.6734e-05
19910.0 8.6177e-05
19930.0 8.5576e-05
19950.0 8.4908e-05
19970.0 8.4136e-05
19990.0 8.3243e-05
20010.0 8.2243e-05
20030.0 8.1095e-05
20050.0 7.9809e-05
20070.0 7.8449e-05
20090.0 7.7027e-05
20110.0 7.5497e-05
20130.0 7.3978e-05
20150.0 7.2494e-05
20170.0 7.0996e-05
20190.0 6.9504e-05
20210.0 6.8086e-05
20230.0 6.6703e-05
20250.0 6.532e-05
20270.0 6.4003e-05
20290.0 6.2757e-05
20310.0 6.1538e-05
20330.0 6.0349e-05
20350.0 5.9268e-05
20370.0 5.8235e-05
20390.0 5.7242e-05
20410.0 5.6321e-05
20430.0 5.5476e-05
20450.0 5.4663e-05
20470.0 5.3913e-05
20490.0 5.3232e-05
20510.0 5.2602e-05
20530.0 5.2015e-05
20550.0 5.1482e-05
20570.0 5.0997e-05
20590.0 5.0545e-05
20610.0 5.0129e-05
20630.0 4.9745e-05
20650.0 4.9384e-05
20670.0 4.9045e-05
20690.0 4.872e-05
20710.0 4.8406e-05
20730.0 4.8098e-05
20750.0 4.7791e-05
20770.0 4.748e-05
20790.0 4.7163e-05
20810.0 4.6836e-05
20830.0 4.6496e-05
20850.0 4.6141e-05
20870.0 4.5767e-05
20890.0 4.5374e-05
20910.0 4.4966e-05
20930.0 4.4537e-05
20950.0 4.4087e-05
20970.0 4.3623e-05
20990.0 4.3145e-05
21010.0 4.2644e-05
21030.0 4.2132e-05
21050.0 4.1615e-05
21070.0 4.1085e-05
21090.0 4.0539e-05
21110.0 4e-05
21130.0 3.9462e-05
21150.0 3.8912e-05
21170.0 3.8366e-05
21190.0 3.7833e-05
21210.0 3.7293e-05
21230.0 3.6753e-05
21250.0 3.623e-05
21270.0 3.5717e-05
21290.0 3.5203e-05
21310.0 3.4702e-05
21330.0 3.4222e-05
21350.0 3.3746e-05
21370.0 3.3279e-05
21390.0 3.2834e-05
21410.0 3.2403e-05
21430.0 3.1977e-05
21450.0 3.1574e-05
21470.0 3.1192e-05
21490.0 3.0822e-05
21510.0 3.0467e-05
21530.0 3.0134e-05
21550.0 2.9816e-05
21570.0 2.951e-05
21590.0 2.9222e-05
21610.0 2.8948e-05
21630.0 2.8685e-05
21650.0 2.8432e-05
21670.0 2.8191e-05
21690.0 2.7958e-05
21710.0 2.7731e-05
21730.0 2.751e-05
21750.0 2.7293e-05
21770.0 2.7079e-05
21790.0 2.6868e-05
21810.0 2.6658e-05
21830.0 2.645e-05
21850.0 2.6241e-05
21870.0 2.6034e-05
21890.0 2.5826e-05
21910.0 2.5618e-05
21930.0 2.5409e-05
21950.0 2.52e-05
21970.0 2.499e-05
21990.0 2.4777e-05
22010.0 2.4564e-05
22030.0 2.4349e-05
22050.0 2.4131e-05
22070.0 2.3909e-05
22090.0 2.3686e-05
22110.0 2.3459e-05
22130.0 2.3225e-05
22150.0 2.2989e-05
22170.0 2.275e-05
22190.0 2.2502e-05
22210.0 2.2249e-05
22230.0 2.1996e-05
22250.0 2.1736e-05
22270.0 2.1469e-05
22290.0 2.1201e-05
22310.0 2.0931e-05
22330.0 2.065e-05
22350.0 2.0367e-05
22370.0 2.0086e-05
22390.0 1.9798e-05
22410.0 1.9503e-05
22430.0 1.9213e-05
22450.0 1.8922e-05
22470.0 1.8624e-05
22490.0 1.8327e-05
22510.0 1.8036e-05
22530.0 1.7738e-05
22550.0 1.7437e-05
22570.0 1.7147e-05
22590.0 1.6859e-05
22610.0 1.6569e-05
22630.0 1.6286e-05
22650.0 1.6016e-05
22670.0 1.5746e-05
22690.0 1.5482e-05
22710.0 1.5231e-05
22730.0 1.4989e-05
22750.0 1.4748e-05
22770.0 1.4523e-05
22790.0 1.4312e-05
22810.0 1.4107e-05
22830.0 1.3911e-05
22850.0 1.3729e-05
22870.0 1.3556e-05
22890.0 1.3389e-05
22910.0 1.3233e-05
22930.0 1.3086e-05
22950.0 1.2944e-05
22970.0 1.2808e-05
22990.0 1.2682e-05
23010.0 1.2559e-05
23030.0 1.244e-05
23050.0 1.2326e-05
23070.0 1.2217e-05
23090.0 1.2108e-05
23110.0 1.2002e-05
23130.0 1.19e-05
23150.0 1.1799e-05
23170.0 1.1698e-05
23190.0 1.16e-05
23210.0 1.1504e-05
23230.0 1.1407e-05
23250.0 1.1311e-05
23270.0 1.1215e-05
23290.0 1.1119e-05
23310.0 1.102e-05
23330.0 1.0923e-05
23350.0 1.0825e-05
23370.0 1.0725e-05
23390.0 1.0624e-05
23410.0 1.0525e-05
23430.0 1.0424e-05
23450.0 1.0324e-05
23470.0 1.0226e-05
23490.0 1.0132e-05
23510.0 1.0038e-05
23530.0 9.9481e-06
23550.0 9.8653e-06
23570.0 9.7866e-06
23590.0 9.7135e-06
23610.0 9.6485e-06
23630.0 9.5909e-06
23650.0 9.5404e-06
23670.0 9.4993e-06
23690.0 9.4672e-06
23710.0 9.4447e-06
23730.0 9.4332e-06
23750.0 9.4313e-06
23770.0 9.4401e-06
23790.0 9.462e-06
23810.0 9.4955e-06
23830.0 9.5388e-06
23850.0 9.598e-06
23870.0 9.6716e-06
23890.0 9.7528e-06
23910.0 9.845e-06
23930.0 9.9513e-06
23950.0 1.0063e-05
23970.0 1.0176e-05
23990.0 1.0297e-05
24010.0 1.0421e-05
24030.0 1.0539e-05
24050.0 1.0653e-05
24070.0 1.077e-05
24090.0 1.0874e-05
24110.0 1.0967e-05
24130.0 1.1056e-05
24150.0 1.1137e-05
24170.0 1.1206e-05
24190.0 1.127e-05
24210.0 1.133e-05
24230.0 1.1381e-05
24250.0 1.1428e-05
24270.0 1.1473e-05
24290.0 1.1516e-05
24310.0 1.1554e-05
24330.0 1.1592e-05
24350.0 1.1632e-05
24370.0 1.167e-05
24390.0 1.1708e-05
24410.0 1.1751e-05
24430.0 1.1795e-05
24450.0 1.1839e-05
24470.0 1.1885e-05
24490.0 1.1936e-05
24510.0 1.1985e-05
24530.0 1.2035e-05
24550.0 1.2088e-05
24570.0 1.214e-05
24590.0 1.2191e-05
24610.0 1.2242e-05
24630.0 1.2295e-05
24650.0 1.2345e-05
24670.0 1.2393e-05
24690.0 1.2443e-05
24710.0 1.2492e-05
24730.0 1.2539e-05
24750.0 1.2589e-05
24770.0 1.2639e-05
24790.0 1.2685e-05
24810.0 1.2725e-05
24830.0 1.275e-05
24850.0 1.2736e-05
24870.0 1.2653e-05
24890.0 1.2446e-05
24910.0 1.204e-05
24930.0 1.1398e-05
24950.0 1.0473e-05
24970.0 9.1793e-06
24990.0 7.4801e-06
