#lamb flux
1010.0 9.3867e-06
1030.0 9.9603e-06
1050.0 1.062e-05
1070.0 1.1363e-05
1090.0 1.2207e-05
1110.0 1.3073e-05
1130.0 1.3944e-05
1150.0 1.4858e-05
1170.0 1.58e-05
1190.0 1.6693e-05
1210.0 1.7599e-05
1230.0 1.8535e-05
1250.0 1.9453e-05
1270.0 2.0344e-05
1290.0 2.1286e-05
1310.0 2.2228e-05
1330.0 2.3132e-05
1350.0 2.4046e-05
1370.0 2.499e-05
1390.0 2.5911e-05
1410.0 2.6805e-05
1430.0 2.774e-05
1450.0 2.8675e-05
1470.0 2.958e-05
1490.0 3.0494e-05
1510.0 3.1461e-05
1530.0 3.2378e-05
1550.0 3.3283e-05
1570.0 3.4219e-05
1590.0 3.5157e-05
1610.0 3.6054e-05
1630.0 3.698e-05
1650.0 3.793e-05
1670.0 3.885e-05
1690.0 3.9759e-05
1710.0 4.0704e-05
1730.0 4.1655e-05
1750.0 4.2551e-05
1770.0 4.3473e-05
1790.0 4.4416e-05
1810.0 4.5329e-05
1830.0 4.6229e-05
1850.0 4.7184e-05
1870.0 4.8117e-05
1890.0 4.9021e-05
1910.0 4.9944e-05
1930.0 5.0892e-05
1950.0 5.18e-05
1970.0 5.27e-05
1990.0 5.3637e-05
2010.0 5.4562e-05
2030.0 5.5458e-05
2050.0 5.6385e-05
2070.0 5.734e-05
2090.0 5.8245e-05
2110.0 5.9154e-05
2130.0 6.0094e-05
2150.0 6.1023e-05
2170.0 6.1919e-05
2190.0 6.2854e-05
2210.0 6.3802e-05
2230.0 6.4721e-05
2250.0 6.5643e-05
2270.0 6.6612e-05
2290.0 6.7561e-05
2310.0 6.8482e-05
2330.0 6.9438e-05
2350.0 7.0411e-05
2370.0 7.1355e-05
2390.0 7.2317e-05
2410.0 7.3329e-05
2430.0 7.4311e-05
2450.0 7.526e-05
2470.0 7.6193e-05
2490.0 7.7063e-05
2510.0 7.7809e-05
2530.0 7.8544e-05
2550.0 7.946e-05
2570.0 8.0859e-05
2590.0 8.316e-05
2610.0 8.7243e-05
2630.0 9.3628e-05
2650.0 0.00010225
2670.0 0.00011341
2690.0 0.00012701
2710.0 0.00014147
2730.0 0.0001559
2750.0 0.00017057
2770.0 0.00018424
2790.0 0.00019644
2810.0 0.00020793
2830.0 0.00021936
2850.0 0.0002299
2870.0 0.00024033
2890.0 0.00025121
2910.0 0.00026222
2930.0 0.00027291
2950.0 0.00028408
2970.0 0.00029558
2990.0 0.00030677
3010.0 0.00065855
3030.0 0.00068262
3050.0 0.00070694
3070.0 0.00073021
3090.0 0.00075464
3110.0 0.00078004
3130.0 0.00080512
3150.0 0.00082999
3170.0 0.00085541
3190.0 0.0008774
3210.0 0.00089445
3230.0 0.00090784
3250.0 0.00080008
3270.0 0.00069306
3290.0 0.0005293
3310.0 0.00059313
3330.0 0.00063879
3350.0 0.00068224
3370.0 0.00072534
3390.0 0.00076848
3410.0 0.00081163
3430.0 0.0008547
3450.0 0.00089787
3470.0 0.00094089
3490.0 0.00097729
3510.0 0.00098955
3530.0 0.0010355
3550.0 0.0012651
3570.0 0.0016037
3590.0 0.0018147
3610.0 0.0020656
3630.0 0.0019241
3650.0 0.00176
3670.0 0.0016963
3690.0 0.0020163
3710.0 0.0025586
3730.0 0.0027505
3750.0 0.0028554
3770.0 0.0028837
3790.0 0.0028359
3810.0 0.002574
3830.0 0.0019934
3850.0 0.001592
3870.0 0.0015508
3890.0 0.0021165
3910.0 0.0028777
3930.0 0.0033741
3950.0 0.0035603
3970.0 0.003542
3990.0 0.004042
4010.0 0.0045183
4030.0 0.0042265
4050.0 0.0036973
4070.0 0.0031279
4090.0 0.0031093
4110.0 0.0035227
4130.0 0.0035752
4150.0 0.003604
4170.0 0.0033957
4190.0 0.0032378
4210.0 0.0032777
4230.0 0.0037673
4250.0 0.0038041
4270.0 0.0037791
4290.0 0.0037433
4310.0 0.0037464
4330.0 0.0041393
4350.0 0.0047672
4370.0 0.0048444
4390.0 0.0041923
4410.0 0.003463
4430.0 0.0029691
4450.0 0.0025546
4470.0 0.0024751
4490.0 0.0029592
4510.0 0.00332
4530.0 0.0036396
4550.0 0.0039121
4570.0 0.0046218
4590.0 0.0065903
4610.0 0.0088282
4630.0 0.0091443
4650.0 0.0086808
4670.0 0.0092258
4690.0 0.010121
4710.0 0.0089488
4730.0 0.0065896
4750.0 0.0050148
4770.0 0.0045654
4790.0 0.0045828
4810.0 0.0042961
4830.0 0.0046872
4850.0 0.0059508
4870.0 0.0073912
4890.0 0.0066059
4910.0 0.0058066
4930.0 0.006442
4950.0 0.0084635
4970.0 0.010981
4990.0 0.011317
5010.0 0.0097504
5030.0 0.0073162
5050.0 0.0052458
5070.0 0.0044112
5090.0 0.0041842
5110.0 0.0042456
5130.0 0.0044173
5150.0 0.0043588
5170.0 0.0044424
5190.0 0.0043013
5210.0 0.0044447
5230.0 0.004756
5250.0 0.0052439
5270.0 0.0064639
5290.0 0.0073814
5310.0 0.0074211
5330.0 0.0077292
5350.0 0.008725
5370.0 0.0092817
5390.0 0.0086138
5410.0 0.0073782
5430.0 0.0070202
5450.0 0.0081067
5470.0 0.010463
5490.0 0.012994
5510.0 0.014297
5530.0 0.014603
5550.0 0.013926
5570.0 0.012975
5590.0 0.012545
5610.0 0.0127
5630.0 0.013001
5650.0 0.013028
5670.0 0.012836
5690.0 0.01248
5710.0 0.011203
5730.0 0.0093733
5750.0 0.0078674
5770.0 0.0079146
5790.0 0.0086975
5810.0 0.0093568
5830.0 0.0096655
5850.0 0.0096579
5870.0 0.0089283
5890.0 0.0078164
5910.0 0.0076497
5930.0 0.0082982
5950.0 0.0085746
5970.0 0.0078597
5990.0 0.0067684
6010.0 0.0055835
6030.0 0.0046891
6050.0 0.0046177
6070.0 0.0052488
6090.0 0.0055261
6110.0 0.005053
6130.0 0.0046768
6150.0 0.0049683
6170.0 0.0059486
6190.0 0.0070972
6210.0 0.0077172
6230.0 0.0074503
6250.0 0.0068288
6270.0 0.0059094
6290.0 0.0048989
6310.0 0.0040548
6330.0 0.0036627
6350.0 0.0038148
6370.0 0.0041356
6390.0 0.0044762
6410.0 0.0050931
6430.0 0.0062708
6450.0 0.0078973
6470.0 0.0089898
6490.0 0.0090126
6510.0 0.0087997
6530.0 0.0089665
6550.0 0.0091666
6570.0 0.0092475
6590.0 0.009248
6610.0 0.0089967
6630.0 0.0090094
6650.0 0.0090399
6670.0 0.0086919
6690.0 0.0077942
6710.0 0.0065887
6730.0 0.0063086
6750.0 0.0067797
6770.0 0.0073719
6790.0 0.0075994
6810.0 0.0075138
6830.0 0.007411
6850.0 0.0072496
6870.0 0.0068356
6890.0 0.0064411
6910.0 0.0061558
6930.0 0.0059333
6950.0 0.0062982
6970.0 0.0068549
6990.0 0.0072301
7010.0 0.0073145
7030.0 0.0069127
7050.0 0.0060011
7070.0 0.0048652
7090.0 0.0041335
7110.0 0.0039872
7130.0 0.0042057
7150.0 0.0042578
7170.0 0.0039163
7190.0 0.0038397
7210.0 0.0042302
7230.0 0.004858
7250.0 0.0055525
7270.0 0.005847
7290.0 0.0055054
7310.0 0.0048849
7330.0 0.0044705
7350.0 0.0043759
7370.0 0.0044904
7390.0 0.0046927
7410.0 0.0050282
7430.0 0.0057154
7450.0 0.0066442
7470.0 0.0075859
7490.0 0.0080246
7510.0 0.0077751
7530.0 0.0067258
7550.0 0.0054766
7570.0 0.0045523
7590.0 0.0040103
7610.0 0.0041237
7630.0 0.0047619
7650.0 0.0054727
7670.0 0.0061886
7690.0 0.0067954
7710.0 0.0072342
7730.0 0.0076019
7750.0 0.0079461
7770.0 0.0082499
7790.0 0.0082763
7810.0 0.0083596
7830.0 0.0086178
7850.0 0.0086276
7870.0 0.0083932
7890.0 0.0077908
7910.0 0.0073145
7930.0 0.0069686
7950.0 0.0069588
7970.0 0.0069096
7990.0 0.0069735
8010.0 0.0069451
8030.0 0.0069695
8050.0 0.0071521
8070.0 0.0070454
8090.0 0.0070436
8110.0 0.0067692
8130.0 0.0067266
8150.0 0.00654
8170.0 0.0063555
8190.0 0.006267
8210.0 0.0063115
8230.0 0.0059231
8250.0 0.0055524
8270.0 0.0048505
8290.0 0.003912
8310.0 0.0030346
8330.0 0.0023314
8350.0 0.0020578
8370.0 0.002317
8390.0 0.0026783
8410.0 0.002959
8430.0 0.003286
8450.0 0.0034641
8470.0 0.0036286
8490.0 0.0040355
8510.0 0.0044987
8530.0 0.0052288
8550.0 0.0061336
8570.0 0.0069496
8590.0 0.0076049
8610.0 0.0081629
8630.0 0.0085625
8650.0 0.0086279
8670.0 0.0086497
8690.0 0.0089382
8710.0 0.0091079
8730.0 0.0092921
8750.0 0.0091046
8770.0 0.0091349
8790.0 0.0090088
8810.0 0.0083896
8830.0 0.0081649
8850.0 0.0077028
8870.0 0.0073581
8890.0 0.0070285
8910.0 0.0072073
8930.0 0.0067818
8950.0 0.0065311
8970.0 0.0064361
8990.0 0.006287
9010.0 0.0061746
9030.0 0.0060118
9050.0 0.0059754
9070.0 0.0059589
9090.0 0.0059428
9110.0 0.0059275
9130.0 0.0059106
9150.0 0.0058931
9170.0 0.0058679
9190.0 0.0058339
9210.0 0.0058629
9230.0 0.0058327
9250.0 0.0058084
9270.0 0.0057855
9290.0 0.0057637
9310.0 0.0057423
9330.0 0.0057211
9350.0 0.0057002
9370.0 0.0056791
9390.0 0.0056577
9410.0 0.0056362
9430.0 0.0056142
9450.0 0.0055899
9470.0 0.0055661
9490.0 0.0055459
9510.0 0.0055244
9530.0 0.0055024
9550.0 0.0054801
9570.0 0.0054574
9590.0 0.0054345
9610.0 0.0054115
9630.0 0.0053884
9650.0 0.0053651
9670.0 0.0053418
9690.0 0.0053184
9710.0 0.005295
9730.0 0.0052715
9750.0 0.005248
9770.0 0.0052245
9790.0 0.005201
9810.0 0.0051775
9830.0 0.0051539
9850.0 0.0051305
9870.0 0.0051069
9890.0 0.0050833
9910.0 0.0050598
9930.0 0.0050359
9950.0 0.0049806
9970.0 0.0049666
9990.0 0.0049508
10010.0 0.0049341
10030.0 0.0049148
10050.0 0.0048931
10070.0 0.0048698
10090.0 0.0048487
10110.0 0.0048257
10130.0 0.0048037
10150.0 0.0047815
10170.0 0.0047582
10190.0 0.0047339
10210.0 0.0047112
10230.0 0.004689
10250.0 0.0046655
10270.0 0.0046424
10290.0 0.0046205
10310.0 0.0045975
10330.0 0.0045735
10350.0 0.0045511
10370.0 0.0045289
10390.0 0.0045055
10410.0 0.0044823
10430.0 0.0044606
10450.0 0.0044377
10470.0 0.0044143
10490.0 0.0043919
10510.0 0.0043698
10530.0 0.0043456
10550.0 0.0043224
10570.0 0.0043004
10590.0 0.0042773
10610.0 0.0042536
10630.0 0.0042312
10650.0 0.0042087
10670.0 0.0041845
10690.0 0.0041611
10710.0 0.0041386
10730.0 0.0041148
10750.0 0.00409
10770.0 0.0040673
10790.0 0.0040441
10810.0 0.0040196
10830.0 0.0039957
10850.0 0.0039727
10870.0 0.0039472
10890.0 0.0039211
10910.0 0.0038952
10930.0 0.0038672
10950.0 0.003835
10970.0 0.0038001
10990.0 0.0037629
11010.0 0.003396
11030.0 0.003351
11050.0 0.0033074
11070.0 0.0032628
11090.0 0.0032149
11110.0 0.0031704
11130.0 0.0031273
11150.0 0.0030827
11170.0 0.0030383
11190.0 0.002997
11210.0 0.0029545
11230.0 0.0029107
11250.0 0.0028689
11270.0 0.0028285
11290.0 0.0027864
11310.0 0.002745
11330.0 0.0027079
11350.0 0.0026706
11370.0 0.0026336
11390.0 0.0025996
11410.0 0.0025676
11430.0 0.0025342
11450.0 0.0025024
11470.0 0.0024725
11490.0 0.0024418
11510.0 0.0024092
11530.0 0.0023779
11550.0 0.0023458
11570.0 0.0023104
11590.0 0.0022737
11610.0 0.0022369
11630.0 0.0021963
11650.0 0.0021524
11670.0 0.0021095
11690.0 0.0020653
11710.0 0.0020183
11730.0 0.0019713
11750.0 0.0019267
11770.0 0.0018805
11790.0 0.0018344
11810.0 0.0017916
11830.0 0.0017505
11850.0 0.0017088
11870.0 0.0016709
11890.0 0.0016367
11910.0 0.0016033
11930.0 0.0015717
11950.0 0.0015438
11970.0 0.0015173
11990.0 0.0014912
12010.0 0.0014678
12030.0 0.0014464
12050.0 0.0014255
12070.0 0.0014054
12090.0 0.0013882
12110.0 0.0013718
12130.0 0.0013562
12150.0 0.0013425
12170.0 0.0013308
12190.0 0.0013199
12210.0 0.0013113
12230.0 0.0013054
12250.0 0.0013018
12270.0 0.0013009
12290.0 0.0013032
12310.0 0.0013088
12330.0 0.0013179
12350.0 0.0013307
12370.0 0.0013466
12390.0 0.0013661
12410.0 0.0013897
12430.0 0.0014153
12450.0 0.001443
12470.0 0.0014733
12490.0 0.0015048
12510.0 0.0015359
12530.0 0.0015678
12550.0 0.0015996
12570.0 0.0016295
12590.0 0.0016575
12610.0 0.0016842
12630.0 0.0017082
12650.0 0.0017285
12670.0 0.0017464
12690.0 0.0017612
12710.0 0.0017726
12730.0 0.0017809
12750.0 0.0017862
12770.0 0.0017883
12790.0 0.0017878
12810.0 0.0017845
12830.0 0.0017785
12850.0 0.0017707
12870.0 0.0017612
12890.0 0.0017494
12910.0 0.0017363
12930.0 0.0017226
12950.0 0.001707
12970.0 0.00169
12990.0 0.0016731
13010.0 0.0016554
13030.0 0.0016363
13050.0 0.0016168
13070.0 0.0015975
13090.0 0.0015767
13110.0 0.0015552
13130.0 0.0015342
13150.0 0.0015132
13170.0 0.0014912
13190.0 0.0014706
13210.0 0.0014518
13230.0 0.0014338
13250.0 0.0014177
13270.0 0.0014046
13290.0 0.0013939
13310.0 0.0013859
13330.0 0.0013815
13350.0 0.0013801
13370.0 0.0013816
13390.0 0.0013858
13410.0 0.0013918
13430.0 0.001399
13450.0 0.0014067
13470.0 0.0014139
13490.0 0.0014197
13510.0 0.0014236
13530.0 0.0014246
13550.0 0.0014225
13570.0 0.0014168
13590.0 0.0014073
13610.0 0.0013947
13630.0 0.0013795
13650.0 0.001361
13670.0 0.0013405
13690.0 0.0013194
13710.0 0.0012971
13730.0 0.0012735
13750.0 0.0012516
13770.0 0.0012306
13790.0 0.0012099
13810.0 0.0011908
13830.0 0.0011738
13850.0 0.0011578
13870.0 0.001143
13890.0 0.0011301
13910.0 0.0011186
13930.0 0.0011079
13950.0 0.0010984
13970.0 0.0010903
13990.0 0.0010828
14010.0 0.0010759
14030.0 0.0010699
14050.0 0.0010645
14070.0 0.0010594
14090.0 0.0010548
14110.0 0.0010506
14130.0 0.0010466
14150.0 0.0010427
14170.0 0.001039
14190.0 0.0010354
14210.0 0.0010318
14230.0 0.0010283
14250.0 0.001025
14270.0 0.0010218
14290.0 0.0010188
14310.0 0.0010161
14330.0 0.0010138
14350.0 0.0010118
14370.0 0.0010102
14390.0 0.001009
14410.0 0.001008
14430.0 0.0010072
14450.0 0.0010065
14470.0 0.0010059
14490.0 0.0010051
14510.0 0.0010042
14530.0 0.001003
14550.0 0.0010016
14570.0 0.001
14590.0 0.0009984
14610.0 0.00099682
14630.0 0.0009955
14650.0 0.00099457
14670.0 0.00099419
14690.0 0.00099472
14710.0 0.00099636
14730.0 0.00099891
14750.0 0.0010029
14770.0 0.0010085
14790.0 0.0010156
14810.0 0.001024
14830.0 0.0010349
14850.0 0.0010475
14870.0 0.001061
14890.0 0.0010762
14910.0 0.0010927
14930.0 0.0011088
14950.0 0.0011238
14970.0 0.0011381
14990.0 0.0011498
15010.0 0.0011581
15030.0 0.0011635
15050.0 0.0011662
15070.0 0.0011659
15090.0 0.0011639
15110.0 0.0011606
15130.0 0.0011565
15150.0 0.0011519
15170.0 0.0011472
15190.0 0.0011422
15210.0 0.0011373
15230.0 0.0011323
15250.0 0.0011273
15270.0 0.0011223
15290.0 0.0011173
15310.0 0.0011123
15330.0 0.0011073
15350.0 0.0011023
15370.0 0.0010973
15390.0 0.0010923
15410.0 0.0010873
15430.0 0.0010823
15450.0 0.0010773
15470.0 0.0010723
15490.0 0.0010673
15510.0 0.0010623
15530.0 0.0010573
15550.0 0.0010523
15570.0 0.0010474
15590.0 0.0010424
15610.0 0.0010374
15630.0 0.0010324
15650.0 0.0010275
15670.0 0.0010226
15690.0 0.0010176
15710.0 0.0010128
15730.0 0.0010078
15750.0 0.0010029
15770.0 0.00099808
15790.0 0.00099323
15810.0 0.00098834
15830.0 0.00098351
15850.0 0.00097872
15870.0 0.00097391
15890.0 0.00096911
15910.0 0.00096437
15930.0 0.00095962
15950.0 0.00095486
15970.0 0.00095015
15990.0 0.00094547
16010.0 0.00094077
16030.0 0.00093609
16050.0 0.00093148
16070.0 0.00092686
16090.0 0.00092224
16110.0 0.00091767
16130.0 0.00091314
16150.0 0.00090857
16170.0 0.00090404
16190.0 0.00089956
16210.0 0.00089509
16230.0 0.00089061
16250.0 0.0008862
16270.0 0.00088181
16290.0 0.00087741
16310.0 0.00087305
16330.0 0.00086873
16350.0 0.00086442
16370.0 0.00086009
16390.0 0.00085584
16410.0 0.00085161
16430.0 0.00084738
16450.0 0.00084318
16470.0 0.00083904
16490.0 0.00083489
16510.0 0.00083075
16530.0 0.00082667
16550.0 0.00082261
16570.0 0.00081855
16590.0 0.00081452
16610.0 0.00081055
16630.0 0.00080658
16650.0 0.00080263
16670.0 0.00079872
16690.0 0.00079485
16710.0 0.00079095
16730.0 0.00078711
16750.0 0.00078331
16770.0 0.00077952
16790.0 0.00077574
16810.0 0.00077202
16830.0 0.00076832
16850.0 0.00076462
16870.0 0.00076096
16890.0 0.00075734
16910.0 0.00075372
16930.0 0.00075012
16950.0 0.00074658
16970.0 0.00074305
16990.0 0.00073953
17010.0 0.00073605
17030.0 0.00073262
17050.0 0.00072918
17070.0 0.00072577
17090.0 0.0007224
17110.0 0.00071905
17130.0 0.0007157
17150.0 0.0007124
17170.0 0.00070914
17190.0 0.00070588
17210.0 0.00070265
17230.0 0.00069946
17250.0 0.00069629
17270.0 0.00069311
17290.0 0.00068999
17310.0 0.0006869
17330.0 0.0006838
17350.0 0.00068073
17370.0 0.00067772
17390.0 0.00067472
17410.0 0.00067172
17430.0 0.00066877
17450.0 0.00066585
17470.0 0.00066292
17490.0 0.00066002
17510.0 0.00065717
17530.0 0.00065433
17550.0 0.00065149
17570.0 0.00064871
17590.0 0.00064595
17610.0 0.00064319
17630.0 0.00064046
17650.0 0.00063777
17670.0 0.00063508
17690.0 0.0006324
17710.0 0.00062977
17730.0 0.00062717
17750.0 0.00062456
17770.0 0.00062199
17790.0 0.00061946
17810.0 0.00061692
17830.0 0.0006144
17850.0 0.00061192
17870.0 0.00060946
17890.0 0.000607
17910.0 0.00060457
17930.0 0.00060218
17950.0 0.0005998
17970.0 0.00059742
17990.0 0.00059509
18010.0 0.00059278
18030.0 0.00059045
18050.0 0.00058817
18070.0 0.00058592
18090.0 0.00058367
18110.0 0.00058143
18130.0 0.00057924
18150.0 0.00057706
18170.0 0.00057488
18190.0 0.00057273
18210.0 0.00057062
18230.0 0.00056849
18250.0 0.00056638
18270.0 0.00056432
18290.0 0.00056226
18310.0 0.00056021
18330.0 0.00055819
18350.0 0.00055621
18370.0 0.00055421
18390.0 0.00055223
18410.0 0.00055028
18430.0 0.00054835
18450.0 0.00054641
18470.0 0.00054451
18490.0 0.00054264
18510.0 0.00054076
18530.0 0.0005389
18550.0 0.00053708
18570.0 0.00053526
18590.0 0.00053343
18610.0 0.00053165
18630.0 0.00052988
18650.0 0.00052811
18670.0 0.00052636
18690.0 0.00052465
18710.0 0.00052294
18730.0 0.00052123
18750.0 0.00051955
18770.0 0.00051789
18790.0 0.00051622
18810.0 0.00051457
18830.0 0.00051296
18850.0 0.00051134
18870.0 0.00050973
18890.0 0.00050816
18910.0 0.0005066
18930.0 0.00050503
18950.0 0.00050348
18970.0 0.00050196
18990.0 0.00050044
19010.0 0.00049891
19030.0 0.00049743
19050.0 0.00049596
19070.0 0.00049448
19090.0 0.00049303
19110.0 0.00049161
19130.0 0.00049017
19150.0 0.00048874
19170.0 0.00048734
19190.0 0.00048595
19210.0 0.00048456
19230.0 0.00048318
19250.0 0.00048184
19270.0 0.00048049
19290.0 0.00047915
19310.0 0.00047784
19330.0 0.00047653
19350.0 0.00047521
19370.0 0.00047392
19390.0 0.00047265
19410.0 0.00047137
19430.0 0.0004701
19450.0 0.00046887
19470.0 0.00046764
19490.0 0.0004664
19510.0 0.00046518
19530.0 0.00046399
19550.0 0.00046278
19570.0 0.00046157
19590.0 0.00046041
19610.0 0.00045924
19630.0 0.00045807
19650.0 0.00045693
19670.0 0.0004558
19690.0 0.00045466
19710.0 0.00045353
19730.0 0.00045243
19750.0 0.00045132
19770.0 0.00045021
19790.0 0.00044912
19810.0 0.00044805
19830.0 0.00044697
19850.0 0.00044587
19870.0 0.00044477
19890.0 0.00044357
19910.0 0.00044221
19930.0 0.00044064
19950.0 0.00043872
19970.0 0.00043621
19990.0 0.00043302
20010.0 0.00042924
20030.0 0.00042459
20050.0 0.00041908
20070.0 0.00041309
20090.0 0.00040666
20110.0 0.00039948
20130.0 0.00039228
20150.0 0.00038522
20170.0 0.00037798
20190.0 0.00037071
20210.0 0.00036388
20230.0 0.00035722
20250.0 0.00035055
20270.0 0.0003443
20290.0 0.00033852
20310.0 0.00033294
20330.0 0.00032759
20350.0 0.00032298
20370.0 0.00031872
20390.0 0.00031479
20410.0 0.00031139
20430.0 0.00030851
20450.0 0.00030594
20470.0 0.00030385
20490.0 0.00030225
20510.0 0.00030103
20530.0 0.0003002
20550.0 0.00029975
20570.0 0.00029963
20590.0 0.00029981
20610.0 0.00030026
20630.0 0.00030091
20650.0 0.00030175
20670.0 0.00030279
20690.0 0.00030387
20710.0 0.00030499
20730.0 0.00030617
20750.0 0.00030732
20770.0 0.00030836
20790.0 0.00030933
20810.0 0.00031021
20830.0 0.0003109
20850.0 0.00031141
20870.0 0.00031175
20890.0 0.00031187
20910.0 0.00031176
20930.0 0.00031144
20950.0 0.00031087
20970.0 0.0003101
20990.0 0.00030913
21010.0 0.00030791
21030.0 0.00030651
21050.0 0.00030498
21070.0 0.00030327
21090.0 0.00030137
21110.0 0.00029946
21130.0 0.00029748
21150.0 0.00029539
21170.0 0.0002933
21190.0 0.00029129
21210.0 0.00028923
21230.0 0.0002872
21250.0 0.00028533
21270.0 0.00028357
21290.0 0.00028189
21310.0 0.00028037
21330.0 0.00027907
21350.0 0.0002779
21370.0 0.0002769
21390.0 0.00027612
21410.0 0.00027552
21430.0 0.00027511
21450.0 0.0002749
21470.0 0.00027489
21490.0 0.00027506
21510.0 0.00027542
21530.0 0.00027593
21550.0 0.00027661
21570.0 0.00027748
21590.0 0.00027849
21610.0 0.0002796
21630.0 0.00028088
21650.0 0.00028233
21670.0 0.00028379
21690.0 0.00028537
21710.0 0.00028709
21730.0 0.00028885
21750.0 0.00029061
21770.0 0.00029253
21790.0 0.00029448
21810.0 0.00029638
21830.0 0.0002983
21850.0 0.00030029
21870.0 0.0003022
21890.0 0.00030401
21910.0 0.00030585
21930.0 0.00030762
21950.0 0.00030925
21970.0 0.0003108
21990.0 0.00031232
22010.0 0.00031363
22030.0 0.00031478
22050.0 0.00031582
22070.0 0.00031667
22090.0 0.00031731
22110.0 0.00031778
22130.0 0.00031805
22150.0 0.00031808
22170.0 0.0003179
22190.0 0.00031747
22210.0 0.00031679
22230.0 0.00031591
22250.0 0.00031477
22270.0 0.00031336
22290.0 0.00031176
22310.0 0.00030997
22330.0 0.00030785
22350.0 0.00030554
22370.0 0.00030311
22390.0 0.00030044
22410.0 0.00029751
22430.0 0.00029455
22450.0 0.00029149
22470.0 0.00028818
22490.0 0.00028481
22510.0 0.00028149
22530.0 0.00027796
22550.0 0.00027432
22570.0 0.00027083
22590.0 0.00026734
22610.0 0.00026376
22630.0 0.00026027
22650.0 0.000257
22670.0 0.00025367
22690.0 0.00025042
22710.0 0.00024738
22730.0 0.00024447
22750.0 0.00024152
22770.0 0.00023883
22790.0 0.00023635
22810.0 0.00023393
22830.0 0.00023163
22850.0 0.00022956
22870.0 0.00022759
22890.0 0.00022567
22910.0 0.00022392
22930.0 0.00022232
22950.0 0.00022076
22970.0 0.00021927
22990.0 0.00021797
23010.0 0.00021672
23030.0 0.00021551
23050.0 0.0002144
23070.0 0.00021337
23090.0 0.00021234
23110.0 0.00021137
23130.0 0.00021047
23150.0 0.00020959
23170.0 0.00020871
23190.0 0.00020788
23210.0 0.0002071
23230.0 0.00020632
23250.0 0.00020556
23270.0 0.00020486
23290.0 0.0002042
23310.0 0.00020355
23330.0 0.000203
23350.0 0.00020251
23370.0 0.00020209
23390.0 0.00020175
23410.0 0.00020151
23430.0 0.00020133
23450.0 0.00020124
23470.0 0.00020123
23490.0 0.00020129
23510.0 0.00020141
23530.0 0.00020158
23550.0 0.00020178
23570.0 0.00020202
23590.0 0.00020228
23610.0 0.00020253
23630.0 0.00020279
23650.0 0.00020307
23670.0 0.00020334
23690.0 0.0002036
23710.0 0.00020388
23730.0 0.0002042
23750.0 0.00020454
23770.0 0.00020493
23790.0 0.00020543
23810.0 0.00020602
23830.0 0.00020673
23850.0 0.00020764
23870.0 0.00020876
23890.0 0.00021005
23910.0 0.00021156
23930.0 0.00021336
23950.0 0.00021537
23970.0 0.00021752
23990.0 0.00021996
24010.0 0.00022261
24030.0 0.00022532
24050.0 0.00022813
24070.0 0.00023118
24090.0 0.00023413
24110.0 0.00023699
24130.0 0.00023989
24150.0 0.00024272
24170.0 0.00024532
24190.0 0.00024783
24210.0 0.00025026
24230.0 0.00025245
24250.0 0.00025443
24270.0 0.0002563
24290.0 0.00025803
24310.0 0.00025949
24330.0 0.00026087
24350.0 0.00026216
24370.0 0.00026335
24390.0 0.00026446
24410.0 0.00026564
24430.0 0.00026683
24450.0 0.00026805
24470.0 0.00026938
24490.0 0.00027087
24510.0 0.00027244
24530.0 0.00027408
24550.0 0.00027589
24570.0 0.00027776
24590.0 0.00027959
24610.0 0.00028143
24630.0 0.00028327
24650.0 0.00028489
24670.0 0.00028633
24690.0 0.00028761
24710.0 0.00028867
24730.0 0.00028948
24750.0 0.0002901
24770.0 0.00029052
24790.0 0.00029071
24810.0 0.00029064
24830.0 0.00029008
24850.0 0.00028862
24870.0 0.00028568
24890.0 0.00028
24910.0 0.00026994
24930.0 0.00025474
24950.0 0.00023337
24970.0 0.00020403
24990.0 0.00017007
