#lamb flux
1010.0 3.2405e-10
1030.0 3.5841e-10
1050.0 3.9792e-10
1070.0 4.4239e-10
1090.0 4.9292e-10
1110.0 5.4473e-10
1130.0 5.9688e-10
1150.0 6.5151e-10
1170.0 7.0787e-10
1190.0 7.613e-10
1210.0 8.1546e-10
1230.0 8.7142e-10
1250.0 9.2625e-10
1270.0 9.795e-10
1290.0 1.0358e-09
1310.0 1.092e-09
1330.0 1.1459e-09
1350.0 1.2004e-09
1370.0 1.2567e-09
1390.0 1.3116e-09
1410.0 1.3649e-09
1430.0 1.4206e-09
1450.0 1.4762e-09
1470.0 1.53e-09
1490.0 1.5844e-09
1510.0 1.6419e-09
1530.0 1.6964e-09
1550.0 1.7501e-09
1570.0 1.8057e-09
1590.0 1.8613e-09
1610.0 1.9145e-09
1630.0 1.9694e-09
1650.0 2.0257e-09
1670.0 2.0803e-09
1690.0 2.1341e-09
1710.0 2.1901e-09
1730.0 2.2464e-09
1750.0 2.2994e-09
1770.0 2.3541e-09
1790.0 2.4099e-09
1810.0 2.4639e-09
1830.0 2.5172e-09
1850.0 2.5737e-09
1870.0 2.6289e-09
1890.0 2.6823e-09
1910.0 2.7369e-09
1930.0 2.793e-09
1950.0 2.8466e-09
1970.0 2.8996e-09
1990.0 2.9548e-09
2010.0 3.0093e-09
2030.0 3.0618e-09
2050.0 3.1162e-09
2070.0 3.172e-09
2090.0 3.2247e-09
2110.0 3.2775e-09
2130.0 3.3319e-09
2150.0 3.3854e-09
2170.0 3.4367e-09
2190.0 3.49e-09
2210.0 3.5438e-09
2230.0 3.5954e-09
2250.0 3.6469e-09
2270.0 3.7008e-09
2290.0 3.7531e-09
2310.0 3.8033e-09
2330.0 3.8556e-09
2350.0 3.9093e-09
2370.0 3.9628e-09
2390.0 4.0207e-09
2410.0 4.0893e-09
2430.0 4.1682e-09
2450.0 4.2625e-09
2470.0 4.3834e-09
2490.0 4.5357e-09
2510.0 4.7089e-09
2530.0 4.9173e-09
2550.0 5.1782e-09
2570.0 5.5027e-09
2590.0 5.9249e-09
2610.0 6.557e-09
2630.0 7.4595e-09
2650.0 8.6395e-09
2670.0 1.0165e-08
2690.0 1.204e-08
2710.0 1.4041e-08
2730.0 1.6019e-08
2750.0 1.7966e-08
2770.0 1.9661e-08
2790.0 2.1006e-08
2810.0 2.2074e-08
2830.0 2.2908e-08
2850.0 2.3477e-08
2870.0 2.3895e-08
2890.0 2.4226e-08
2910.0 2.449e-08
2930.0 2.4706e-08
2950.0 2.4912e-08
2970.0 2.5113e-08
2990.0 2.5302e-08
3010.0 7.1518e-07
3030.0 7.2052e-07
3050.0 7.2569e-07
3070.0 7.3012e-07
3090.0 7.3392e-07
3110.0 7.3628e-07
3130.0 7.3619e-07
3150.0 7.3292e-07
3170.0 7.2507e-07
3190.0 7.1274e-07
3210.0 6.9711e-07
3230.0 6.7921e-07
3250.0 6.6155e-07
3270.0 6.4864e-07
3290.0 6.4148e-07
3310.0 6.4264e-07
3330.0 6.5194e-07
3350.0 6.6814e-07
3370.0 6.9126e-07
3390.0 7.2041e-07
3410.0 7.5212e-07
3430.0 7.8773e-07
3450.0 8.2872e-07
3470.0 8.7349e-07
3490.0 9.2093e-07
3510.0 9.7456e-07
3530.0 1.032e-06
3550.0 1.0901e-06
3570.0 1.1508e-06
3590.0 1.2167e-06
3610.0 1.2847e-06
3630.0 1.3524e-06
3650.0 1.4227e-06
3670.0 1.4869e-06
3690.0 1.5349e-06
3710.0 1.5624e-06
3730.0 1.5633e-06
3750.0 1.5415e-06
3770.0 1.533e-06
3790.0 1.5238e-06
3810.0 1.4864e-06
3830.0 1.5324e-06
3850.0 1.7134e-06
3870.0 1.8128e-06
3890.0 1.8045e-06
3910.0 1.8122e-06
3930.0 1.8599e-06
3950.0 1.8893e-06
3970.0 1.7213e-06
3990.0 1.4811e-06
4010.0 4.439e-06
4030.0 5.3786e-06
4050.0 6.1662e-06
4070.0 5.3502e-06
4090.0 4.8456e-06
4110.0 4.2758e-06
4130.0 3.9355e-06
4150.0 4.1861e-06
4170.0 4.1235e-06
4190.0 4.3954e-06
4210.0 4.3552e-06
4230.0 4.6066e-06
4250.0 5.4497e-06
4270.0 5.5138e-06
4290.0 5.0809e-06
4310.0 5.2794e-06
4330.0 5.6157e-06
4350.0 6.2966e-06
4370.0 7.1656e-06
4390.0 6.7242e-06
4410.0 4.968e-06
4430.0 4.2057e-06
4450.0 3.8646e-06
4470.0 2.9662e-06
4490.0 3.2009e-06
4510.0 4.835e-06
4530.0 5.5762e-06
4550.0 5.6246e-06
4570.0 6.3291e-06
4590.0 7.2095e-06
4610.0 9.7239e-06
4630.0 1.2629e-05
4650.0 1.3696e-05
4670.0 1.2684e-05
4690.0 1.2103e-05
4710.0 1.2794e-05
4730.0 1.2074e-05
4750.0 9.0265e-06
4770.0 6.6213e-06
4790.0 6.183e-06
4810.0 5.8934e-06
4830.0 5.3953e-06
4850.0 5.9204e-06
4870.0 7.8215e-06
4890.0 9.2237e-06
4910.0 8.0927e-06
4930.0 7.1608e-06
4950.0 7.8672e-06
4970.0 1.0089e-05
4990.0 1.3673e-05
5010.0 1.5729e-05
5030.0 1.387e-05
5050.0 9.3837e-06
5070.0 6.1843e-06
5090.0 4.9867e-06
5110.0 5.1283e-06
5130.0 5.9189e-06
5150.0 6.4127e-06
5170.0 6.3165e-06
5190.0 5.9023e-06
5210.0 6.1693e-06
5230.0 6.4853e-06
5250.0 6.9894e-06
5270.0 7.541e-06
5290.0 8.3571e-06
5310.0 9.7274e-06
5330.0 1.0765e-05
5350.0 1.0696e-05
5370.0 1.1235e-05
5390.0 1.2893e-05
5410.0 1.2881e-05
5430.0 1.1391e-05
5450.0 1.0466e-05
5470.0 1.1113e-05
5490.0 1.3577e-05
5510.0 1.6976e-05
5530.0 1.9471e-05
5550.0 1.8819e-05
5570.0 1.7108e-05
5590.0 1.4876e-05
5610.0 1.3719e-05
5630.0 1.3303e-05
5650.0 1.267e-05
5670.0 1.2006e-05
5690.0 1.0733e-05
5710.0 1.0465e-05
5730.0 9.6399e-06
5750.0 6.7967e-06
5770.0 5.3026e-06
5790.0 6.009e-06
5810.0 6.7852e-06
5830.0 8.3264e-06
5850.0 9.9117e-06
5870.0 1.0997e-05
5890.0 1.1184e-05
5910.0 1.0972e-05
5930.0 1.0444e-05
5950.0 1.0642e-05
5970.0 1.2131e-05
5990.0 1.1406e-05
6010.0 9.562e-06
6030.0 8.0785e-06
6050.0 7.0353e-06
6070.0 6.9969e-06
6090.0 7.587e-06
6110.0 8.4835e-06
6130.0 8.6134e-06
6150.0 7.4111e-06
6170.0 6.5194e-06
6190.0 7.3367e-06
6210.0 9.699e-06
6230.0 1.2728e-05
6250.0 1.3786e-05
6270.0 1.2047e-05
6290.0 1.0136e-05
6310.0 7.9128e-06
6330.0 6.0627e-06
6350.0 5.4078e-06
6370.0 5.6869e-06
6390.0 6.5744e-06
6410.0 8.1065e-06
6430.0 9.4661e-06
6450.0 1.0832e-05
6470.0 1.2403e-05
6490.0 1.4981e-05
6510.0 1.6751e-05
6530.0 1.6434e-05
6550.0 1.4861e-05
6570.0 1.2615e-05
6590.0 1.1376e-05
6610.0 9.8087e-06
6630.0 8.8863e-06
6650.0 8.4001e-06
6670.0 8.1605e-06
6690.0 7.3735e-06
6710.0 6.7027e-06
6730.0 4.8278e-06
6750.0 4.7863e-06
6770.0 5.2023e-06
6790.0 5.9797e-06
6810.0 5.4715e-06
6830.0 5.6342e-06
6850.0 5.2697e-06
6870.0 4.8139e-06
6890.0 4.6221e-06
6910.0 4.9254e-06
6930.0 4.6134e-06
6950.0 4.7464e-06
6970.0 4.9923e-06
6990.0 5.6667e-06
7010.0 5.715e-06
7030.0 5.8057e-06
7050.0 5.5367e-06
7070.0 5.2755e-06
7090.0 5.2909e-06
7110.0 5.444e-06
7130.0 5.8586e-06
7150.0 6.2223e-06
7170.0 6.8658e-06
7190.0 7.5475e-06
7210.0 7.4164e-06
7230.0 7.6242e-06
7250.0 8.1934e-06
7270.0 8.9288e-06
7290.0 1.0598e-05
7310.0 1.1499e-05
7330.0 1.1115e-05
7350.0 1.0053e-05
7370.0 8.747e-06
7390.0 8.4856e-06
7410.0 9.0176e-06
7430.0 1.0022e-05
7450.0 1.0916e-05
7470.0 1.0816e-05
7490.0 9.8617e-06
7510.0 1.1171e-05
7530.0 1.1048e-05
7550.0 9.9306e-06
7570.0 7.7576e-06
7590.0 5.3331e-06
7610.0 4.5774e-06
7630.0 5.2008e-06
7650.0 6.1492e-06
7670.0 7.6532e-06
7690.0 8.4217e-06
7710.0 8.7764e-06
7730.0 9.2229e-06
7750.0 1.0354e-05
7770.0 1.0517e-05
7790.0 9.6599e-06
7810.0 8.8141e-06
7830.0 9.0893e-06
7850.0 8.8356e-06
7870.0 8.1008e-06
7890.0 6.8062e-06
7910.0 5.5325e-06
7930.0 5.2827e-06
7950.0 4.8127e-06
7970.0 4.455e-06
7990.0 4.4296e-06
8010.0 3.2807e-07
8030.0 3.238e-07
8050.0 3.1944e-07
8070.0 3.2362e-07
8090.0 3.4772e-07
8110.0 3.418e-07
8130.0 2.8194e-07
8150.0 2.7458e-07
8170.0 2.3651e-07
8190.0 2.2414e-07
8210.0 2.9107e-07
8230.0 3.2407e-07
8250.0 2.9208e-07
8270.0 2.5421e-07
8290.0 2.4781e-07
8310.0 1.9073e-07
8330.0 1.2855e-07
8350.0 9.123e-08
8370.0 5.7479e-08
8390.0 1.0507e-07
8410.0 1.2243e-07
8430.0 1.5092e-07
8450.0 1.7722e-07
8470.0 2.2027e-07
8490.0 2.1872e-07
8510.0 2.1514e-07
8530.0 2.2453e-07
8550.0 3.0294e-07
8570.0 3.5864e-07
8590.0 3.8697e-07
8610.0 4.8882e-07
8630.0 5.8885e-07
8650.0 6.16e-07
8670.0 6.5463e-07
8690.0 6.5829e-07
8710.0 5.9617e-07
8730.0 5.5454e-07
8750.0 4.8948e-07
8770.0 4.6445e-07
8790.0 4.5629e-07
8810.0 4.3723e-07
8830.0 3.4963e-07
8850.0 2.5595e-07
8870.0 1.9598e-07
8890.0 1.916e-07
8910.0 2.1958e-07
8930.0 2.4976e-07
8950.0 2.5454e-07
8970.0 2.5574e-07
8990.0 2.2809e-07
9010.0 2.3903e-06
9030.0 2.1659e-06
9050.0 2.1763e-06
9070.0 2.1935e-06
9090.0 2.2086e-06
9110.0 2.2272e-06
9130.0 2.2415e-06
9150.0 2.2527e-06
9170.0 2.2646e-06
9190.0 2.2773e-06
9210.0 2.2907e-06
9230.0 2.3048e-06
9250.0 2.3191e-06
9270.0 2.334e-06
9290.0 2.3494e-06
9310.0 2.3648e-06
9330.0 2.3805e-06
9350.0 2.3968e-06
9370.0 2.4133e-06
9390.0 2.43e-06
9410.0 2.4472e-06
9430.0 2.4648e-06
9450.0 2.4824e-06
9470.0 2.5004e-06
9490.0 2.5189e-06
9510.0 2.5376e-06
9530.0 2.5564e-06
9550.0 2.5759e-06
9570.0 2.5956e-06
9590.0 2.6155e-06
9610.0 2.6357e-06
9630.0 2.6564e-06
9650.0 2.6773e-06
9670.0 2.6982e-06
9690.0 2.7198e-06
9710.0 2.7416e-06
9730.0 2.7635e-06
9750.0 2.7857e-06
9770.0 2.8086e-06
9790.0 2.8314e-06
9810.0 2.8543e-06
9830.0 2.8778e-06
9850.0 2.9015e-06
9870.0 2.9252e-06
9890.0 2.9492e-06
9910.0 2.9737e-06
9930.0 2.9982e-06
9950.0 3.0227e-06
9970.0 3.0478e-06
9990.0 3.0732e-06
10010.0 2.6667e-06
10030.0 2.6886e-06
10050.0 2.7109e-06
10070.0 2.734e-06
10090.0 2.7558e-06
10110.0 2.7781e-06
10130.0 2.8005e-06
10150.0 2.8228e-06
10170.0 2.8454e-06
10190.0 2.8684e-06
10210.0 2.8912e-06
10230.0 2.9138e-06
10250.0 2.9368e-06
10270.0 2.9598e-06
10290.0 2.9826e-06
10310.0 3.0056e-06
10330.0 3.0288e-06
10350.0 3.0516e-06
10370.0 3.0744e-06
10390.0 3.0974e-06
10410.0 3.1203e-06
10430.0 3.1428e-06
10450.0 3.1655e-06
10470.0 3.1883e-06
10490.0 3.2106e-06
10510.0 3.2328e-06
10530.0 3.2554e-06
10550.0 3.2776e-06
10570.0 3.2994e-06
10590.0 3.3212e-06
10610.0 3.3431e-06
10630.0 3.3644e-06
10650.0 3.3855e-06
10670.0 3.4068e-06
10690.0 3.4278e-06
10710.0 3.4482e-06
10730.0 3.4688e-06
10750.0 3.4893e-06
10770.0 3.509e-06
10790.0 3.5286e-06
10810.0 3.5481e-06
10830.0 3.5671e-06
10850.0 3.585e-06
10870.0 3.6024e-06
10890.0 3.6178e-06
10910.0 3.6296e-06
10930.0 3.6362e-06
10950.0 3.6347e-06
10970.0 3.6224e-06
10990.0 3.5982e-06
11010.0 3.5578e-06
11030.0 3.5012e-06
11050.0 3.4322e-06
11070.0 3.3497e-06
11090.0 3.2506e-06
11110.0 3.1481e-06
11130.0 3.0412e-06
11150.0 2.926e-06
11170.0 2.8074e-06
11190.0 2.6922e-06
11210.0 2.5733e-06
11230.0 2.4514e-06
11250.0 2.335e-06
11270.0 2.2231e-06
11290.0 2.111e-06
11310.0 2.0048e-06
11330.0 1.9113e-06
11350.0 1.823e-06
11370.0 1.7414e-06
11390.0 1.6708e-06
11410.0 1.609e-06
11430.0 1.5516e-06
11450.0 1.5022e-06
11470.0 1.4594e-06
11490.0 1.4196e-06
11510.0 1.3813e-06
11530.0 1.3457e-06
11550.0 1.3103e-06
11570.0 1.2726e-06
11590.0 1.2336e-06
11610.0 1.1938e-06
11630.0 1.1506e-06
11650.0 1.1043e-06
11670.0 1.0586e-06
11690.0 1.0123e-06
11710.0 9.6456e-07
11730.0 9.1828e-07
11750.0 8.7546e-07
11770.0 8.3346e-07
11790.0 7.941e-07
11810.0 7.5945e-07
11830.0 7.2847e-07
11850.0 6.9992e-07
11870.0 6.7605e-07
11890.0 6.562e-07
11910.0 6.3876e-07
11930.0 6.2377e-07
11950.0 6.1129e-07
11970.0 6.0014e-07
11990.0 5.8959e-07
12010.0 5.7984e-07
12030.0 5.7044e-07
12050.0 5.6073e-07
12070.0 5.5062e-07
12090.0 5.4088e-07
12110.0 5.3099e-07
12130.0 5.2108e-07
12150.0 5.1194e-07
12170.0 5.0397e-07
12190.0 4.9707e-07
12210.0 4.9226e-07
12230.0 4.8993e-07
12250.0 4.9031e-07
12270.0 4.94e-07
12290.0 5.0099e-07
12310.0 5.1102e-07
12330.0 5.2504e-07
12350.0 5.4255e-07
12370.0 5.6248e-07
12390.0 5.8546e-07
12410.0 6.1238e-07
12430.0 6.3975e-07
12450.0 6.6809e-07
12470.0 6.9822e-07
12490.0 7.2849e-07
12510.0 7.5688e-07
12530.0 7.8513e-07
12550.0 8.1238e-07
12570.0 8.3643e-07
12590.0 8.5755e-07
12610.0 8.7637e-07
12630.0 8.9137e-07
12650.0 9.0172e-07
12670.0 9.0853e-07
12690.0 9.1126e-07
12710.0 9.0975e-07
12730.0 9.0448e-07
12750.0 8.9507e-07
12770.0 8.8216e-07
12790.0 8.665e-07
12810.0 8.478e-07
12830.0 8.2617e-07
12850.0 8.0355e-07
12870.0 7.7963e-07
12890.0 7.5375e-07
12910.0 7.2744e-07
12930.0 7.0151e-07
12950.0 6.7445e-07
12970.0 6.4691e-07
12990.0 6.2085e-07
13010.0 5.9511e-07
13030.0 5.6909e-07
13050.0 5.441e-07
13070.0 5.2069e-07
13090.0 4.9719e-07
13110.0 4.7446e-07
13130.0 4.5351e-07
13150.0 4.3366e-07
13170.0 4.1423e-07
13190.0 3.9694e-07
13210.0 3.8172e-07
13230.0 3.6781e-07
13250.0 3.5583e-07
13270.0 3.4638e-07
13290.0 3.3903e-07
13310.0 3.3397e-07
13330.0 3.3166e-07
13350.0 3.3193e-07
13370.0 3.349e-07
13390.0 3.4075e-07
13410.0 3.4866e-07
13430.0 3.5893e-07
13450.0 3.7162e-07
13470.0 3.8571e-07
13490.0 4.0063e-07
13510.0 4.1746e-07
13530.0 4.3452e-07
13550.0 4.5085e-07
13570.0 4.6695e-07
13590.0 4.8265e-07
13610.0 4.9661e-07
13630.0 5.0879e-07
13650.0 5.1992e-07
13670.0 5.2915e-07
13690.0 5.363e-07
13710.0 5.4182e-07
13730.0 5.4577e-07
13750.0 5.4774e-07
13770.0 5.4819e-07
13790.0 5.4719e-07
13810.0 5.4477e-07
13830.0 5.4121e-07
13850.0 5.3637e-07
13870.0 5.3027e-07
13890.0 5.233e-07
13910.0 5.1544e-07
13930.0 5.0634e-07
13950.0 4.9641e-07
13970.0 4.8625e-07
13990.0 4.7519e-07
14010.0 4.6343e-07
14030.0 4.5169e-07
14050.0 4.3987e-07
14070.0 4.2739e-07
14090.0 4.1543e-07
14110.0 4.0419e-07
14130.0 3.9329e-07
14150.0 3.8304e-07
14170.0 3.7428e-07
14190.0 3.6671e-07
14210.0 3.6029e-07
14230.0 3.5554e-07
14250.0 3.5247e-07
14270.0 3.5098e-07
14290.0 3.5129e-07
14310.0 3.5325e-07
14330.0 3.5677e-07
14350.0 3.6194e-07
14370.0 3.6839e-07
14390.0 3.7571e-07
14410.0 3.8433e-07
14430.0 3.938e-07
14450.0 4.0347e-07
14470.0 4.135e-07
14490.0 4.2417e-07
14510.0 4.3438e-07
14530.0 4.4407e-07
14550.0 4.5375e-07
14570.0 4.6305e-07
14590.0 4.7152e-07
14610.0 4.797e-07
14630.0 4.8781e-07
14650.0 4.9535e-07
14670.0 5.0264e-07
14690.0 5.1024e-07
14710.0 5.1823e-07
14730.0 5.2621e-07
14750.0 5.3507e-07
14770.0 5.4511e-07
14790.0 5.5599e-07
14810.0 5.6778e-07
14830.0 5.8175e-07
14850.0 5.9694e-07
14870.0 6.1278e-07
14890.0 6.2987e-07
14910.0 6.4803e-07
14930.0 6.6548e-07
14950.0 6.8179e-07
14970.0 6.9724e-07
14990.0 7.1019e-07
15010.0 7.2009e-07
15030.0 7.2742e-07
15050.0 7.3227e-07
15070.0 7.3464e-07
15090.0 7.3547e-07
15110.0 7.3523e-07
15130.0 7.3431e-07
15150.0 7.3307e-07
15170.0 7.316e-07
15190.0 7.3002e-07
15210.0 7.2847e-07
15230.0 7.2692e-07
15250.0 7.2532e-07
15270.0 7.2373e-07
15290.0 7.2223e-07
15310.0 7.2068e-07
15330.0 7.1912e-07
15350.0 7.1762e-07
15370.0 7.1614e-07
15390.0 7.1457e-07
15410.0 7.1306e-07
15430.0 7.116e-07
15450.0 7.101e-07
15470.0 7.0858e-07
15490.0 7.0714e-07
15510.0 7.057e-07
15530.0 7.0421e-07
15550.0 7.0275e-07
15570.0 7.0134e-07
15590.0 6.9987e-07
15610.0 6.9838e-07
15630.0 6.9698e-07
15650.0 6.9557e-07
15670.0 6.9411e-07
15690.0 6.9269e-07
15710.0 6.9133e-07
15730.0 6.8989e-07
15750.0 6.8846e-07
15770.0 6.8708e-07
15790.0 6.857e-07
15810.0 6.8424e-07
15830.0 6.8285e-07
15850.0 6.815e-07
15870.0 6.801e-07
15890.0 6.7869e-07
15910.0 6.7735e-07
15930.0 6.7598e-07
15950.0 6.7455e-07
15970.0 6.7318e-07
15990.0 6.7184e-07
16010.0 6.7044e-07
16030.0 6.6903e-07
16050.0 6.6771e-07
16070.0 6.6635e-07
16090.0 6.6495e-07
16110.0 6.636e-07
16130.0 6.6227e-07
16150.0 6.6085e-07
16170.0 6.5946e-07
16190.0 6.5813e-07
16210.0 6.5677e-07
16230.0 6.5537e-07
16250.0 6.5402e-07
16270.0 6.5269e-07
16290.0 6.5129e-07
16310.0 6.4991e-07
16330.0 6.4858e-07
16350.0 6.4721e-07
16370.0 6.4577e-07
16390.0 6.4443e-07
16410.0 6.4308e-07
16430.0 6.4168e-07
16450.0 6.403e-07
16470.0 6.3897e-07
16490.0 6.3758e-07
16510.0 6.3616e-07
16530.0 6.348e-07
16550.0 6.3344e-07
16570.0 6.3201e-07
16590.0 6.306e-07
16610.0 6.2926e-07
16630.0 6.2786e-07
16650.0 6.2643e-07
16670.0 6.2507e-07
16690.0 6.2369e-07
16710.0 6.2223e-07
16730.0 6.2082e-07
16750.0 6.1944e-07
16770.0 6.1802e-07
16790.0 6.1656e-07
16810.0 6.1518e-07
16830.0 6.1378e-07
16850.0 6.1232e-07
16870.0 6.109e-07
16890.0 6.0951e-07
16910.0 6.0804e-07
16930.0 6.0656e-07
16950.0 6.0515e-07
16970.0 6.0372e-07
16990.0 6.0224e-07
17010.0 6.0079e-07
17030.0 5.9938e-07
17050.0 5.979e-07
17070.0 5.9641e-07
17090.0 5.9497e-07
17110.0 5.9351e-07
17130.0 5.9198e-07
17150.0 5.9051e-07
17170.0 5.8907e-07
17190.0 5.8756e-07
17210.0 5.8606e-07
17230.0 5.8461e-07
17250.0 5.8311e-07
17270.0 5.8156e-07
17290.0 5.8007e-07
17310.0 5.7859e-07
17330.0 5.7705e-07
17350.0 5.755e-07
17370.0 5.7403e-07
17390.0 5.7251e-07
17410.0 5.7095e-07
17430.0 5.6944e-07
17450.0 5.6795e-07
17470.0 5.6635e-07
17490.0 5.6478e-07
17510.0 5.6327e-07
17530.0 5.6172e-07
17550.0 5.6013e-07
17570.0 5.586e-07
17590.0 5.5707e-07
17610.0 5.5547e-07
17630.0 5.5389e-07
17650.0 5.5236e-07
17670.0 5.5078e-07
17690.0 5.4913e-07
17710.0 5.4758e-07
17730.0 5.4602e-07
17750.0 5.444e-07
17770.0 5.428e-07
17790.0 5.4126e-07
17810.0 5.3964e-07
17830.0 5.38e-07
17850.0 5.3641e-07
17870.0 5.3483e-07
17890.0 5.3317e-07
17910.0 5.3153e-07
17930.0 5.2997e-07
17950.0 5.2834e-07
17970.0 5.2668e-07
17990.0 5.2509e-07
18010.0 5.2348e-07
18030.0 5.2179e-07
18050.0 5.2015e-07
18070.0 5.1854e-07
18090.0 5.1689e-07
18110.0 5.152e-07
18130.0 5.136e-07
18150.0 5.1197e-07
18170.0 5.1028e-07
18190.0 5.0863e-07
18210.0 5.0701e-07
18230.0 5.0532e-07
18250.0 5.0361e-07
18270.0 5.0199e-07
18290.0 5.0033e-07
18310.0 4.9863e-07
18330.0 4.9697e-07
18350.0 4.9534e-07
18370.0 4.9364e-07
18390.0 4.9194e-07
18410.0 4.9029e-07
18430.0 4.8862e-07
18450.0 4.8687e-07
18470.0 4.852e-07
18490.0 4.8356e-07
18510.0 4.8185e-07
18530.0 4.8014e-07
18550.0 4.785e-07
18570.0 4.7681e-07
18590.0 4.7506e-07
18610.0 4.7338e-07
18630.0 4.7171e-07
18650.0 4.6999e-07
18670.0 4.6826e-07
18690.0 4.6661e-07
18710.0 4.6491e-07
18730.0 4.6318e-07
18750.0 4.615e-07
18770.0 4.5983e-07
18790.0 4.5807e-07
18810.0 4.5634e-07
18830.0 4.5468e-07
18850.0 4.5297e-07
18870.0 4.5122e-07
18890.0 4.4954e-07
18910.0 4.4787e-07
18930.0 4.4612e-07
18950.0 4.4441e-07
18970.0 4.4273e-07
18990.0 4.4101e-07
19010.0 4.3923e-07
19030.0 4.3756e-07
19050.0 4.3587e-07
19070.0 4.3413e-07
19090.0 4.3242e-07
19110.0 4.3076e-07
19130.0 4.2902e-07
19150.0 4.2727e-07
19170.0 4.2559e-07
19190.0 4.2389e-07
19210.0 4.2213e-07
19230.0 4.2041e-07
19250.0 4.1875e-07
19270.0 4.1702e-07
19290.0 4.1529e-07
19310.0 4.1361e-07
19330.0 4.1192e-07
19350.0 4.1015e-07
19370.0 4.0844e-07
19390.0 4.0676e-07
19410.0 4.0503e-07
19430.0 4.0329e-07
19450.0 4.0163e-07
19470.0 3.9993e-07
19490.0 3.9819e-07
19510.0 3.9649e-07
19530.0 3.9482e-07
19550.0 3.9308e-07
19570.0 3.9133e-07
19590.0 3.8967e-07
19610.0 3.8797e-07
19630.0 3.8623e-07
19650.0 3.8455e-07
19670.0 3.8289e-07
19690.0 3.8115e-07
19710.0 3.7943e-07
19730.0 3.7776e-07
19750.0 3.7607e-07
19770.0 3.7431e-07
19790.0 3.7263e-07
19810.0 3.7097e-07
19830.0 3.6924e-07
19850.0 3.6751e-07
19870.0 3.6581e-07
19890.0 3.6398e-07
19910.0 3.6197e-07
19930.0 3.5983e-07
19950.0 3.5737e-07
19970.0 3.5434e-07
19990.0 3.507e-07
20010.0 3.1202e-07
20030.0 3.075e-07
20050.0 3.0222e-07
20070.0 2.9649e-07
20090.0 2.9033e-07
20110.0 2.8336e-07
20130.0 2.7631e-07
20150.0 2.6932e-07
20170.0 2.6207e-07
20190.0 2.5472e-07
20210.0 2.4777e-07
20230.0 2.41e-07
20250.0 2.3421e-07
20270.0 2.2791e-07
20290.0 2.2216e-07
20310.0 2.167e-07
20330.0 2.1159e-07
20350.0 2.0735e-07
20370.0 2.0359e-07
20390.0 2.0029e-07
20410.0 1.9762e-07
20430.0 1.9557e-07
20450.0 1.9394e-07
20470.0 1.9285e-07
20490.0 1.9226e-07
20510.0 1.921e-07
20530.0 1.9233e-07
20550.0 1.9293e-07
20570.0 1.9379e-07
20590.0 1.9496e-07
20610.0 1.9638e-07
20630.0 1.9794e-07
20650.0 1.9968e-07
20670.0 2.0168e-07
20690.0 2.0371e-07
20710.0 2.0581e-07
20730.0 2.0808e-07
20750.0 2.1045e-07
20770.0 2.1278e-07
20790.0 2.1522e-07
20810.0 2.1781e-07
20830.0 2.2038e-07
20850.0 2.2297e-07
20870.0 2.2574e-07
20890.0 2.2856e-07
20910.0 2.3128e-07
20930.0 2.3411e-07
20950.0 2.3704e-07
20970.0 2.3989e-07
20990.0 2.4271e-07
21010.0 2.4567e-07
21030.0 2.4856e-07
21050.0 2.5133e-07
21070.0 2.5408e-07
21090.0 2.5685e-07
21110.0 2.5937e-07
21130.0 2.6174e-07
21150.0 2.6404e-07
21170.0 2.6612e-07
21190.0 2.6791e-07
21210.0 2.6952e-07
21230.0 2.7086e-07
21250.0 2.7181e-07
21270.0 2.7242e-07
21290.0 2.7264e-07
21310.0 2.7242e-07
21330.0 2.7178e-07
21350.0 2.7065e-07
21370.0 2.69e-07
21390.0 2.6689e-07
21410.0 2.6431e-07
21430.0 2.6104e-07
21450.0 2.5738e-07
21470.0 2.5339e-07
21490.0 2.4887e-07
21510.0 2.4391e-07
21530.0 2.3888e-07
21550.0 2.3361e-07
21570.0 2.2798e-07
21590.0 2.2245e-07
21610.0 2.1711e-07
21630.0 2.1176e-07
21650.0 2.0653e-07
21670.0 2.02e-07
21690.0 1.9782e-07
21710.0 1.9406e-07
21730.0 1.9098e-07
21750.0 1.886e-07
21770.0 1.8679e-07
21790.0 1.8574e-07
21810.0 1.8546e-07
21830.0 1.8587e-07
21850.0 1.8703e-07
21870.0 1.8884e-07
21890.0 1.9118e-07
21910.0 1.9418e-07
21930.0 1.977e-07
21950.0 2.0152e-07
21970.0 2.0574e-07
21990.0 2.1049e-07
22010.0 2.1523e-07
22030.0 2.2004e-07
22050.0 2.251e-07
22070.0 2.3018e-07
22090.0 2.3499e-07
22110.0 2.3985e-07
22130.0 2.4469e-07
22150.0 2.4922e-07
22170.0 2.5348e-07
22190.0 2.5771e-07
22210.0 2.6164e-07
22230.0 2.651e-07
22250.0 2.6836e-07
22270.0 2.7137e-07
22290.0 2.7393e-07
22310.0 2.7613e-07
22330.0 2.7807e-07
22350.0 2.7957e-07
22370.0 2.8063e-07
22390.0 2.8129e-07
22410.0 2.815e-07
22430.0 2.8123e-07
22450.0 2.8051e-07
22470.0 2.7925e-07
22490.0 2.775e-07
22510.0 2.753e-07
22530.0 2.725e-07
22550.0 2.6909e-07
22570.0 2.6531e-07
22590.0 2.6104e-07
22610.0 2.5613e-07
22630.0 2.5082e-07
22650.0 2.4532e-07
22670.0 2.3925e-07
22690.0 2.3277e-07
22710.0 2.2623e-07
22730.0 2.1949e-07
22750.0 2.1218e-07
22770.0 2.0504e-07
22790.0 1.9806e-07
22810.0 1.9091e-07
22830.0 1.8377e-07
22850.0 1.7708e-07
22870.0 1.7053e-07
22890.0 1.6401e-07
22910.0 1.58e-07
22930.0 1.525e-07
22950.0 1.4725e-07
22970.0 1.424e-07
22990.0 1.3838e-07
23010.0 1.3482e-07
23030.0 1.3176e-07
23050.0 1.2939e-07
23070.0 1.2768e-07
23090.0 1.2653e-07
23110.0 1.2607e-07
23130.0 1.2625e-07
23150.0 1.2705e-07
23170.0 1.2851e-07
23190.0 1.3051e-07
23210.0 1.3296e-07
23230.0 1.3601e-07
23250.0 1.395e-07
23270.0 1.4323e-07
23290.0 1.4735e-07
23310.0 1.5191e-07
23330.0 1.5642e-07
23350.0 1.6097e-07
23370.0 1.6569e-07
23390.0 1.7035e-07
23410.0 1.7468e-07
23430.0 1.7895e-07
23450.0 1.8306e-07
23470.0 1.8673e-07
23490.0 1.9002e-07
23510.0 1.9306e-07
23530.0 1.9562e-07
23550.0 1.9763e-07
23570.0 1.9925e-07
23590.0 2.0042e-07
23610.0 2.011e-07
23630.0 2.0134e-07
23650.0 2.0115e-07
23670.0 2.0053e-07
23690.0 1.9955e-07
23710.0 1.9819e-07
23730.0 1.9646e-07
23750.0 1.9453e-07
23770.0 1.9237e-07
23790.0 1.8995e-07
23810.0 1.8743e-07
23830.0 1.849e-07
23850.0 1.8224e-07
23870.0 1.7956e-07
23890.0 1.7709e-07
23910.0 1.7473e-07
23930.0 1.7248e-07
23950.0 1.705e-07
23970.0 1.6884e-07
23990.0 1.6738e-07
24010.0 1.6622e-07
24030.0 1.6541e-07
24050.0 1.649e-07
24070.0 1.6469e-07
24090.0 1.6482e-07
24110.0 1.6523e-07
24130.0 1.6595e-07
24150.0 1.6695e-07
24170.0 1.6817e-07
24190.0 1.6965e-07
24210.0 1.7142e-07
24230.0 1.7335e-07
24250.0 1.7542e-07
24270.0 1.7773e-07
24290.0 1.8024e-07
24310.0 1.827e-07
24330.0 1.8531e-07
24350.0 1.8806e-07
24370.0 1.9078e-07
24390.0 1.9345e-07
24410.0 1.9631e-07
24430.0 1.9909e-07
24450.0 2.0173e-07
24470.0 2.0435e-07
24490.0 2.0696e-07
24510.0 2.0936e-07
24530.0 2.1158e-07
24550.0 2.1372e-07
24570.0 2.1565e-07
24590.0 2.1729e-07
24610.0 2.1872e-07
24630.0 2.1992e-07
24650.0 2.2074e-07
24670.0 2.2127e-07
24690.0 2.2149e-07
24710.0 2.2139e-07
24730.0 2.2101e-07
24750.0 2.2036e-07
24770.0 2.1943e-07
24790.0 2.183e-07
24810.0 2.1694e-07
24830.0 2.1516e-07
24850.0 2.1275e-07
24870.0 2.0939e-07
24890.0 2.0412e-07
24910.0 1.9581e-07
24930.0 1.8402e-07
24950.0 1.6798e-07
24970.0 1.4641e-07
24990.0 1.2174e-07
