#lamb flux
1010.0 1.8959e-07
1030.0 2.1011e-07
1050.0 2.3372e-07
1070.0 2.6029e-07
1090.0 2.9048e-07
1110.0 3.2145e-07
1130.0 3.5262e-07
1150.0 3.8527e-07
1170.0 4.1896e-07
1190.0 4.5091e-07
1210.0 4.833e-07
1230.0 5.1677e-07
1250.0 5.4957e-07
1270.0 5.8143e-07
1290.0 6.1511e-07
1310.0 6.4876e-07
1330.0 6.8104e-07
1350.0 7.137e-07
1370.0 7.4742e-07
1390.0 7.803e-07
1410.0 8.1222e-07
1430.0 8.4559e-07
1450.0 8.7896e-07
1470.0 9.1123e-07
1490.0 9.4384e-07
1510.0 9.7829e-07
1530.0 1.0109e-06
1550.0 1.0431e-06
1570.0 1.0765e-06
1590.0 1.1098e-06
1610.0 1.1416e-06
1630.0 1.1745e-06
1650.0 1.2081e-06
1670.0 1.2406e-06
1690.0 1.2727e-06
1710.0 1.306e-06
1730.0 1.3394e-06
1750.0 1.3708e-06
1770.0 1.403e-06
1790.0 1.4357e-06
1810.0 1.4674e-06
1830.0 1.4983e-06
1850.0 1.531e-06
1870.0 1.5628e-06
1890.0 1.5932e-06
1910.0 1.6241e-06
1930.0 1.6556e-06
1950.0 1.6853e-06
1970.0 1.7143e-06
1990.0 1.7442e-06
2010.0 1.7732e-06
2030.0 1.8007e-06
2050.0 1.8287e-06
2070.0 1.8571e-06
2090.0 1.8831e-06
2110.0 1.9085e-06
2130.0 1.9342e-06
2150.0 1.9586e-06
2170.0 1.9811e-06
2190.0 2.0039e-06
2210.0 2.0261e-06
2230.0 2.0463e-06
2250.0 2.0655e-06
2270.0 2.0851e-06
2290.0 2.1028e-06
2310.0 2.1182e-06
2330.0 2.1335e-06
2350.0 2.1481e-06
2370.0 2.1604e-06
2390.0 2.1722e-06
2410.0 2.1848e-06
2430.0 2.1964e-06
2450.0 2.2079e-06
2470.0 2.2222e-06
2490.0 2.241e-06
2510.0 2.2645e-06
2530.0 2.302e-06
2550.0 2.3676e-06
2570.0 2.4738e-06
2590.0 2.6356e-06
2610.0 2.8957e-06
2630.0 3.2589e-06
2650.0 3.7e-06
2670.0 4.2193e-06
2690.0 4.791e-06
2710.0 5.3293e-06
2730.0 5.7963e-06
2750.0 6.2005e-06
2770.0 6.5022e-06
2790.0 6.7032e-06
2810.0 6.8393e-06
2830.0 6.9352e-06
2850.0 6.9901e-06
2870.0 7.029e-06
2890.0 7.0659e-06
2910.0 7.0998e-06
2930.0 7.1269e-06
2950.0 7.159e-06
2970.0 7.1943e-06
2990.0 7.2253e-06
3010.0 9.4626e-05
3030.0 9.4809e-05
3050.0 9.4972e-05
3070.0 9.5e-05
3090.0 9.496e-05
3110.0 9.4721e-05
3130.0 9.4116e-05
3150.0 9.3072e-05
3170.0 9.1446e-05
3190.0 8.9266e-05
3210.0 8.6738e-05
3230.0 8.4145e-05
3250.0 8.3219e-05
3270.0 8.1629e-05
3290.0 8.3206e-05
3310.0 8.2604e-05
3330.0 8.4687e-05
3350.0 8.7799e-05
3370.0 9.1835e-05
3390.0 9.6652e-05
3410.0 0.00010172
3430.0 0.00010728
3450.0 0.00011347
3470.0 0.00011999
3490.0 0.00012661
3510.0 0.00013426
3530.0 0.00014268
3550.0 0.00014978
3570.0 0.00015636
3590.0 0.00016576
3610.0 0.00017204
3630.0 0.00018244
3650.0 0.00019172
3670.0 0.00020109
3690.0 0.00020638
3710.0 0.00020769
3730.0 0.00021063
3750.0 0.00021067
3770.0 0.00019524
3790.0 0.00017915
3810.0 0.00016732
3830.0 0.00015145
3850.0 0.00013172
3870.0 0.00013069
3890.0 0.00016924
3910.0 0.00022655
3930.0 0.00027111
3950.0 0.00028721
3970.0 0.00028129
3990.0 0.00028672
4010.0 0.00032413
4030.0 0.0003475
4050.0 0.00033659
4070.0 0.00029796
4090.0 0.00026313
4110.0 0.00029527
4130.0 0.0003197
4150.0 0.00031389
4170.0 0.00031386
4190.0 0.00031245
4210.0 0.00032419
4230.0 0.00034498
4250.0 0.00037243
4270.0 0.00037936
4290.0 0.00037588
4310.0 0.00039577
4330.0 0.00043468
4350.0 0.00049331
4370.0 0.00055052
4390.0 0.00053056
4410.0 0.00044822
4430.0 0.00037312
4450.0 0.00031256
4470.0 0.00030633
4490.0 0.00033514
4510.0 0.00038703
4530.0 0.00042109
4550.0 0.00047314
4570.0 0.00056445
4590.0 0.00069422
4610.0 0.00088904
4630.0 0.0010699
4650.0 0.0011003
4670.0 0.0010972
4690.0 0.0011609
4710.0 0.0011828
4730.0 0.00099678
4750.0 0.00073704
4770.0 0.00060311
4790.0 0.00056775
4810.0 0.00053826
4830.0 0.00052867
4850.0 0.00060823
4870.0 0.00075045
4890.0 0.00083436
4910.0 0.00073104
4930.0 0.00068352
4950.0 0.00078604
4970.0 0.0010208
4990.0 0.0012655
5010.0 0.0013011
5030.0 0.0010728
5050.0 0.00073314
5070.0 0.00052175
5090.0 0.00045552
5110.0 0.00046648
5130.0 0.00050209
5150.0 0.00051826
5170.0 0.00051444
5190.0 0.00050793
5210.0 0.00049899
5230.0 0.00051721
5250.0 0.00055486
5270.0 0.00063629
5290.0 0.0007341
5310.0 0.00080527
5330.0 0.0008323
5350.0 0.00085399
5370.0 0.00092846
5390.0 0.00097669
5410.0 0.0009248
5430.0 0.00081846
5450.0 0.00078895
5470.0 0.00091095
5490.0 0.0011564
5510.0 0.0014281
5530.0 0.0015499
5550.0 0.0015142
5570.0 0.0014017
5590.0 0.0012751
5610.0 0.001195
5630.0 0.001169
5650.0 0.0011926
5670.0 0.0011652
5690.0 0.0010949
5710.0 0.0010394
5730.0 0.00092547
5750.0 0.00071682
5770.0 0.00063224
5790.0 0.00069795
5810.0 0.00081899
5830.0 0.00091766
5850.0 0.00097252
5870.0 0.00097971
5890.0 0.00093528
5910.0 0.00089424
5930.0 0.00089772
5950.0 0.00094213
5970.0 0.00097509
5990.0 0.00090191
6010.0 0.00075748
6030.0 0.00062888
6050.0 0.00055958
6070.0 0.00056783
6090.0 0.00063138
6110.0 0.00066768
6130.0 0.00063542
6150.0 0.00061106
6170.0 0.00067781
6190.0 0.00080844
6210.0 0.00096364
6230.0 0.0010766
6250.0 0.0010607
6270.0 0.0009448
6290.0 0.00078535
6310.0 0.00062929
6330.0 0.00051408
6350.0 0.00048147
6370.0 0.00052923
6390.0 0.00061138
6410.0 0.00070382
6430.0 0.00082047
6450.0 0.00096327
6470.0 0.0011787
6490.0 0.0014224
6510.0 0.0015372
6530.0 0.0014483
6550.0 0.0013585
6570.0 0.0013433
6590.0 0.0012974
6610.0 0.001197
6630.0 0.001096
6650.0 0.0010271
6670.0 0.0010418
6690.0 0.0010236
6710.0 0.00092188
6730.0 0.00083449
6750.0 0.00074798
6770.0 0.00074683
6790.0 0.00079728
6810.0 0.00084164
6830.0 0.00085743
6850.0 0.00083084
6870.0 0.00079988
6890.0 0.00078035
6910.0 0.00073843
6930.0 0.00070861
6950.0 0.00071043
6970.0 0.00073077
6990.0 0.00080239
7010.0 0.00084575
7030.0 0.00078779
7050.0 0.00072705
7070.0 0.00067202
7090.0 0.00059036
7110.0 0.00054698
7130.0 0.00056176
7150.0 0.00058293
7170.0 0.0006096
7190.0 0.00060599
7210.0 0.00060821
7230.0 0.00065715
7250.0 0.00075565
7270.0 0.00086193
7290.0 0.00091213
7310.0 0.0008743
7330.0 0.00078244
7350.0 0.00070943
7370.0 0.00069372
7390.0 0.0007058
7410.0 0.0007437
7430.0 0.00082482
7450.0 0.00089878
7470.0 0.00098822
7490.0 0.0010591
7510.0 0.00094533
7530.0 0.00090183
7550.0 0.0007828
7570.0 0.00066788
7590.0 0.00055343
7610.0 0.00051401
7630.0 0.00054412
7650.0 0.00062695
7670.0 0.0006977
7690.0 0.00077879
7710.0 0.00086658
7730.0 0.00091372
7750.0 0.00093432
7770.0 0.00094056
7790.0 0.00093967
7810.0 0.0009631
7830.0 0.00093357
7850.0 0.00086504
7870.0 0.00080176
7890.0 0.0007452
7910.0 0.00066989
7930.0 0.00058728
7950.0 0.00053493
7970.0 0.00052496
7990.0 0.00054488
8010.0 0.00058141
8030.0 0.00059008
8050.0 0.00059222
8070.0 0.00057826
8090.0 0.00057396
8110.0 0.00055068
8130.0 0.00052024
8150.0 0.00049035
8170.0 0.00048497
8190.0 0.00049575
8210.0 0.00049465
8230.0 0.0004973
8250.0 0.00049091
8270.0 0.00043636
8290.0 0.0003377
8310.0 0.00023985
8330.0 0.00016204
8350.0 0.00011604
8370.0 0.00012923
8390.0 0.00014564
8410.0 0.00018345
8430.0 0.00022336
8450.0 0.00024449
8470.0 0.00025305
8490.0 0.00026608
8510.0 0.00028102
8530.0 0.00031637
8550.0 0.0003552
8570.0 0.00041293
8590.0 0.00049332
8610.0 0.00057298
8630.0 0.00066787
8650.0 0.00074293
8670.0 0.00073489
8690.0 0.00069567
8710.0 0.00066076
8730.0 0.00062774
8750.0 0.00060227
8770.0 0.00058689
8790.0 0.00056535
8810.0 0.00052412
8830.0 0.00048288
8850.0 0.00042034
8870.0 0.00036846
8890.0 0.00033317
8910.0 0.00034225
8930.0 0.00033387
8950.0 0.00035006
8970.0 0.00035682
8990.0 0.00036794
9010.0 0.00038204
9030.0 0.00038088
9050.0 0.00038104
9070.0 0.00038147
9090.0 0.00038183
9110.0 0.00038193
9130.0 0.00038227
9150.0 0.00038284
9170.0 0.00038325
9190.0 0.00038343
9210.0 0.0003853
9230.0 0.00038571
9250.0 0.00038635
9270.0 0.00038707
9290.0 0.00038786
9310.0 0.00038875
9330.0 0.00038971
9350.0 0.00039071
9370.0 0.00039178
9390.0 0.00039291
9410.0 0.00039408
9430.0 0.00039529
9450.0 0.00039658
9470.0 0.00039792
9490.0 0.00039929
9510.0 0.00040071
9530.0 0.00040221
9550.0 0.00040371
9570.0 0.00040526
9590.0 0.00040688
9610.0 0.00040854
9630.0 0.00041021
9650.0 0.00041194
9670.0 0.00041372
9690.0 0.00041552
9710.0 0.00041736
9730.0 0.00041924
9750.0 0.00042116
9770.0 0.00042307
9790.0 0.00042504
9810.0 0.00042705
9830.0 0.00042906
9850.0 0.0004311
9870.0 0.00043318
9890.0 0.00043527
9910.0 0.00043736
9930.0 0.00043949
9950.0 0.00044154
9970.0 0.0004437
9990.0 0.00044586
10010.0 0.00044421
10030.0 0.00044636
10050.0 0.00044843
10070.0 0.00045021
10090.0 0.0004525
10110.0 0.00045473
10130.0 0.00045693
10150.0 0.00045912
10170.0 0.00046126
10190.0 0.00046333
10210.0 0.00046544
10230.0 0.00046753
10250.0 0.00046956
10270.0 0.00047157
10290.0 0.0004736
10310.0 0.00047556
10330.0 0.00047744
10350.0 0.00047936
10370.0 0.00048125
10390.0 0.00048306
10410.0 0.00048483
10430.0 0.00048663
10450.0 0.00048833
10470.0 0.00048996
10490.0 0.00049159
10510.0 0.00049318
10530.0 0.00049463
10550.0 0.00049607
10570.0 0.0004975
10590.0 0.00049884
10610.0 0.00050008
10630.0 0.00050133
10650.0 0.00050251
10670.0 0.00050356
10690.0 0.00050457
10710.0 0.00050556
10730.0 0.00050643
10750.0 0.00050719
10770.0 0.00050797
10790.0 0.00050866
10810.0 0.00050921
10830.0 0.00050971
10850.0 0.00051014
10870.0 0.00051029
10890.0 0.00051017
10910.0 0.00050968
10930.0 0.0005085
10950.0 0.00050618
10970.0 0.00050257
10990.0 0.00049756
11010.0 0.00048825
11030.0 0.00047891
11050.0 0.00046811
11070.0 0.00045561
11090.0 0.00044095
11110.0 0.00042614
11130.0 0.00041105
11150.0 0.00039522
11170.0 0.00037946
11190.0 0.00036479
11210.0 0.00035031
11230.0 0.00033625
11250.0 0.0003236
11270.0 0.00031217
11290.0 0.00030143
11310.0 0.0002919
11330.0 0.00028398
11350.0 0.00027684
11370.0 0.00027043
11390.0 0.00026492
11410.0 0.00025996
11430.0 0.00025502
11450.0 0.00025028
11470.0 0.00024558
11490.0 0.00024055
11510.0 0.00023501
11530.0 0.00022928
11550.0 0.0002232
11570.0 0.00021649
11590.0 0.00020949
11610.0 0.00020248
11630.0 0.00019509
11650.0 0.00018752
11670.0 0.00018039
11690.0 0.0001735
11710.0 0.00016673
11730.0 0.00016047
11750.0 0.0001549
11770.0 0.00014962
11790.0 0.0001448
11810.0 0.00014061
11830.0 0.00013685
11850.0 0.00013332
11870.0 0.0001302
11890.0 0.00012739
11910.0 0.00012465
11930.0 0.00012195
11950.0 0.00011935
11970.0 0.00011668
11990.0 0.00011383
12010.0 0.00011094
12030.0 0.00010801
12050.0 0.00010493
12070.0 0.00010175
12090.0 9.8757e-05
12110.0 9.5813e-05
12130.0 9.2958e-05
12150.0 9.0399e-05
12170.0 8.8198e-05
12190.0 8.6276e-05
12210.0 8.4834e-05
12230.0 8.3915e-05
12250.0 8.3497e-05
12270.0 8.3638e-05
12290.0 8.4309e-05
12310.0 8.5431e-05
12330.0 8.7093e-05
12350.0 8.9185e-05
12370.0 9.1531e-05
12390.0 9.4179e-05
12410.0 9.7192e-05
12430.0 0.00010011
12450.0 0.000103
12470.0 0.00010591
12490.0 0.00010864
12510.0 0.00011101
12530.0 0.00011317
12550.0 0.00011503
12570.0 0.00011643
12590.0 0.00011742
12610.0 0.00011804
12630.0 0.00011822
12650.0 0.00011798
12670.0 0.00011737
12690.0 0.00011641
12710.0 0.00011516
12730.0 0.00011366
12750.0 0.00011187
12770.0 0.00010991
12790.0 0.00010784
12810.0 0.00010562
12830.0 0.00010325
12850.0 0.00010089
12870.0 9.8484e-05
12890.0 9.5944e-05
12910.0 9.3379e-05
12930.0 9.0835e-05
12950.0 8.8156e-05
12970.0 8.5378e-05
12990.0 8.2672e-05
13010.0 7.9932e-05
13030.0 7.7096e-05
13050.0 7.4304e-05
13070.0 7.1638e-05
13090.0 6.8936e-05
13110.0 6.6313e-05
13130.0 6.39e-05
13150.0 6.1646e-05
13170.0 5.9502e-05
13190.0 5.7663e-05
13210.0 5.6123e-05
13230.0 5.4815e-05
13250.0 5.38e-05
13270.0 5.3106e-05
13290.0 5.2691e-05
13310.0 5.2566e-05
13330.0 5.2715e-05
13350.0 5.3094e-05
13370.0 5.3708e-05
13390.0 5.4531e-05
13410.0 5.5431e-05
13430.0 5.6449e-05
13450.0 5.7567e-05
13470.0 5.8677e-05
13490.0 5.9743e-05
13510.0 6.0847e-05
13530.0 6.1864e-05
13550.0 6.275e-05
13570.0 6.3553e-05
13590.0 6.427e-05
13610.0 6.4844e-05
13630.0 6.5288e-05
13650.0 6.5648e-05
13670.0 6.5893e-05
13690.0 6.6025e-05
13710.0 6.6069e-05
13730.0 6.6028e-05
13750.0 6.5895e-05
13770.0 6.5688e-05
13790.0 6.5406e-05
13810.0 6.5052e-05
13830.0 6.4643e-05
13850.0 6.416e-05
13870.0 6.3604e-05
13890.0 6.2999e-05
13910.0 6.2343e-05
13930.0 6.1609e-05
13950.0 6.083e-05
13970.0 6.0047e-05
13990.0 5.9219e-05
14010.0 5.8364e-05
14030.0 5.7533e-05
14050.0 5.6722e-05
14070.0 5.5901e-05
14090.0 5.5144e-05
14110.0 5.446e-05
14130.0 5.383e-05
14150.0 5.3271e-05
14170.0 5.2821e-05
14190.0 5.2462e-05
14210.0 5.2193e-05
14230.0 5.2034e-05
14250.0 5.1977e-05
14270.0 5.2027e-05
14290.0 5.219e-05
14310.0 5.2439e-05
14330.0 5.2779e-05
14350.0 5.3218e-05
14370.0 5.3721e-05
14390.0 5.4261e-05
14410.0 5.4876e-05
14430.0 5.5533e-05
14450.0 5.6191e-05
14470.0 5.6871e-05
14490.0 5.7605e-05
14510.0 5.8328e-05
14530.0 5.9053e-05
14550.0 5.9838e-05
14570.0 6.068e-05
14590.0 6.155e-05
14610.0 6.2521e-05
14630.0 6.3642e-05
14650.0 6.4854e-05
14670.0 6.6178e-05
14690.0 6.7697e-05
14710.0 6.9398e-05
14730.0 7.1138e-05
14750.0 7.3044e-05
14770.0 7.5114e-05
14790.0 7.7212e-05
14810.0 7.9304e-05
14830.0 8.1542e-05
14850.0 8.3707e-05
14870.0 8.5714e-05
14890.0 8.7636e-05
14910.0 8.9436e-05
14930.0 9.0967e-05
14950.0 9.224e-05
14970.0 9.331e-05
14990.0 9.4096e-05
15010.0 9.4613e-05
15030.0 9.492e-05
15050.0 9.5041e-05
15070.0 9.5015e-05
15090.0 9.4899e-05
15110.0 9.4716e-05
15130.0 9.4499e-05
15150.0 9.4274e-05
15170.0 9.4032e-05
15190.0 9.3782e-05
15210.0 9.3542e-05
15230.0 9.3304e-05
15250.0 9.3056e-05
15270.0 9.2811e-05
15290.0 9.2582e-05
15310.0 9.2345e-05
15330.0 9.2105e-05
15350.0 9.1875e-05
15370.0 9.1648e-05
15390.0 9.1406e-05
15410.0 9.1174e-05
15430.0 9.0949e-05
15450.0 9.0718e-05
15470.0 9.0482e-05
15490.0 9.026e-05
15510.0 9.0038e-05
15530.0 8.9806e-05
15550.0 8.958e-05
15570.0 8.9362e-05
15590.0 8.9132e-05
15610.0 8.8899e-05
15630.0 8.868e-05
15650.0 8.8458e-05
15670.0 8.8228e-05
15690.0 8.8004e-05
15710.0 8.7789e-05
15730.0 8.7561e-05
15750.0 8.7333e-05
15770.0 8.7113e-05
15790.0 8.6892e-05
15810.0 8.6657e-05
15830.0 8.6432e-05
15850.0 8.6214e-05
15870.0 8.5986e-05
15890.0 8.5756e-05
15910.0 8.5538e-05
15930.0 8.5312e-05
15950.0 8.5076e-05
15970.0 8.485e-05
15990.0 8.4626e-05
16010.0 8.4393e-05
16030.0 8.4156e-05
16050.0 8.3934e-05
16070.0 8.3704e-05
16090.0 8.3467e-05
16110.0 8.3236e-05
16130.0 8.301e-05
16150.0 8.2766e-05
16170.0 8.2526e-05
16190.0 8.2295e-05
16210.0 8.2058e-05
16230.0 8.1812e-05
16250.0 8.1576e-05
16270.0 8.1342e-05
16290.0 8.1095e-05
16310.0 8.085e-05
16330.0 8.0612e-05
16350.0 8.0367e-05
16370.0 8.0108e-05
16390.0 7.9866e-05
16410.0 7.9622e-05
16430.0 7.9367e-05
16450.0 7.9114e-05
16470.0 7.8871e-05
16490.0 7.8614e-05
16510.0 7.8353e-05
16530.0 7.81e-05
16550.0 7.7846e-05
16570.0 7.758e-05
16590.0 7.7315e-05
16610.0 7.7063e-05
16630.0 7.6799e-05
16650.0 7.653e-05
16670.0 7.627e-05
16690.0 7.6008e-05
16710.0 7.5729e-05
16730.0 7.5459e-05
16750.0 7.5194e-05
16770.0 7.4919e-05
16790.0 7.4638e-05
16810.0 7.437e-05
16830.0 7.4098e-05
16850.0 7.3814e-05
16870.0 7.3536e-05
16890.0 7.3263e-05
16910.0 7.2976e-05
16930.0 7.2685e-05
16950.0 7.2407e-05
16970.0 7.2124e-05
16990.0 7.1831e-05
17010.0 7.1544e-05
17030.0 7.1263e-05
17050.0 7.0967e-05
17070.0 7.0671e-05
17090.0 7.0383e-05
17110.0 7.0091e-05
17130.0 6.9785e-05
17150.0 6.9489e-05
17170.0 6.9199e-05
17190.0 6.8896e-05
17210.0 6.8593e-05
17230.0 6.83e-05
17250.0 6.7998e-05
17270.0 6.7685e-05
17290.0 6.7383e-05
17310.0 6.7082e-05
17330.0 6.677e-05
17350.0 6.6456e-05
17370.0 6.6157e-05
17390.0 6.5848e-05
17410.0 6.5532e-05
17430.0 6.5223e-05
17450.0 6.4918e-05
17470.0 6.4595e-05
17490.0 6.4277e-05
17510.0 6.3968e-05
17530.0 6.3652e-05
17550.0 6.3329e-05
17570.0 6.3015e-05
17590.0 6.2703e-05
17610.0 6.2378e-05
17630.0 6.2057e-05
17650.0 6.1743e-05
17670.0 6.1421e-05
17690.0 6.1087e-05
17710.0 6.0771e-05
17730.0 6.0452e-05
17750.0 6.0124e-05
17770.0 5.9799e-05
17790.0 5.9483e-05
17810.0 5.9154e-05
17830.0 5.8823e-05
17850.0 5.85e-05
17870.0 5.8177e-05
17890.0 5.7843e-05
17910.0 5.7512e-05
17930.0 5.7194e-05
17950.0 5.6864e-05
17970.0 5.6531e-05
17990.0 5.6208e-05
18010.0 5.5884e-05
18030.0 5.5544e-05
18050.0 5.5215e-05
18070.0 5.4891e-05
18090.0 5.4559e-05
18110.0 5.4223e-05
18130.0 5.39e-05
18150.0 5.3573e-05
18170.0 5.3237e-05
18190.0 5.2908e-05
18210.0 5.2585e-05
18230.0 5.2249e-05
18250.0 5.1911e-05
18270.0 5.1587e-05
18290.0 5.1259e-05
18310.0 5.0924e-05
18330.0 5.0596e-05
18350.0 5.0274e-05
18370.0 4.9939e-05
18390.0 4.9606e-05
18410.0 4.9282e-05
18430.0 4.8954e-05
18450.0 4.8615e-05
18470.0 4.8289e-05
18490.0 4.7967e-05
18510.0 4.7636e-05
18530.0 4.7305e-05
18550.0 4.6986e-05
18570.0 4.6658e-05
18590.0 4.6323e-05
18610.0 4.5999e-05
18630.0 4.5678e-05
18650.0 4.5347e-05
18670.0 4.5017e-05
18690.0 4.4701e-05
18710.0 4.4377e-05
18730.0 4.4049e-05
18750.0 4.3729e-05
18770.0 4.3412e-05
18790.0 4.308e-05
18810.0 4.2756e-05
18830.0 4.2441e-05
18850.0 4.212e-05
18870.0 4.1794e-05
18890.0 4.1479e-05
18910.0 4.1166e-05
18930.0 4.0842e-05
18950.0 4.0523e-05
18970.0 4.0212e-05
18990.0 3.9894e-05
19010.0 3.9568e-05
19030.0 3.9259e-05
19050.0 3.8948e-05
19070.0 3.863e-05
19090.0 3.8317e-05
19110.0 3.8014e-05
19130.0 3.7698e-05
19150.0 3.7382e-05
19170.0 3.7076e-05
19190.0 3.6769e-05
19210.0 3.6453e-05
19230.0 3.6144e-05
19250.0 3.5845e-05
19270.0 3.5537e-05
19290.0 3.5228e-05
19310.0 3.4929e-05
19330.0 3.4628e-05
19350.0 3.4315e-05
19370.0 3.4013e-05
19390.0 3.3717e-05
19410.0 3.3414e-05
19430.0 3.3109e-05
19450.0 3.2817e-05
19470.0 3.2521e-05
19490.0 3.2219e-05
19510.0 3.1923e-05
19530.0 3.1634e-05
19550.0 3.1333e-05
19570.0 3.1033e-05
19590.0 3.0746e-05
19610.0 3.0455e-05
19630.0 3.0159e-05
19650.0 2.9871e-05
19670.0 2.9588e-05
19690.0 2.9294e-05
19710.0 2.9003e-05
19730.0 2.872e-05
19750.0 2.8435e-05
19770.0 2.8141e-05
19790.0 2.7859e-05
19810.0 2.758e-05
19830.0 2.7293e-05
19850.0 2.7008e-05
19870.0 2.6729e-05
19890.0 2.6438e-05
19910.0 2.6131e-05
19930.0 2.5819e-05
19950.0 2.5486e-05
19970.0 2.5109e-05
19990.0 2.4692e-05
20010.0 2.4367e-05
20030.0 2.3869e-05
20050.0 2.3325e-05
20070.0 2.2771e-05
20090.0 2.2209e-05
20110.0 2.1612e-05
20130.0 2.1042e-05
20150.0 2.051e-05
20170.0 1.9989e-05
20190.0 1.9492e-05
20210.0 1.9047e-05
20230.0 1.8637e-05
20250.0 1.8249e-05
20270.0 1.7908e-05
20290.0 1.7614e-05
20310.0 1.7353e-05
20330.0 1.7126e-05
20350.0 1.6954e-05
20370.0 1.6818e-05
20390.0 1.6718e-05
20410.0 1.666e-05
20430.0 1.6639e-05
20450.0 1.6656e-05
20470.0 1.6709e-05
20490.0 1.6794e-05
20510.0 1.6911e-05
20530.0 1.7064e-05
20550.0 1.724e-05
20570.0 1.7432e-05
20590.0 1.7653e-05
20610.0 1.7893e-05
20630.0 1.8136e-05
20650.0 1.8392e-05
20670.0 1.8669e-05
20690.0 1.8936e-05
20710.0 1.9197e-05
20730.0 1.9466e-05
20750.0 1.9732e-05
20770.0 1.998e-05
20790.0 2.0229e-05
20810.0 2.0481e-05
20830.0 2.0722e-05
20850.0 2.0957e-05
20870.0 2.1205e-05
20890.0 2.1456e-05
20910.0 2.1698e-05
20930.0 2.1951e-05
20950.0 2.2217e-05
20970.0 2.248e-05
20990.0 2.2743e-05
21010.0 2.3023e-05
21030.0 2.3299e-05
21050.0 2.3561e-05
21070.0 2.3821e-05
21090.0 2.4078e-05
21110.0 2.4305e-05
21130.0 2.4511e-05
21150.0 2.4702e-05
21170.0 2.4865e-05
21190.0 2.4994e-05
21210.0 2.5099e-05
21230.0 2.5173e-05
21250.0 2.521e-05
21270.0 2.5216e-05
21290.0 2.519e-05
21310.0 2.5129e-05
21330.0 2.5039e-05
21350.0 2.4916e-05
21370.0 2.476e-05
21390.0 2.4578e-05
21410.0 2.4371e-05
21430.0 2.4125e-05
21450.0 2.3861e-05
21470.0 2.3583e-05
21490.0 2.328e-05
21510.0 2.2957e-05
21530.0 2.2635e-05
21550.0 2.2305e-05
21570.0 2.196e-05
21590.0 2.1625e-05
21610.0 2.1304e-05
21630.0 2.0987e-05
21650.0 2.0679e-05
21670.0 2.0414e-05
21690.0 2.017e-05
21710.0 1.995e-05
21730.0 1.977e-05
21750.0 1.963e-05
21770.0 1.9523e-05
21790.0 1.9461e-05
21810.0 1.9442e-05
21830.0 1.9464e-05
21850.0 1.9531e-05
21870.0 1.9638e-05
21890.0 1.9779e-05
21910.0 1.9963e-05
21930.0 2.0184e-05
21950.0 2.0428e-05
21970.0 2.0704e-05
21990.0 2.1021e-05
22010.0 2.1346e-05
22030.0 2.1685e-05
22050.0 2.205e-05
22070.0 2.2426e-05
22090.0 2.2792e-05
22110.0 2.3168e-05
22130.0 2.3553e-05
22150.0 2.3918e-05
22170.0 2.4267e-05
22190.0 2.4616e-05
22210.0 2.4941e-05
22230.0 2.5224e-05
22250.0 2.5485e-05
22270.0 2.5717e-05
22290.0 2.5902e-05
22310.0 2.6046e-05
22330.0 2.6152e-05
22350.0 2.6206e-05
22370.0 2.621e-05
22390.0 2.6165e-05
22410.0 2.6062e-05
22430.0 2.5913e-05
22450.0 2.5716e-05
22470.0 2.5461e-05
22490.0 2.516e-05
22510.0 2.4826e-05
22530.0 2.4434e-05
22550.0 2.3992e-05
22570.0 2.3533e-05
22590.0 2.3042e-05
22610.0 2.2505e-05
22630.0 2.1948e-05
22650.0 2.1397e-05
22670.0 2.0808e-05
22690.0 2.0201e-05
22710.0 1.9608e-05
22730.0 1.9014e-05
22750.0 1.8388e-05
22770.0 1.7793e-05
22790.0 1.7227e-05
22810.0 1.6661e-05
22830.0 1.6111e-05
22850.0 1.561e-05
22870.0 1.5133e-05
22890.0 1.4675e-05
22910.0 1.4269e-05
22930.0 1.3915e-05
22950.0 1.3597e-05
22970.0 1.3327e-05
22990.0 1.3128e-05
23010.0 1.2979e-05
23030.0 1.2885e-05
23050.0 1.2853e-05
23070.0 1.2878e-05
23090.0 1.2963e-05
23110.0 1.3107e-05
23130.0 1.3299e-05
23150.0 1.3541e-05
23170.0 1.3839e-05
23190.0 1.4167e-05
23210.0 1.4517e-05
23230.0 1.4908e-05
23250.0 1.5317e-05
23270.0 1.5721e-05
23290.0 1.6136e-05
23310.0 1.6563e-05
23330.0 1.6956e-05
23350.0 1.7325e-05
23370.0 1.768e-05
23390.0 1.7999e-05
23410.0 1.8268e-05
23430.0 1.8504e-05
23450.0 1.8697e-05
23470.0 1.8836e-05
23490.0 1.8926e-05
23510.0 1.8967e-05
23530.0 1.8954e-05
23550.0 1.8894e-05
23570.0 1.8786e-05
23590.0 1.8627e-05
23610.0 1.8431e-05
23630.0 1.8199e-05
23650.0 1.7917e-05
23670.0 1.7609e-05
23690.0 1.7285e-05
23710.0 1.6932e-05
23730.0 1.6555e-05
23750.0 1.6192e-05
23770.0 1.583e-05
23790.0 1.5464e-05
23810.0 1.5122e-05
23830.0 1.4817e-05
23850.0 1.4532e-05
23870.0 1.4288e-05
23890.0 1.4104e-05
23910.0 1.3972e-05
23930.0 1.3896e-05
23950.0 1.3883e-05
23970.0 1.3928e-05
23990.0 1.4032e-05
24010.0 1.4196e-05
24030.0 1.4404e-05
24050.0 1.4656e-05
24070.0 1.4965e-05
24090.0 1.5297e-05
24110.0 1.5647e-05
24130.0 1.603e-05
24150.0 1.6434e-05
24170.0 1.6834e-05
24190.0 1.7251e-05
24210.0 1.7689e-05
24230.0 1.8118e-05
24250.0 1.854e-05
24270.0 1.8974e-05
24290.0 1.9411e-05
24310.0 1.9812e-05
24330.0 2.021e-05
24350.0 2.0601e-05
24370.0 2.0961e-05
24390.0 2.1288e-05
24410.0 2.1604e-05
24430.0 2.1878e-05
24450.0 2.2105e-05
24470.0 2.2294e-05
24490.0 2.2442e-05
24510.0 2.2541e-05
24530.0 2.2596e-05
24550.0 2.2611e-05
24570.0 2.2587e-05
24590.0 2.2533e-05
24610.0 2.2454e-05
24630.0 2.2351e-05
24650.0 2.2244e-05
24670.0 2.2135e-05
24690.0 2.2026e-05
24710.0 2.1927e-05
24730.0 2.1847e-05
24750.0 2.1778e-05
24770.0 2.1725e-05
24790.0 2.1686e-05
24810.0 2.1653e-05
24830.0 2.1604e-05
24850.0 2.1503e-05
24870.0 2.1304e-05
24890.0 2.0905e-05
24910.0 2.018e-05
24930.0 1.907e-05
24950.0 1.7493e-05
24970.0 1.5314e-05
24990.0 1.2779e-05
