#lamb flux
1010.0 5.5128e-08
1030.0 6.0972e-08
1050.0 6.7694e-08
1070.0 7.526e-08
1090.0 8.3855e-08
1110.0 9.267e-08
1130.0 1.0154e-07
1150.0 1.1084e-07
1170.0 1.2042e-07
1190.0 1.2951e-07
1210.0 1.3873e-07
1230.0 1.4825e-07
1250.0 1.5757e-07
1270.0 1.6663e-07
1290.0 1.762e-07
1310.0 1.8577e-07
1330.0 1.9494e-07
1350.0 2.0422e-07
1370.0 2.1379e-07
1390.0 2.2313e-07
1410.0 2.3219e-07
1430.0 2.4167e-07
1450.0 2.5114e-07
1470.0 2.6029e-07
1490.0 2.6955e-07
1510.0 2.7932e-07
1530.0 2.8859e-07
1550.0 2.9773e-07
1570.0 3.0718e-07
1590.0 3.1665e-07
1610.0 3.257e-07
1630.0 3.3504e-07
1650.0 3.4462e-07
1670.0 3.5389e-07
1690.0 3.6306e-07
1710.0 3.7258e-07
1730.0 3.8216e-07
1750.0 3.9118e-07
1770.0 4.0047e-07
1790.0 4.0997e-07
1810.0 4.1917e-07
1830.0 4.2822e-07
1850.0 4.3784e-07
1870.0 4.4723e-07
1890.0 4.5632e-07
1910.0 4.6561e-07
1930.0 4.7514e-07
1950.0 4.8426e-07
1970.0 4.9329e-07
1990.0 5.0268e-07
2010.0 5.1193e-07
2030.0 5.2088e-07
2050.0 5.3012e-07
2070.0 5.3962e-07
2090.0 5.4859e-07
2110.0 5.5756e-07
2130.0 5.6682e-07
2150.0 5.7593e-07
2170.0 5.8465e-07
2190.0 5.9372e-07
2210.0 6.0286e-07
2230.0 6.1165e-07
2250.0 6.2041e-07
2270.0 6.2958e-07
2290.0 6.3847e-07
2310.0 6.4702e-07
2330.0 6.5592e-07
2350.0 6.6505e-07
2370.0 6.7414e-07
2390.0 6.84e-07
2410.0 6.9567e-07
2430.0 7.0909e-07
2450.0 7.2514e-07
2470.0 7.457e-07
2490.0 7.7162e-07
2510.0 8.0107e-07
2530.0 8.3653e-07
2550.0 8.8091e-07
2570.0 9.3613e-07
2590.0 1.0079e-06
2610.0 1.1155e-06
2630.0 1.269e-06
2650.0 1.4697e-06
2670.0 1.7293e-06
2690.0 2.0482e-06
2710.0 2.3887e-06
2730.0 2.7251e-06
2750.0 3.0564e-06
2770.0 3.3447e-06
2790.0 3.5735e-06
2810.0 3.7552e-06
2830.0 3.8971e-06
2850.0 3.9939e-06
2870.0 4.065e-06
2890.0 4.1213e-06
2910.0 4.1662e-06
2930.0 4.203e-06
2950.0 4.238e-06
2970.0 4.2723e-06
2990.0 4.3044e-06
3010.0 0.00012167
3030.0 0.00012258
3050.0 0.00012345
3070.0 0.00012421
3090.0 0.00012485
3110.0 0.00012526
3130.0 0.00012524
3150.0 0.00012468
3170.0 0.00012335
3190.0 0.00012125
3210.0 0.00011859
3230.0 0.00011555
3250.0 0.00011254
3270.0 0.00011035
3290.0 0.00010913
3310.0 0.00010933
3330.0 0.00011091
3350.0 0.00011366
3370.0 0.0001176
3390.0 0.00012256
3410.0 0.00012795
3430.0 0.00013401
3450.0 0.00014098
3470.0 0.0001486
3490.0 0.00015667
3510.0 0.00016579
3530.0 0.00017556
3550.0 0.00018545
3570.0 0.00019577
3590.0 0.00020699
3610.0 0.00021855
3630.0 0.00023008
3650.0 0.00024203
3670.0 0.00025295
3690.0 0.00026111
3710.0 0.00026579
3730.0 0.00026594
3750.0 0.00026224
3770.0 0.00026079
3790.0 0.00025924
3810.0 0.00025287
3830.0 0.00026069
3850.0 0.00029149
3870.0 0.00030839
3890.0 0.00030698
3910.0 0.00030829
3930.0 0.00031641
3950.0 0.0003214
3970.0 0.00029283
3990.0 0.00025196
4010.0 0.00075517
4030.0 0.000915
4050.0 0.001049
4070.0 0.00091017
4090.0 0.00082434
4110.0 0.0007274
4130.0 0.0006695
4150.0 0.00071214
4170.0 0.00070149
4190.0 0.00074774
4210.0 0.0007409
4230.0 0.00078368
4250.0 0.00092711
4270.0 0.00093801
4290.0 0.00086436
4310.0 0.00089813
4330.0 0.00095534
4350.0 0.0010712
4370.0 0.001219
4390.0 0.0011439
4410.0 0.00084516
4430.0 0.00071548
4450.0 0.00065744
4470.0 0.00050461
4490.0 0.00054454
4510.0 0.00082254
4530.0 0.00094863
4550.0 0.00095686
4570.0 0.0010767
4590.0 0.0012265
4610.0 0.0016542
4630.0 0.0021485
4650.0 0.00233
4670.0 0.0021578
4690.0 0.0020589
4710.0 0.0021764
4730.0 0.002054
4750.0 0.0015356
4770.0 0.0011264
4790.0 0.0010518
4810.0 0.0010026
4830.0 0.00091785
4850.0 0.0010072
4870.0 0.0013306
4890.0 0.0015691
4910.0 0.0013767
4930.0 0.0012182
4950.0 0.0013384
4970.0 0.0017164
4990.0 0.0023261
5010.0 0.0026759
5030.0 0.0023595
5050.0 0.0015964
5070.0 0.0010521
5090.0 0.00084833
5110.0 0.00087243
5130.0 0.0010069
5150.0 0.0010909
5170.0 0.0010746
5190.0 0.0010041
5210.0 0.0010495
5230.0 0.0011033
5250.0 0.001189
5270.0 0.0012829
5290.0 0.0014217
5310.0 0.0016548
5330.0 0.0018313
5350.0 0.0018196
5370.0 0.0019113
5390.0 0.0021933
5410.0 0.0021913
5430.0 0.0019379
5450.0 0.0017805
5470.0 0.0018906
5490.0 0.0023098
5510.0 0.002888
5530.0 0.0033124
5550.0 0.0032015
5570.0 0.0029104
5590.0 0.0025307
5610.0 0.0023338
5630.0 0.0022631
5650.0 0.0021554
5670.0 0.0020424
5690.0 0.0018259
5710.0 0.0017803
5730.0 0.0016399
5750.0 0.0011563
5770.0 0.00090207
5790.0 0.0010222
5810.0 0.0011543
5830.0 0.0014165
5850.0 0.0016862
5870.0 0.0018708
5890.0 0.0019025
5910.0 0.0018665
5930.0 0.0017767
5950.0 0.0018105
5970.0 0.0020637
5990.0 0.0019405
6010.0 0.0016267
6030.0 0.0013743
6050.0 0.0011969
6070.0 0.0011903
6090.0 0.0012907
6110.0 0.0014432
6130.0 0.0014653
6150.0 0.0012608
6170.0 0.0011091
6190.0 0.0012481
6210.0 0.00165
6230.0 0.0021653
6250.0 0.0023453
6270.0 0.0020495
6290.0 0.0017243
6310.0 0.0013461
6330.0 0.0010314
6350.0 0.00091997
6370.0 0.00096745
6390.0 0.0011184
6410.0 0.0013791
6430.0 0.0016104
6450.0 0.0018427
6470.0 0.0021099
6490.0 0.0025486
6510.0 0.0028497
6530.0 0.0027957
6550.0 0.0025281
6570.0 0.0021461
6590.0 0.0019352
6610.0 0.0016687
6630.0 0.0015117
6650.0 0.001429
6670.0 0.0013883
6690.0 0.0012544
6710.0 0.0011403
6730.0 0.00082131
6750.0 0.00081424
6770.0 0.00088502
6790.0 0.0010173
6810.0 0.00093082
6830.0 0.00095848
6850.0 0.00089649
6870.0 0.00081894
6890.0 0.00078631
6910.0 0.00083791
6930.0 0.00078482
6950.0 0.00080745
6970.0 0.00084929
6990.0 0.00096402
7010.0 0.00097223
7030.0 0.00098767
7050.0 0.0009419
7070.0 0.00089747
7090.0 0.00090009
7110.0 0.00092613
7130.0 0.00099666
7150.0 0.0010585
7170.0 0.001168
7190.0 0.001284
7210.0 0.0012617
7230.0 0.001297
7250.0 0.0013939
7270.0 0.001519
7290.0 0.0018029
7310.0 0.0019563
7330.0 0.0018909
7350.0 0.0017102
7370.0 0.001488
7390.0 0.0014436
7410.0 0.0015341
7430.0 0.0017049
7450.0 0.001857
7470.0 0.0018399
7490.0 0.0016777
7510.0 0.0019004
7530.0 0.0018796
7550.0 0.0016894
7570.0 0.0013197
7590.0 0.00090726
7610.0 0.00077871
7630.0 0.00088476
7650.0 0.0010461
7670.0 0.001302
7690.0 0.0014327
7710.0 0.001493
7730.0 0.001569
7750.0 0.0017614
7770.0 0.0017891
7790.0 0.0016433
7810.0 0.0014995
7830.0 0.0015463
7850.0 0.0015031
7870.0 0.0013781
7890.0 0.0011579
7910.0 0.00094119
7930.0 0.0008987
7950.0 0.00081874
7970.0 0.00075789
7990.0 0.00075357
8010.0 5.5811e-05
8030.0 5.5086e-05
8050.0 5.4343e-05
8070.0 5.5054e-05
8090.0 5.9154e-05
8110.0 5.8146e-05
8130.0 4.7964e-05
8150.0 4.6711e-05
8170.0 4.0235e-05
8190.0 3.8131e-05
8210.0 4.9517e-05
8230.0 5.513e-05
8250.0 4.9688e-05
8270.0 4.3247e-05
8290.0 4.2158e-05
8310.0 3.2446e-05
8330.0 2.1869e-05
8350.0 1.552e-05
8370.0 9.7783e-06
8390.0 1.7874e-05
8410.0 2.0829e-05
8430.0 2.5674e-05
8450.0 3.0149e-05
8470.0 3.7473e-05
8490.0 3.7209e-05
8510.0 3.66e-05
8530.0 3.8198e-05
8550.0 5.1536e-05
8570.0 6.1011e-05
8590.0 6.5831e-05
8610.0 8.3158e-05
8630.0 0.00010018
8650.0 0.00010479
8670.0 0.00011137
8690.0 0.00011199
8710.0 0.00010142
8730.0 9.4338e-05
8750.0 8.3271e-05
8770.0 7.9012e-05
8790.0 7.7624e-05
8810.0 7.4381e-05
8830.0 5.9479e-05
8850.0 4.3543e-05
8870.0 3.334e-05
8890.0 3.2595e-05
8910.0 3.7355e-05
8930.0 4.2489e-05
8950.0 4.3302e-05
8970.0 4.3507e-05
8990.0 3.8803e-05
9010.0 0.00040663
9030.0 0.00036846
9050.0 0.00037024
9070.0 0.00037316
9090.0 0.00037573
9110.0 0.00037889
9130.0 0.00038133
9150.0 0.00038323
9170.0 0.00038526
9190.0 0.00038742
9210.0 0.00038969
9230.0 0.00039209
9250.0 0.00039453
9270.0 0.00039706
9290.0 0.00039967
9310.0 0.0004023
9330.0 0.00040497
9350.0 0.00040775
9370.0 0.00041056
9390.0 0.00041339
9410.0 0.00041631
9430.0 0.00041932
9450.0 0.00042231
9470.0 0.00042537
9490.0 0.00042851
9510.0 0.0004317
9530.0 0.00043489
9550.0 0.0004382
9570.0 0.00044157
9590.0 0.00044495
9610.0 0.00044838
9630.0 0.00045191
9650.0 0.00045546
9670.0 0.00045903
9690.0 0.00046269
9710.0 0.0004664
9730.0 0.00047012
9750.0 0.0004739
9770.0 0.00047779
9790.0 0.00048167
9810.0 0.00048558
9830.0 0.00048957
9850.0 0.0004936
9870.0 0.00049763
9890.0 0.00050172
9910.0 0.00050588
9930.0 0.00051005
9950.0 0.00051423
9970.0 0.0005185
9990.0 0.0005228
10010.0 0.00045366
10030.0 0.00045738
10050.0 0.00046118
10070.0 0.00046511
10090.0 0.00046882
10110.0 0.00047261
10130.0 0.00047642
10150.0 0.00048022
10170.0 0.00048407
10190.0 0.00048798
10210.0 0.00049184
10230.0 0.0004957
10250.0 0.00049962
10270.0 0.00050353
10290.0 0.00050739
10310.0 0.00051131
10330.0 0.00051526
10350.0 0.00051914
10370.0 0.00052302
10390.0 0.00052693
10410.0 0.00053083
10430.0 0.00053465
10450.0 0.00053852
10470.0 0.00054239
10490.0 0.00054619
10510.0 0.00054997
10530.0 0.00055381
10550.0 0.00055759
10570.0 0.00056129
10590.0 0.00056501
10610.0 0.00056872
10630.0 0.00057234
10650.0 0.00057594
10670.0 0.00057957
10690.0 0.00058313
10710.0 0.00058661
10730.0 0.00059011
10750.0 0.0005936
10770.0 0.00059696
10790.0 0.00060029
10810.0 0.00060361
10830.0 0.00060683
10850.0 0.00060989
10870.0 0.00061285
10890.0 0.00061545
10910.0 0.00061746
10930.0 0.0006186
10950.0 0.00061833
10970.0 0.00061624
10990.0 0.00061212
11010.0 0.00060525
11030.0 0.00059562
11050.0 0.00058389
11070.0 0.00056985
11090.0 0.000553
11110.0 0.00053555
11130.0 0.00051736
11150.0 0.00049778
11170.0 0.00047759
11190.0 0.000458
11210.0 0.00043778
11230.0 0.00041704
11250.0 0.00039722
11270.0 0.00037819
11290.0 0.00035913
11310.0 0.00034107
11330.0 0.00032516
11350.0 0.00031013
11370.0 0.00029625
11390.0 0.00028423
11410.0 0.00027373
11430.0 0.00026396
11450.0 0.00025555
11470.0 0.00024827
11490.0 0.0002415
11510.0 0.00023498
11530.0 0.00022893
11550.0 0.00022291
11570.0 0.0002165
11590.0 0.00020986
11610.0 0.00020309
11630.0 0.00019573
11650.0 0.00018786
11670.0 0.00018009
11690.0 0.00017221
11710.0 0.00016409
11730.0 0.00015622
11750.0 0.00014893
11770.0 0.00014179
11790.0 0.00013509
11810.0 0.0001292
11830.0 0.00012393
11850.0 0.00011907
11870.0 0.00011501
11890.0 0.00011163
11910.0 0.00010867
11930.0 0.00010612
11950.0 0.00010399
11970.0 0.0001021
11990.0 0.0001003
12010.0 9.8643e-05
12030.0 9.7044e-05
12050.0 9.5391e-05
12070.0 9.3672e-05
12090.0 9.2015e-05
12110.0 9.0332e-05
12130.0 8.8646e-05
12150.0 8.7092e-05
12170.0 8.5735e-05
12190.0 8.4561e-05
12210.0 8.3743e-05
12230.0 8.3347e-05
12250.0 8.3411e-05
12270.0 8.404e-05
12290.0 8.5229e-05
12310.0 8.6934e-05
12330.0 8.932e-05
12350.0 9.2298e-05
12370.0 9.5689e-05
12390.0 9.9598e-05
12410.0 0.00010418
12430.0 0.00010883
12450.0 0.00011366
12470.0 0.00011878
12490.0 0.00012393
12510.0 0.00012876
12530.0 0.00013357
12550.0 0.0001382
12570.0 0.00014229
12590.0 0.00014589
12610.0 0.00014909
12630.0 0.00015164
12650.0 0.0001534
12670.0 0.00015456
12690.0 0.00015502
12710.0 0.00015477
12730.0 0.00015387
12750.0 0.00015227
12770.0 0.00015007
12790.0 0.00014741
12810.0 0.00014423
12830.0 0.00014055
12850.0 0.0001367
12870.0 0.00013263
12890.0 0.00012823
12910.0 0.00012375
12930.0 0.00011934
12950.0 0.00011474
12970.0 0.00011005
12990.0 0.00010562
13010.0 0.00010124
13030.0 9.6814e-05
13050.0 9.2562e-05
13070.0 8.858e-05
13090.0 8.4583e-05
13110.0 8.0715e-05
13130.0 7.715e-05
13150.0 7.3774e-05
13170.0 7.0469e-05
13190.0 6.7527e-05
13210.0 6.4938e-05
13230.0 6.2571e-05
13250.0 6.0533e-05
13270.0 5.8926e-05
13290.0 5.7675e-05
13310.0 5.6814e-05
13330.0 5.6422e-05
13350.0 5.6467e-05
13370.0 5.6974e-05
13390.0 5.7969e-05
13410.0 5.9313e-05
13430.0 6.1061e-05
13450.0 6.322e-05
13470.0 6.5617e-05
13490.0 6.8155e-05
13510.0 7.1019e-05
13530.0 7.3921e-05
13550.0 7.6699e-05
13570.0 7.9438e-05
13590.0 8.2108e-05
13610.0 8.4483e-05
13630.0 8.6556e-05
13650.0 8.8449e-05
13670.0 9.002e-05
13690.0 9.1235e-05
13710.0 9.2175e-05
13730.0 9.2846e-05
13750.0 9.3181e-05
13770.0 9.3258e-05
13790.0 9.3088e-05
13810.0 9.2677e-05
13830.0 9.207e-05
13850.0 9.1247e-05
13870.0 9.021e-05
13890.0 8.9023e-05
13910.0 8.7686e-05
13930.0 8.6138e-05
13950.0 8.4449e-05
13970.0 8.2721e-05
13990.0 8.0839e-05
14010.0 7.8838e-05
14030.0 7.6842e-05
14050.0 7.4831e-05
14070.0 7.2707e-05
14090.0 7.0672e-05
14110.0 6.876e-05
14130.0 6.6907e-05
14150.0 6.5162e-05
14170.0 6.3673e-05
14190.0 6.2385e-05
14210.0 6.1293e-05
14230.0 6.0484e-05
14250.0 5.9962e-05
14270.0 5.9708e-05
14290.0 5.9762e-05
14310.0 6.0095e-05
14330.0 6.0693e-05
14350.0 6.1574e-05
14370.0 6.267e-05
14390.0 6.3916e-05
14410.0 6.5383e-05
14430.0 6.6993e-05
14450.0 6.8639e-05
14470.0 7.0345e-05
14490.0 7.216e-05
14510.0 7.3896e-05
14530.0 7.5545e-05
14550.0 7.7192e-05
14570.0 7.8775e-05
14590.0 8.0214e-05
14610.0 8.1607e-05
14630.0 8.2985e-05
14650.0 8.4269e-05
14670.0 8.5509e-05
14690.0 8.6801e-05
14710.0 8.8161e-05
14730.0 8.9519e-05
14750.0 9.1025e-05
14770.0 9.2733e-05
14790.0 9.4585e-05
14810.0 9.6591e-05
14830.0 9.8967e-05
14850.0 0.00010155
14870.0 0.00010425
14890.0 0.00010715
14910.0 0.00011024
14930.0 0.00011321
14950.0 0.00011599
14970.0 0.00011861
14990.0 0.00012082
15010.0 0.0001225
15030.0 0.00012375
15050.0 0.00012457
15070.0 0.00012498
15090.0 0.00012512
15110.0 0.00012508
15130.0 0.00012492
15150.0 0.00012471
15170.0 0.00012446
15190.0 0.00012419
15210.0 0.00012393
15230.0 0.00012366
15250.0 0.00012339
15270.0 0.00012312
15290.0 0.00012287
15310.0 0.0001226
15330.0 0.00012234
15350.0 0.00012208
15370.0 0.00012183
15390.0 0.00012156
15410.0 0.00012131
15430.0 0.00012106
15450.0 0.0001208
15470.0 0.00012054
15490.0 0.0001203
15510.0 0.00012005
15530.0 0.0001198
15550.0 0.00011955
15570.0 0.00011931
15590.0 0.00011906
15610.0 0.00011881
15630.0 0.00011857
15650.0 0.00011833
15670.0 0.00011808
15690.0 0.00011784
15710.0 0.00011761
15730.0 0.00011736
15750.0 0.00011712
15770.0 0.00011689
15790.0 0.00011665
15810.0 0.0001164
15830.0 0.00011617
15850.0 0.00011594
15870.0 0.0001157
15890.0 0.00011546
15910.0 0.00011523
15930.0 0.000115
15950.0 0.00011476
15970.0 0.00011452
15990.0 0.00011429
16010.0 0.00011406
16030.0 0.00011382
16050.0 0.00011359
16070.0 0.00011336
16090.0 0.00011312
16110.0 0.00011289
16130.0 0.00011267
16150.0 0.00011242
16170.0 0.00011219
16190.0 0.00011196
16210.0 0.00011173
16230.0 0.00011149
16250.0 0.00011126
16270.0 0.00011104
16290.0 0.0001108
16310.0 0.00011056
16330.0 0.00011034
16350.0 0.0001101
16370.0 0.00010986
16390.0 0.00010963
16410.0 0.0001094
16430.0 0.00010916
16450.0 0.00010893
16470.0 0.0001087
16490.0 0.00010847
16510.0 0.00010822
16530.0 0.00010799
16550.0 0.00010776
16570.0 0.00010752
16590.0 0.00010728
16610.0 0.00010705
16630.0 0.00010681
16650.0 0.00010657
16670.0 0.00010634
16690.0 0.0001061
16710.0 0.00010585
16730.0 0.00010561
16750.0 0.00010538
16770.0 0.00010514
16790.0 0.00010489
16810.0 0.00010465
16830.0 0.00010442
16850.0 0.00010417
16870.0 0.00010393
16890.0 0.00010369
16910.0 0.00010344
16930.0 0.00010319
16950.0 0.00010295
16970.0 0.00010271
16990.0 0.00010245
17010.0 0.00010221
17030.0 0.00010197
17050.0 0.00010171
17070.0 0.00010146
17090.0 0.00010122
17110.0 0.00010097
17130.0 0.00010071
17150.0 0.00010046
17170.0 0.00010021
17190.0 9.9956e-05
17210.0 9.97e-05
17230.0 9.9454e-05
17250.0 9.9199e-05
17270.0 9.8936e-05
17290.0 9.8681e-05
17310.0 9.843e-05
17330.0 9.8168e-05
17350.0 9.7903e-05
17370.0 9.7654e-05
17390.0 9.7395e-05
17410.0 9.713e-05
17430.0 9.6873e-05
17450.0 9.6619e-05
17470.0 9.6347e-05
17490.0 9.6081e-05
17510.0 9.5824e-05
17530.0 9.556e-05
17550.0 9.5289e-05
17570.0 9.5028e-05
17590.0 9.4769e-05
17610.0 9.4497e-05
17630.0 9.4229e-05
17650.0 9.3967e-05
17670.0 9.3699e-05
17690.0 9.3418e-05
17710.0 9.3154e-05
17730.0 9.2889e-05
17750.0 9.2614e-05
17770.0 9.2342e-05
17790.0 9.2079e-05
17810.0 9.1803e-05
17830.0 9.1524e-05
17850.0 9.1255e-05
17870.0 9.0984e-05
17890.0 9.0702e-05
17910.0 9.0424e-05
17930.0 9.0158e-05
17950.0 8.988e-05
17970.0 8.96e-05
17990.0 8.9328e-05
18010.0 8.9055e-05
18030.0 8.8766e-05
18050.0 8.8488e-05
18070.0 8.8215e-05
18090.0 8.7933e-05
18110.0 8.7646e-05
18130.0 8.7373e-05
18150.0 8.7096e-05
18170.0 8.6809e-05
18190.0 8.6528e-05
18210.0 8.6253e-05
18230.0 8.5965e-05
18250.0 8.5674e-05
18270.0 8.5398e-05
18290.0 8.5116e-05
18310.0 8.4827e-05
18330.0 8.4544e-05
18350.0 8.4268e-05
18370.0 8.3977e-05
18390.0 8.3688e-05
18410.0 8.3408e-05
18430.0 8.3123e-05
18450.0 8.2827e-05
18470.0 8.2543e-05
18490.0 8.2262e-05
18510.0 8.1972e-05
18530.0 8.1682e-05
18550.0 8.1403e-05
18570.0 8.1114e-05
18590.0 8.0818e-05
18610.0 8.0532e-05
18630.0 8.0248e-05
18650.0 7.9954e-05
18670.0 7.966e-05
18690.0 7.938e-05
18710.0 7.9091e-05
18730.0 7.8796e-05
18750.0 7.851e-05
18770.0 7.8227e-05
18790.0 7.7926e-05
18810.0 7.7633e-05
18830.0 7.735e-05
18850.0 7.7059e-05
18870.0 7.6762e-05
18890.0 7.6476e-05
18910.0 7.6191e-05
18930.0 7.5894e-05
18950.0 7.5602e-05
18970.0 7.5318e-05
18990.0 7.5025e-05
19010.0 7.4722e-05
19030.0 7.4438e-05
19050.0 7.4151e-05
19070.0 7.3855e-05
19090.0 7.3563e-05
19110.0 7.3281e-05
19130.0 7.2985e-05
19150.0 7.2688e-05
19170.0 7.2401e-05
19190.0 7.2112e-05
19210.0 7.1813e-05
19230.0 7.152e-05
19250.0 7.1237e-05
19270.0 7.0944e-05
19290.0 7.0649e-05
19310.0 7.0364e-05
19330.0 7.0076e-05
19350.0 6.9774e-05
19370.0 6.9484e-05
19390.0 6.9198e-05
19410.0 6.8905e-05
19430.0 6.8608e-05
19450.0 6.8325e-05
19470.0 6.8037e-05
19490.0 6.774e-05
19510.0 6.7451e-05
19530.0 6.7167e-05
19550.0 6.6871e-05
19570.0 6.6573e-05
19590.0 6.629e-05
19610.0 6.6002e-05
19630.0 6.5706e-05
19650.0 6.5419e-05
19670.0 6.5137e-05
19690.0 6.4842e-05
19710.0 6.4549e-05
19730.0 6.4265e-05
19750.0 6.3977e-05
19770.0 6.3678e-05
19790.0 6.3392e-05
19810.0 6.3109e-05
19830.0 6.2815e-05
19850.0 6.2521e-05
19870.0 6.2231e-05
19890.0 6.192e-05
19910.0 6.1579e-05
19930.0 6.1214e-05
19950.0 6.0796e-05
19970.0 6.0281e-05
19990.0 5.9662e-05
20010.0 5.3081e-05
20030.0 5.2313e-05
20050.0 5.1413e-05
20070.0 5.0439e-05
20090.0 4.9391e-05
20110.0 4.8206e-05
20130.0 4.7006e-05
20150.0 4.5816e-05
20170.0 4.4583e-05
20190.0 4.3333e-05
20210.0 4.2151e-05
20230.0 4.0999e-05
20250.0 3.9845e-05
20270.0 3.8773e-05
20290.0 3.7794e-05
20310.0 3.6865e-05
20330.0 3.5996e-05
20350.0 3.5275e-05
20370.0 3.4634e-05
20390.0 3.4073e-05
20410.0 3.362e-05
20430.0 3.327e-05
20450.0 3.2993e-05
20470.0 3.2808e-05
20490.0 3.2708e-05
20510.0 3.2679e-05
20530.0 3.272e-05
20550.0 3.2821e-05
20570.0 3.2968e-05
20590.0 3.3167e-05
20610.0 3.3408e-05
20630.0 3.3673e-05
20650.0 3.397e-05
20670.0 3.4309e-05
20690.0 3.4655e-05
20710.0 3.5013e-05
20730.0 3.5399e-05
20750.0 3.5802e-05
20770.0 3.6198e-05
20790.0 3.6614e-05
20810.0 3.7054e-05
20830.0 3.7492e-05
20850.0 3.7932e-05
20870.0 3.8403e-05
20890.0 3.8883e-05
20910.0 3.9346e-05
20930.0 3.9827e-05
20950.0 4.0325e-05
20970.0 4.081e-05
20990.0 4.1289e-05
21010.0 4.1793e-05
21030.0 4.2286e-05
21050.0 4.2756e-05
21070.0 4.3225e-05
21090.0 4.3696e-05
21110.0 4.4125e-05
21130.0 4.4528e-05
21150.0 4.4919e-05
21170.0 4.5272e-05
21190.0 4.5577e-05
21210.0 4.5851e-05
21230.0 4.6078e-05
21250.0 4.624e-05
21270.0 4.6344e-05
21290.0 4.6382e-05
21310.0 4.6345e-05
21330.0 4.6236e-05
21350.0 4.6044e-05
21370.0 4.5762e-05
21390.0 4.5403e-05
21410.0 4.4965e-05
21430.0 4.4409e-05
21450.0 4.3785e-05
21470.0 4.3106e-05
21490.0 4.2338e-05
21510.0 4.1495e-05
21530.0 4.0638e-05
21550.0 3.9741e-05
21570.0 3.8784e-05
21590.0 3.7843e-05
21610.0 3.6934e-05
21630.0 3.6024e-05
21650.0 3.5135e-05
21670.0 3.4364e-05
21690.0 3.3653e-05
21710.0 3.3013e-05
21730.0 3.2489e-05
21750.0 3.2084e-05
21770.0 3.1776e-05
21790.0 3.1599e-05
21810.0 3.155e-05
21830.0 3.162e-05
21850.0 3.1817e-05
21870.0 3.2125e-05
21890.0 3.2524e-05
21910.0 3.3034e-05
21930.0 3.3633e-05
21950.0 3.4282e-05
21970.0 3.5001e-05
21990.0 3.5808e-05
22010.0 3.6614e-05
22030.0 3.7433e-05
22050.0 3.8294e-05
22070.0 3.9158e-05
22090.0 3.9977e-05
22110.0 4.0803e-05
22130.0 4.1627e-05
22150.0 4.2397e-05
22170.0 4.3122e-05
22190.0 4.3841e-05
22210.0 4.4511e-05
22230.0 4.51e-05
22250.0 4.5654e-05
22270.0 4.6165e-05
22290.0 4.6601e-05
22310.0 4.6976e-05
22330.0 4.7306e-05
22350.0 4.7561e-05
22370.0 4.7741e-05
22390.0 4.7853e-05
22410.0 4.7889e-05
22430.0 4.7843e-05
22450.0 4.772e-05
22470.0 4.7507e-05
22490.0 4.7208e-05
22510.0 4.6835e-05
22530.0 4.6358e-05
22550.0 4.5777e-05
22570.0 4.5134e-05
22590.0 4.4408e-05
22610.0 4.3573e-05
22630.0 4.2669e-05
22650.0 4.1735e-05
22670.0 4.0701e-05
22690.0 3.9598e-05
22710.0 3.8486e-05
22730.0 3.7339e-05
22750.0 3.6096e-05
22770.0 3.4881e-05
22790.0 3.3695e-05
22810.0 3.2477e-05
22830.0 3.1262e-05
22850.0 3.0125e-05
22870.0 2.901e-05
22890.0 2.7901e-05
22910.0 2.6879e-05
22930.0 2.5943e-05
22950.0 2.5051e-05
22970.0 2.4225e-05
22990.0 2.3542e-05
23010.0 2.2935e-05
23030.0 2.2415e-05
23050.0 2.2012e-05
23070.0 2.1721e-05
23090.0 2.1525e-05
23110.0 2.1446e-05
23130.0 2.1478e-05
23150.0 2.1613e-05
23170.0 2.1862e-05
23190.0 2.2202e-05
23210.0 2.2619e-05
23230.0 2.3138e-05
23250.0 2.3732e-05
23270.0 2.4367e-05
23290.0 2.5066e-05
23310.0 2.5843e-05
23330.0 2.661e-05
23350.0 2.7384e-05
23370.0 2.8188e-05
23390.0 2.898e-05
23410.0 2.9716e-05
23430.0 3.0443e-05
23450.0 3.1142e-05
23470.0 3.1767e-05
23490.0 3.2327e-05
23510.0 3.2843e-05
23530.0 3.3279e-05
23550.0 3.3621e-05
23570.0 3.3896e-05
23590.0 3.4096e-05
23610.0 3.4211e-05
23630.0 3.4252e-05
23650.0 3.422e-05
23670.0 3.4114e-05
23690.0 3.3947e-05
23710.0 3.3717e-05
23730.0 3.3421e-05
23750.0 3.3093e-05
23770.0 3.2727e-05
23790.0 3.2315e-05
23810.0 3.1885e-05
23830.0 3.1456e-05
23850.0 3.1002e-05
23870.0 3.0547e-05
23890.0 3.0126e-05
23910.0 2.9725e-05
23930.0 2.9343e-05
23950.0 2.9006e-05
23970.0 2.8722e-05
23990.0 2.8475e-05
24010.0 2.8278e-05
24030.0 2.8139e-05
24050.0 2.8052e-05
24070.0 2.8018e-05
24090.0 2.8039e-05
24110.0 2.8109e-05
24130.0 2.8231e-05
24150.0 2.8402e-05
24170.0 2.8609e-05
24190.0 2.886e-05
24210.0 2.9161e-05
24230.0 2.949e-05
24250.0 2.9842e-05
24270.0 3.0235e-05
24290.0 3.0662e-05
24310.0 3.1081e-05
24330.0 3.1525e-05
24350.0 3.1992e-05
24370.0 3.2456e-05
24390.0 3.291e-05
24410.0 3.3395e-05
24430.0 3.3869e-05
24450.0 3.4318e-05
24470.0 3.4764e-05
24490.0 3.5208e-05
24510.0 3.5617e-05
24530.0 3.5994e-05
24550.0 3.6358e-05
24570.0 3.6686e-05
24590.0 3.6966e-05
24610.0 3.7209e-05
24630.0 3.7412e-05
24650.0 3.7553e-05
24670.0 3.7642e-05
24690.0 3.768e-05
24710.0 3.7663e-05
24730.0 3.7599e-05
24750.0 3.7487e-05
24770.0 3.7329e-05
24790.0 3.7137e-05
24810.0 3.6906e-05
24830.0 3.6602e-05
24850.0 3.6193e-05
24870.0 3.5622e-05
24890.0 3.4724e-05
24910.0 3.3311e-05
24930.0 3.1305e-05
24950.0 2.8577e-05
24970.0 2.4908e-05
24990.0 2.071e-05
