#lamb flux
1010.0 1.5463e-07
1030.0 1.7023e-07
1050.0 1.8818e-07
1070.0 2.0838e-07
1090.0 2.3133e-07
1110.0 2.5486e-07
1130.0 2.7855e-07
1150.0 3.0336e-07
1170.0 3.2896e-07
1190.0 3.5322e-07
1210.0 3.7782e-07
1230.0 4.0324e-07
1250.0 4.2814e-07
1270.0 4.5232e-07
1290.0 4.7788e-07
1310.0 5.0341e-07
1330.0 5.279e-07
1350.0 5.5266e-07
1370.0 5.7822e-07
1390.0 6.0314e-07
1410.0 6.2732e-07
1430.0 6.5259e-07
1450.0 6.7786e-07
1470.0 7.0228e-07
1490.0 7.2696e-07
1510.0 7.5302e-07
1530.0 7.7771e-07
1550.0 8.0206e-07
1570.0 8.2724e-07
1590.0 8.5243e-07
1610.0 8.7648e-07
1630.0 9.0127e-07
1650.0 9.2669e-07
1670.0 9.5126e-07
1690.0 9.7548e-07
1710.0 1.0006e-06
1730.0 1.0259e-06
1750.0 1.0495e-06
1770.0 1.0739e-06
1790.0 1.0986e-06
1810.0 1.1225e-06
1830.0 1.1459e-06
1850.0 1.1707e-06
1870.0 1.1947e-06
1890.0 1.2178e-06
1910.0 1.2412e-06
1930.0 1.265e-06
1950.0 1.2875e-06
1970.0 1.3095e-06
1990.0 1.3322e-06
2010.0 1.3542e-06
2030.0 1.375e-06
2050.0 1.3963e-06
2070.0 1.4178e-06
2090.0 1.4375e-06
2110.0 1.4567e-06
2130.0 1.4762e-06
2150.0 1.4947e-06
2170.0 1.5116e-06
2190.0 1.5289e-06
2210.0 1.5456e-06
2230.0 1.5607e-06
2250.0 1.5751e-06
2270.0 1.5897e-06
2290.0 1.6028e-06
2310.0 1.6143e-06
2330.0 1.6257e-06
2350.0 1.6368e-06
2370.0 1.6468e-06
2390.0 1.6575e-06
2410.0 1.6712e-06
2430.0 1.6875e-06
2450.0 1.708e-06
2470.0 1.7368e-06
2490.0 1.7756e-06
2510.0 1.8207e-06
2530.0 1.8781e-06
2550.0 1.955e-06
2570.0 2.0563e-06
2590.0 2.194e-06
2610.0 2.4073e-06
2630.0 2.7119e-06
2650.0 3.102e-06
2670.0 3.5937e-06
2690.0 4.1791e-06
2710.0 4.7779e-06
2730.0 5.3417e-06
2750.0 5.8701e-06
2770.0 6.2973e-06
2790.0 6.6024e-06
2810.0 6.8131e-06
2830.0 6.9474e-06
2850.0 7.0023e-06
2870.0 7.013e-06
2890.0 6.9991e-06
2910.0 6.9677e-06
2930.0 6.9248e-06
2950.0 6.8805e-06
2970.0 6.8364e-06
2990.0 6.7913e-06
3010.0 0.00021265
3030.0 0.00021138
3050.0 0.00021013
3070.0 0.00020877
3090.0 0.00020732
3110.0 0.00020556
3130.0 0.00020324
3150.0 0.00020018
3170.0 0.00019601
3190.0 0.00019081
3210.0 0.00018491
3230.0 0.00017854
3250.0 0.0001721
3270.0 0.00016728
3290.0 0.00016363
3310.0 0.00016278
3330.0 0.0001638
3350.0 0.00016665
3370.0 0.0001713
3390.0 0.00017753
3410.0 0.00018453
3430.0 0.00019255
3450.0 0.00020192
3470.0 0.00021228
3490.0 0.00022342
3510.0 0.00023614
3530.0 0.00025007
3550.0 0.00026504
3570.0 0.00028163
3590.0 0.00030028
3610.0 0.00032116
3630.0 0.00034207
3650.0 0.0003643
3670.0 0.00038442
3690.0 0.00039944
3710.0 0.00040701
3730.0 0.00040255
3750.0 0.0003861
3770.0 0.00039228
3790.0 0.00037957
3810.0 0.00028906
3830.0 0.00027171
3850.0 0.00039289
3870.0 0.00036329
3890.0 0.00027653
3910.0 0.00028892
3930.0 0.00038027
3950.0 0.00045065
3970.0 0.00052322
3990.0 0.00038003
4010.0 0.00063912
4030.0 0.00059161
4050.0 0.00058914
4070.0 0.00068676
4090.0 0.00065656
4110.0 0.00060907
4130.0 0.00076502
4150.0 0.0010151
4170.0 0.0008066
4190.0 0.00070727
4210.0 0.00079669
4230.0 0.000996
4250.0 0.0011785
4270.0 0.0012817
4290.0 0.001152
4310.0 0.0010611
4330.0 0.0010574
4350.0 0.0013606
4370.0 0.0016524
4390.0 0.0013152
4410.0 0.00074854
4430.0 0.00053242
4450.0 0.00049007
4470.0 0.00032814
4490.0 0.00055808
4510.0 0.0011301
4530.0 0.0013726
4550.0 0.0013186
4570.0 0.0011967
4590.0 0.0012957
4610.0 0.0025197
4630.0 0.003508
4650.0 0.0032952
4670.0 0.0029039
4690.0 0.0030254
4710.0 0.0031787
4730.0 0.0025627
4750.0 0.0016365
4770.0 0.0011439
4790.0 0.0012815
4810.0 0.001339
4830.0 0.0013271
4850.0 0.0014496
4870.0 0.0019197
4890.0 0.0022269
4910.0 0.0017164
4930.0 0.0016562
4950.0 0.0019104
4970.0 0.0025683
4990.0 0.0034575
5010.0 0.0039635
5030.0 0.0031341
5050.0 0.0018859
5070.0 0.0013474
5090.0 0.0010423
5110.0 0.00097889
5130.0 0.0011606
5150.0 0.0011144
5170.0 0.0010492
5190.0 0.00094094
5210.0 0.00103
5230.0 0.001284
5250.0 0.0015005
5270.0 0.0013931
5290.0 0.001516
5310.0 0.0020308
5330.0 0.0021468
5350.0 0.0021143
5370.0 0.0023957
5390.0 0.0029796
5410.0 0.0025317
5430.0 0.0019124
5450.0 0.0019324
5470.0 0.0022747
5490.0 0.0028789
5510.0 0.0035304
5530.0 0.0040855
5550.0 0.003676
5570.0 0.0032835
5590.0 0.0026965
5610.0 0.0027482
5630.0 0.0030899
5650.0 0.0028785
5670.0 0.0026587
5690.0 0.0021501
5710.0 0.0022067
5730.0 0.0021521
5750.0 0.0011446
5770.0 0.00083328
5790.0 0.0010388
5810.0 0.0011168
5830.0 0.0017273
5850.0 0.0022387
5870.0 0.0023751
5890.0 0.0022405
5910.0 0.002168
5930.0 0.0021058
5950.0 0.002184
5970.0 0.0027052
5990.0 0.0022148
6010.0 0.0016948
6030.0 0.0013741
6050.0 0.0012245
6070.0 0.001474
6090.0 0.0016766
6110.0 0.0017042
6130.0 0.0015466
6150.0 0.00122
6170.0 0.0009907
6190.0 0.0012378
6210.0 0.0019375
6230.0 0.0028105
6250.0 0.0029868
6270.0 0.0022789
6290.0 0.0019458
6310.0 0.0014862
6330.0 0.0010861
6350.0 0.0010688
6370.0 0.0011242
6390.0 0.0013586
6410.0 0.0017428
6430.0 0.0021004
6450.0 0.0025936
6470.0 0.0027579
6490.0 0.0033244
6510.0 0.0037332
6530.0 0.0037673
6550.0 0.0034723
6570.0 0.0028523
6590.0 0.0027581
6610.0 0.0022894
6630.0 0.0023762
6650.0 0.0022895
6670.0 0.0020293
6690.0 0.0016094
6710.0 0.0015619
6730.0 0.00075082
6750.0 0.000953
6770.0 0.0014436
6790.0 0.0019122
6810.0 0.0013919
6830.0 0.0014227
6850.0 0.0012032
6870.0 0.00114
6890.0 0.00097354
6910.0 0.0011484
6930.0 0.0010773
6950.0 0.0012881
6970.0 0.0013195
6990.0 0.0014611
7010.0 0.0014378
7030.0 0.0016042
7050.0 0.0013864
7070.0 0.0011708
7090.0 0.0012339
7110.0 0.00128
7130.0 0.0014597
7150.0 0.0016626
7170.0 0.0018541
7190.0 0.0019448
7210.0 0.0017175
7230.0 0.001735
7250.0 0.0018831
7270.0 0.0020564
7290.0 0.0024953
7310.0 0.0025797
7330.0 0.0023635
7350.0 0.0021078
7370.0 0.0015622
7390.0 0.001637
7410.0 0.0020277
7430.0 0.0023038
7450.0 0.0024773
7470.0 0.0023016
7490.0 0.001944
7510.0 0.0031077
7530.0 0.002783
7550.0 0.0025795
7570.0 0.0017358
7590.0 0.00076405
7610.0 0.00054032
7630.0 0.00081556
7650.0 0.0010938
7670.0 0.0017382
7690.0 0.0019538
7710.0 0.0017591
7730.0 0.0017258
7750.0 0.0022513
7770.0 0.0023032
7790.0 0.0021207
7810.0 0.0017356
7830.0 0.0018625
7850.0 0.0020271
7870.0 0.0019849
7890.0 0.0015614
7910.0 0.0010443
7930.0 0.0010647
7950.0 0.00095731
7970.0 0.00080924
7990.0 0.0007313
8010.0 0.00060067
8030.0 0.00056478
8050.0 0.00060117
8070.0 0.00065058
8090.0 0.00075901
8110.0 0.00071044
8130.0 0.00046694
8150.0 0.00046588
8170.0 0.0003066
8190.0 0.00022846
8210.0 0.00042209
8230.0 0.00049327
8250.0 0.00026084
8270.0 0.00021685
8290.0 0.00030413
8310.0 0.00024872
8330.0 0.00015348
8350.0 0.00012184
8370.0 4.9392e-05
8390.0 0.00013353
8410.0 0.00015927
8430.0 0.0001983
8450.0 0.00022227
8470.0 0.00033899
8490.0 0.00028507
8510.0 0.00023324
8530.0 0.00014618
8550.0 0.0003785
8570.0 0.00056899
8590.0 0.0004367
8610.0 0.00062451
8630.0 0.00068572
8650.0 0.00043704
8670.0 0.00057851
8690.0 0.00082122
8710.0 0.00071926
8730.0 0.00075975
8750.0 0.00061629
8770.0 0.00055768
8790.0 0.0006073
8810.0 0.00064245
8830.0 0.00038909
8850.0 0.00020866
8870.0 0.00015777
8890.0 0.000294
8910.0 0.0004323
8930.0 0.00055142
8950.0 0.00062319
8970.0 0.00060646
8990.0 0.00048021
9010.0 0.00035498
9030.0 0.00028676
9050.0 0.00029771
9070.0 0.00030833
9090.0 0.00031678
9110.0 0.00032668
9130.0 0.00033389
9150.0 0.00033914
9170.0 0.00034472
9190.0 0.0003507
9210.0 0.00035696
9230.0 0.00036359
9250.0 0.00037033
9270.0 0.00037729
9290.0 0.00038444
9310.0 0.00039162
9330.0 0.00039892
9350.0 0.00040645
9370.0 0.00041406
9390.0 0.00042173
9410.0 0.00042959
9430.0 0.00043767
9450.0 0.00044571
9470.0 0.0004539
9490.0 0.00046231
9510.0 0.0004708
9530.0 0.00047932
9550.0 0.00048813
9570.0 0.00049706
9590.0 0.00050603
9610.0 0.00051514
9630.0 0.00052447
9650.0 0.00053387
9670.0 0.0005433
9690.0 0.00055296
9710.0 0.00056276
9730.0 0.00057258
9750.0 0.00058255
9770.0 0.00059279
9790.0 0.00060301
9810.0 0.00061329
9830.0 0.00062378
9850.0 0.00063439
9870.0 0.00064497
9890.0 0.00065571
9910.0 0.00066663
9930.0 0.00067756
9950.0 0.00068854
9970.0 0.00069972
9990.0 0.000711
10010.0 0.00064853
10030.0 0.00065857
10050.0 0.0006687
10070.0 0.00067872
10090.0 0.00068889
10110.0 0.00069923
10130.0 0.00070956
10150.0 0.00071983
10170.0 0.00073016
10190.0 0.0007406
10210.0 0.00075093
10230.0 0.00076123
10250.0 0.00077163
10270.0 0.000782
10290.0 0.00079227
10310.0 0.0008026
10330.0 0.00081298
10350.0 0.00082321
10370.0 0.00083338
10390.0 0.00084361
10410.0 0.00085375
10430.0 0.00086372
10450.0 0.00087371
10470.0 0.00088368
10490.0 0.00089347
10510.0 0.00090316
10530.0 0.0009129
10550.0 0.00092247
10570.0 0.00093183
10590.0 0.00094116
10610.0 0.00095041
10630.0 0.00095942
10650.0 0.00096831
10670.0 0.00097718
10690.0 0.00098583
10710.0 0.00099426
10730.0 0.0010026
10750.0 0.0010109
10770.0 0.0010188
10790.0 0.0010266
10810.0 0.0010343
10830.0 0.0010417
10850.0 0.0010487
10870.0 0.0010554
10890.0 0.0010614
10910.0 0.0010663
10930.0 0.0010696
10950.0 0.0010703
10970.0 0.0010677
10990.0 0.0010616
11010.0 0.0010839
11030.0 0.0010676
11050.0 0.0010472
11070.0 0.0010225
11090.0 0.00099259
11110.0 0.00096148
11130.0 0.00092897
11150.0 0.000894
11170.0 0.00085807
11190.0 0.00082337
11210.0 0.00078775
11230.0 0.00075151
11250.0 0.00071714
11270.0 0.00068436
11290.0 0.00065178
11310.0 0.0006211
11330.0 0.00059415
11350.0 0.00056874
11370.0 0.00054522
11390.0 0.00052472
11410.0 0.00050658
11430.0 0.00048949
11450.0 0.00047441
11470.0 0.00046099
11490.0 0.00044817
11510.0 0.00043552
11530.0 0.00042352
11550.0 0.00041146
11570.0 0.00039862
11590.0 0.00038537
11610.0 0.00037198
11630.0 0.00035761
11650.0 0.00034244
11670.0 0.00032761
11690.0 0.00031271
11710.0 0.00029749
11730.0 0.00028282
11750.0 0.00026923
11770.0 0.00025595
11790.0 0.00024347
11810.0 0.00023238
11830.0 0.00022236
11850.0 0.00021303
11870.0 0.00020504
11890.0 0.00019819
11910.0 0.000192
11930.0 0.00018648
11950.0 0.00018167
11970.0 0.00017722
11990.0 0.0001729
12010.0 0.00016881
12030.0 0.00016481
12050.0 0.0001607
12070.0 0.00015644
12090.0 0.00015232
12110.0 0.00014813
12130.0 0.0001439
12150.0 0.00013986
12170.0 0.00013615
12190.0 0.00013263
12210.0 0.00012963
12230.0 0.00012729
12250.0 0.0001256
12270.0 0.00012469
12290.0 0.00012461
12310.0 0.00012531
12330.0 0.00012691
12350.0 0.00012935
12370.0 0.00013239
12390.0 0.00013612
12410.0 0.00014072
12430.0 0.00014545
12450.0 0.0001504
12470.0 0.00015572
12490.0 0.00016106
12510.0 0.00016599
12530.0 0.00017087
12550.0 0.00017552
12570.0 0.0001795
12590.0 0.00018286
12610.0 0.00018576
12630.0 0.00018789
12650.0 0.00018909
12670.0 0.00018962
12690.0 0.00018937
12710.0 0.00018831
12730.0 0.00018656
12750.0 0.00018406
12770.0 0.00018093
12790.0 0.00017731
12810.0 0.00017315
12830.0 0.0001685
12850.0 0.00016368
12870.0 0.00015865
12890.0 0.0001533
12910.0 0.0001479
12930.0 0.00014258
12950.0 0.00013708
12970.0 0.00013151
12990.0 0.0001262
13010.0 0.00012096
13030.0 0.00011566
13050.0 0.00011053
13070.0 0.00010569
13090.0 0.00010081
13110.0 9.6046e-05
13130.0 9.1604e-05
13150.0 8.7355e-05
13170.0 8.3161e-05
13190.0 7.9365e-05
13210.0 7.596e-05
13230.0 7.279e-05
13250.0 6.998e-05
13270.0 6.7656e-05
13290.0 6.5723e-05
13310.0 6.4205e-05
13330.0 6.321e-05
13350.0 6.2699e-05
13370.0 6.2678e-05
13390.0 6.3181e-05
13410.0 6.4086e-05
13430.0 6.5428e-05
13450.0 6.7219e-05
13470.0 6.9294e-05
13490.0 7.1557e-05
13510.0 7.4193e-05
13530.0 7.6923e-05
13550.0 7.958e-05
13570.0 8.2249e-05
13590.0 8.4904e-05
13610.0 8.73e-05
13630.0 8.9421e-05
13650.0 9.1398e-05
13670.0 9.3065e-05
13690.0 9.4369e-05
13710.0 9.5397e-05
13730.0 9.6155e-05
13750.0 9.654e-05
13770.0 9.6643e-05
13790.0 9.6483e-05
13810.0 9.6057e-05
13830.0 9.5412e-05
13850.0 9.4543e-05
13870.0 9.3454e-05
13890.0 9.2212e-05
13910.0 9.0825e-05
13930.0 8.9242e-05
13950.0 8.7534e-05
13970.0 8.5803e-05
13990.0 8.3945e-05
14010.0 8.1994e-05
14030.0 8.0066e-05
14050.0 7.8143e-05
14070.0 7.6135e-05
14090.0 7.4224e-05
14110.0 7.2436e-05
14130.0 7.071e-05
14150.0 6.9089e-05
14170.0 6.7701e-05
14190.0 6.6493e-05
14210.0 6.5458e-05
14230.0 6.4674e-05
14250.0 6.4144e-05
14270.0 6.385e-05
14290.0 6.3829e-05
14310.0 6.4063e-05
14330.0 6.454e-05
14350.0 6.5281e-05
14370.0 6.6233e-05
14390.0 6.7343e-05
14410.0 6.8678e-05
14430.0 7.018e-05
14450.0 7.175e-05
14470.0 7.3419e-05
14490.0 7.5242e-05
14510.0 7.7041e-05
14530.0 7.8806e-05
14550.0 8.0631e-05
14570.0 8.2455e-05
14590.0 8.4187e-05
14610.0 8.5933e-05
14630.0 8.7736e-05
14650.0 8.9489e-05
14670.0 9.1239e-05
14690.0 9.3103e-05
14710.0 9.5084e-05
14730.0 9.7067e-05
14750.0 9.9238e-05
14770.0 0.00010165
14790.0 0.0001042
14810.0 0.00010689
14830.0 0.00010999
14850.0 0.00011327
14870.0 0.00011661
14890.0 0.00012014
14910.0 0.00012382
14930.0 0.00012732
14950.0 0.00013056
14970.0 0.00013361
14990.0 0.00013617
15010.0 0.00013817
15030.0 0.00013969
15050.0 0.00014075
15070.0 0.00014136
15090.0 0.0001417
15110.0 0.00014184
15130.0 0.00014187
15150.0 0.00014184
15170.0 0.00014177
15190.0 0.00014169
15210.0 0.00014161
15230.0 0.00014154
15250.0 0.00014145
15270.0 0.00014137
15290.0 0.00014131
15310.0 0.00014124
15330.0 0.00014117
15350.0 0.00014111
15370.0 0.00014106
15390.0 0.00014099
15410.0 0.00014093
15430.0 0.00014088
15450.0 0.00014083
15470.0 0.00014077
15490.0 0.00014072
15510.0 0.00014068
15530.0 0.00014062
15550.0 0.00014058
15570.0 0.00014054
15590.0 0.00014049
15610.0 0.00014043
15630.0 0.0001404
15650.0 0.00014035
15670.0 0.0001403
15690.0 0.00014026
15710.0 0.00014022
15730.0 0.00014017
15750.0 0.00014012
15770.0 0.00014008
15790.0 0.00014003
15810.0 0.00013997
15830.0 0.00013992
15850.0 0.00013988
15870.0 0.00013982
15890.0 0.00013976
15910.0 0.00013971
15930.0 0.00013966
15950.0 0.00013958
15970.0 0.00013952
15990.0 0.00013947
16010.0 0.00013939
16030.0 0.00013931
16050.0 0.00013925
16070.0 0.00013918
16090.0 0.0001391
16110.0 0.00013902
16130.0 0.00013895
16150.0 0.00013885
16170.0 0.00013875
16190.0 0.00013867
16210.0 0.00013857
16230.0 0.00013846
16250.0 0.00013836
16270.0 0.00013827
16290.0 0.00013815
16310.0 0.00013803
16330.0 0.00013792
16350.0 0.0001378
16370.0 0.00013765
16390.0 0.00013753
16410.0 0.0001374
16430.0 0.00013726
16450.0 0.00013711
16470.0 0.00013698
16490.0 0.00013682
16510.0 0.00013666
16530.0 0.0001365
16550.0 0.00013634
16570.0 0.00013616
16590.0 0.00013598
16610.0 0.00013582
16630.0 0.00013563
16650.0 0.00013543
16670.0 0.00013525
16690.0 0.00013506
16710.0 0.00013484
16730.0 0.00013463
16750.0 0.00013442
16770.0 0.0001342
16790.0 0.00013397
16810.0 0.00013375
16830.0 0.00013352
16850.0 0.00013328
16870.0 0.00013303
16890.0 0.0001328
16910.0 0.00013254
16930.0 0.00013226
16950.0 0.00013201
16970.0 0.00013175
16990.0 0.00013146
17010.0 0.00013119
17030.0 0.00013091
17050.0 0.00013062
17070.0 0.00013032
17090.0 0.00013003
17110.0 0.00012973
17130.0 0.0001294
17150.0 0.00012909
17170.0 0.00012878
17190.0 0.00012845
17210.0 0.00012812
17230.0 0.0001278
17250.0 0.00012746
17270.0 0.00012711
17290.0 0.00012676
17310.0 0.00012642
17330.0 0.00012605
17350.0 0.00012568
17370.0 0.00012533
17390.0 0.00012496
17410.0 0.00012458
17430.0 0.0001242
17450.0 0.00012383
17470.0 0.00012342
17490.0 0.00012303
17510.0 0.00012264
17530.0 0.00012224
17550.0 0.00012182
17570.0 0.00012142
17590.0 0.00012101
17610.0 0.00012059
17630.0 0.00012016
17650.0 0.00011975
17670.0 0.00011932
17690.0 0.00011887
17710.0 0.00011844
17730.0 0.000118
17750.0 0.00011755
17770.0 0.0001171
17790.0 0.00011667
17810.0 0.00011621
17830.0 0.00011574
17850.0 0.00011528
17870.0 0.00011482
17890.0 0.00011435
17910.0 0.00011387
17930.0 0.00011341
17950.0 0.00011293
17970.0 0.00011245
17990.0 0.00011197
18010.0 0.00011149
18030.0 0.00011099
18050.0 0.0001105
18070.0 0.00011002
18090.0 0.00010952
18110.0 0.00010901
18130.0 0.00010852
18150.0 0.00010803
18170.0 0.00010751
18190.0 0.00010701
18210.0 0.00010651
18230.0 0.00010599
18250.0 0.00010547
18270.0 0.00010496
18290.0 0.00010445
18310.0 0.00010393
18330.0 0.00010341
18350.0 0.0001029
18370.0 0.00010237
18390.0 0.00010184
18410.0 0.00010133
18430.0 0.0001008
18450.0 0.00010026
18470.0 9.9737e-05
18490.0 9.9218e-05
18510.0 9.8682e-05
18530.0 9.8148e-05
18550.0 9.7628e-05
18570.0 9.7094e-05
18590.0 9.6548e-05
18610.0 9.6017e-05
18630.0 9.5489e-05
18650.0 9.4947e-05
18670.0 9.4403e-05
18690.0 9.388e-05
18710.0 9.3344e-05
18730.0 9.2799e-05
18750.0 9.2267e-05
18770.0 9.1739e-05
18790.0 9.1186e-05
18810.0 9.0645e-05
18830.0 9.0116e-05
18850.0 8.9578e-05
18870.0 8.9031e-05
18890.0 8.85e-05
18910.0 8.7971e-05
18930.0 8.7425e-05
18950.0 8.6886e-05
18970.0 8.6359e-05
18990.0 8.5821e-05
19010.0 8.5268e-05
19030.0 8.4742e-05
19050.0 8.4213e-05
19070.0 8.3671e-05
19090.0 8.3137e-05
19110.0 8.2617e-05
19130.0 8.2078e-05
19150.0 8.1538e-05
19170.0 8.1013e-05
19190.0 8.0487e-05
19210.0 7.9947e-05
19230.0 7.9415e-05
19250.0 7.89e-05
19270.0 7.8371e-05
19290.0 7.784e-05
19310.0 7.7323e-05
19330.0 7.6805e-05
19350.0 7.6267e-05
19370.0 7.5746e-05
19390.0 7.5234e-05
19410.0 7.4711e-05
19430.0 7.4185e-05
19450.0 7.3679e-05
19470.0 7.3168e-05
19490.0 7.2645e-05
19510.0 7.2134e-05
19530.0 7.1632e-05
19550.0 7.1114e-05
19570.0 7.0596e-05
19590.0 7.0098e-05
19610.0 6.9595e-05
19630.0 6.9083e-05
19650.0 6.8583e-05
19670.0 6.8093e-05
19690.0 6.7585e-05
19710.0 6.7082e-05
19730.0 6.6593e-05
19750.0 6.6099e-05
19770.0 6.5593e-05
19790.0 6.5105e-05
19810.0 6.4623e-05
19830.0 6.4128e-05
19850.0 6.3634e-05
19870.0 6.315e-05
19890.0 6.2644e-05
19910.0 6.2107e-05
19930.0 6.1552e-05
19950.0 6.0949e-05
19970.0 6.0251e-05
19990.0 5.9455e-05
20010.0 5.6729e-05
20030.0 5.5752e-05
20050.0 5.4646e-05
20070.0 5.3478e-05
20090.0 5.2246e-05
20110.0 5.0886e-05
20130.0 4.9529e-05
20150.0 4.82e-05
20170.0 4.684e-05
20190.0 4.5477e-05
20210.0 4.4197e-05
20230.0 4.2955e-05
20250.0 4.1719e-05
20270.0 4.0572e-05
20290.0 3.9522e-05
20310.0 3.8521e-05
20330.0 3.7581e-05
20350.0 3.6787e-05
20370.0 3.6072e-05
20390.0 3.5433e-05
20410.0 3.49e-05
20430.0 3.4471e-05
20450.0 3.4112e-05
20470.0 3.3846e-05
20490.0 3.367e-05
20510.0 3.3569e-05
20530.0 3.3542e-05
20550.0 3.3584e-05
20570.0 3.3681e-05
20590.0 3.3839e-05
20610.0 3.4049e-05
20630.0 3.4291e-05
20650.0 3.4574e-05
20670.0 3.491e-05
20690.0 3.5256e-05
20710.0 3.5617e-05
20730.0 3.6011e-05
20750.0 3.6422e-05
20770.0 3.6823e-05
20790.0 3.7241e-05
20810.0 3.7681e-05
20830.0 3.8111e-05
20850.0 3.8535e-05
20870.0 3.8986e-05
20890.0 3.9438e-05
20910.0 3.9865e-05
20930.0 4.0304e-05
20950.0 4.0754e-05
20970.0 4.1186e-05
20990.0 4.1608e-05
21010.0 4.2052e-05
21030.0 4.2483e-05
21050.0 4.2889e-05
21070.0 4.3295e-05
21090.0 4.3705e-05
21110.0 4.4075e-05
21130.0 4.4423e-05
21150.0 4.4765e-05
21170.0 4.5077e-05
21190.0 4.5347e-05
21210.0 4.5598e-05
21230.0 4.5817e-05
21250.0 4.598e-05
21270.0 4.6098e-05
21290.0 4.6168e-05
21310.0 4.6177e-05
21330.0 4.6122e-05
21350.0 4.6001e-05
21370.0 4.5806e-05
21390.0 4.5539e-05
21410.0 4.52e-05
21430.0 4.476e-05
21450.0 4.425e-05
21470.0 4.368e-05
21490.0 4.3024e-05
21510.0 4.2291e-05
21530.0 4.153e-05
21550.0 4.072e-05
21570.0 3.9842e-05
21590.0 3.8961e-05
21610.0 3.8093e-05
21630.0 3.7208e-05
21650.0 3.6324e-05
21670.0 3.5532e-05
21690.0 3.478e-05
21710.0 3.4076e-05
21730.0 3.3464e-05
21750.0 3.2952e-05
21770.0 3.251e-05
21790.0 3.2178e-05
21810.0 3.1959e-05
21830.0 3.1841e-05
21850.0 3.1829e-05
21870.0 3.1921e-05
21890.0 3.2099e-05
21910.0 3.2376e-05
21930.0 3.2738e-05
21950.0 3.3158e-05
21970.0 3.3649e-05
21990.0 3.4226e-05
22010.0 3.4823e-05
22030.0 3.5447e-05
22050.0 3.6123e-05
22070.0 3.6821e-05
22090.0 3.7496e-05
22110.0 3.8194e-05
22130.0 3.8907e-05
22150.0 3.9586e-05
22170.0 4.0239e-05
22190.0 4.09e-05
22210.0 4.1526e-05
22230.0 4.2085e-05
22250.0 4.2619e-05
22270.0 4.3119e-05
22290.0 4.3551e-05
22310.0 4.3925e-05
22330.0 4.4261e-05
22350.0 4.4524e-05
22370.0 4.4713e-05
22390.0 4.4838e-05
22410.0 4.4891e-05
22430.0 4.4863e-05
22450.0 4.476e-05
22470.0 4.4574e-05
22490.0 4.4307e-05
22510.0 4.3969e-05
22530.0 4.3537e-05
22550.0 4.301e-05
22570.0 4.2423e-05
22590.0 4.176e-05
22610.0 4.0999e-05
22630.0 4.0172e-05
22650.0 3.9315e-05
22670.0 3.8367e-05
22690.0 3.7352e-05
22710.0 3.6324e-05
22730.0 3.5262e-05
22750.0 3.4107e-05
22770.0 3.2973e-05
22790.0 3.1862e-05
22810.0 3.0717e-05
22830.0 2.9571e-05
22850.0 2.8495e-05
22870.0 2.7436e-05
22890.0 2.6381e-05
22910.0 2.5407e-05
22930.0 2.4512e-05
22950.0 2.3657e-05
22970.0 2.2866e-05
22990.0 2.2207e-05
23010.0 2.1622e-05
23030.0 2.1117e-05
23050.0 2.0722e-05
23070.0 2.0431e-05
23090.0 2.0228e-05
23110.0 2.0133e-05
23130.0 2.0138e-05
23150.0 2.0237e-05
23170.0 2.0437e-05
23190.0 2.0718e-05
23210.0 2.1067e-05
23230.0 2.1504e-05
23250.0 2.2005e-05
23270.0 2.254e-05
23290.0 2.3128e-05
23310.0 2.378e-05
23330.0 2.442e-05
23350.0 2.5064e-05
23370.0 2.5728e-05
23390.0 2.6379e-05
23410.0 2.6979e-05
23430.0 2.7565e-05
23450.0 2.8123e-05
23470.0 2.8611e-05
23490.0 2.9039e-05
23510.0 2.9423e-05
23530.0 2.9731e-05
23550.0 2.9953e-05
23570.0 3.0109e-05
23590.0 3.0191e-05
23610.0 3.0196e-05
23630.0 3.013e-05
23650.0 2.9988e-05
23670.0 2.9779e-05
23690.0 2.9516e-05
23710.0 2.9192e-05
23730.0 2.8809e-05
23750.0 2.8407e-05
23770.0 2.7978e-05
23790.0 2.7517e-05
23810.0 2.7057e-05
23830.0 2.6619e-05
23850.0 2.618e-05
23870.0 2.5768e-05
23890.0 2.5416e-05
23910.0 2.5111e-05
23930.0 2.4855e-05
23950.0 2.4667e-05
23970.0 2.4547e-05
23990.0 2.4486e-05
24010.0 2.4489e-05
24030.0 2.4548e-05
24050.0 2.4656e-05
24070.0 2.482e-05
24090.0 2.5017e-05
24110.0 2.524e-05
24130.0 2.5496e-05
24150.0 2.5776e-05
24170.0 2.6059e-05
24190.0 2.636e-05
24210.0 2.6681e-05
24230.0 2.7e-05
24250.0 2.7317e-05
24270.0 2.7647e-05
24290.0 2.7986e-05
24310.0 2.83e-05
24330.0 2.862e-05
24350.0 2.8945e-05
24370.0 2.9256e-05
24390.0 2.9552e-05
24410.0 2.9861e-05
24430.0 3.0156e-05
24450.0 3.0432e-05
24470.0 3.0703e-05
24490.0 3.0971e-05
24510.0 3.1216e-05
24530.0 3.1442e-05
24550.0 3.1662e-05
24570.0 3.186e-05
24590.0 3.203e-05
24610.0 3.2179e-05
24630.0 3.2305e-05
24650.0 3.2393e-05
24670.0 3.245e-05
24690.0 3.2476e-05
24710.0 3.247e-05
24730.0 3.2436e-05
24750.0 3.2373e-05
24770.0 3.2282e-05
24790.0 3.2169e-05
24810.0 3.2028e-05
24830.0 3.1832e-05
24850.0 3.1543e-05
24870.0 3.1107e-05
24890.0 3.0382e-05
24910.0 2.9197e-05
24930.0 2.748e-05
24950.0 2.5116e-05
24970.0 2.1915e-05
24990.0 1.8236e-05
