#lamb flux
1010.0 3.6406e-08
1030.0 4.007e-08
1050.0 4.4285e-08
1070.0 4.903e-08
1090.0 5.442e-08
1110.0 5.9948e-08
1130.0 6.5511e-08
1150.0 7.1338e-08
1170.0 7.735e-08
1190.0 8.3049e-08
1210.0 8.8826e-08
1230.0 9.4795e-08
1250.0 1.0064e-07
1270.0 1.0632e-07
1290.0 1.1232e-07
1310.0 1.1832e-07
1330.0 1.2407e-07
1350.0 1.2988e-07
1370.0 1.3588e-07
1390.0 1.4173e-07
1410.0 1.4741e-07
1430.0 1.5334e-07
1450.0 1.5928e-07
1470.0 1.6501e-07
1490.0 1.708e-07
1510.0 1.7692e-07
1530.0 1.8272e-07
1550.0 1.8843e-07
1570.0 1.9435e-07
1590.0 2.0026e-07
1610.0 2.0591e-07
1630.0 2.1174e-07
1650.0 2.1771e-07
1670.0 2.2348e-07
1690.0 2.2918e-07
1710.0 2.3509e-07
1730.0 2.4103e-07
1750.0 2.4661e-07
1770.0 2.5234e-07
1790.0 2.5819e-07
1810.0 2.6383e-07
1830.0 2.6936e-07
1850.0 2.7522e-07
1870.0 2.8091e-07
1890.0 2.8638e-07
1910.0 2.9195e-07
1930.0 2.9762e-07
1950.0 3.03e-07
1970.0 3.0827e-07
1990.0 3.1372e-07
2010.0 3.1902e-07
2030.0 3.2407e-07
2050.0 3.2923e-07
2070.0 3.3446e-07
2090.0 3.393e-07
2110.0 3.4404e-07
2130.0 3.4886e-07
2150.0 3.5348e-07
2170.0 3.5775e-07
2190.0 3.6211e-07
2210.0 3.6639e-07
2230.0 3.7032e-07
2250.0 3.7409e-07
2270.0 3.7794e-07
2290.0 3.8147e-07
2310.0 3.8462e-07
2330.0 3.8777e-07
2350.0 3.908e-07
2370.0 3.9346e-07
2390.0 3.9606e-07
2410.0 3.9889e-07
2430.0 4.0165e-07
2450.0 4.0455e-07
2470.0 4.0818e-07
2490.0 4.1301e-07
2510.0 4.191e-07
2530.0 4.2846e-07
2550.0 4.4407e-07
2570.0 4.6845e-07
2590.0 5.0461e-07
2610.0 5.6125e-07
2630.0 6.3895e-07
2650.0 7.3212e-07
2670.0 8.4069e-07
2690.0 9.5926e-07
2710.0 1.0703e-06
2730.0 1.1664e-06
2750.0 1.2495e-06
2770.0 1.3116e-06
2790.0 1.3536e-06
2810.0 1.3826e-06
2830.0 1.4039e-06
2850.0 1.4171e-06
2870.0 1.4274e-06
2890.0 1.4375e-06
2910.0 1.447e-06
2930.0 1.455e-06
2950.0 1.4638e-06
2970.0 1.473e-06
2990.0 1.4809e-06
3010.0 1.6001e-05
3030.0 1.6089e-05
3050.0 1.6171e-05
3070.0 1.6223e-05
3090.0 1.6263e-05
3110.0 1.6269e-05
3130.0 1.6215e-05
3150.0 1.6092e-05
3170.0 1.5888e-05
3190.0 1.5607e-05
3210.0 1.5289e-05
3230.0 1.4966e-05
3250.0 1.4594e-05
3270.0 1.4458e-05
3290.0 1.4301e-05
3310.0 1.4593e-05
3330.0 1.494e-05
3350.0 1.5412e-05
3370.0 1.6034e-05
3390.0 1.6779e-05
3410.0 1.756e-05
3430.0 1.8405e-05
3450.0 1.9334e-05
3470.0 2.03e-05
3490.0 2.128e-05
3510.0 2.2305e-05
3530.0 2.3332e-05
3550.0 2.4458e-05
3570.0 2.569e-05
3590.0 2.6853e-05
3610.0 2.8298e-05
3630.0 2.9407e-05
3650.0 3.0598e-05
3670.0 3.1564e-05
3690.0 3.2432e-05
3710.0 3.3149e-05
3730.0 3.3223e-05
3750.0 3.3276e-05
3770.0 3.2088e-05
3790.0 3.1392e-05
3810.0 3.054e-05
3830.0 2.7651e-05
3850.0 2.5579e-05
3870.0 2.7326e-05
3890.0 3.2315e-05
3910.0 4.0951e-05
3930.0 4.7971e-05
3950.0 5.1436e-05
3970.0 4.926e-05
3990.0 4.5986e-05
4010.0 4.8195e-05
4030.0 5.2011e-05
4050.0 5.3961e-05
4070.0 4.8596e-05
4090.0 4.0229e-05
4110.0 4.2985e-05
4130.0 4.7728e-05
4150.0 4.9818e-05
4170.0 4.8224e-05
4190.0 4.6166e-05
4210.0 5.0418e-05
4230.0 5.4844e-05
4250.0 5.6661e-05
4270.0 5.8389e-05
4290.0 5.6783e-05
4310.0 5.9112e-05
4330.0 6.5317e-05
4350.0 7.6359e-05
4370.0 8.2525e-05
4390.0 7.8211e-05
4410.0 6.5944e-05
4430.0 5.577e-05
4450.0 4.5581e-05
4470.0 4.3936e-05
4490.0 4.9233e-05
4510.0 6.0048e-05
4530.0 6.502e-05
4550.0 6.9267e-05
4570.0 8.0844e-05
4590.0 0.00010156
4610.0 0.0001353
4630.0 0.00016208
4650.0 0.00016302
4670.0 0.00016431
4690.0 0.00017789
4710.0 0.0001779
4730.0 0.00014512
4750.0 0.00010737
4770.0 8.8476e-05
4790.0 8.3955e-05
4810.0 7.812e-05
4830.0 7.9663e-05
4850.0 9.3979e-05
4870.0 0.0001178
4890.0 0.00012491
4910.0 0.00010758
4930.0 0.00010348
4950.0 0.00012373
4970.0 0.00016304
4990.0 0.00019533
5010.0 0.00019754
5030.0 0.00016007
5050.0 0.00011018
5070.0 8.1095e-05
5090.0 7.0685e-05
5110.0 7.0892e-05
5130.0 7.7164e-05
5150.0 7.7571e-05
5170.0 7.7261e-05
5190.0 7.6547e-05
5210.0 7.5334e-05
5230.0 7.935e-05
5250.0 8.438e-05
5270.0 9.6552e-05
5290.0 0.00011403
5310.0 0.00012363
5330.0 0.00012816
5350.0 0.00013594
5370.0 0.00014819
5390.0 0.00015201
5410.0 0.0001395
5430.0 0.00012429
5450.0 0.00012303
5470.0 0.00014753
5490.0 0.00018952
5510.0 0.00023002
5530.0 0.0002466
5550.0 0.00023861
5570.0 0.00022127
5590.0 0.00020232
5610.0 0.00019375
5630.0 0.00019467
5650.0 0.00019782
5670.0 0.00019358
5690.0 0.00018436
5710.0 0.00017714
5730.0 0.00015598
5750.0 0.00011995
5770.0 0.00010735
5790.0 0.00011865
5810.0 0.0001371
5830.0 0.00015421
5850.0 0.00016322
5870.0 0.00016179
5890.0 0.00014997
5910.0 0.00014367
5930.0 0.00014622
5950.0 0.00015464
5970.0 0.00015813
5990.0 0.00014366
6010.0 0.00011761
6030.0 9.5856e-05
6050.0 8.7614e-05
6070.0 9.24e-05
6090.0 0.00010318
6110.0 0.00010472
6130.0 9.7079e-05
6150.0 9.5221e-05
6170.0 0.00010566
6190.0 0.00012635
6210.0 0.00015178
6230.0 0.00016859
6250.0 0.00016491
6270.0 0.00014623
6290.0 0.00012031
6310.0 9.5638e-05
6330.0 7.9674e-05
6350.0 7.6327e-05
6370.0 8.3848e-05
6390.0 9.4808e-05
6410.0 0.00010996
6430.0 0.00012968
6450.0 0.00015572
6470.0 0.00019119
6490.0 0.00022743
6510.0 0.00023968
6530.0 0.00022666
6550.0 0.00021711
6570.0 0.00021673
6590.0 0.00021017
6610.0 0.00019494
6630.0 0.00018166
6650.0 0.00017298
6670.0 0.0001734
6690.0 0.0001694
6710.0 0.00015182
6730.0 0.00013243
6750.0 0.00012041
6770.0 0.0001258
6790.0 0.00013459
6810.0 0.0001418
6830.0 0.00014411
6850.0 0.00013841
6870.0 0.00013215
6890.0 0.00012875
6910.0 0.00012219
6930.0 0.00011723
6950.0 0.00011844
6970.0 0.0001225
6990.0 0.00013328
7010.0 0.00014134
7030.0 0.00013599
7050.0 0.00012429
7070.0 0.00010864
7090.0 9.1612e-05
7110.0 8.4398e-05
7130.0 8.8802e-05
7150.0 9.4192e-05
7170.0 9.5155e-05
7190.0 9.2597e-05
7210.0 9.2442e-05
7230.0 0.00010442
7250.0 0.00012155
7270.0 0.00013507
7290.0 0.00013967
7310.0 0.00013018
7330.0 0.00011707
7350.0 0.00010734
7370.0 0.00010495
7390.0 0.00010786
7410.0 0.00011478
7430.0 0.00012765
7450.0 0.00014244
7470.0 0.0001583
7490.0 0.00016952
7510.0 0.00015096
7530.0 0.00014109
7550.0 0.00012345
7570.0 0.00010472
7590.0 8.5345e-05
7610.0 8.1103e-05
7630.0 8.7429e-05
7650.0 9.9592e-05
7670.0 0.00011335
7690.0 0.00012504
7710.0 0.00013909
7730.0 0.0001493
7750.0 0.00015553
7770.0 0.00015604
7790.0 0.0001552
7810.0 0.00015703
7830.0 0.00015371
7850.0 0.0001479
7870.0 0.00013997
7890.0 0.00012854
7910.0 0.00011536
7930.0 0.00010245
7950.0 9.2365e-05
7970.0 8.9558e-05
7990.0 9.3223e-05
8010.0 9.9001e-05
8030.0 0.00010008
8050.0 0.00010201
8070.0 0.0001009
8090.0 0.00010069
8110.0 9.7441e-05
8130.0 9.11e-05
8150.0 8.5512e-05
8170.0 8.4667e-05
8190.0 8.6023e-05
8210.0 8.6935e-05
8230.0 8.4689e-05
8250.0 8.1009e-05
8270.0 7.1414e-05
8290.0 5.7218e-05
8310.0 4.2736e-05
8330.0 2.9241e-05
8350.0 2.1215e-05
8370.0 2.0777e-05
8390.0 2.4669e-05
8410.0 3.063e-05
8430.0 3.7694e-05
8450.0 4.1528e-05
8470.0 4.3939e-05
8490.0 4.6648e-05
8510.0 4.9384e-05
8530.0 5.4674e-05
8550.0 6.415e-05
8570.0 7.4852e-05
8590.0 8.4878e-05
8610.0 9.8712e-05
8630.0 0.00011451
8650.0 0.00012285
8670.0 0.00012352
8690.0 0.00012043
8710.0 0.00011493
8730.0 0.00011021
8750.0 0.00010503
8770.0 0.00010248
8790.0 9.8554e-05
8810.0 9.14e-05
8830.0 8.4258e-05
8850.0 7.2489e-05
8870.0 6.4859e-05
8890.0 6.0236e-05
8910.0 6.4276e-05
8930.0 6.2429e-05
8950.0 6.3898e-05
8970.0 6.4755e-05
8990.0 6.5177e-05
9010.0 6.606e-05
9030.0 6.4681e-05
9050.0 6.4589e-05
9070.0 6.4642e-05
9090.0 6.4699e-05
9110.0 6.4753e-05
9130.0 6.4819e-05
9150.0 6.4901e-05
9170.0 6.4935e-05
9190.0 6.4901e-05
9210.0 6.5352e-05
9230.0 6.5374e-05
9250.0 6.5449e-05
9270.0 6.5542e-05
9290.0 6.5649e-05
9310.0 6.5769e-05
9330.0 6.59e-05
9350.0 6.6038e-05
9370.0 6.6184e-05
9390.0 6.6338e-05
9410.0 6.6497e-05
9430.0 6.6662e-05
9450.0 6.6834e-05
9470.0 6.7012e-05
9490.0 6.7195e-05
9510.0 6.7384e-05
9530.0 6.7579e-05
9550.0 6.778e-05
9570.0 6.7986e-05
9590.0 6.8198e-05
9610.0 6.8415e-05
9630.0 6.8637e-05
9650.0 6.8864e-05
9670.0 6.9097e-05
9690.0 6.9334e-05
9710.0 6.9576e-05
9730.0 6.9822e-05
9750.0 7.0073e-05
9770.0 7.0327e-05
9790.0 7.0586e-05
9810.0 7.0849e-05
9830.0 7.1115e-05
9850.0 7.1384e-05
9870.0 7.1656e-05
9890.0 7.1931e-05
9910.0 7.2209e-05
9930.0 7.2489e-05
9950.0 7.2746e-05
9970.0 7.3037e-05
9990.0 7.3329e-05
10010.0 7.3575e-05
10030.0 7.3865e-05
10050.0 7.4135e-05
10070.0 7.4303e-05
10090.0 7.4636e-05
10110.0 7.496e-05
10130.0 7.5273e-05
10150.0 7.5581e-05
10170.0 7.5877e-05
10190.0 7.6161e-05
10210.0 7.6449e-05
10230.0 7.6735e-05
10250.0 7.7011e-05
10270.0 7.7286e-05
10290.0 7.7564e-05
10310.0 7.7832e-05
10330.0 7.809e-05
10350.0 7.8354e-05
10370.0 7.8613e-05
10390.0 7.8862e-05
10410.0 7.9106e-05
10430.0 7.9354e-05
10450.0 7.9589e-05
10470.0 7.9816e-05
10490.0 8.0042e-05
10510.0 8.0263e-05
10530.0 8.0466e-05
10550.0 8.0667e-05
10570.0 8.0868e-05
10590.0 8.1056e-05
10610.0 8.1232e-05
10630.0 8.1408e-05
10650.0 8.1576e-05
10670.0 8.1726e-05
10690.0 8.1872e-05
10710.0 8.2014e-05
10730.0 8.2141e-05
10750.0 8.2252e-05
10770.0 8.2367e-05
10790.0 8.247e-05
10810.0 8.2555e-05
10830.0 8.263e-05
10850.0 8.2696e-05
10870.0 8.2721e-05
10890.0 8.2699e-05
10910.0 8.2614e-05
10930.0 8.2413e-05
10950.0 8.2019e-05
10970.0 8.1402e-05
10990.0 8.0544e-05
11010.0 7.822e-05
11030.0 7.6597e-05
11050.0 7.4742e-05
11070.0 7.2615e-05
11090.0 7.0153e-05
11110.0 6.7697e-05
11130.0 6.5229e-05
11150.0 6.2685e-05
11170.0 6.0198e-05
11190.0 5.793e-05
11210.0 5.5741e-05
11230.0 5.3667e-05
11250.0 5.1853e-05
11270.0 5.0258e-05
11290.0 4.8803e-05
11310.0 4.7548e-05
11330.0 4.6532e-05
11350.0 4.5629e-05
11370.0 4.4822e-05
11390.0 4.4117e-05
11410.0 4.3459e-05
11430.0 4.2768e-05
11450.0 4.2062e-05
11470.0 4.1325e-05
11490.0 4.0502e-05
11510.0 3.9569e-05
11530.0 3.8593e-05
11550.0 3.7553e-05
11570.0 3.6409e-05
11590.0 3.5229e-05
11610.0 3.4063e-05
11630.0 3.285e-05
11650.0 3.1627e-05
11670.0 3.0496e-05
11690.0 2.9418e-05
11710.0 2.8373e-05
11730.0 2.7417e-05
11750.0 2.6573e-05
11770.0 2.5775e-05
11790.0 2.5044e-05
11810.0 2.4402e-05
11830.0 2.3816e-05
11850.0 2.3248e-05
11870.0 2.2729e-05
11890.0 2.2243e-05
11910.0 2.1752e-05
11930.0 2.1252e-05
11950.0 2.0759e-05
11970.0 2.0248e-05
11990.0 1.9699e-05
12010.0 1.9144e-05
12030.0 1.8588e-05
12050.0 1.8009e-05
12070.0 1.7422e-05
12090.0 1.688e-05
12110.0 1.6356e-05
12130.0 1.5859e-05
12150.0 1.5425e-05
12170.0 1.5063e-05
12190.0 1.476e-05
12210.0 1.4548e-05
12230.0 1.4433e-05
12250.0 1.4411e-05
12270.0 1.449e-05
12290.0 1.4662e-05
12310.0 1.4911e-05
12330.0 1.5254e-05
12350.0 1.5669e-05
12370.0 1.6121e-05
12390.0 1.662e-05
12410.0 1.7176e-05
12430.0 1.7705e-05
12450.0 1.8218e-05
12470.0 1.8726e-05
12490.0 1.9194e-05
12510.0 1.9589e-05
12530.0 1.994e-05
12550.0 2.0232e-05
12570.0 2.044e-05
12590.0 2.0573e-05
12610.0 2.0638e-05
12630.0 2.0627e-05
12650.0 2.0543e-05
12670.0 2.0398e-05
12690.0 2.0192e-05
12710.0 1.9939e-05
12730.0 1.9646e-05
12750.0 1.9303e-05
12770.0 1.8935e-05
12790.0 1.8552e-05
12810.0 1.8145e-05
12830.0 1.7715e-05
12850.0 1.729e-05
12870.0 1.6858e-05
12890.0 1.6404e-05
12910.0 1.5946e-05
12930.0 1.5493e-05
12950.0 1.5016e-05
12970.0 1.4521e-05
12990.0 1.4038e-05
13010.0 1.3548e-05
13030.0 1.3041e-05
13050.0 1.2542e-05
13070.0 1.2067e-05
13090.0 1.1587e-05
13110.0 1.1123e-05
13130.0 1.0701e-05
13150.0 1.031e-05
13170.0 9.9446e-06
13190.0 9.6367e-06
13210.0 9.3847e-06
13230.0 9.1773e-06
13250.0 9.0235e-06
13270.0 8.9256e-06
13290.0 8.8757e-06
13310.0 8.8749e-06
13330.0 8.917e-06
13350.0 8.9933e-06
13370.0 9.1044e-06
13390.0 9.2438e-06
13410.0 9.3892e-06
13430.0 9.5477e-06
13450.0 9.7157e-06
13470.0 9.8769e-06
13490.0 1.0027e-05
13510.0 1.0177e-05
13530.0 1.0312e-05
13550.0 1.0426e-05
13570.0 1.0527e-05
13590.0 1.0617e-05
13610.0 1.0687e-05
13630.0 1.0742e-05
13650.0 1.0788e-05
13670.0 1.0821e-05
13690.0 1.0842e-05
13710.0 1.0855e-05
13730.0 1.086e-05
13750.0 1.0853e-05
13770.0 1.0838e-05
13790.0 1.0814e-05
13810.0 1.078e-05
13830.0 1.0736e-05
13850.0 1.0681e-05
13870.0 1.0613e-05
13890.0 1.0534e-05
13910.0 1.0445e-05
13930.0 1.0342e-05
13950.0 1.0228e-05
13970.0 1.0112e-05
13990.0 9.9874e-06
14010.0 9.8578e-06
14030.0 9.7314e-06
14050.0 9.6083e-06
14070.0 9.4845e-06
14090.0 9.3712e-06
14110.0 9.2696e-06
14130.0 9.1769e-06
14150.0 9.0952e-06
14170.0 9.0293e-06
14190.0 8.9764e-06
14210.0 8.9364e-06
14230.0 8.9112e-06
14250.0 8.9001e-06
14270.0 8.9038e-06
14290.0 8.9234e-06
14310.0 8.9553e-06
14330.0 9.0007e-06
14350.0 9.0611e-06
14370.0 9.1317e-06
14390.0 9.2088e-06
14410.0 9.298e-06
14430.0 9.3947e-06
14450.0 9.4927e-06
14470.0 9.5953e-06
14490.0 9.7074e-06
14510.0 9.8194e-06
14530.0 9.933e-06
14550.0 1.0058e-05
14570.0 1.0195e-05
14590.0 1.0338e-05
14610.0 1.0501e-05
14630.0 1.0691e-05
14650.0 1.0899e-05
14670.0 1.1128e-05
14690.0 1.1392e-05
14710.0 1.1688e-05
14730.0 1.199e-05
14750.0 1.2321e-05
14770.0 1.2678e-05
14790.0 1.3039e-05
14810.0 1.3395e-05
14830.0 1.3772e-05
14850.0 1.4132e-05
14870.0 1.4461e-05
14890.0 1.477e-05
14910.0 1.5053e-05
14930.0 1.5288e-05
14950.0 1.5477e-05
14970.0 1.5631e-05
14990.0 1.5738e-05
15010.0 1.5803e-05
15030.0 1.5835e-05
15050.0 1.5839e-05
15070.0 1.5822e-05
15090.0 1.5793e-05
15110.0 1.5754e-05
15130.0 1.571e-05
15150.0 1.5666e-05
15170.0 1.562e-05
15190.0 1.5572e-05
15210.0 1.5526e-05
15230.0 1.5481e-05
15250.0 1.5434e-05
15270.0 1.5387e-05
15290.0 1.5344e-05
15310.0 1.5299e-05
15330.0 1.5253e-05
15350.0 1.521e-05
15370.0 1.5167e-05
15390.0 1.5122e-05
15410.0 1.5078e-05
15430.0 1.5036e-05
15450.0 1.4992e-05
15470.0 1.4948e-05
15490.0 1.4907e-05
15510.0 1.4865e-05
15530.0 1.4822e-05
15550.0 1.478e-05
15570.0 1.474e-05
15590.0 1.4697e-05
15610.0 1.4655e-05
15630.0 1.4614e-05
15650.0 1.4573e-05
15670.0 1.4531e-05
15690.0 1.449e-05
15710.0 1.4451e-05
15730.0 1.4409e-05
15750.0 1.4368e-05
15770.0 1.4328e-05
15790.0 1.4288e-05
15810.0 1.4246e-05
15830.0 1.4205e-05
15850.0 1.4166e-05
15870.0 1.4125e-05
15890.0 1.4084e-05
15910.0 1.4045e-05
15930.0 1.4005e-05
15950.0 1.3963e-05
15970.0 1.3923e-05
15990.0 1.3883e-05
16010.0 1.3842e-05
16030.0 1.3801e-05
16050.0 1.3762e-05
16070.0 1.3721e-05
16090.0 1.368e-05
16110.0 1.364e-05
16130.0 1.36e-05
16150.0 1.3558e-05
16170.0 1.3517e-05
16190.0 1.3477e-05
16210.0 1.3436e-05
16230.0 1.3394e-05
16250.0 1.3353e-05
16270.0 1.3313e-05
16290.0 1.3271e-05
16310.0 1.3229e-05
16330.0 1.3189e-05
16350.0 1.3147e-05
16370.0 1.3103e-05
16390.0 1.3062e-05
16410.0 1.3021e-05
16430.0 1.2978e-05
16450.0 1.2936e-05
16470.0 1.2895e-05
16490.0 1.2852e-05
16510.0 1.2808e-05
16530.0 1.2766e-05
16550.0 1.2724e-05
16570.0 1.2679e-05
16590.0 1.2635e-05
16610.0 1.2594e-05
16630.0 1.255e-05
16650.0 1.2505e-05
16670.0 1.2462e-05
16690.0 1.2419e-05
16710.0 1.2373e-05
16730.0 1.2329e-05
16750.0 1.2286e-05
16770.0 1.2241e-05
16790.0 1.2195e-05
16810.0 1.2151e-05
16830.0 1.2106e-05
16850.0 1.206e-05
16870.0 1.2015e-05
16890.0 1.197e-05
16910.0 1.1924e-05
16930.0 1.1876e-05
16950.0 1.1831e-05
16970.0 1.1786e-05
16990.0 1.1738e-05
17010.0 1.1692e-05
17030.0 1.1646e-05
17050.0 1.1599e-05
17070.0 1.1551e-05
17090.0 1.1505e-05
17110.0 1.1457e-05
17130.0 1.1408e-05
17150.0 1.1361e-05
17170.0 1.1314e-05
17190.0 1.1265e-05
17210.0 1.1217e-05
17230.0 1.117e-05
17250.0 1.1121e-05
17270.0 1.1071e-05
17290.0 1.1022e-05
17310.0 1.0974e-05
17330.0 1.0924e-05
17350.0 1.0874e-05
17370.0 1.0826e-05
17390.0 1.0777e-05
17410.0 1.0726e-05
17430.0 1.0677e-05
17450.0 1.0628e-05
17470.0 1.0576e-05
17490.0 1.0526e-05
17510.0 1.0476e-05
17530.0 1.0426e-05
17550.0 1.0374e-05
17570.0 1.0324e-05
17590.0 1.0274e-05
17610.0 1.0222e-05
17630.0 1.0171e-05
17650.0 1.0121e-05
17670.0 1.0069e-05
17690.0 1.0016e-05
17710.0 9.9653e-06
17730.0 9.9145e-06
17750.0 9.8619e-06
17770.0 9.8099e-06
17790.0 9.7596e-06
17810.0 9.7069e-06
17830.0 9.6537e-06
17850.0 9.6022e-06
17870.0 9.5505e-06
17890.0 9.4968e-06
17910.0 9.4438e-06
17930.0 9.3928e-06
17950.0 9.34e-06
17970.0 9.2866e-06
17990.0 9.2348e-06
18010.0 9.1828e-06
18030.0 9.128e-06
18050.0 9.0751e-06
18070.0 9.0231e-06
18090.0 8.9696e-06
18110.0 8.9154e-06
18130.0 8.8635e-06
18150.0 8.8109e-06
18170.0 8.7566e-06
18190.0 8.7035e-06
18210.0 8.6514e-06
18230.0 8.5971e-06
18250.0 8.5424e-06
18270.0 8.4901e-06
18290.0 8.437e-06
18310.0 8.3826e-06
18330.0 8.3294e-06
18350.0 8.2773e-06
18370.0 8.2229e-06
18390.0 8.1687e-06
18410.0 8.1161e-06
18430.0 8.0628e-06
18450.0 8.0075e-06
18470.0 7.9543e-06
18490.0 7.9019e-06
18510.0 7.8478e-06
18530.0 7.7938e-06
18550.0 7.7416e-06
18570.0 7.688e-06
18590.0 7.633e-06
18610.0 7.5799e-06
18630.0 7.5273e-06
18650.0 7.4729e-06
18670.0 7.4186e-06
18690.0 7.3667e-06
18710.0 7.3134e-06
18730.0 7.2592e-06
18750.0 7.2064e-06
18770.0 7.1543e-06
18790.0 7.0992e-06
18810.0 7.0455e-06
18830.0 6.9935e-06
18850.0 6.9402e-06
18870.0 6.8861e-06
18890.0 6.8338e-06
18910.0 6.7818e-06
18930.0 6.7278e-06
18950.0 6.6747e-06
18970.0 6.6229e-06
18990.0 6.5699e-06
19010.0 6.5151e-06
19030.0 6.4635e-06
19050.0 6.4116e-06
19070.0 6.3582e-06
19090.0 6.3056e-06
19110.0 6.2548e-06
19130.0 6.2016e-06
19150.0 6.1483e-06
19170.0 6.0968e-06
19190.0 6.0451e-06
19210.0 5.9917e-06
19230.0 5.9393e-06
19250.0 5.8888e-06
19270.0 5.8366e-06
19290.0 5.7841e-06
19310.0 5.7334e-06
19330.0 5.6824e-06
19350.0 5.629e-06
19370.0 5.5776e-06
19390.0 5.5271e-06
19410.0 5.4753e-06
19430.0 5.4231e-06
19450.0 5.3732e-06
19470.0 5.3225e-06
19490.0 5.2705e-06
19510.0 5.2199e-06
19530.0 5.1701e-06
19550.0 5.1184e-06
19570.0 5.0665e-06
19590.0 5.0171e-06
19610.0 4.967e-06
19630.0 4.9156e-06
19650.0 4.8658e-06
19670.0 4.8169e-06
19690.0 4.7658e-06
19710.0 4.7152e-06
19730.0 4.6662e-06
19750.0 4.6165e-06
19770.0 4.5651e-06
19790.0 4.5159e-06
19810.0 4.4674e-06
19830.0 4.4172e-06
19850.0 4.3671e-06
19870.0 4.3184e-06
19890.0 4.2672e-06
19910.0 4.2129e-06
19930.0 4.1577e-06
19950.0 4.0986e-06
19970.0 4.0315e-06
19990.0 3.9571e-06
20010.0 3.8788e-06
20030.0 3.7909e-06
20050.0 3.6954e-06
20070.0 3.5993e-06
20090.0 3.5029e-06
20110.0 3.4022e-06
20130.0 3.3083e-06
20150.0 3.2226e-06
20170.0 3.1411e-06
20190.0 3.0658e-06
20210.0 3.0008e-06
20230.0 2.9431e-06
20250.0 2.8909e-06
20270.0 2.8475e-06
20290.0 2.8122e-06
20310.0 2.7828e-06
20330.0 2.7599e-06
20350.0 2.7447e-06
20370.0 2.7352e-06
20390.0 2.7315e-06
20410.0 2.7337e-06
20430.0 2.7408e-06
20450.0 2.754e-06
20470.0 2.7727e-06
20490.0 2.7956e-06
20510.0 2.8235e-06
20530.0 2.8574e-06
20550.0 2.8949e-06
20570.0 2.9347e-06
20590.0 2.9797e-06
20610.0 3.0278e-06
20630.0 3.0764e-06
20650.0 3.127e-06
20670.0 3.1813e-06
20690.0 3.2333e-06
20710.0 3.284e-06
20730.0 3.3353e-06
20750.0 3.3856e-06
20770.0 3.432e-06
20790.0 3.4779e-06
20810.0 3.5239e-06
20830.0 3.5674e-06
20850.0 3.6097e-06
20870.0 3.6541e-06
20890.0 3.6992e-06
20910.0 3.7428e-06
20930.0 3.789e-06
20950.0 3.8379e-06
20970.0 3.8866e-06
20990.0 3.9357e-06
21010.0 3.9882e-06
21030.0 4.0398e-06
21050.0 4.0888e-06
21070.0 4.1369e-06
21090.0 4.1836e-06
21110.0 4.224e-06
21130.0 4.2595e-06
21150.0 4.2908e-06
21170.0 4.3156e-06
21190.0 4.3333e-06
21210.0 4.345e-06
21230.0 4.3496e-06
21250.0 4.347e-06
21270.0 4.3377e-06
21290.0 4.3213e-06
21310.0 4.2984e-06
21330.0 4.2706e-06
21350.0 4.2363e-06
21370.0 4.1961e-06
21390.0 4.1526e-06
21410.0 4.1053e-06
21430.0 4.0516e-06
21450.0 3.9967e-06
21470.0 3.9413e-06
21490.0 3.8832e-06
21510.0 3.8237e-06
21530.0 3.767e-06
21550.0 3.711e-06
21570.0 3.6548e-06
21590.0 3.6028e-06
21610.0 3.5555e-06
21630.0 3.511e-06
21650.0 3.4707e-06
21670.0 3.4385e-06
21690.0 3.4115e-06
21710.0 3.3905e-06
21730.0 3.3767e-06
21750.0 3.3698e-06
21770.0 3.3697e-06
21790.0 3.3771e-06
21810.0 3.3909e-06
21830.0 3.4114e-06
21850.0 3.4394e-06
21870.0 3.4728e-06
21890.0 3.5104e-06
21910.0 3.5547e-06
21930.0 3.6039e-06
21950.0 3.6554e-06
21970.0 3.7111e-06
21990.0 3.7727e-06
22010.0 3.8339e-06
22030.0 3.8959e-06
22050.0 3.9611e-06
22070.0 4.0269e-06
22090.0 4.0893e-06
22110.0 4.1525e-06
22130.0 4.2156e-06
22150.0 4.2744e-06
22170.0 4.3294e-06
22190.0 4.383e-06
22210.0 4.4314e-06
22230.0 4.4722e-06
22250.0 4.5082e-06
22270.0 4.5381e-06
22290.0 4.5597e-06
22310.0 4.5737e-06
22330.0 4.5801e-06
22350.0 4.5773e-06
22370.0 4.566e-06
22390.0 4.5456e-06
22410.0 4.5149e-06
22430.0 4.4768e-06
22450.0 4.4306e-06
22470.0 4.3743e-06
22490.0 4.3105e-06
22510.0 4.2419e-06
22530.0 4.1636e-06
22550.0 4.0775e-06
22570.0 3.9897e-06
22590.0 3.8976e-06
22610.0 3.7986e-06
22630.0 3.6979e-06
22650.0 3.5996e-06
22670.0 3.4965e-06
22690.0 3.3919e-06
22710.0 3.2914e-06
22730.0 3.1925e-06
22750.0 3.0901e-06
22770.0 2.9947e-06
22790.0 2.9054e-06
22810.0 2.8178e-06
22830.0 2.7345e-06
22850.0 2.6604e-06
22870.0 2.5914e-06
22890.0 2.527e-06
22910.0 2.4719e-06
22930.0 2.4257e-06
22950.0 2.3864e-06
22970.0 2.3557e-06
22990.0 2.3359e-06
23010.0 2.3246e-06
23030.0 2.3227e-06
23050.0 2.3302e-06
23070.0 2.3462e-06
23090.0 2.3723e-06
23110.0 2.4071e-06
23130.0 2.4484e-06
23150.0 2.497e-06
23170.0 2.5538e-06
23190.0 2.6141e-06
23210.0 2.6765e-06
23230.0 2.7443e-06
23250.0 2.8135e-06
23270.0 2.8804e-06
23290.0 2.9476e-06
23310.0 3.0152e-06
23330.0 3.0758e-06
23350.0 3.1313e-06
23370.0 3.1829e-06
23390.0 3.2276e-06
23410.0 3.2636e-06
23430.0 3.293e-06
23450.0 3.3148e-06
23470.0 3.3276e-06
23490.0 3.3323e-06
23510.0 3.3286e-06
23530.0 3.3165e-06
23550.0 3.2976e-06
23570.0 3.2711e-06
23590.0 3.2371e-06
23610.0 3.1982e-06
23630.0 3.1546e-06
23650.0 3.1037e-06
23670.0 3.0499e-06
23690.0 2.9948e-06
23710.0 2.9364e-06
23730.0 2.8755e-06
23750.0 2.818e-06
23770.0 2.7622e-06
23790.0 2.7073e-06
23810.0 2.6576e-06
23830.0 2.615e-06
23850.0 2.5772e-06
23870.0 2.5475e-06
23890.0 2.5282e-06
23910.0 2.5182e-06
23930.0 2.5181e-06
23950.0 2.5285e-06
23970.0 2.5476e-06
23990.0 2.5764e-06
24010.0 2.6138e-06
24030.0 2.6568e-06
24050.0 2.7053e-06
24070.0 2.761e-06
24090.0 2.8178e-06
24110.0 2.8749e-06
24130.0 2.9347e-06
24150.0 2.9953e-06
24170.0 3.0528e-06
24190.0 3.1105e-06
24210.0 3.1691e-06
24230.0 3.2246e-06
24250.0 3.2777e-06
24270.0 3.3309e-06
24290.0 3.3832e-06
24310.0 3.4303e-06
24330.0 3.4763e-06
24350.0 3.5208e-06
24370.0 3.5615e-06
24390.0 3.5981e-06
24410.0 3.6333e-06
24430.0 3.6638e-06
24450.0 3.6892e-06
24470.0 3.7107e-06
24490.0 3.7281e-06
24510.0 3.7403e-06
24530.0 3.7482e-06
24550.0 3.7523e-06
24570.0 3.7526e-06
24590.0 3.7501e-06
24610.0 3.7451e-06
24630.0 3.7381e-06
24650.0 3.7307e-06
24670.0 3.7234e-06
24690.0 3.7163e-06
24710.0 3.7105e-06
24730.0 3.7065e-06
24750.0 3.7041e-06
24770.0 3.7031e-06
24790.0 3.7034e-06
24810.0 3.7035e-06
24830.0 3.7e-06
24850.0 3.6867e-06
24870.0 3.6552e-06
24890.0 3.589e-06
24910.0 3.4662e-06
24930.0 3.2764e-06
24950.0 3.006e-06
24970.0 2.6317e-06
24990.0 2.1962e-06
