#lamb flux
1010.0 1.3598e-06
1030.0 1.5257e-06
1050.0 1.7165e-06
1070.0 1.9313e-06
1090.0 2.1752e-06
1110.0 2.4254e-06
1130.0 2.6773e-06
1150.0 2.9411e-06
1170.0 3.2132e-06
1190.0 3.4712e-06
1210.0 3.7327e-06
1230.0 4.0029e-06
1250.0 4.2677e-06
1270.0 4.5248e-06
1290.0 4.7965e-06
1310.0 5.068e-06
1330.0 5.3283e-06
1350.0 5.5916e-06
1370.0 5.8634e-06
1390.0 6.1284e-06
1410.0 6.3854e-06
1430.0 6.6542e-06
1450.0 6.9229e-06
1470.0 7.1825e-06
1490.0 7.4449e-06
1510.0 7.722e-06
1530.0 7.9845e-06
1550.0 8.2433e-06
1570.0 8.511e-06
1590.0 8.7788e-06
1610.0 9.0345e-06
1630.0 9.298e-06
1650.0 9.5681e-06
1670.0 9.8292e-06
1690.0 1.0087e-05
1710.0 1.0354e-05
1730.0 1.0622e-05
1750.0 1.0873e-05
1770.0 1.1131e-05
1790.0 1.1394e-05
1810.0 1.1647e-05
1830.0 1.1895e-05
1850.0 1.2158e-05
1870.0 1.2412e-05
1890.0 1.2656e-05
1910.0 1.2903e-05
1930.0 1.3154e-05
1950.0 1.3391e-05
1970.0 1.3623e-05
1990.0 1.3861e-05
2010.0 1.4092e-05
2030.0 1.431e-05
2050.0 1.4532e-05
2070.0 1.4757e-05
2090.0 1.4961e-05
2110.0 1.516e-05
2130.0 1.5361e-05
2150.0 1.555e-05
2170.0 1.5723e-05
2190.0 1.5898e-05
2210.0 1.6067e-05
2230.0 1.6218e-05
2250.0 1.6359e-05
2270.0 1.6503e-05
2290.0 1.6629e-05
2310.0 1.6737e-05
2330.0 1.6842e-05
2350.0 1.694e-05
2370.0 1.7021e-05
2390.0 1.71e-05
2410.0 1.7191e-05
2430.0 1.7284e-05
2450.0 1.7388e-05
2470.0 1.753e-05
2490.0 1.772e-05
2510.0 1.794e-05
2530.0 1.8245e-05
2550.0 1.8713e-05
2570.0 1.9413e-05
2590.0 2.0455e-05
2610.0 2.2168e-05
2630.0 2.4656e-05
2650.0 2.7821e-05
2670.0 3.1739e-05
2690.0 3.6285e-05
2710.0 4.0787e-05
2730.0 4.4877e-05
2750.0 4.8571e-05
2770.0 5.142e-05
2790.0 5.3331e-05
2810.0 5.4554e-05
2830.0 5.5253e-05
2850.0 5.5424e-05
2870.0 5.5319e-05
2890.0 5.5073e-05
2910.0 5.4727e-05
2930.0 5.4306e-05
2950.0 5.389e-05
2970.0 5.3483e-05
2990.0 5.3064e-05
3010.0 0.001375
3030.0 0.0013646
3050.0 0.0013544
3070.0 0.0013433
3090.0 0.0013318
3110.0 0.0013185
3130.0 0.0013019
3150.0 0.001281
3170.0 0.001254
3190.0 0.0012215
3210.0 0.0011858
3230.0 0.0011489
3250.0 0.0011147
3270.0 0.0010903
3290.0 0.0010764
3310.0 0.0010776
3330.0 0.0010924
3350.0 0.0011188
3370.0 0.0011572
3390.0 0.0012061
3410.0 0.0012597
3430.0 0.0013206
3450.0 0.0013911
3470.0 0.0014684
3490.0 0.0015505
3510.0 0.0016433
3530.0 0.0017433
3550.0 0.001847
3570.0 0.0019587
3590.0 0.0020843
3610.0 0.0022199
3630.0 0.0023605
3650.0 0.002509
3670.0 0.0026469
3690.0 0.002753
3710.0 0.0028133
3730.0 0.0028047
3750.0 0.0027249
3770.0 0.0026109
3790.0 0.0024217
3810.0 0.002079
3830.0 0.001865
3850.0 0.0018368
3870.0 0.0013947
3890.0 0.0016271
3910.0 0.0024073
3930.0 0.0030096
3950.0 0.0030891
3970.0 0.0033966
3990.0 0.0034608
4010.0 0.0047936
4030.0 0.004614
4050.0 0.0040859
4070.0 0.0040401
4090.0 0.003862
4110.0 0.0043864
4130.0 0.0049251
4150.0 0.0054406
4170.0 0.0049931
4190.0 0.0048097
4210.0 0.0049662
4230.0 0.0058118
4250.0 0.0065152
4270.0 0.0068057
4290.0 0.0066084
4310.0 0.0064584
4330.0 0.0068927
4350.0 0.0083229
4370.0 0.0096806
4390.0 0.0085737
4410.0 0.0062474
4430.0 0.0050279
4450.0 0.0043884
4470.0 0.0039749
4490.0 0.0048234
4510.0 0.0064946
4530.0 0.0074668
4550.0 0.0081044
4570.0 0.0087463
4590.0 0.010221
4610.0 0.015091
4630.0 0.019403
4650.0 0.019186
4670.0 0.017762
4690.0 0.018885
4710.0 0.020085
4730.0 0.016658
4750.0 0.011304
4770.0 0.0088112
4790.0 0.0089824
4810.0 0.0086473
4830.0 0.0082761
4850.0 0.0093047
4870.0 0.012205
4890.0 0.014215
4910.0 0.011559
4930.0 0.010432
4950.0 0.01176
4970.0 0.015876
4990.0 0.021039
5010.0 0.023168
5030.0 0.018808
5050.0 0.01165
5070.0 0.0080823
5090.0 0.0068801
5110.0 0.0069683
5130.0 0.0077198
5150.0 0.0078657
5170.0 0.0077248
5190.0 0.0073805
5210.0 0.0073619
5230.0 0.0080547
5250.0 0.0088857
5270.0 0.0094396
5290.0 0.010721
5310.0 0.012658
5330.0 0.013068
5350.0 0.012989
5370.0 0.014331
5390.0 0.016436
5410.0 0.015228
5430.0 0.012457
5450.0 0.011735
5470.0 0.01333
5490.0 0.017077
5510.0 0.021678
5530.0 0.024548
5550.0 0.023084
5570.0 0.020705
5590.0 0.017875
5610.0 0.017064
5630.0 0.017175
5650.0 0.016992
5670.0 0.016255
5690.0 0.014314
5710.0 0.013949
5730.0 0.013081
5750.0 0.0082997
5770.0 0.0068467
5790.0 0.0079593
5810.0 0.0093786
5830.0 0.011739
5850.0 0.013722
5870.0 0.014294
5890.0 0.013701
5910.0 0.013139
5930.0 0.013018
5950.0 0.013575
5970.0 0.015399
5990.0 0.013862
6010.0 0.011263
6030.0 0.0092756
6050.0 0.0080805
6070.0 0.0085609
6090.0 0.0097351
6110.0 0.010478
6130.0 0.0098876
6150.0 0.0085941
6170.0 0.0085969
6190.0 0.0105
6210.0 0.013833
6230.0 0.017327
6250.0 0.017743
6270.0 0.015022
6290.0 0.012551
6310.0 0.0098267
6330.0 0.0075763
6350.0 0.0069562
6370.0 0.0074124
6390.0 0.008887
6410.0 0.010659
6430.0 0.012543
6450.0 0.014922
6470.0 0.017308
6490.0 0.021259
6510.0 0.023762
6530.0 0.022635
6550.0 0.020737
6570.0 0.018998
6590.0 0.018345
6610.0 0.015875
6630.0 0.014962
6650.0 0.013902
6670.0 0.013727
6690.0 0.012722
6710.0 0.011589
6730.0 0.0090501
6750.0 0.0087122
6770.0 0.0095414
6790.0 0.011354
6810.0 0.010339
6830.0 0.010626
6850.0 0.0099998
6870.0 0.009541
6890.0 0.0090062
6910.0 0.0091799
6930.0 0.0085736
6950.0 0.0092013
6970.0 0.0092929
6990.0 0.010372
7010.0 0.010857
7030.0 0.010559
7050.0 0.0096728
7070.0 0.009117
7090.0 0.0087711
7110.0 0.0084736
7130.0 0.0089712
7150.0 0.0097638
7170.0 0.010576
7190.0 0.010808
7210.0 0.010194
7230.0 0.010429
7250.0 0.011725
7270.0 0.013469
7290.0 0.015218
7310.0 0.015179
7330.0 0.013602
7350.0 0.012134
7370.0 0.010634
7390.0 0.010861
7410.0 0.012057
7430.0 0.01332
7450.0 0.014385
7470.0 0.014938
7490.0 0.015524
7510.0 0.018211
7530.0 0.01674
7550.0 0.014383
7570.0 0.010793
7590.0 0.0071132
7610.0 0.0060959
7630.0 0.006943
7650.0 0.0082503
7670.0 0.010299
7690.0 0.011681
7710.0 0.011952
7730.0 0.012125
7750.0 0.013346
7770.0 0.013371
7790.0 0.012701
7810.0 0.012091
7830.0 0.012096
7850.0 0.011515
7870.0 0.010665
7890.0 0.0092314
7910.0 0.007418
7930.0 0.0066957
7950.0 0.0060418
7970.0 0.0056983
7990.0 0.0056986
8010.0 0.0059078
8030.0 0.0058508
8050.0 0.0059626
8070.0 0.0059653
8090.0 0.0062784
8110.0 0.0059052
8130.0 0.0048801
8150.0 0.0046149
8170.0 0.0040231
8190.0 0.003838
8210.0 0.0044418
8230.0 0.0048378
8250.0 0.0041279
8270.0 0.0036529
8290.0 0.0032411
8310.0 0.0022972
8330.0 0.0014748
8350.0 0.0010974
8370.0 0.0010086
8390.0 0.0013308
8410.0 0.0016723
8430.0 0.0020568
8450.0 0.0022825
8470.0 0.0027036
8490.0 0.002565
8510.0 0.0024819
8530.0 0.0024049
8550.0 0.0032695
8570.0 0.004216
8590.0 0.0044378
8610.0 0.005539
8630.0 0.0063543
8650.0 0.0061695
8670.0 0.0065175
8690.0 0.0069272
8710.0 0.0064015
8730.0 0.0062666
8750.0 0.0056339
8770.0 0.0053517
8790.0 0.0054184
8810.0 0.0052811
8830.0 0.004161
8850.0 0.003231
8870.0 0.002653
8890.0 0.002853
8910.0 0.0032987
8930.0 0.0036734
8950.0 0.0041606
8970.0 0.0041852
8990.0 0.0039147
9010.0 0.0034947
9030.0 0.003364
9050.0 0.0034136
9070.0 0.0034554
9090.0 0.0034873
9110.0 0.0035196
9130.0 0.0035455
9150.0 0.0035673
9170.0 0.0035904
9190.0 0.0036151
9210.0 0.003641
9230.0 0.0036684
9250.0 0.003697
9270.0 0.0037267
9290.0 0.0037574
9310.0 0.0037892
9330.0 0.003822
9350.0 0.0038557
9370.0 0.0038904
9390.0 0.0039261
9410.0 0.0039628
9430.0 0.0040003
9450.0 0.0040389
9470.0 0.0040784
9490.0 0.0041188
9510.0 0.0041602
9530.0 0.0042024
9550.0 0.0042455
9570.0 0.0042895
9590.0 0.0043344
9610.0 0.0043802
9630.0 0.0044267
9650.0 0.0044741
9670.0 0.0045223
9690.0 0.0045712
9710.0 0.0046209
9730.0 0.0046714
9750.0 0.0047226
9770.0 0.0047744
9790.0 0.0048269
9810.0 0.0048801
9830.0 0.0049338
9850.0 0.0049881
9870.0 0.0050431
9890.0 0.0050985
9910.0 0.0051544
9930.0 0.0052108
9950.0 0.0052676
9970.0 0.0053247
9990.0 0.0053822
10010.0 0.0051168
10030.0 0.0051701
10050.0 0.0052235
10070.0 0.0052768
10090.0 0.0053309
10110.0 0.0053849
10130.0 0.005439
10150.0 0.0054931
10170.0 0.0055472
10190.0 0.0056009
10210.0 0.0056548
10230.0 0.0057086
10250.0 0.005762
10270.0 0.0058151
10290.0 0.0058682
10310.0 0.0059208
10330.0 0.0059728
10350.0 0.0060246
10370.0 0.006076
10390.0 0.0061268
10410.0 0.0061769
10430.0 0.0062268
10450.0 0.0062758
10470.0 0.006324
10490.0 0.0063717
10510.0 0.0064186
10530.0 0.0064644
10550.0 0.0065095
10570.0 0.0065539
10590.0 0.0065971
10610.0 0.0066393
10630.0 0.0066808
10650.0 0.0067211
10670.0 0.0067601
10690.0 0.0067982
10710.0 0.0068352
10730.0 0.0068709
10750.0 0.0069051
10770.0 0.0069385
10790.0 0.0069705
10810.0 0.0070009
10830.0 0.0070298
10850.0 0.0070571
10870.0 0.0070811
10890.0 0.0071008
10910.0 0.0071146
10930.0 0.0071186
10950.0 0.0071068
10970.0 0.0070763
10990.0 0.0070252
11010.0 0.006915
11030.0 0.0068074
11050.0 0.006678
11070.0 0.0065233
11090.0 0.0063366
11110.0 0.0061435
11130.0 0.0059416
11150.0 0.0057238
11170.0 0.0054999
11190.0 0.0052841
11210.0 0.0050631
11230.0 0.0048391
11250.0 0.0046283
11270.0 0.004429
11290.0 0.0042326
11310.0 0.0040498
11330.0 0.0038913
11350.0 0.0037435
11370.0 0.0036083
11390.0 0.0034917
11410.0 0.0033894
11430.0 0.0032929
11450.0 0.0032075
11470.0 0.0031306
11490.0 0.0030556
11510.0 0.0029796
11530.0 0.0029055
11550.0 0.0028293
11570.0 0.0027463
11590.0 0.0026595
11610.0 0.0025711
11630.0 0.0024756
11650.0 0.0023746
11670.0 0.0022764
11690.0 0.0021782
11710.0 0.0020786
11730.0 0.0019833
11750.0 0.0018961
11770.0 0.0018116
11790.0 0.0017331
11810.0 0.0016643
11830.0 0.0016027
11850.0 0.0015459
11870.0 0.0014975
11890.0 0.0014563
11910.0 0.0014188
11930.0 0.001385
11950.0 0.0013549
11970.0 0.0013261
11990.0 0.0012971
12010.0 0.0012687
12030.0 0.00124
12050.0 0.0012097
12070.0 0.0011777
12090.0 0.0011466
12110.0 0.0011147
12130.0 0.0010824
12150.0 0.0010518
12170.0 0.0010238
12190.0 0.0009974
12210.0 0.0009752
12230.0 0.00095819
12250.0 0.00094619
12270.0 0.00094003
12290.0 0.00094011
12310.0 0.00094586
12330.0 0.00095816
12350.0 0.00097634
12370.0 0.00099873
12390.0 0.0010259
12410.0 0.0010588
12430.0 0.0010923
12450.0 0.0011271
12470.0 0.0011639
12490.0 0.0012003
12510.0 0.0012336
12530.0 0.001266
12550.0 0.0012962
12570.0 0.0013214
12590.0 0.0013422
12610.0 0.0013594
12630.0 0.0013712
12650.0 0.001377
12670.0 0.0013783
12690.0 0.0013746
12710.0 0.001366
12730.0 0.0013533
12750.0 0.0013361
12770.0 0.0013153
12790.0 0.0012919
12810.0 0.0012655
12830.0 0.0012362
12850.0 0.0012061
12870.0 0.0011747
12890.0 0.0011412
12910.0 0.0011072
12930.0 0.0010734
12950.0 0.0010379
12970.0 0.0010015
12990.0 0.00096634
13010.0 0.00093105
13030.0 0.00089484
13050.0 0.00085936
13070.0 0.00082548
13090.0 0.00079107
13110.0 0.00075734
13130.0 0.00072581
13150.0 0.0006957
13170.0 0.00066616
13190.0 0.00063971
13210.0 0.00061635
13230.0 0.00059507
13250.0 0.00057678
13270.0 0.00056227
13290.0 0.00055091
13310.0 0.00054289
13330.0 0.0005387
13350.0 0.00053795
13370.0 0.00054069
13390.0 0.00054695
13410.0 0.00055552
13430.0 0.00056674
13450.0 0.00058052
13470.0 0.00059559
13490.0 0.00061127
13510.0 0.00062881
13530.0 0.00064627
13550.0 0.00066267
13570.0 0.00067861
13590.0 0.00069394
13610.0 0.00070727
13630.0 0.00071859
13650.0 0.00072869
13670.0 0.00073669
13690.0 0.00074239
13710.0 0.00074629
13730.0 0.00074841
13750.0 0.00074839
13770.0 0.00074672
13790.0 0.00074345
13810.0 0.00073869
13830.0 0.00073278
13850.0 0.00072558
13870.0 0.00071716
13890.0 0.000708
13910.0 0.0006981
13930.0 0.00068711
13950.0 0.0006755
13970.0 0.00066392
13990.0 0.00065167
14010.0 0.00063897
14030.0 0.00062656
14050.0 0.00061431
14070.0 0.00060168
14090.0 0.00058979
14110.0 0.00057881
14130.0 0.00056837
14150.0 0.00055875
14170.0 0.00055068
14190.0 0.00054386
14210.0 0.00053826
14230.0 0.00053429
14250.0 0.00053193
14270.0 0.00053112
14290.0 0.00053203
14310.0 0.00053442
14330.0 0.00053827
14350.0 0.00054369
14370.0 0.00055026
14390.0 0.00055764
14410.0 0.0005663
14430.0 0.00057583
14450.0 0.00058563
14470.0 0.00059596
14490.0 0.00060723
14510.0 0.00061839
14530.0 0.00062947
14550.0 0.0006412
14570.0 0.00065332
14590.0 0.00066529
14610.0 0.00067794
14630.0 0.00069174
14650.0 0.00070588
14670.0 0.00072067
14690.0 0.00073704
14710.0 0.00075493
14730.0 0.00077303
14750.0 0.00079281
14770.0 0.00081448
14790.0 0.00083684
14810.0 0.00085974
14830.0 0.00088507
14850.0 0.00091071
14870.0 0.00093571
14890.0 0.00096098
14910.0 0.00098616
14930.0 0.0010091
14950.0 0.0010295
14970.0 0.001048
14990.0 0.0010629
15010.0 0.001074
15030.0 0.0010819
15050.0 0.001087
15070.0 0.0010893
15090.0 0.00109
15110.0 0.0010895
15130.0 0.0010884
15150.0 0.0010869
15170.0 0.0010853
15190.0 0.0010834
15210.0 0.0010817
15230.0 0.00108
15250.0 0.0010782
15270.0 0.0010764
15290.0 0.0010748
15310.0 0.0010731
15330.0 0.0010714
15350.0 0.0010698
15370.0 0.0010682
15390.0 0.0010665
15410.0 0.0010649
15430.0 0.0010633
15450.0 0.0010617
15470.0 0.00106
15490.0 0.0010585
15510.0 0.0010569
15530.0 0.0010553
15550.0 0.0010537
15570.0 0.0010522
15590.0 0.0010506
15610.0 0.001049
15630.0 0.0010474
15650.0 0.0010459
15670.0 0.0010443
15690.0 0.0010427
15710.0 0.0010412
15730.0 0.0010395
15750.0 0.0010379
15770.0 0.0010364
15790.0 0.0010348
15810.0 0.001033
15830.0 0.0010314
15850.0 0.0010299
15870.0 0.0010282
15890.0 0.0010265
15910.0 0.0010249
15930.0 0.0010232
15950.0 0.0010214
15970.0 0.0010197
15990.0 0.0010181
16010.0 0.0010163
16030.0 0.0010144
16050.0 0.0010128
16070.0 0.001011
16090.0 0.0010091
16110.0 0.0010073
16130.0 0.0010055
16150.0 0.0010036
16170.0 0.0010016
16190.0 0.0009998
16210.0 0.00099788
16230.0 0.00099585
16250.0 0.00099391
16270.0 0.00099199
16290.0 0.00098992
16310.0 0.00098786
16330.0 0.00098586
16350.0 0.00098377
16370.0 0.00098153
16390.0 0.00097945
16410.0 0.00097734
16430.0 0.0009751
16450.0 0.00097287
16470.0 0.00097074
16490.0 0.00096845
16510.0 0.00096609
16530.0 0.00096381
16550.0 0.00096151
16570.0 0.00095906
16590.0 0.00095663
16610.0 0.0009543
16630.0 0.00095185
16650.0 0.00094932
16670.0 0.00094688
16690.0 0.00094441
16710.0 0.00094174
16730.0 0.00093915
16750.0 0.0009366
16770.0 0.00093394
16790.0 0.0009312
16810.0 0.00092858
16830.0 0.00092591
16850.0 0.0009231
16870.0 0.00092033
16890.0 0.00091761
16910.0 0.00091473
16930.0 0.00091179
16950.0 0.00090898
16970.0 0.0009061
16990.0 0.0009031
17010.0 0.00090015
17030.0 0.00089726
17050.0 0.0008942
17070.0 0.00089112
17090.0 0.00088812
17110.0 0.00088505
17130.0 0.00088183
17150.0 0.00087871
17170.0 0.00087562
17190.0 0.00087241
17210.0 0.00086916
17230.0 0.00086602
17250.0 0.00086277
17270.0 0.0008594
17290.0 0.00085612
17310.0 0.00085285
17330.0 0.00084945
17350.0 0.00084601
17370.0 0.00084272
17390.0 0.00083933
17410.0 0.00083584
17430.0 0.00083242
17450.0 0.00082903
17470.0 0.00082543
17490.0 0.00082188
17510.0 0.00081842
17530.0 0.00081488
17550.0 0.00081124
17570.0 0.0008077
17590.0 0.00080417
17610.0 0.00080049
17630.0 0.00079684
17650.0 0.00079326
17670.0 0.00078959
17690.0 0.00078578
17710.0 0.00078215
17730.0 0.00077849
17750.0 0.00077471
17770.0 0.00077096
17790.0 0.00076731
17810.0 0.00076351
17830.0 0.00075967
17850.0 0.00075592
17870.0 0.00075216
17890.0 0.00074827
17910.0 0.00074442
17930.0 0.00074068
17950.0 0.00073683
17970.0 0.00073293
17990.0 0.00072913
18010.0 0.00072531
18030.0 0.00072133
18050.0 0.00071744
18070.0 0.00071362
18090.0 0.00070969
18110.0 0.00070572
18130.0 0.00070189
18150.0 0.00069801
18170.0 0.00069403
18190.0 0.00069012
18210.0 0.00068627
18230.0 0.00068227
18250.0 0.00067826
18270.0 0.00067439
18290.0 0.00067047
18310.0 0.00066647
18330.0 0.00066255
18350.0 0.00065869
18370.0 0.00065469
18390.0 0.0006507
18410.0 0.00064681
18430.0 0.00064288
18450.0 0.00063882
18470.0 0.0006349
18490.0 0.00063103
18510.0 0.00062705
18530.0 0.00062308
18550.0 0.00061923
18570.0 0.00061529
18590.0 0.00061127
18610.0 0.00060736
18630.0 0.00060349
18650.0 0.00059951
18670.0 0.00059554
18690.0 0.00059172
18710.0 0.00058782
18730.0 0.00058387
18750.0 0.00058
18770.0 0.00057618
18790.0 0.00057219
18810.0 0.00056828
18830.0 0.00056448
18850.0 0.00056061
18870.0 0.00055669
18890.0 0.00055289
18910.0 0.0005491
18930.0 0.00054521
18950.0 0.00054137
18970.0 0.00053761
18990.0 0.00053379
19010.0 0.00052987
19030.0 0.00052615
19050.0 0.00052241
19070.0 0.00051859
19090.0 0.00051482
19110.0 0.00051116
19130.0 0.00050737
19150.0 0.00050358
19170.0 0.0004999
19190.0 0.00049622
19210.0 0.00049244
19230.0 0.00048873
19250.0 0.00048514
19270.0 0.00048145
19290.0 0.00047776
19310.0 0.00047417
19330.0 0.00047057
19350.0 0.00046685
19370.0 0.00046325
19390.0 0.00045971
19410.0 0.00045609
19430.0 0.00045247
19450.0 0.00044898
19470.0 0.00044546
19490.0 0.00044187
19510.0 0.00043836
19530.0 0.00043491
19550.0 0.00043136
19570.0 0.00042781
19590.0 0.00042441
19610.0 0.00042097
19630.0 0.00041747
19650.0 0.00041406
19670.0 0.00041072
19690.0 0.00040726
19710.0 0.00040384
19730.0 0.00040051
19750.0 0.00039716
19770.0 0.00039372
19790.0 0.00039041
19810.0 0.00038714
19830.0 0.00038379
19850.0 0.00038045
19870.0 0.00037719
19890.0 0.00037379
19910.0 0.00037019
19930.0 0.00036651
19950.0 0.00036254
19970.0 0.00035802
19990.0 0.00035293
20010.0 0.00035236
20030.0 0.00034598
20050.0 0.00033885
20070.0 0.0003314
20090.0 0.00032362
20110.0 0.00031512
20130.0 0.00030673
20150.0 0.00029857
20170.0 0.00029031
20190.0 0.00028208
20210.0 0.0002744
20230.0 0.00026701
20250.0 0.00025969
20270.0 0.00025293
20290.0 0.00024678
20310.0 0.00024096
20330.0 0.00023553
20350.0 0.00023098
20370.0 0.00022694
20390.0 0.00022339
20410.0 0.00022049
20430.0 0.00021823
20450.0 0.00021645
20470.0 0.00021525
20490.0 0.00021459
20510.0 0.00021441
20530.0 0.00021471
20550.0 0.00021542
20570.0 0.00021644
20590.0 0.00021785
20610.0 0.00021956
20630.0 0.00022144
20650.0 0.00022354
20670.0 0.00022596
20690.0 0.0002284
20710.0 0.0002309
20730.0 0.00023358
20750.0 0.00023634
20770.0 0.00023901
20790.0 0.00024178
20810.0 0.00024467
20830.0 0.0002475
20850.0 0.00025029
20870.0 0.00025326
20890.0 0.00025625
20910.0 0.0002591
20930.0 0.00026204
20950.0 0.00026508
20970.0 0.00026803
20990.0 0.00027094
21010.0 0.00027402
21030.0 0.00027704
21050.0 0.00027992
21070.0 0.00028282
21090.0 0.00028577
21110.0 0.00028847
21130.0 0.00029104
21150.0 0.0002936
21170.0 0.00029597
21190.0 0.00029807
21210.0 0.00030008
21230.0 0.0003019
21250.0 0.00030338
21270.0 0.00030458
21290.0 0.00030553
21310.0 0.00030612
21330.0 0.00030631
21350.0 0.00030613
21370.0 0.00030552
21390.0 0.00030446
21410.0 0.00030295
21430.0 0.00030085
21450.0 0.00029828
21470.0 0.0002953
21490.0 0.00029176
21510.0 0.00028769
21530.0 0.00028335
21550.0 0.00027863
21570.0 0.00027341
21590.0 0.00026805
21610.0 0.00026267
21630.0 0.00025705
21650.0 0.00025131
21670.0 0.00024605
21690.0 0.00024092
21710.0 0.00023597
21730.0 0.0002315
21750.0 0.00022761
21770.0 0.00022404
21790.0 0.0002211
21810.0 0.00021887
21830.0 0.00021724
21850.0 0.00021624
21870.0 0.00021593
21890.0 0.00021623
21910.0 0.00021716
21930.0 0.00021869
21950.0 0.0002207
21970.0 0.00022322
21990.0 0.00022638
22010.0 0.0002298
22030.0 0.00023351
22050.0 0.00023766
22070.0 0.00024207
22090.0 0.00024646
22110.0 0.0002511
22130.0 0.00025596
22150.0 0.00026068
22170.0 0.00026531
22190.0 0.00027008
22210.0 0.00027467
22230.0 0.00027884
22250.0 0.00028287
22270.0 0.00028668
22290.0 0.00029002
22310.0 0.00029294
22330.0 0.00029558
22350.0 0.00029768
22370.0 0.00029923
22390.0 0.00030029
22410.0 0.00030081
22430.0 0.00030071
22450.0 0.00030007
22470.0 0.00029881
22490.0 0.00029695
22510.0 0.0002946
22530.0 0.00029157
22550.0 0.00028788
22570.0 0.00028377
22590.0 0.00027915
22610.0 0.00027384
22630.0 0.00026809
22650.0 0.00026214
22670.0 0.00025556
22690.0 0.00024853
22710.0 0.00024141
22730.0 0.00023405
22750.0 0.00022604
22770.0 0.00021817
22790.0 0.00021046
22810.0 0.00020251
22830.0 0.00019455
22850.0 0.00018708
22870.0 0.00017974
22890.0 0.00017243
22910.0 0.0001657
22930.0 0.00015955
22950.0 0.00015373
22970.0 0.00014839
22990.0 0.00014402
23010.0 0.00014023
23030.0 0.00013707
23050.0 0.00013475
23070.0 0.00013321
23090.0 0.00013239
23110.0 0.00013239
23130.0 0.00013313
23150.0 0.0001346
23170.0 0.00013684
23190.0 0.00013966
23210.0 0.00014294
23230.0 0.00014687
23250.0 0.00015122
23270.0 0.00015575
23290.0 0.00016061
23310.0 0.00016586
23330.0 0.00017091
23350.0 0.00017587
23370.0 0.00018088
23390.0 0.00018567
23410.0 0.00018996
23430.0 0.00019403
23450.0 0.00019776
23470.0 0.00020087
23490.0 0.00020345
23510.0 0.00020555
23530.0 0.00020701
23550.0 0.00020779
23570.0 0.00020799
23590.0 0.00020754
23610.0 0.00020651
23630.0 0.00020493
23650.0 0.00020268
23670.0 0.00019994
23690.0 0.00019683
23710.0 0.00019324
23730.0 0.0001892
23750.0 0.00018512
23770.0 0.0001809
23790.0 0.00017647
23810.0 0.00017216
23830.0 0.00016814
23850.0 0.00016421
23870.0 0.00016061
23890.0 0.00015765
23910.0 0.00015521
23930.0 0.00015331
23950.0 0.00015214
23970.0 0.00015166
23990.0 0.00015184
24010.0 0.00015272
24030.0 0.00015421
24050.0 0.00015628
24070.0 0.00015904
24090.0 0.0001622
24110.0 0.00016568
24130.0 0.00016963
24150.0 0.00017393
24170.0 0.0001783
24190.0 0.00018294
24210.0 0.00018791
24230.0 0.00019287
24250.0 0.0001978
24270.0 0.00020294
24290.0 0.00020816
24310.0 0.000213
24330.0 0.00021784
24350.0 0.00022265
24370.0 0.00022711
24390.0 0.00023121
24410.0 0.00023522
24430.0 0.00023877
24450.0 0.00024176
24470.0 0.00024433
24490.0 0.00024644
24510.0 0.00024795
24530.0 0.00024893
24550.0 0.00024944
24570.0 0.00024945
24590.0 0.00024906
24610.0 0.00024831
24630.0 0.00024721
24650.0 0.00024597
24670.0 0.00024461
24690.0 0.00024314
24710.0 0.00024169
24730.0 0.00024035
24750.0 0.00023905
24770.0 0.00023783
24790.0 0.00023674
24810.0 0.00023567
24830.0 0.0002344
24850.0 0.00023259
24870.0 0.00022979
24890.0 0.00022489
24910.0 0.00021658
24930.0 0.00020426
24950.0 0.00018705
24970.0 0.00016351
24990.0 0.00013628
