#lamb flux
1010.0 2.0578e-08
1030.0 2.276e-08
1050.0 2.5269e-08
1070.0 2.8093e-08
1090.0 3.1301e-08
1110.0 3.4592e-08
1130.0 3.7904e-08
1150.0 4.1373e-08
1170.0 4.4951e-08
1190.0 4.8345e-08
1210.0 5.1784e-08
1230.0 5.5338e-08
1250.0 5.8819e-08
1270.0 6.2201e-08
1290.0 6.5774e-08
1310.0 6.9344e-08
1330.0 7.2768e-08
1350.0 7.6231e-08
1370.0 7.9806e-08
1390.0 8.3291e-08
1410.0 8.6673e-08
1430.0 9.0209e-08
1450.0 9.3745e-08
1470.0 9.7162e-08
1490.0 1.0062e-07
1510.0 1.0427e-07
1530.0 1.0772e-07
1550.0 1.1114e-07
1570.0 1.1467e-07
1590.0 1.182e-07
1610.0 1.2158e-07
1630.0 1.2506e-07
1650.0 1.2864e-07
1670.0 1.321e-07
1690.0 1.3552e-07
1710.0 1.3908e-07
1730.0 1.4265e-07
1750.0 1.4602e-07
1770.0 1.4949e-07
1790.0 1.5303e-07
1810.0 1.5647e-07
1830.0 1.5985e-07
1850.0 1.6344e-07
1870.0 1.6694e-07
1890.0 1.7034e-07
1910.0 1.738e-07
1930.0 1.7736e-07
1950.0 1.8076e-07
1970.0 1.8414e-07
1990.0 1.8764e-07
2010.0 1.911e-07
2030.0 1.9444e-07
2050.0 1.9789e-07
2070.0 2.0143e-07
2090.0 2.0478e-07
2110.0 2.0813e-07
2130.0 2.1158e-07
2150.0 2.1498e-07
2170.0 2.1824e-07
2190.0 2.2163e-07
2210.0 2.2504e-07
2230.0 2.2832e-07
2250.0 2.3159e-07
2270.0 2.3501e-07
2290.0 2.3833e-07
2310.0 2.4152e-07
2330.0 2.4484e-07
2350.0 2.4825e-07
2370.0 2.5165e-07
2390.0 2.5532e-07
2410.0 2.5968e-07
2430.0 2.6469e-07
2450.0 2.7068e-07
2470.0 2.7836e-07
2490.0 2.8803e-07
2510.0 2.9903e-07
2530.0 3.1226e-07
2550.0 3.2883e-07
2570.0 3.4944e-07
2590.0 3.7625e-07
2610.0 4.1639e-07
2630.0 4.737e-07
2650.0 5.4863e-07
2670.0 6.4551e-07
2690.0 7.6457e-07
2710.0 8.9166e-07
2730.0 1.0172e-06
2750.0 1.1409e-06
2770.0 1.2485e-06
2790.0 1.3339e-06
2810.0 1.4017e-06
2830.0 1.4547e-06
2850.0 1.4909e-06
2870.0 1.5174e-06
2890.0 1.5384e-06
2910.0 1.5552e-06
2930.0 1.5689e-06
2950.0 1.582e-06
2970.0 1.5948e-06
2990.0 1.6068e-06
3010.0 4.5416e-05
3030.0 4.5755e-05
3050.0 4.6083e-05
3070.0 4.6364e-05
3090.0 4.6606e-05
3110.0 4.6756e-05
3130.0 4.675e-05
3150.0 4.6542e-05
3170.0 4.6044e-05
3190.0 4.5261e-05
3210.0 4.4268e-05
3230.0 4.3132e-05
3250.0 4.201e-05
3270.0 4.1191e-05
3290.0 4.0736e-05
3310.0 4.0809e-05
3330.0 4.14e-05
3350.0 4.2429e-05
3370.0 4.3897e-05
3390.0 4.5748e-05
3410.0 4.7762e-05
3430.0 5.0023e-05
3450.0 5.2626e-05
3470.0 5.5469e-05
3490.0 5.8482e-05
3510.0 6.1887e-05
3530.0 6.5533e-05
3550.0 6.9225e-05
3570.0 7.3076e-05
3590.0 7.7265e-05
3610.0 8.158e-05
3630.0 8.5883e-05
3650.0 9.0347e-05
3670.0 9.4422e-05
3690.0 9.7468e-05
3710.0 9.9214e-05
3730.0 9.9272e-05
3750.0 9.789e-05
3770.0 9.7348e-05
3790.0 9.6769e-05
3810.0 9.4391e-05
3830.0 9.7312e-05
3850.0 0.00010881
3870.0 0.00011512
3890.0 0.00011459
3910.0 0.00011508
3930.0 0.00011811
3950.0 0.00011997
3970.0 0.00010931
3990.0 9.4054e-05
4010.0 0.00028189
4030.0 0.00034155
4050.0 0.00039157
4070.0 0.00033975
4090.0 0.00030771
4110.0 0.00027153
4130.0 0.00024991
4150.0 0.00026583
4170.0 0.00026185
4190.0 0.00027912
4210.0 0.00027657
4230.0 0.00029253
4250.0 0.00034607
4270.0 0.00035014
4290.0 0.00032265
4310.0 0.00033526
4330.0 0.00035661
4350.0 0.00039985
4370.0 0.00045504
4390.0 0.000427
4410.0 0.00031548
4430.0 0.00026708
4450.0 0.00024541
4470.0 0.00018836
4490.0 0.00020327
4510.0 0.00030704
4530.0 0.00035411
4550.0 0.00035718
4570.0 0.00040192
4590.0 0.00045782
4610.0 0.00061749
4630.0 0.00080199
4650.0 0.00086975
4670.0 0.00080547
4690.0 0.00076856
4710.0 0.00081243
4730.0 0.0007667
4750.0 0.00057321
4770.0 0.00042047
4790.0 0.00039264
4810.0 0.00037424
4830.0 0.00034262
4850.0 0.00037596
4870.0 0.00049669
4890.0 0.00058573
4910.0 0.00051391
4930.0 0.00045473
4950.0 0.00049959
4970.0 0.0006407
4990.0 0.0008683
5010.0 0.00099886
5030.0 0.00088076
5050.0 0.00059589
5070.0 0.00039272
5090.0 0.00031667
5110.0 0.00032566
5130.0 0.00037587
5150.0 0.00040722
5170.0 0.00040111
5190.0 0.00037481
5210.0 0.00039177
5230.0 0.00041184
5250.0 0.00044385
5270.0 0.00047888
5290.0 0.0005307
5310.0 0.00061772
5330.0 0.00068359
5350.0 0.00067923
5370.0 0.00071347
5390.0 0.00081872
5410.0 0.00081798
5430.0 0.00072339
5450.0 0.00066463
5470.0 0.00070572
5490.0 0.0008622
5510.0 0.0010781
5530.0 0.0012365
5550.0 0.0011951
5570.0 0.0010864
5590.0 0.00094465
5610.0 0.00087118
5630.0 0.00084478
5650.0 0.00080457
5670.0 0.0007624
5690.0 0.00068159
5710.0 0.00066456
5730.0 0.00061216
5750.0 0.00043161
5770.0 0.00033673
5790.0 0.00038159
5810.0 0.00043088
5830.0 0.00052875
5850.0 0.00062942
5870.0 0.00069835
5890.0 0.00071019
5910.0 0.00069674
5930.0 0.00066322
5950.0 0.00067581
5970.0 0.00077036
5990.0 0.00072434
6010.0 0.00060721
6030.0 0.00051301
6050.0 0.00044676
6070.0 0.00044432
6090.0 0.00048179
6110.0 0.00053872
6130.0 0.00054698
6150.0 0.00047062
6170.0 0.000414
6190.0 0.0004659
6210.0 0.00061591
6230.0 0.00080825
6250.0 0.00087545
6270.0 0.00076503
6290.0 0.00064366
6310.0 0.00050249
6330.0 0.000385
6350.0 0.00034341
6370.0 0.00036113
6390.0 0.00041749
6410.0 0.00051478
6430.0 0.00060113
6450.0 0.00068784
6470.0 0.00078759
6490.0 0.00095136
6510.0 0.0010637
6530.0 0.0010436
6550.0 0.0009437
6570.0 0.00080111
6590.0 0.00072238
6610.0 0.00062288
6630.0 0.00056431
6650.0 0.00053343
6670.0 0.00051822
6690.0 0.00046824
6710.0 0.00042564
6730.0 0.00030658
6750.0 0.00030394
6770.0 0.00033036
6790.0 0.00037973
6810.0 0.00034746
6830.0 0.00035779
6850.0 0.00033464
6870.0 0.0003057
6890.0 0.00029352
6910.0 0.00031278
6930.0 0.00029296
6950.0 0.00030141
6970.0 0.00031703
6990.0 0.00035985
7010.0 0.00036292
7030.0 0.00036868
7050.0 0.0003516
7070.0 0.00033501
7090.0 0.00033599
7110.0 0.00034571
7130.0 0.00037203
7150.0 0.00039513
7170.0 0.000436
7190.0 0.00047929
7210.0 0.00047096
7230.0 0.00048416
7250.0 0.0005203
7270.0 0.000567
7290.0 0.00067298
7310.0 0.00073024
7330.0 0.00070584
7350.0 0.00063839
7370.0 0.00055546
7390.0 0.00053886
7410.0 0.00057264
7430.0 0.00063642
7450.0 0.00069318
7470.0 0.00068681
7490.0 0.00062624
7510.0 0.00070938
7530.0 0.00070161
7550.0 0.00063062
7570.0 0.00049263
7590.0 0.00033867
7610.0 0.00029068
7630.0 0.00033026
7650.0 0.00039049
7670.0 0.000486
7690.0 0.0005348
7710.0 0.00055733
7730.0 0.00058568
7750.0 0.00065749
7770.0 0.00066783
7790.0 0.00061343
7810.0 0.00055972
7830.0 0.0005772
7850.0 0.00056109
7870.0 0.00051442
7890.0 0.00043221
7910.0 0.00035133
7930.0 0.00033547
7950.0 0.00030562
7970.0 0.00028291
7990.0 0.00028129
8010.0 2.0833e-05
8030.0 2.0562e-05
8050.0 2.0285e-05
8070.0 2.0551e-05
8090.0 2.2081e-05
8110.0 2.1705e-05
8130.0 1.7904e-05
8150.0 1.7436e-05
8170.0 1.5019e-05
8190.0 1.4234e-05
8210.0 1.8484e-05
8230.0 2.0579e-05
8250.0 1.8548e-05
8270.0 1.6143e-05
8290.0 1.5737e-05
8310.0 1.2112e-05
8330.0 8.1632e-06
8350.0 5.7934e-06
8370.0 3.6501e-06
8390.0 6.6722e-06
8410.0 7.775e-06
8430.0 9.5838e-06
8450.0 1.1254e-05
8470.0 1.3988e-05
8490.0 1.3889e-05
8510.0 1.3662e-05
8530.0 1.4259e-05
8550.0 1.9237e-05
8570.0 2.2774e-05
8590.0 2.4573e-05
8610.0 3.1041e-05
8630.0 3.7394e-05
8650.0 3.9118e-05
8670.0 4.1571e-05
8690.0 4.1803e-05
8710.0 3.7859e-05
8730.0 3.5215e-05
8750.0 3.1084e-05
8770.0 2.9494e-05
8790.0 2.8976e-05
8810.0 2.7765e-05
8830.0 2.2203e-05
8850.0 1.6254e-05
8870.0 1.2445e-05
8890.0 1.2167e-05
8910.0 1.3944e-05
8930.0 1.586e-05
8950.0 1.6164e-05
8970.0 1.624e-05
8990.0 1.4484e-05
9010.0 0.00015179
9030.0 0.00013754
9050.0 0.0001382
9070.0 0.00013929
9090.0 0.00014025
9110.0 0.00014143
9130.0 0.00014234
9150.0 0.00014305
9170.0 0.00014381
9190.0 0.00014462
9210.0 0.00014547
9230.0 0.00014636
9250.0 0.00014727
9270.0 0.00014822
9290.0 0.00014919
9310.0 0.00015017
9330.0 0.00015117
9350.0 0.00015221
9370.0 0.00015325
9390.0 0.00015431
9410.0 0.0001554
9430.0 0.00015652
9450.0 0.00015764
9470.0 0.00015878
9490.0 0.00015996
9510.0 0.00016114
9530.0 0.00016234
9550.0 0.00016357
9570.0 0.00016483
9590.0 0.00016609
9610.0 0.00016737
9630.0 0.00016869
9650.0 0.00017002
9670.0 0.00017135
9690.0 0.00017271
9710.0 0.0001741
9730.0 0.00017549
9750.0 0.0001769
9770.0 0.00017835
9790.0 0.0001798
9810.0 0.00018126
9830.0 0.00018275
9850.0 0.00018425
9870.0 0.00018576
9890.0 0.00018728
9910.0 0.00018884
9930.0 0.00019039
9950.0 0.00019195
9970.0 0.00019355
9990.0 0.00019515
10010.0 0.00016934
10030.0 0.00017073
10050.0 0.00017215
10070.0 0.00017362
10090.0 0.000175
10110.0 0.00017642
10130.0 0.00017784
10150.0 0.00017926
10170.0 0.00018069
10190.0 0.00018215
10210.0 0.0001836
10230.0 0.00018504
10250.0 0.0001865
10270.0 0.00018796
10290.0 0.0001894
10310.0 0.00019086
10330.0 0.00019234
10350.0 0.00019379
10370.0 0.00019523
10390.0 0.0001967
10410.0 0.00019815
10430.0 0.00019958
10450.0 0.00020102
10470.0 0.00020246
10490.0 0.00020388
10510.0 0.00020529
10530.0 0.00020673
10550.0 0.00020814
10570.0 0.00020952
10590.0 0.00021091
10610.0 0.00021229
10630.0 0.00021365
10650.0 0.00021499
10670.0 0.00021634
10690.0 0.00021767
10710.0 0.00021897
10730.0 0.00022028
10750.0 0.00022158
10770.0 0.00022283
10790.0 0.00022408
10810.0 0.00022532
10830.0 0.00022652
10850.0 0.00022766
10870.0 0.00022876
10890.0 0.00022974
10910.0 0.00023049
10930.0 0.00023091
10950.0 0.00023081
10970.0 0.00023003
10990.0 0.0002285
11010.0 0.00022593
11030.0 0.00022233
11050.0 0.00021796
11070.0 0.00021272
11090.0 0.00020642
11110.0 0.00019991
11130.0 0.00019312
11150.0 0.00018581
11170.0 0.00017827
11190.0 0.00017096
11210.0 0.00016341
11230.0 0.00015567
11250.0 0.00014828
11270.0 0.00014117
11290.0 0.00013406
11310.0 0.00012731
11330.0 0.00012138
11350.0 0.00011577
11370.0 0.00011058
11390.0 0.0001061
11410.0 0.00010218
11430.0 9.8532e-05
11450.0 9.5391e-05
11470.0 9.2675e-05
11490.0 9.0149e-05
11510.0 8.7714e-05
11530.0 8.5454e-05
11550.0 8.321e-05
11570.0 8.0815e-05
11590.0 7.8335e-05
11610.0 7.5811e-05
11630.0 7.3064e-05
11650.0 7.0123e-05
11670.0 6.7224e-05
11690.0 6.4285e-05
11710.0 6.1252e-05
11730.0 5.8314e-05
11750.0 5.5594e-05
11770.0 5.2927e-05
11790.0 5.0428e-05
11810.0 4.8227e-05
11830.0 4.626e-05
11850.0 4.4447e-05
11870.0 4.2931e-05
11890.0 4.1671e-05
11910.0 4.0563e-05
11930.0 3.9611e-05
11950.0 3.8819e-05
11970.0 3.811e-05
11990.0 3.7441e-05
12010.0 3.6822e-05
12030.0 3.6225e-05
12050.0 3.5608e-05
12070.0 3.4966e-05
12090.0 3.4347e-05
12110.0 3.3719e-05
12130.0 3.309e-05
12150.0 3.251e-05
12170.0 3.2003e-05
12190.0 3.1565e-05
12210.0 3.126e-05
12230.0 3.1112e-05
12250.0 3.1136e-05
12270.0 3.1371e-05
12290.0 3.1814e-05
12310.0 3.2451e-05
12330.0 3.3342e-05
12350.0 3.4453e-05
12370.0 3.5719e-05
12390.0 3.7178e-05
12410.0 3.8888e-05
12430.0 4.0626e-05
12450.0 4.2426e-05
12470.0 4.4339e-05
12490.0 4.6261e-05
12510.0 4.8064e-05
12530.0 4.9858e-05
12550.0 5.1588e-05
12570.0 5.3116e-05
12590.0 5.4457e-05
12610.0 5.5652e-05
12630.0 5.6605e-05
12650.0 5.7262e-05
12670.0 5.7694e-05
12690.0 5.7867e-05
12710.0 5.7772e-05
12730.0 5.7437e-05
12750.0 5.6839e-05
12770.0 5.6019e-05
12790.0 5.5025e-05
12810.0 5.3838e-05
12830.0 5.2464e-05
12850.0 5.1028e-05
12870.0 4.9509e-05
12890.0 4.7865e-05
12910.0 4.6194e-05
12930.0 4.4548e-05
12950.0 4.2829e-05
12970.0 4.108e-05
12990.0 3.9426e-05
13010.0 3.7791e-05
13030.0 3.6139e-05
13050.0 3.4552e-05
13070.0 3.3065e-05
13090.0 3.1573e-05
13110.0 3.013e-05
13130.0 2.8799e-05
13150.0 2.7539e-05
13170.0 2.6305e-05
13190.0 2.5207e-05
13210.0 2.424e-05
13230.0 2.3357e-05
13250.0 2.2596e-05
13270.0 2.1996e-05
13290.0 2.1529e-05
13310.0 2.1208e-05
13330.0 2.1061e-05
13350.0 2.1078e-05
13370.0 2.1267e-05
13390.0 2.1639e-05
13410.0 2.2141e-05
13430.0 2.2793e-05
13450.0 2.3599e-05
13470.0 2.4494e-05
13490.0 2.5441e-05
13510.0 2.651e-05
13530.0 2.7593e-05
13550.0 2.863e-05
13570.0 2.9653e-05
13590.0 3.0649e-05
13610.0 3.1536e-05
13630.0 3.231e-05
13650.0 3.3016e-05
13670.0 3.3603e-05
13690.0 3.4056e-05
13710.0 3.4407e-05
13730.0 3.4658e-05
13750.0 3.4783e-05
13770.0 3.4811e-05
13790.0 3.4748e-05
13810.0 3.4595e-05
13830.0 3.4368e-05
13850.0 3.4061e-05
13870.0 3.3674e-05
13890.0 3.3231e-05
13910.0 3.2732e-05
13930.0 3.2154e-05
13950.0 3.1523e-05
13970.0 3.0878e-05
13990.0 3.0176e-05
14010.0 2.9429e-05
14030.0 2.8684e-05
14050.0 2.7933e-05
14070.0 2.714e-05
14090.0 2.6381e-05
14110.0 2.5667e-05
14130.0 2.4975e-05
14150.0 2.4324e-05
14170.0 2.3768e-05
14190.0 2.3287e-05
14210.0 2.288e-05
14230.0 2.2578e-05
14250.0 2.2383e-05
14270.0 2.2288e-05
14290.0 2.2308e-05
14310.0 2.2432e-05
14330.0 2.2656e-05
14350.0 2.2984e-05
14370.0 2.3394e-05
14390.0 2.3859e-05
14410.0 2.4406e-05
14430.0 2.5007e-05
14450.0 2.5622e-05
14470.0 2.6259e-05
14490.0 2.6936e-05
14510.0 2.7584e-05
14530.0 2.8199e-05
14550.0 2.8815e-05
14570.0 2.9405e-05
14590.0 2.9943e-05
14610.0 3.0463e-05
14630.0 3.0977e-05
14650.0 3.1456e-05
14670.0 3.1919e-05
14690.0 3.2401e-05
14710.0 3.2909e-05
14730.0 3.3416e-05
14750.0 3.3978e-05
14770.0 3.4616e-05
14790.0 3.5307e-05
14810.0 3.6056e-05
14830.0 3.6943e-05
14850.0 3.7907e-05
14870.0 3.8913e-05
14890.0 3.9999e-05
14910.0 4.1152e-05
14930.0 4.226e-05
14950.0 4.3296e-05
14970.0 4.4276e-05
14990.0 4.5099e-05
15010.0 4.5728e-05
15030.0 4.6193e-05
15050.0 4.6501e-05
15070.0 4.6652e-05
15090.0 4.6705e-05
15110.0 4.6689e-05
15130.0 4.663e-05
15150.0 4.6552e-05
15170.0 4.6459e-05
15190.0 4.6358e-05
15210.0 4.626e-05
15230.0 4.6162e-05
15250.0 4.606e-05
15270.0 4.5959e-05
15290.0 4.5863e-05
15310.0 4.5765e-05
15330.0 4.5666e-05
15350.0 4.5571e-05
15370.0 4.5477e-05
15390.0 4.5377e-05
15410.0 4.5282e-05
15430.0 4.5189e-05
15450.0 4.5094e-05
15470.0 4.4997e-05
15490.0 4.4905e-05
15510.0 4.4814e-05
15530.0 4.4719e-05
15550.0 4.4627e-05
15570.0 4.4537e-05
15590.0 4.4444e-05
15610.0 4.4349e-05
15630.0 4.426e-05
15650.0 4.4171e-05
15670.0 4.4078e-05
15690.0 4.3988e-05
15710.0 4.3901e-05
15730.0 4.381e-05
15750.0 4.3719e-05
15770.0 4.3632e-05
15790.0 4.3544e-05
15810.0 4.3451e-05
15830.0 4.3363e-05
15850.0 4.3277e-05
15870.0 4.3188e-05
15890.0 4.3099e-05
15910.0 4.3014e-05
15930.0 4.2927e-05
15950.0 4.2836e-05
15970.0 4.2749e-05
15990.0 4.2664e-05
16010.0 4.2575e-05
16030.0 4.2485e-05
16050.0 4.2401e-05
16070.0 4.2315e-05
16090.0 4.2226e-05
16110.0 4.214e-05
16130.0 4.2056e-05
16150.0 4.1966e-05
16170.0 4.1878e-05
16190.0 4.1793e-05
16210.0 4.1707e-05
16230.0 4.1618e-05
16250.0 4.1532e-05
16270.0 4.1448e-05
16290.0 4.1359e-05
16310.0 4.1271e-05
16330.0 4.1187e-05
16350.0 4.11e-05
16370.0 4.1008e-05
16390.0 4.0923e-05
16410.0 4.0838e-05
16430.0 4.0749e-05
16450.0 4.0661e-05
16470.0 4.0577e-05
16490.0 4.0488e-05
16510.0 4.0398e-05
16530.0 4.0312e-05
16550.0 4.0225e-05
16570.0 4.0134e-05
16590.0 4.0045e-05
16610.0 3.996e-05
16630.0 3.9871e-05
16650.0 3.978e-05
16670.0 3.9693e-05
16690.0 3.9606e-05
16710.0 3.9513e-05
16730.0 3.9424e-05
16750.0 3.9336e-05
16770.0 3.9246e-05
16790.0 3.9153e-05
16810.0 3.9066e-05
16830.0 3.8977e-05
16850.0 3.8884e-05
16870.0 3.8794e-05
16890.0 3.8705e-05
16910.0 3.8612e-05
16930.0 3.8518e-05
16950.0 3.8429e-05
16970.0 3.8338e-05
16990.0 3.8244e-05
17010.0 3.8152e-05
17030.0 3.8063e-05
17050.0 3.7968e-05
17070.0 3.7874e-05
17090.0 3.7782e-05
17110.0 3.769e-05
17130.0 3.7592e-05
17150.0 3.7499e-05
17170.0 3.7407e-05
17190.0 3.7312e-05
17210.0 3.7216e-05
17230.0 3.7124e-05
17250.0 3.7029e-05
17270.0 3.6931e-05
17290.0 3.6836e-05
17310.0 3.6742e-05
17330.0 3.6644e-05
17350.0 3.6546e-05
17370.0 3.6452e-05
17390.0 3.6356e-05
17410.0 3.6257e-05
17430.0 3.6161e-05
17450.0 3.6066e-05
17470.0 3.5965e-05
17490.0 3.5865e-05
17510.0 3.5769e-05
17530.0 3.5671e-05
17550.0 3.557e-05
17570.0 3.5472e-05
17590.0 3.5376e-05
17610.0 3.5274e-05
17630.0 3.5174e-05
17650.0 3.5076e-05
17670.0 3.4976e-05
17690.0 3.4871e-05
17710.0 3.4773e-05
17730.0 3.4674e-05
17750.0 3.4571e-05
17770.0 3.4469e-05
17790.0 3.4372e-05
17810.0 3.4269e-05
17830.0 3.4164e-05
17850.0 3.4064e-05
17870.0 3.3963e-05
17890.0 3.3858e-05
17910.0 3.3754e-05
17930.0 3.3654e-05
17950.0 3.3551e-05
17970.0 3.3446e-05
17990.0 3.3345e-05
18010.0 3.3243e-05
18030.0 3.3135e-05
18050.0 3.3031e-05
18070.0 3.2929e-05
18090.0 3.2824e-05
18110.0 3.2717e-05
18130.0 3.2615e-05
18150.0 3.2511e-05
18170.0 3.2404e-05
18190.0 3.2299e-05
18210.0 3.2197e-05
18230.0 3.2089e-05
18250.0 3.1981e-05
18270.0 3.1878e-05
18290.0 3.1772e-05
18310.0 3.1664e-05
18330.0 3.1559e-05
18350.0 3.1456e-05
18370.0 3.1347e-05
18390.0 3.1239e-05
18410.0 3.1135e-05
18430.0 3.1029e-05
18450.0 3.0918e-05
18470.0 3.0812e-05
18490.0 3.0707e-05
18510.0 3.0599e-05
18530.0 3.049e-05
18550.0 3.0386e-05
18570.0 3.0279e-05
18590.0 3.0168e-05
18610.0 3.0061e-05
18630.0 2.9955e-05
18650.0 2.9845e-05
18670.0 2.9736e-05
18690.0 2.9631e-05
18710.0 2.9523e-05
18730.0 2.9413e-05
18750.0 2.9306e-05
18770.0 2.9201e-05
18790.0 2.9089e-05
18810.0 2.8979e-05
18830.0 2.8873e-05
18850.0 2.8765e-05
18870.0 2.8654e-05
18890.0 2.8547e-05
18910.0 2.8441e-05
18930.0 2.833e-05
18950.0 2.8221e-05
18970.0 2.8115e-05
18990.0 2.8006e-05
19010.0 2.7893e-05
19030.0 2.7786e-05
19050.0 2.7679e-05
19070.0 2.7569e-05
19090.0 2.746e-05
19110.0 2.7355e-05
19130.0 2.7244e-05
19150.0 2.7133e-05
19170.0 2.7026e-05
19190.0 2.6918e-05
19210.0 2.6807e-05
19230.0 2.6697e-05
19250.0 2.6592e-05
19270.0 2.6482e-05
19290.0 2.6372e-05
19310.0 2.6266e-05
19330.0 2.6158e-05
19350.0 2.6045e-05
19370.0 2.5937e-05
19390.0 2.5831e-05
19410.0 2.5721e-05
19430.0 2.561e-05
19450.0 2.5504e-05
19470.0 2.5397e-05
19490.0 2.5286e-05
19510.0 2.5178e-05
19530.0 2.5072e-05
19550.0 2.4962e-05
19570.0 2.4851e-05
19590.0 2.4745e-05
19610.0 2.4637e-05
19630.0 2.4527e-05
19650.0 2.442e-05
19670.0 2.4315e-05
19690.0 2.4204e-05
19710.0 2.4095e-05
19730.0 2.3989e-05
19750.0 2.3881e-05
19770.0 2.377e-05
19790.0 2.3663e-05
19810.0 2.3558e-05
19830.0 2.3448e-05
19850.0 2.3338e-05
19870.0 2.323e-05
19890.0 2.3114e-05
19910.0 2.2986e-05
19930.0 2.285e-05
19950.0 2.2694e-05
19970.0 2.2502e-05
19990.0 2.2271e-05
20010.0 1.9814e-05
20030.0 1.9527e-05
20050.0 1.9192e-05
20070.0 1.8828e-05
20090.0 1.8437e-05
20110.0 1.7994e-05
20130.0 1.7546e-05
20150.0 1.7102e-05
20170.0 1.6642e-05
20190.0 1.6175e-05
20210.0 1.5734e-05
20230.0 1.5304e-05
20250.0 1.4873e-05
20270.0 1.4473e-05
20290.0 1.4108e-05
20310.0 1.3761e-05
20330.0 1.3437e-05
20350.0 1.3167e-05
20370.0 1.2928e-05
20390.0 1.2719e-05
20410.0 1.255e-05
20430.0 1.2419e-05
20450.0 1.2316e-05
20470.0 1.2247e-05
20490.0 1.2209e-05
20510.0 1.2199e-05
20530.0 1.2214e-05
20550.0 1.2251e-05
20570.0 1.2306e-05
20590.0 1.2381e-05
20610.0 1.247e-05
20630.0 1.257e-05
20650.0 1.268e-05
20670.0 1.2807e-05
20690.0 1.2936e-05
20710.0 1.307e-05
20730.0 1.3214e-05
20750.0 1.3364e-05
20770.0 1.3512e-05
20790.0 1.3667e-05
20810.0 1.3832e-05
20830.0 1.3995e-05
20850.0 1.4159e-05
20870.0 1.4335e-05
20890.0 1.4514e-05
20910.0 1.4687e-05
20930.0 1.4867e-05
20950.0 1.5053e-05
20970.0 1.5234e-05
20990.0 1.5413e-05
21010.0 1.5601e-05
21030.0 1.5785e-05
21050.0 1.596e-05
21070.0 1.6135e-05
21090.0 1.6311e-05
21110.0 1.6471e-05
21130.0 1.6622e-05
21150.0 1.6767e-05
21170.0 1.6899e-05
21190.0 1.7013e-05
21210.0 1.7115e-05
21230.0 1.72e-05
21250.0 1.7261e-05
21270.0 1.7299e-05
21290.0 1.7314e-05
21310.0 1.73e-05
21330.0 1.7259e-05
21350.0 1.7187e-05
21370.0 1.7082e-05
21390.0 1.6948e-05
21410.0 1.6785e-05
21430.0 1.6577e-05
21450.0 1.6344e-05
21470.0 1.6091e-05
21490.0 1.5804e-05
21510.0 1.5489e-05
21530.0 1.517e-05
21550.0 1.4835e-05
21570.0 1.4478e-05
21590.0 1.4126e-05
21610.0 1.3787e-05
21630.0 1.3447e-05
21650.0 1.3115e-05
21670.0 1.2828e-05
21690.0 1.2562e-05
21710.0 1.2323e-05
21730.0 1.2127e-05
21750.0 1.1976e-05
21770.0 1.1861e-05
21790.0 1.1795e-05
21810.0 1.1777e-05
21830.0 1.1803e-05
21850.0 1.1877e-05
21870.0 1.1992e-05
21890.0 1.214e-05
21910.0 1.2331e-05
21930.0 1.2555e-05
21950.0 1.2797e-05
21970.0 1.3065e-05
21990.0 1.3367e-05
22010.0 1.3667e-05
22030.0 1.3973e-05
22050.0 1.4294e-05
22070.0 1.4617e-05
22090.0 1.4923e-05
22110.0 1.5231e-05
22130.0 1.5539e-05
22150.0 1.5826e-05
22170.0 1.6097e-05
22190.0 1.6365e-05
22210.0 1.6615e-05
22230.0 1.6835e-05
22250.0 1.7042e-05
22270.0 1.7232e-05
22290.0 1.7395e-05
22310.0 1.7535e-05
22330.0 1.7658e-05
22350.0 1.7754e-05
22370.0 1.7821e-05
22390.0 1.7863e-05
22410.0 1.7876e-05
22430.0 1.7859e-05
22450.0 1.7813e-05
22470.0 1.7733e-05
22490.0 1.7622e-05
22510.0 1.7483e-05
22530.0 1.7305e-05
22550.0 1.7088e-05
22570.0 1.6848e-05
22590.0 1.6577e-05
22610.0 1.6265e-05
22630.0 1.5927e-05
22650.0 1.5579e-05
22670.0 1.5193e-05
22690.0 1.4781e-05
22710.0 1.4366e-05
22730.0 1.3938e-05
22750.0 1.3474e-05
22770.0 1.302e-05
22790.0 1.2578e-05
22810.0 1.2123e-05
22830.0 1.167e-05
22850.0 1.1245e-05
22870.0 1.0829e-05
22890.0 1.0415e-05
22910.0 1.0034e-05
22930.0 9.6841e-06
22950.0 9.3511e-06
22970.0 9.0429e-06
22990.0 8.7877e-06
23010.0 8.5614e-06
23030.0 8.3671e-06
23050.0 8.2167e-06
23070.0 8.1082e-06
23090.0 8.0348e-06
23110.0 8.0055e-06
23130.0 8.0172e-06
23150.0 8.0679e-06
23170.0 8.1606e-06
23190.0 8.2876e-06
23210.0 8.4433e-06
23230.0 8.6369e-06
23250.0 8.8586e-06
23270.0 9.0958e-06
23290.0 9.3569e-06
23310.0 9.6467e-06
23330.0 9.9329e-06
23350.0 1.0222e-05
23370.0 1.0522e-05
23390.0 1.0818e-05
23410.0 1.1093e-05
23430.0 1.1364e-05
23450.0 1.1625e-05
23470.0 1.1858e-05
23490.0 1.2067e-05
23510.0 1.226e-05
23530.0 1.2423e-05
23550.0 1.255e-05
23570.0 1.2653e-05
23590.0 1.2727e-05
23610.0 1.277e-05
23630.0 1.2786e-05
23650.0 1.2774e-05
23670.0 1.2734e-05
23690.0 1.2672e-05
23710.0 1.2586e-05
23730.0 1.2475e-05
23750.0 1.2353e-05
23770.0 1.2216e-05
23790.0 1.2063e-05
23810.0 1.1902e-05
23830.0 1.1742e-05
23850.0 1.1573e-05
23870.0 1.1403e-05
23890.0 1.1245e-05
23910.0 1.1096e-05
23930.0 1.0953e-05
23950.0 1.0827e-05
23970.0 1.0722e-05
23990.0 1.0629e-05
24010.0 1.0556e-05
24030.0 1.0504e-05
24050.0 1.0471e-05
24070.0 1.0459e-05
24090.0 1.0467e-05
24110.0 1.0493e-05
24130.0 1.0538e-05
24150.0 1.0602e-05
24170.0 1.0679e-05
24190.0 1.0773e-05
24210.0 1.0885e-05
24230.0 1.1008e-05
24250.0 1.114e-05
24270.0 1.1286e-05
24290.0 1.1446e-05
24310.0 1.1602e-05
24330.0 1.1768e-05
24350.0 1.1942e-05
24370.0 1.2115e-05
24390.0 1.2285e-05
24410.0 1.2466e-05
24430.0 1.2643e-05
24450.0 1.281e-05
24470.0 1.2977e-05
24490.0 1.3142e-05
24510.0 1.3295e-05
24530.0 1.3436e-05
24550.0 1.3572e-05
24570.0 1.3694e-05
24590.0 1.3799e-05
24610.0 1.389e-05
24630.0 1.3965e-05
24650.0 1.4018e-05
24670.0 1.4051e-05
24690.0 1.4065e-05
24710.0 1.4059e-05
24730.0 1.4035e-05
24750.0 1.3993e-05
24770.0 1.3934e-05
24790.0 1.3863e-05
24810.0 1.3776e-05
24830.0 1.3663e-05
24850.0 1.351e-05
24870.0 1.3297e-05
24890.0 1.2962e-05
24910.0 1.2434e-05
24930.0 1.1686e-05
24950.0 1.0667e-05
24970.0 9.2976e-06
24990.0 7.7306e-06
