#lamb flux
1010.0 8.4716e-10
1030.0 1.0504e-09
1050.0 1.2728e-09
1070.0 1.5085e-09
1090.0 1.7586e-09
1110.0 1.9893e-09
1130.0 2.1927e-09
1150.0 2.3787e-09
1170.0 2.5417e-09
1190.0 2.66e-09
1210.0 2.7566e-09
1230.0 2.841e-09
1250.0 2.9074e-09
1270.0 2.9647e-09
1290.0 3.0416e-09
1310.0 3.1371e-09
1330.0 3.2555e-09
1350.0 3.4184e-09
1370.0 3.6392e-09
1390.0 3.9143e-09
1410.0 4.2471e-09
1430.0 4.6542e-09
1450.0 5.1259e-09
1470.0 5.6504e-09
1490.0 6.2311e-09
1510.0 6.873e-09
1530.0 7.5388e-09
1550.0 8.2282e-09
1570.0 8.945e-09
1590.0 9.6729e-09
1610.0 1.0389e-08
1630.0 1.111e-08
1650.0 1.1831e-08
1670.0 1.2528e-08
1690.0 1.3203e-08
1710.0 1.3875e-08
1730.0 1.4529e-08
1750.0 1.514e-08
1770.0 1.5743e-08
1790.0 1.6334e-08
1810.0 1.6894e-08
1830.0 1.7429e-08
1850.0 1.7899e-08
1870.0 1.8283e-08
1890.0 1.8661e-08
1910.0 1.9052e-08
1930.0 1.9459e-08
1950.0 1.986e-08
1970.0 2.0263e-08
1990.0 2.0682e-08
2010.0 2.1095e-08
2030.0 2.1494e-08
2050.0 2.1907e-08
2070.0 2.2343e-08
2090.0 2.2763e-08
2110.0 2.3187e-08
2130.0 2.3628e-08
2150.0 2.4066e-08
2170.0 2.4492e-08
2190.0 2.4938e-08
2210.0 2.5337e-08
2230.0 2.5658e-08
2250.0 2.5975e-08
2270.0 2.6308e-08
2290.0 2.6628e-08
2310.0 2.6932e-08
2330.0 2.725e-08
2350.0 2.7573e-08
2370.0 2.7881e-08
2390.0 2.8195e-08
2410.0 2.8532e-08
2430.0 2.8867e-08
2450.0 2.9214e-08
2470.0 2.9615e-08
2490.0 3.0103e-08
2510.0 3.0688e-08
2530.0 3.1477e-08
2550.0 3.2601e-08
2570.0 3.4134e-08
2590.0 3.6175e-08
2610.0 3.9099e-08
2630.0 4.2968e-08
2650.0 4.7677e-08
2670.0 5.3464e-08
2690.0 6.0431e-08
2710.0 6.8025e-08
2730.0 7.5979e-08
2750.0 8.4555e-08
2770.0 9.3058e-08
2790.0 1.0099e-07
2810.0 1.0847e-07
2830.0 1.1552e-07
2850.0 1.2153e-07
2870.0 1.2693e-07
2890.0 1.3203e-07
2910.0 1.3686e-07
2930.0 1.4152e-07
2950.0 1.4634e-07
2970.0 1.5137e-07
2990.0 1.5654e-07
3010.0 1.6195e-07
3030.0 1.6771e-07
3050.0 1.7375e-07
3070.0 1.7991e-07
3090.0 1.8642e-07
3110.0 1.9332e-07
3130.0 2.007e-07
3150.0 2.0948e-07
3170.0 2.204e-07
3190.0 2.3451e-07
3210.0 2.5277e-07
3230.0 2.7669e-07
3250.0 3.0604e-07
3270.0 3.3254e-07
3290.0 3.7694e-07
3310.0 4.7265e-07
3330.0 5.0382e-07
3350.0 5.1872e-07
3370.0 5.3296e-07
3390.0 5.4747e-07
3410.0 5.6234e-07
3430.0 5.7748e-07
3450.0 5.9265e-07
3470.0 6.0749e-07
3490.0 6.2206e-07
3510.0 6.3648e-07
3530.0 6.321e-07
3550.0 6.1438e-07
3570.0 6.2148e-07
3590.0 6.5559e-07
3610.0 7.126e-07
3630.0 7.2923e-07
3650.0 6.9831e-07
3670.0 6.439e-07
3690.0 6.1509e-07
3710.0 6.2612e-07
3730.0 6.4674e-07
3750.0 6.5744e-07
3770.0 6.7959e-07
3790.0 7.0442e-07
3810.0 6.9199e-07
3830.0 6.453e-07
3850.0 6.0524e-07
3870.0 5.8651e-07
3890.0 5.7763e-07
3910.0 5.6295e-07
3930.0 5.563e-07
3950.0 5.7126e-07
3970.0 5.8882e-07
3990.0 5.9493e-07
4010.0 5.7163e-07
4030.0 5.4053e-07
4050.0 5.2103e-07
4070.0 5.045e-07
4090.0 4.9038e-07
4110.0 4.7149e-07
4130.0 4.4289e-07
4150.0 4.1466e-07
4170.0 3.9796e-07
4190.0 3.7014e-07
4210.0 3.3537e-07
4230.0 2.9993e-07
4250.0 2.6672e-07
4270.0 2.4246e-07
4290.0 2.2334e-07
4310.0 2.1346e-07
4330.0 2.1319e-07
4350.0 2.125e-07
4370.0 2.1456e-07
4390.0 2.2141e-07
4410.0 2.2623e-07
4430.0 2.1725e-07
4450.0 1.977e-07
4470.0 1.8115e-07
4490.0 1.7163e-07
4510.0 1.6585e-07
4530.0 1.6307e-07
4550.0 1.608e-07
4570.0 1.6024e-07
4590.0 1.6241e-07
4610.0 1.6841e-07
4630.0 1.72e-07
4650.0 1.7419e-07
4670.0 1.6993e-07
4690.0 1.6032e-07
4710.0 1.5047e-07
4730.0 1.445e-07
4750.0 1.4075e-07
4770.0 1.4094e-07
4790.0 1.4042e-07
4810.0 1.3738e-07
4830.0 1.3716e-07
4850.0 1.4165e-07
4870.0 1.4291e-07
4890.0 1.4026e-07
4910.0 1.3746e-07
4930.0 1.2974e-07
4950.0 1.1797e-07
4970.0 1.1033e-07
4990.0 1.0407e-07
5010.0 1.0262e-07
5030.0 1.0611e-07
5050.0 1.089e-07
5070.0 1.1293e-07
5090.0 1.1978e-07
5110.0 1.2167e-07
5130.0 1.2269e-07
5150.0 1.2507e-07
5170.0 1.259e-07
5190.0 1.2923e-07
5210.0 1.2995e-07
5230.0 1.2855e-07
5250.0 1.2976e-07
5270.0 1.317e-07
5290.0 1.3212e-07
5310.0 1.3108e-07
5330.0 1.2865e-07
5350.0 1.2666e-07
5370.0 1.2537e-07
5390.0 1.2384e-07
5410.0 1.2241e-07
5430.0 1.2254e-07
5450.0 1.2413e-07
5470.0 1.2643e-07
5490.0 1.2932e-07
5510.0 1.3331e-07
5530.0 1.3491e-07
5550.0 1.3716e-07
5570.0 1.3698e-07
5590.0 1.3348e-07
5610.0 1.3245e-07
5630.0 1.3371e-07
5650.0 1.32e-07
5670.0 1.2905e-07
5690.0 1.2491e-07
5710.0 1.2503e-07
5730.0 1.2611e-07
5750.0 1.2064e-07
5770.0 1.1453e-07
5790.0 1.0454e-07
5810.0 9.0753e-08
5830.0 9.8341e-08
5850.0 1.0994e-07
5870.0 1.1278e-07
5890.0 1.1344e-07
5910.0 1.1386e-07
5930.0 1.138e-07
5950.0 1.1167e-07
5970.0 1.1028e-07
5990.0 1.0839e-07
6010.0 1.0518e-07
6030.0 1.014e-07
6050.0 9.9854e-08
6070.0 9.9841e-08
6090.0 9.8025e-08
6110.0 9.4547e-08
6130.0 9.1502e-08
6150.0 8.7718e-08
6170.0 8.3863e-08
6190.0 8.0772e-08
6210.0 7.779e-08
6230.0 7.6418e-08
6250.0 7.4801e-08
6270.0 7.323e-08
6290.0 7.2363e-08
6310.0 7.1511e-08
6330.0 6.9837e-08
6350.0 6.7598e-08
6370.0 6.6141e-08
6390.0 6.522e-08
6410.0 6.3208e-08
6430.0 6.1653e-08
6450.0 6.0154e-08
6470.0 5.8713e-08
6490.0 5.7717e-08
6510.0 5.7068e-08
6530.0 5.5495e-08
6550.0 5.4255e-08
6570.0 5.3616e-08
6590.0 5.3295e-08
6610.0 5.2925e-08
6630.0 5.1068e-08
6650.0 4.9787e-08
6670.0 4.9382e-08
6690.0 4.8662e-08
6710.0 4.757e-08
6730.0 4.7224e-08
6750.0 4.7591e-08
6770.0 5.0738e-08
6790.0 5.7694e-08
6810.0 5.458e-08
6830.0 4.7227e-08
6850.0 4.5557e-08
6870.0 4.4849e-08
6890.0 4.4887e-08
6910.0 4.5001e-08
6930.0 4.5194e-08
6950.0 4.4892e-08
6970.0 4.3764e-08
6990.0 4.3367e-08
7010.0 4.4045e-08
7030.0 4.4107e-08
7050.0 4.3453e-08
7070.0 4.341e-08
7090.0 4.4055e-08
7110.0 4.5039e-08
7130.0 4.5197e-08
7150.0 4.5283e-08
7170.0 4.5534e-08
7190.0 4.62e-08
7210.0 4.6536e-08
7230.0 4.6717e-08
7250.0 4.7381e-08
7270.0 4.7783e-08
7290.0 4.8395e-08
7310.0 4.9567e-08
7330.0 4.9246e-08
7350.0 4.8266e-08
7370.0 4.7353e-08
7390.0 4.6924e-08
7410.0 4.7589e-08
7430.0 4.8112e-08
7450.0 4.8439e-08
7470.0 4.8843e-08
7490.0 4.8486e-08
7510.0 4.818e-08
7530.0 4.8578e-08
7550.0 5.0746e-08
7570.0 5.0561e-08
7590.0 4.7832e-08
7610.0 4.7025e-08
7630.0 4.9984e-08
7650.0 5.0759e-08
7670.0 5.1655e-08
7690.0 5.3827e-08
7710.0 5.5642e-08
7730.0 5.6044e-08
7750.0 5.9103e-08
7770.0 5.7324e-08
7790.0 5.5718e-08
7810.0 5.9413e-08
7830.0 6.1412e-08
7850.0 6.3434e-08
7870.0 6.4303e-08
7890.0 6.5052e-08
7910.0 6.4554e-08
7930.0 6.513e-08
7950.0 6.7951e-08
7970.0 6.8023e-08
7990.0 6.3308e-08
8010.0 6.551e-08
8030.0 6.6398e-08
8050.0 6.7586e-08
8070.0 6.1602e-08
8090.0 4.221e-08
8110.0 4.3539e-08
8130.0 6.0267e-08
8150.0 6.4933e-08
8170.0 6.7566e-08
8190.0 6.9349e-08
8210.0 6.8117e-08
8230.0 7.3249e-08
8250.0 7.4588e-08
8270.0 7.1143e-08
8290.0 6.8633e-08
8310.0 6.7322e-08
8330.0 7.0194e-08
8350.0 7.3488e-08
8370.0 7.2425e-08
8390.0 6.9146e-08
8410.0 6.9019e-08
8430.0 6.4804e-08
8450.0 6.5773e-08
8470.0 7.1921e-08
8490.0 7.214e-08
8510.0 6.685e-08
8530.0 6.3216e-08
8550.0 6.0787e-08
8570.0 5.7004e-08
8590.0 5.8649e-08
8610.0 6.1817e-08
8630.0 6.3728e-08
8650.0 6.4787e-08
8670.0 6.3311e-08
8690.0 6.1813e-08
8710.0 5.7888e-08
8730.0 5.5657e-08
8750.0 5.7514e-08
8770.0 5.8242e-08
8790.0 5.8592e-08
8810.0 5.7793e-08
8830.0 5.8747e-08
8850.0 6.187e-08
8870.0 5.7823e-08
8890.0 5.4301e-08
8910.0 5.3544e-08
8930.0 5.0914e-08
8950.0 4.8657e-08
8970.0 4.8436e-08
8990.0 4.6432e-08
9010.0 4.3546e-08
9030.0 4.2577e-08
9050.0 4.2237e-08
9070.0 4.1935e-08
9090.0 4.1632e-08
9110.0 4.1326e-08
9130.0 4.1019e-08
9150.0 4.071e-08
9170.0 4.04e-08
9190.0 4.009e-08
9210.0 3.9779e-08
9230.0 3.9468e-08
9250.0 3.9156e-08
9270.0 3.8845e-08
9290.0 3.8534e-08
9310.0 3.8228e-08
9330.0 3.7929e-08
9350.0 3.763e-08
9370.0 3.7333e-08
9390.0 3.7037e-08
9410.0 3.6741e-08
9430.0 3.6448e-08
9450.0 3.6156e-08
9470.0 3.5867e-08
9490.0 3.558e-08
9510.0 3.5292e-08
9530.0 3.5007e-08
9550.0 3.4724e-08
9570.0 3.4444e-08
9590.0 3.4165e-08
9610.0 3.3897e-08
9630.0 3.3631e-08
9650.0 3.3368e-08
9670.0 3.3106e-08
9690.0 3.2848e-08
9710.0 3.2591e-08
9730.0 3.2337e-08
9750.0 3.2086e-08
9770.0 3.1838e-08
9790.0 3.1591e-08
9810.0 3.1347e-08
9830.0 3.1106e-08
9850.0 3.0865e-08
9870.0 3.0625e-08
9890.0 3.0394e-08
9910.0 3.0165e-08
9930.0 2.9937e-08
9950.0 2.9712e-08
9970.0 2.9489e-08
9990.0 2.9269e-08
10010.0 2.9051e-08
10030.0 2.8836e-08
10050.0 2.8623e-08
10070.0 2.8412e-08
10090.0 2.8204e-08
10110.0 2.7998e-08
10130.0 2.7795e-08
10150.0 2.7594e-08
10170.0 2.7396e-08
10190.0 2.72e-08
10210.0 2.7006e-08
10230.0 2.6814e-08
10250.0 2.6625e-08
10270.0 2.6438e-08
10290.0 2.6253e-08
10310.0 2.6071e-08
10330.0 2.589e-08
10350.0 2.5712e-08
10370.0 2.5535e-08
10390.0 2.5358e-08
10410.0 2.5149e-08
10430.0 2.4931e-08
10450.0 2.4803e-08
10470.0 2.4655e-08
10490.0 2.4504e-08
10510.0 2.435e-08
10530.0 2.4191e-08
10550.0 2.4033e-08
10570.0 2.3879e-08
10590.0 2.3723e-08
10610.0 2.3568e-08
10630.0 2.3417e-08
10650.0 2.3268e-08
10670.0 2.3117e-08
10690.0 2.2969e-08
10710.0 2.2825e-08
10730.0 2.268e-08
10750.0 2.2533e-08
10770.0 2.2394e-08
10790.0 2.2255e-08
10810.0 2.2115e-08
10830.0 2.1978e-08
10850.0 2.1845e-08
10870.0 2.1707e-08
10890.0 2.1571e-08
10910.0 2.1439e-08
10930.0 2.1306e-08
10950.0 2.1168e-08
10970.0 2.1031e-08
10990.0 2.0896e-08
11010.0 1.767e-08
11030.0 1.7541e-08
11050.0 1.7414e-08
11070.0 1.7286e-08
11090.0 1.7151e-08
11110.0 1.7021e-08
11130.0 1.6891e-08
11150.0 1.6756e-08
11170.0 1.662e-08
11190.0 1.6488e-08
11210.0 1.6353e-08
11230.0 1.6215e-08
11250.0 1.6082e-08
11270.0 1.5952e-08
11290.0 1.582e-08
11310.0 1.5692e-08
11330.0 1.5574e-08
11350.0 1.5459e-08
11370.0 1.5347e-08
11390.0 1.5244e-08
11410.0 1.5147e-08
11430.0 1.505e-08
11450.0 1.496e-08
11470.0 1.4875e-08
11490.0 1.4791e-08
11510.0 1.4707e-08
11530.0 1.4627e-08
11550.0 1.4547e-08
11570.0 1.4464e-08
11590.0 1.4381e-08
11610.0 1.4299e-08
11630.0 1.4212e-08
11650.0 1.4121e-08
11670.0 1.4032e-08
11690.0 1.3941e-08
11710.0 1.3845e-08
11730.0 1.3749e-08
11750.0 1.3656e-08
11770.0 1.3558e-08
11790.0 1.3459e-08
11810.0 1.3363e-08
11830.0 1.3269e-08
11850.0 1.317e-08
11870.0 1.3077e-08
11890.0 1.2989e-08
11910.0 1.2901e-08
11930.0 1.2815e-08
11950.0 1.2736e-08
11970.0 1.2661e-08
11990.0 1.2587e-08
12010.0 1.252e-08
12030.0 1.2458e-08
12050.0 1.2399e-08
12070.0 1.2344e-08
12090.0 1.2297e-08
12110.0 1.2252e-08
12130.0 1.2211e-08
12150.0 1.2173e-08
12170.0 1.2139e-08
12190.0 1.2105e-08
12210.0 1.2073e-08
12230.0 1.2042e-08
12250.0 1.2011e-08
12270.0 1.1977e-08
12290.0 1.1941e-08
12310.0 1.1903e-08
12330.0 1.186e-08
12350.0 1.1812e-08
12370.0 1.176e-08
12390.0 1.1703e-08
12410.0 1.1636e-08
12430.0 1.1568e-08
12450.0 1.1495e-08
12470.0 1.1414e-08
12490.0 1.1328e-08
12510.0 1.1242e-08
12530.0 1.115e-08
12550.0 1.1053e-08
12570.0 1.0956e-08
12590.0 1.0858e-08
12610.0 1.0754e-08
12630.0 1.0651e-08
12650.0 1.0552e-08
12670.0 1.0452e-08
12690.0 1.0351e-08
12710.0 1.0255e-08
12730.0 1.0162e-08
12750.0 1.0068e-08
12770.0 9.9786e-09
12790.0 9.8961e-09
12810.0 9.8159e-09
12830.0 9.7382e-09
12850.0 9.6689e-09
12870.0 9.6048e-09
12890.0 9.5433e-09
12910.0 9.4883e-09
12930.0 9.4402e-09
12950.0 9.3958e-09
12970.0 9.3566e-09
12990.0 9.325e-09
13010.0 9.2988e-09
13030.0 9.2774e-09
13050.0 9.2615e-09
13070.0 9.2506e-09
13090.0 9.2432e-09
13110.0 9.239e-09
13130.0 9.2371e-09
13150.0 9.2362e-09
13170.0 9.2351e-09
13190.0 9.2327e-09
13210.0 9.228e-09
13230.0 9.2198e-09
13250.0 9.2069e-09
13270.0 9.1898e-09
13290.0 9.1672e-09
13310.0 9.1376e-09
13330.0 9.1029e-09
13350.0 9.0632e-09
13370.0 9.0165e-09
13390.0 8.9631e-09
13410.0 8.9079e-09
13430.0 8.8471e-09
13450.0 8.7801e-09
13470.0 8.7106e-09
13490.0 8.6396e-09
13510.0 8.5608e-09
13530.0 8.4798e-09
13550.0 8.3995e-09
13570.0 8.3159e-09
13590.0 8.228e-09
13610.0 8.1412e-09
13630.0 8.0557e-09
13650.0 7.9654e-09
13670.0 7.8752e-09
13690.0 7.7878e-09
13710.0 7.6991e-09
13730.0 7.6065e-09
13750.0 7.52e-09
13770.0 7.4353e-09
13790.0 7.3494e-09
13810.0 7.2659e-09
13830.0 7.1879e-09
13850.0 7.1097e-09
13870.0 7.0326e-09
13890.0 6.9607e-09
13910.0 6.892e-09
13930.0 6.8232e-09
13950.0 6.7576e-09
13970.0 6.6979e-09
13990.0 6.6387e-09
14010.0 6.581e-09
14030.0 6.5276e-09
14050.0 6.4768e-09
14070.0 6.4256e-09
14090.0 6.3782e-09
14110.0 6.3342e-09
14130.0 6.2913e-09
14150.0 6.2496e-09
14170.0 6.2117e-09
14190.0 6.1756e-09
14210.0 6.1398e-09
14230.0 6.106e-09
14250.0 6.0744e-09
14270.0 6.0426e-09
14290.0 6.0113e-09
14310.0 5.9822e-09
14330.0 5.9535e-09
14350.0 5.9245e-09
14370.0 5.8965e-09
14390.0 5.8698e-09
14410.0 5.8424e-09
14430.0 5.8153e-09
14450.0 5.7892e-09
14470.0 5.7634e-09
14490.0 5.7365e-09
14510.0 5.7106e-09
14530.0 5.6855e-09
14550.0 5.6596e-09
14570.0 5.6334e-09
14590.0 5.6081e-09
14610.0 5.5822e-09
14630.0 5.5551e-09
14650.0 5.5286e-09
14670.0 5.5023e-09
14690.0 5.4748e-09
14710.0 5.4465e-09
14730.0 5.4195e-09
14750.0 5.3916e-09
14770.0 5.3625e-09
14790.0 5.3337e-09
14810.0 5.3051e-09
14830.0 5.2743e-09
14850.0 5.2433e-09
14870.0 5.2132e-09
14890.0 5.1823e-09
14910.0 5.1507e-09
14930.0 5.1207e-09
14950.0 5.0924e-09
14970.0 5.0645e-09
14990.0 5.039e-09
15010.0 5.0166e-09
15030.0 4.9962e-09
15050.0 4.9772e-09
15070.0 4.9612e-09
15090.0 4.9465e-09
15110.0 4.9322e-09
15130.0 4.9186e-09
15150.0 4.9058e-09
15170.0 4.8928e-09
15190.0 4.8796e-09
15210.0 4.8668e-09
15230.0 4.8541e-09
15250.0 4.841e-09
15270.0 4.828e-09
15290.0 4.8156e-09
15310.0 4.8028e-09
15330.0 4.7898e-09
15350.0 4.7772e-09
15370.0 4.7648e-09
15390.0 4.7516e-09
15410.0 4.7389e-09
15430.0 4.7264e-09
15450.0 4.7137e-09
15470.0 4.7007e-09
15490.0 4.6883e-09
15510.0 4.6759e-09
15530.0 4.6631e-09
15550.0 4.6505e-09
15570.0 4.6383e-09
15590.0 4.6256e-09
15610.0 4.6127e-09
15630.0 4.6004e-09
15650.0 4.5881e-09
15670.0 4.5754e-09
15690.0 4.5629e-09
15710.0 4.5509e-09
15730.0 4.5383e-09
15750.0 4.5258e-09
15770.0 4.5136e-09
15790.0 4.5014e-09
15810.0 4.4886e-09
15830.0 4.4764e-09
15850.0 4.4644e-09
15870.0 4.452e-09
15890.0 4.4396e-09
15910.0 4.4277e-09
15930.0 4.4156e-09
15950.0 4.4031e-09
15970.0 4.391e-09
15990.0 4.3791e-09
16010.0 4.3668e-09
16030.0 4.3544e-09
16050.0 4.3427e-09
16070.0 4.3307e-09
16090.0 4.3184e-09
16110.0 4.3065e-09
16130.0 4.2948e-09
16150.0 4.2824e-09
16170.0 4.2703e-09
16190.0 4.2586e-09
16210.0 4.2467e-09
16230.0 4.2345e-09
16250.0 4.2227e-09
16270.0 4.2112e-09
16290.0 4.1991e-09
16310.0 4.1871e-09
16330.0 4.1756e-09
16350.0 4.1638e-09
16370.0 4.1514e-09
16390.0 4.1399e-09
16410.0 4.1283e-09
16430.0 4.1164e-09
16450.0 4.1046e-09
16470.0 4.0932e-09
16490.0 4.0814e-09
16510.0 4.0694e-09
16530.0 4.0579e-09
16550.0 4.0464e-09
16570.0 4.0344e-09
16590.0 4.0226e-09
16610.0 4.0114e-09
16630.0 3.9997e-09
16650.0 3.9879e-09
16670.0 3.9766e-09
16690.0 3.9652e-09
16710.0 3.9532e-09
16730.0 3.9416e-09
16750.0 3.9303e-09
16770.0 3.9187e-09
16790.0 3.9068e-09
16810.0 3.8956e-09
16830.0 3.8842e-09
16850.0 3.8725e-09
16870.0 3.861e-09
16890.0 3.8498e-09
16910.0 3.8381e-09
16930.0 3.8263e-09
16950.0 3.8151e-09
16970.0 3.8037e-09
16990.0 3.792e-09
17010.0 3.7806e-09
17030.0 3.7696e-09
17050.0 3.7579e-09
17070.0 3.7463e-09
17090.0 3.7351e-09
17110.0 3.7238e-09
17130.0 3.7119e-09
17150.0 3.7006e-09
17170.0 3.6894e-09
17190.0 3.6779e-09
17210.0 3.6664e-09
17230.0 3.6553e-09
17250.0 3.6439e-09
17270.0 3.6322e-09
17290.0 3.6209e-09
17310.0 3.6097e-09
17330.0 3.5981e-09
17350.0 3.5865e-09
17370.0 3.5755e-09
17390.0 3.5641e-09
17410.0 3.5525e-09
17430.0 3.5413e-09
17450.0 3.5302e-09
17470.0 3.5184e-09
17490.0 3.5069e-09
17510.0 3.4958e-09
17530.0 3.4844e-09
17550.0 3.4727e-09
17570.0 3.4615e-09
17590.0 3.4504e-09
17610.0 3.4388e-09
17630.0 3.4273e-09
17650.0 3.4162e-09
17670.0 3.4048e-09
17690.0 3.3929e-09
17710.0 3.3818e-09
17730.0 3.3706e-09
17750.0 3.359e-09
17770.0 3.3475e-09
17790.0 3.3366e-09
17810.0 3.325e-09
17830.0 3.3133e-09
17850.0 3.3021e-09
17870.0 3.2908e-09
17890.0 3.2791e-09
17910.0 3.2675e-09
17930.0 3.2565e-09
17950.0 3.245e-09
17970.0 3.2334e-09
17990.0 3.2222e-09
18010.0 3.211e-09
18030.0 3.1991e-09
18050.0 3.1876e-09
18070.0 3.1764e-09
18090.0 3.1649e-09
18110.0 3.1531e-09
18130.0 3.142e-09
18150.0 3.1307e-09
18170.0 3.1189e-09
18190.0 3.1075e-09
18210.0 3.0963e-09
18230.0 3.0846e-09
18250.0 3.0728e-09
18270.0 3.0616e-09
18290.0 3.0501e-09
18310.0 3.0384e-09
18330.0 3.027e-09
18350.0 3.0158e-09
18370.0 3.004e-09
18390.0 2.9923e-09
18410.0 2.981e-09
18430.0 2.9696e-09
18450.0 2.9576e-09
18470.0 2.9461e-09
18490.0 2.9348e-09
18510.0 2.9231e-09
18530.0 2.9115e-09
18550.0 2.9002e-09
18570.0 2.8886e-09
18590.0 2.8767e-09
18610.0 2.8652e-09
18630.0 2.8538e-09
18650.0 2.842e-09
18670.0 2.8301e-09
18690.0 2.8189e-09
18710.0 2.8073e-09
18730.0 2.7954e-09
18750.0 2.7839e-09
18770.0 2.7726e-09
18790.0 2.7605e-09
18810.0 2.7487e-09
18830.0 2.7374e-09
18850.0 2.7257e-09
18870.0 2.7137e-09
18890.0 2.7023e-09
18910.0 2.6908e-09
18930.0 2.6789e-09
18950.0 2.6671e-09
18970.0 2.6557e-09
18990.0 2.6439e-09
19010.0 2.6317e-09
19030.0 2.6203e-09
19050.0 2.6087e-09
19070.0 2.5968e-09
19090.0 2.585e-09
19110.0 2.5737e-09
19130.0 2.5617e-09
19150.0 2.5497e-09
19170.0 2.5381e-09
19190.0 2.5265e-09
19210.0 2.5144e-09
19230.0 2.5025e-09
19250.0 2.4911e-09
19270.0 2.4792e-09
19290.0 2.4673e-09
19310.0 2.4557e-09
19330.0 2.4441e-09
19350.0 2.4318e-09
19370.0 2.42e-09
19390.0 2.4084e-09
19410.0 2.3965e-09
19430.0 2.3844e-09
19450.0 2.3729e-09
19470.0 2.3611e-09
19490.0 2.349e-09
19510.0 2.3372e-09
19530.0 2.3257e-09
19550.0 2.3135e-09
19570.0 2.3014e-09
19590.0 2.2898e-09
19610.0 2.278e-09
19630.0 2.2658e-09
19650.0 2.2541e-09
19670.0 2.2425e-09
19690.0 2.2304e-09
19710.0 2.2183e-09
19730.0 2.2066e-09
19750.0 2.1948e-09
19770.0 2.1824e-09
19790.0 2.1706e-09
19810.0 2.159e-09
19830.0 2.1469e-09
19850.0 2.1349e-09
19870.0 2.1235e-09
19890.0 2.1117e-09
19910.0 2.0999e-09
19930.0 2.0889e-09
19950.0 2.0786e-09
19970.0 2.0687e-09
19990.0 2.06e-09
20010.0 2.0528e-09
20030.0 2.0465e-09
20050.0 2.0413e-09
20070.0 2.0373e-09
20090.0 2.0341e-09
20110.0 2.0312e-09
20130.0 2.0288e-09
20150.0 2.0266e-09
20170.0 2.0245e-09
20190.0 2.0222e-09
20210.0 2.02e-09
20230.0 2.0177e-09
20250.0 2.0151e-09
20270.0 2.0124e-09
20290.0 2.0097e-09
20310.0 2.0067e-09
20330.0 2.0035e-09
20350.0 2.0002e-09
20370.0 1.9968e-09
20390.0 1.9931e-09
20410.0 1.9894e-09
20430.0 1.9857e-09
20450.0 1.9816e-09
20470.0 1.9775e-09
20490.0 1.9735e-09
20510.0 1.9694e-09
20530.0 1.9652e-09
20550.0 1.9612e-09
20570.0 1.9574e-09
20590.0 1.9535e-09
20610.0 1.9497e-09
20630.0 1.9461e-09
20650.0 1.9425e-09
20670.0 1.9388e-09
20690.0 1.9353e-09
20710.0 1.9319e-09
20730.0 1.9283e-09
20750.0 1.9245e-09
20770.0 1.9207e-09
20790.0 1.9167e-09
20810.0 1.9123e-09
20830.0 1.9077e-09
20850.0 1.9028e-09
20870.0 1.8974e-09
20890.0 1.8917e-09
20910.0 1.8859e-09
20930.0 1.8796e-09
20950.0 1.8729e-09
20970.0 1.8662e-09
20990.0 1.8594e-09
21010.0 1.8521e-09
21030.0 1.8448e-09
21050.0 1.8377e-09
21070.0 1.8304e-09
21090.0 1.823e-09
21110.0 1.8159e-09
21130.0 1.809e-09
21150.0 1.802e-09
21170.0 1.795e-09
21190.0 1.7885e-09
21210.0 1.7817e-09
21230.0 1.7748e-09
21250.0 1.7681e-09
21270.0 1.7615e-09
21290.0 1.7546e-09
21310.0 1.7476e-09
21330.0 1.7408e-09
21350.0 1.7336e-09
21370.0 1.7262e-09
21390.0 1.7182e-09
21410.0 1.7102e-09
21430.0 1.7014e-09
21450.0 1.6927e-09
21470.0 1.6841e-09
21490.0 1.675e-09
21510.0 1.6657e-09
21530.0 1.6565e-09
21550.0 1.6472e-09
21570.0 1.6373e-09
21590.0 1.6277e-09
21610.0 1.6181e-09
21630.0 1.6083e-09
21650.0 1.5981e-09
21670.0 1.5886e-09
21690.0 1.5789e-09
21710.0 1.569e-09
21730.0 1.5592e-09
21750.0 1.5499e-09
21770.0 1.5399e-09
21790.0 1.5301e-09
21810.0 1.5206e-09
21830.0 1.5111e-09
21850.0 1.5012e-09
21870.0 1.4915e-09
21890.0 1.4822e-09
21910.0 1.4725e-09
21930.0 1.4629e-09
21950.0 1.4536e-09
21970.0 1.4443e-09
21990.0 1.4346e-09
22010.0 1.4255e-09
22030.0 1.4168e-09
22050.0 1.4079e-09
22070.0 1.3994e-09
22090.0 1.3919e-09
22110.0 1.3844e-09
22130.0 1.3771e-09
22150.0 1.3703e-09
22170.0 1.3639e-09
22190.0 1.3576e-09
22210.0 1.3517e-09
22230.0 1.3463e-09
22250.0 1.3411e-09
22270.0 1.336e-09
22290.0 1.3313e-09
22310.0 1.3268e-09
22330.0 1.3223e-09
22350.0 1.3179e-09
22370.0 1.3137e-09
22390.0 1.3095e-09
22410.0 1.3052e-09
22430.0 1.3011e-09
22450.0 1.2969e-09
22470.0 1.2926e-09
22490.0 1.2883e-09
22510.0 1.2841e-09
22530.0 1.2797e-09
22550.0 1.2751e-09
22570.0 1.2708e-09
22590.0 1.2664e-09
22610.0 1.2619e-09
22630.0 1.2575e-09
22650.0 1.2533e-09
22670.0 1.2491e-09
22690.0 1.2449e-09
22710.0 1.241e-09
22730.0 1.2373e-09
22750.0 1.2335e-09
22770.0 1.2301e-09
22790.0 1.227e-09
22810.0 1.224e-09
22830.0 1.2212e-09
22850.0 1.2188e-09
22870.0 1.2165e-09
22890.0 1.2144e-09
22910.0 1.2125e-09
22930.0 1.2109e-09
22950.0 1.2093e-09
22970.0 1.2079e-09
22990.0 1.2067e-09
23010.0 1.2056e-09
23030.0 1.2046e-09
23050.0 1.2037e-09
23070.0 1.2029e-09
23090.0 1.2023e-09
23110.0 1.2017e-09
23130.0 1.2012e-09
23150.0 1.201e-09
23170.0 1.201e-09
23190.0 1.2012e-09
23210.0 1.2016e-09
23230.0 1.2024e-09
23250.0 1.2034e-09
23270.0 1.2047e-09
23290.0 1.2063e-09
23310.0 1.2082e-09
23330.0 1.2102e-09
23350.0 1.2124e-09
23370.0 1.2148e-09
23390.0 1.2173e-09
23410.0 1.2198e-09
23430.0 1.2222e-09
23450.0 1.2247e-09
23470.0 1.227e-09
23490.0 1.2291e-09
23510.0 1.2311e-09
23530.0 1.233e-09
23550.0 1.2346e-09
23570.0 1.2361e-09
23590.0 1.2374e-09
23610.0 1.2386e-09
23630.0 1.2397e-09
23650.0 1.2408e-09
23670.0 1.2419e-09
23690.0 1.2429e-09
23710.0 1.244e-09
23730.0 1.2452e-09
23750.0 1.2464e-09
23770.0 1.2477e-09
23790.0 1.2492e-09
23810.0 1.2508e-09
23830.0 1.2525e-09
23850.0 1.2544e-09
23870.0 1.2564e-09
23890.0 1.2585e-09
23910.0 1.2608e-09
23930.0 1.2632e-09
23950.0 1.2656e-09
23970.0 1.268e-09
23990.0 1.2704e-09
24010.0 1.2729e-09
24030.0 1.2751e-09
24050.0 1.2773e-09
24070.0 1.2793e-09
24090.0 1.2812e-09
24110.0 1.2828e-09
24130.0 1.2844e-09
24150.0 1.2858e-09
24170.0 1.2872e-09
24190.0 1.2886e-09
24210.0 1.2903e-09
24230.0 1.292e-09
24250.0 1.2941e-09
24270.0 1.2966e-09
24290.0 1.2996e-09
24310.0 1.3031e-09
24330.0 1.3072e-09
24350.0 1.3121e-09
24370.0 1.3177e-09
24390.0 1.3239e-09
24410.0 1.3314e-09
24430.0 1.3397e-09
24450.0 1.3486e-09
24470.0 1.3584e-09
24490.0 1.3693e-09
24510.0 1.3806e-09
24530.0 1.3921e-09
24550.0 1.4047e-09
24570.0 1.4174e-09
24590.0 1.4298e-09
24610.0 1.4424e-09
24630.0 1.4552e-09
24650.0 1.4669e-09
24670.0 1.478e-09
24690.0 1.4887e-09
24710.0 1.4984e-09
24730.0 1.507e-09
24750.0 1.5149e-09
24770.0 1.5219e-09
24790.0 1.5276e-09
24810.0 1.5317e-09
24830.0 1.5332e-09
24850.0 1.5293e-09
24870.0 1.5169e-09
24890.0 1.4892e-09
24910.0 1.4373e-09
24930.0 1.357e-09
24950.0 1.2428e-09
24970.0 1.085e-09
24990.0 9.0168e-10
