#lamb flux
1010.0 9.0423e-07
1030.0 1.0097e-06
1050.0 1.131e-06
1070.0 1.2675e-06
1090.0 1.4226e-06
1110.0 1.5817e-06
1130.0 1.7418e-06
1150.0 1.9095e-06
1170.0 2.0825e-06
1190.0 2.2466e-06
1210.0 2.4129e-06
1230.0 2.5847e-06
1250.0 2.7531e-06
1270.0 2.9166e-06
1290.0 3.0894e-06
1310.0 3.2621e-06
1330.0 3.4277e-06
1350.0 3.5952e-06
1370.0 3.7682e-06
1390.0 3.9368e-06
1410.0 4.1004e-06
1430.0 4.2714e-06
1450.0 4.4425e-06
1470.0 4.6077e-06
1490.0 4.7748e-06
1510.0 4.9512e-06
1530.0 5.1184e-06
1550.0 5.2833e-06
1570.0 5.4538e-06
1590.0 5.6244e-06
1610.0 5.7873e-06
1630.0 5.9552e-06
1650.0 6.1274e-06
1670.0 6.2938e-06
1690.0 6.4579e-06
1710.0 6.6281e-06
1730.0 6.7991e-06
1750.0 6.9595e-06
1770.0 7.1242e-06
1790.0 7.292e-06
1810.0 7.4538e-06
1830.0 7.6121e-06
1850.0 7.7797e-06
1870.0 7.9422e-06
1890.0 8.0981e-06
1910.0 8.2562e-06
1930.0 8.4173e-06
1950.0 8.5694e-06
1970.0 8.718e-06
1990.0 8.8712e-06
2010.0 9.0198e-06
2030.0 9.1605e-06
2050.0 9.3039e-06
2070.0 9.4489e-06
2090.0 9.5818e-06
2110.0 9.7112e-06
2130.0 9.8422e-06
2150.0 9.9667e-06
2170.0 1.0081e-05
2190.0 1.0196e-05
2210.0 1.0309e-05
2230.0 1.041e-05
2250.0 1.0507e-05
2270.0 1.0605e-05
2290.0 1.0692e-05
2310.0 1.0768e-05
2330.0 1.0843e-05
2350.0 1.0913e-05
2370.0 1.0972e-05
2390.0 1.1027e-05
2410.0 1.1085e-05
2430.0 1.1138e-05
2450.0 1.1189e-05
2470.0 1.1254e-05
2490.0 1.1338e-05
2510.0 1.1444e-05
2530.0 1.1614e-05
2550.0 1.1915e-05
2570.0 1.2408e-05
2590.0 1.3165e-05
2610.0 1.4395e-05
2630.0 1.6125e-05
2650.0 1.8237e-05
2670.0 2.0734e-05
2690.0 2.3493e-05
2710.0 2.6093e-05
2730.0 2.8346e-05
2750.0 3.0288e-05
2770.0 3.1721e-05
2790.0 3.265e-05
2810.0 3.3248e-05
2830.0 3.3632e-05
2850.0 3.3803e-05
2870.0 3.3884e-05
2890.0 3.3944e-05
2910.0 3.3982e-05
2930.0 3.3986e-05
2950.0 3.4009e-05
2970.0 3.4044e-05
2990.0 3.4061e-05
3010.0 0.00052763
3030.0 0.00052717
3050.0 0.00052666
3070.0 0.0005255
3090.0 0.00052408
3110.0 0.00052174
3130.0 0.00051773
3150.0 0.00051172
3170.0 0.00050313
3190.0 0.00049217
3210.0 0.0004799
3230.0 0.00046759
3250.0 0.00045983
3270.0 0.00045342
3290.0 0.00045636
3310.0 0.00045904
3330.0 0.00047068
3350.0 0.0004873
3370.0 0.00050899
3390.0 0.00053507
3410.0 0.00056271
3430.0 0.00059321
3450.0 0.00062756
3470.0 0.00066413
3490.0 0.00070182
3510.0 0.00074406
3530.0 0.00078903
3550.0 0.00083126
3570.0 0.00087334
3590.0 0.00092323
3610.0 0.00096789
3630.0 0.0010211
3650.0 0.0010731
3670.0 0.001123
3690.0 0.0011586
3710.0 0.0011783
3730.0 0.0011898
3750.0 0.0011865
3770.0 0.0010839
3790.0 0.00097724
3810.0 0.00090873
3830.0 0.00078785
3850.0 0.00060476
3870.0 0.00052954
3890.0 0.00079356
3910.0 0.0011795
3930.0 0.0014307
3950.0 0.0014746
3970.0 0.0014562
3990.0 0.001624
4010.0 0.0019376
4030.0 0.0020254
4050.0 0.0018749
4070.0 0.0016339
4090.0 0.0015023
4110.0 0.0017585
4130.0 0.0018417
4150.0 0.0017626
4170.0 0.0018077
4190.0 0.0018393
4210.0 0.0018419
4230.0 0.0019794
4250.0 0.0021519
4270.0 0.0021806
4290.0 0.0021952
4310.0 0.0022972
4330.0 0.0025315
4350.0 0.0028773
4370.0 0.0032424
4390.0 0.0031309
4410.0 0.0026425
4430.0 0.0022193
4450.0 0.001875
4470.0 0.0018347
4490.0 0.0019972
4510.0 0.0022176
4530.0 0.0024176
4550.0 0.0027809
4570.0 0.0033429
4590.0 0.0041112
4610.0 0.0051897
4630.0 0.0062033
4650.0 0.0064053
4670.0 0.0063471
4690.0 0.0067466
4710.0 0.0069607
4730.0 0.0058958
4750.0 0.0043351
4770.0 0.0035584
4790.0 0.0033741
4810.0 0.0031575
4830.0 0.003035
4850.0 0.0035034
4870.0 0.0044112
4890.0 0.0049381
4910.0 0.0042859
4930.0 0.0039023
4950.0 0.0044342
4970.0 0.0058525
4990.0 0.0073755
5010.0 0.0076408
5030.0 0.0063088
5050.0 0.0042294
5070.0 0.0029653
5090.0 0.002618
5110.0 0.0027128
5130.0 0.0029127
5150.0 0.0030461
5170.0 0.0030381
5190.0 0.0029911
5210.0 0.0029123
5230.0 0.0029786
5250.0 0.0031819
5270.0 0.0037099
5290.0 0.0042843
5310.0 0.0046562
5330.0 0.0047902
5350.0 0.0049025
5370.0 0.0053356
5390.0 0.0056275
5410.0 0.0054081
5430.0 0.0047643
5450.0 0.0044932
5470.0 0.0051312
5490.0 0.0065522
5510.0 0.0082058
5530.0 0.0089799
5550.0 0.0087859
5570.0 0.0080726
5590.0 0.0073094
5610.0 0.0067875
5630.0 0.0065228
5650.0 0.006684
5670.0 0.0065483
5690.0 0.0061709
5710.0 0.0058267
5730.0 0.0051968
5750.0 0.003957
5770.0 0.0034855
5790.0 0.0038702
5810.0 0.0046205
5830.0 0.0051631
5850.0 0.005516
5870.0 0.0056029
5890.0 0.0053688
5910.0 0.0051437
5930.0 0.0051852
5950.0 0.005452
5970.0 0.0056607
5990.0 0.0053239
6010.0 0.0044974
6030.0 0.0037345
6050.0 0.0032873
6070.0 0.0032937
6090.0 0.003679
6110.0 0.0039497
6130.0 0.0037813
6150.0 0.0035986
6170.0 0.0040062
6190.0 0.0048053
6210.0 0.0057329
6230.0 0.0064042
6250.0 0.0063445
6270.0 0.0057019
6290.0 0.0047263
6310.0 0.0037797
6330.0 0.0030588
6350.0 0.0028169
6370.0 0.0030896
6390.0 0.0035986
6410.0 0.0041223
6430.0 0.0047775
6450.0 0.0055763
6470.0 0.0068855
6490.0 0.0083852
6510.0 0.00913
6530.0 0.0085352
6550.0 0.0079388
6570.0 0.0078435
6590.0 0.0075492
6610.0 0.006895
6630.0 0.0062377
6650.0 0.0058109
6670.0 0.0059775
6690.0 0.0059205
6710.0 0.0052729
6730.0 0.0048593
6750.0 0.004333
6770.0 0.0042332
6790.0 0.0045255
6810.0 0.0047892
6830.0 0.0048924
6850.0 0.004786
6870.0 0.0045964
6890.0 0.0044967
6910.0 0.0042559
6930.0 0.0040494
6950.0 0.0040596
6970.0 0.0041667
6990.0 0.0046131
7010.0 0.0048845
7030.0 0.0044818
7050.0 0.0041695
7070.0 0.0039328
7090.0 0.0034909
7110.0 0.003245
7130.0 0.0033151
7150.0 0.003431
7170.0 0.0035965
7190.0 0.0035866
7210.0 0.0036149
7230.0 0.003856
7250.0 0.0044463
7270.0 0.0051478
7290.0 0.0054779
7310.0 0.0052723
7330.0 0.0046974
7350.0 0.0042392
7370.0 0.0041784
7390.0 0.004235
7410.0 0.0044112
7430.0 0.0048565
7450.0 0.0052745
7470.0 0.0058333
7490.0 0.0063454
7510.0 0.0056772
7530.0 0.005454
7550.0 0.004652
7570.0 0.0039596
7590.0 0.0032932
7610.0 0.0030406
7630.0 0.0031957
7650.0 0.0036708
7670.0 0.0040203
7690.0 0.0045108
7710.0 0.005034
7730.0 0.0052894
7750.0 0.005336
7770.0 0.0053367
7790.0 0.0052979
7810.0 0.0054846
7830.0 0.0053077
7850.0 0.0048077
7870.0 0.0043903
7890.0 0.0040914
7910.0 0.0036916
7930.0 0.0031864
7950.0 0.0029178
7970.0 0.0028858
7990.0 0.0030119
8010.0 0.0031994
8030.0 0.0032495
8050.0 0.00324
8070.0 0.0031523
8090.0 0.0031259
8110.0 0.002983
8130.0 0.0028078
8150.0 0.0026445
8170.0 0.0026051
8190.0 0.0026667
8210.0 0.0026557
8230.0 0.0027195
8250.0 0.0027089
8270.0 0.0024149
8290.0 0.0018495
8310.0 0.001278
8330.0 0.00085061
8350.0 0.00060328
8370.0 0.00070369
8390.0 0.00078448
8410.0 0.0010001
8430.0 0.0012119
8450.0 0.0013256
8470.0 0.0013656
8490.0 0.001419
8510.0 0.001492
8530.0 0.0016805
8550.0 0.0018582
8570.0 0.0021679
8590.0 0.0026442
8610.0 0.0030795
8630.0 0.0035966
8650.0 0.0040456
8670.0 0.0039818
8690.0 0.0037284
8710.0 0.0035303
8730.0 0.00334
8750.0 0.0032084
8770.0 0.0031193
8790.0 0.0030076
8810.0 0.0027912
8830.0 0.0025494
8850.0 0.0022172
8870.0 0.0019165
8890.0 0.0017236
8910.0 0.0017439
8930.0 0.0017177
8950.0 0.0018302
8970.0 0.0018692
8990.0 0.001944
9010.0 0.002028
9030.0 0.002038
9050.0 0.0020418
9070.0 0.0020452
9090.0 0.0020478
9110.0 0.0020486
9130.0 0.0020508
9150.0 0.0020545
9170.0 0.0020578
9190.0 0.0020606
9210.0 0.0020684
9230.0 0.0020721
9250.0 0.0020767
9270.0 0.0020817
9290.0 0.0020871
9310.0 0.002093
9330.0 0.0020993
9350.0 0.0021059
9370.0 0.0021129
9390.0 0.0021203
9410.0 0.002128
9430.0 0.0021359
9450.0 0.0021444
9470.0 0.0021531
9490.0 0.0021621
9510.0 0.0021714
9530.0 0.0021812
9550.0 0.002191
9570.0 0.0022011
9590.0 0.0022116
9610.0 0.0022224
9630.0 0.0022333
9650.0 0.0022446
9670.0 0.0022562
9690.0 0.0022679
9710.0 0.0022798
9730.0 0.0022921
9750.0 0.0023045
9770.0 0.0023169
9790.0 0.0023297
9810.0 0.0023427
9830.0 0.0023557
9850.0 0.0023689
9870.0 0.0023824
9890.0 0.0023959
9910.0 0.0024094
9930.0 0.0024232
9950.0 0.0024368
9970.0 0.0024506
9990.0 0.0024645
10010.0 0.0024425
10030.0 0.0024562
10050.0 0.0024696
10070.0 0.002482
10090.0 0.0024963
10110.0 0.0025101
10130.0 0.0025239
10150.0 0.0025377
10170.0 0.0025513
10190.0 0.0025644
10210.0 0.0025778
10230.0 0.0025911
10250.0 0.002604
10270.0 0.0026169
10290.0 0.0026298
10310.0 0.0026423
10330.0 0.0026543
10350.0 0.0026666
10370.0 0.0026786
10390.0 0.0026901
10410.0 0.0027014
10430.0 0.0027129
10450.0 0.0027237
10470.0 0.0027342
10490.0 0.0027446
10510.0 0.0027547
10530.0 0.0027641
10550.0 0.0027733
10570.0 0.0027825
10590.0 0.002791
10610.0 0.0027991
10630.0 0.0028071
10650.0 0.0028147
10670.0 0.0028214
10690.0 0.002828
10710.0 0.0028344
10730.0 0.0028401
10750.0 0.0028451
10770.0 0.0028502
10790.0 0.0028547
10810.0 0.0028584
10830.0 0.0028617
10850.0 0.0028647
10870.0 0.0028661
10890.0 0.0028658
10910.0 0.0028636
10930.0 0.0028575
10950.0 0.0028451
10970.0 0.0028256
10990.0 0.0027984
11010.0 0.0027226
11030.0 0.0026725
11050.0 0.0026143
11070.0 0.0025468
11090.0 0.0024671
11110.0 0.0023861
11130.0 0.0023031
11150.0 0.0022153
11170.0 0.0021271
11190.0 0.0020443
11210.0 0.0019617
11230.0 0.0018807
11250.0 0.0018069
11270.0 0.0017396
11290.0 0.0016756
11310.0 0.0016182
11330.0 0.0015701
11350.0 0.0015264
11370.0 0.0014872
11390.0 0.0014537
11410.0 0.0014239
11430.0 0.0013948
11450.0 0.0013675
11470.0 0.0013411
11490.0 0.0013133
11510.0 0.0012831
11530.0 0.0012521
11550.0 0.0012193
11570.0 0.0011829
11590.0 0.0011448
11610.0 0.0011065
11630.0 0.0010657
11650.0 0.0010236
11670.0 0.00098369
11690.0 0.00094485
11710.0 0.00090646
11730.0 0.00087078
11750.0 0.00083892
11770.0 0.00080872
11790.0 0.00078119
11810.0 0.00075736
11830.0 0.00073617
11850.0 0.00071646
11870.0 0.00069936
11890.0 0.00068422
11910.0 0.00066971
11930.0 0.00065569
11950.0 0.00064233
11970.0 0.00062873
11990.0 0.00061422
12010.0 0.00059947
12030.0 0.00058443
12050.0 0.00056847
12070.0 0.00055184
12090.0 0.00053604
12110.0 0.00052033
12130.0 0.00050493
12150.0 0.00049095
12170.0 0.00047877
12190.0 0.00046795
12210.0 0.00045962
12230.0 0.00045407
12250.0 0.00045117
12270.0 0.00045125
12290.0 0.00045423
12310.0 0.00045969
12330.0 0.00046809
12350.0 0.0004789
12370.0 0.00049119
12390.0 0.00050522
12410.0 0.00052134
12430.0 0.00053713
12450.0 0.00055283
12470.0 0.00056883
12490.0 0.000584
12510.0 0.00059726
12530.0 0.00060952
12550.0 0.00062026
12570.0 0.00062851
12590.0 0.00063453
12610.0 0.00063861
12630.0 0.00064025
12650.0 0.00063949
12670.0 0.00063675
12690.0 0.00063199
12710.0 0.00062554
12730.0 0.00061767
12750.0 0.00060813
12770.0 0.00059758
12790.0 0.00058637
12810.0 0.00057425
12830.0 0.00056126
12850.0 0.00054828
12870.0 0.00053499
12890.0 0.00052095
12910.0 0.00050677
12930.0 0.00049271
12950.0 0.00047793
12970.0 0.00046262
12990.0 0.00044774
13010.0 0.0004327
13030.0 0.00041716
13050.0 0.00040188
13070.0 0.00038729
13090.0 0.0003725
13110.0 0.00035812
13130.0 0.00034485
13150.0 0.0003324
13170.0 0.0003205
13190.0 0.00031021
13210.0 0.00030151
13230.0 0.00029404
13250.0 0.00028813
13270.0 0.00028399
13290.0 0.00028137
13310.0 0.00028036
13330.0 0.00028093
13350.0 0.00028283
13370.0 0.00028613
13390.0 0.00029069
13410.0 0.00029579
13430.0 0.00030168
13450.0 0.00030826
13470.0 0.00031491
13490.0 0.0003214
13510.0 0.00032823
13530.0 0.00033464
13550.0 0.00034032
13570.0 0.00034556
13590.0 0.00035033
13610.0 0.00035422
13630.0 0.0003573
13650.0 0.00035985
13670.0 0.00036166
13690.0 0.0003627
13710.0 0.00036315
13730.0 0.00036302
13750.0 0.00036227
13770.0 0.00036103
13790.0 0.00035929
13810.0 0.00035709
13830.0 0.00035456
13850.0 0.00035159
13870.0 0.00034819
13890.0 0.00034455
13910.0 0.00034062
13930.0 0.00033628
13950.0 0.0003317
13970.0 0.00032713
13990.0 0.0003223
14010.0 0.00031733
14030.0 0.0003125
14050.0 0.00030778
14070.0 0.00030298
14090.0 0.00029853
14110.0 0.0002945
14130.0 0.00029076
14150.0 0.00028742
14170.0 0.00028471
14190.0 0.00028253
14210.0 0.00028089
14230.0 0.00027989
14250.0 0.00027951
14270.0 0.00027976
14290.0 0.00028067
14310.0 0.00028211
14330.0 0.00028407
14350.0 0.00028661
14370.0 0.00028952
14390.0 0.00029265
14410.0 0.00029621
14430.0 0.0003
14450.0 0.00030381
14470.0 0.00030774
14490.0 0.00031197
14510.0 0.00031614
14530.0 0.0003203
14550.0 0.00032479
14570.0 0.00032958
14590.0 0.0003345
14610.0 0.00033995
14630.0 0.0003462
14650.0 0.00035291
14670.0 0.00036021
14690.0 0.00036856
14710.0 0.00037787
14730.0 0.0003874
14750.0 0.00039782
14770.0 0.00040915
14790.0 0.00042065
14810.0 0.00043215
14830.0 0.0004445
14850.0 0.0004565
14870.0 0.0004677
14890.0 0.00047849
14910.0 0.00048868
14930.0 0.00049744
14950.0 0.0005048
14970.0 0.00051107
14990.0 0.00051575
15010.0 0.00051891
15030.0 0.00052087
15050.0 0.00052177
15070.0 0.0005218
15090.0 0.00052129
15110.0 0.00052041
15130.0 0.00051931
15150.0 0.00051816
15170.0 0.00051691
15190.0 0.00051562
15210.0 0.00051437
15230.0 0.00051314
15250.0 0.00051186
15270.0 0.00051059
15290.0 0.0005094
15310.0 0.00050817
15330.0 0.00050692
15350.0 0.00050574
15370.0 0.00050456
15390.0 0.0005033
15410.0 0.00050209
15430.0 0.00050093
15450.0 0.00049973
15470.0 0.0004985
15490.0 0.00049734
15510.0 0.00049619
15530.0 0.00049498
15550.0 0.0004938
15570.0 0.00049266
15590.0 0.00049146
15610.0 0.00049024
15630.0 0.00048909
15650.0 0.00048794
15670.0 0.00048673
15690.0 0.00048556
15710.0 0.00048443
15730.0 0.00048323
15750.0 0.00048202
15770.0 0.00048087
15790.0 0.0004797
15810.0 0.00047846
15830.0 0.00047728
15850.0 0.00047612
15870.0 0.00047492
15890.0 0.0004737
15910.0 0.00047254
15930.0 0.00047135
15950.0 0.00047009
15970.0 0.00046888
15990.0 0.0004677
16010.0 0.00046645
16030.0 0.00046518
16050.0 0.000464
16070.0 0.00046277
16090.0 0.0004615
16110.0 0.00046026
16130.0 0.00045905
16150.0 0.00045774
16170.0 0.00045645
16190.0 0.00045521
16210.0 0.00045393
16230.0 0.0004526
16250.0 0.00045133
16270.0 0.00045006
16290.0 0.00044873
16310.0 0.0004474
16330.0 0.00044611
16350.0 0.00044478
16370.0 0.00044337
16390.0 0.00044206
16410.0 0.00044073
16430.0 0.00043934
16450.0 0.00043796
16470.0 0.00043664
16490.0 0.00043524
16510.0 0.00043381
16530.0 0.00043243
16550.0 0.00043104
16570.0 0.00042958
16590.0 0.00042813
16610.0 0.00042675
16630.0 0.0004253
16650.0 0.00042382
16670.0 0.00042239
16690.0 0.00042095
16710.0 0.00041942
16730.0 0.00041793
16750.0 0.00041647
16770.0 0.00041496
16790.0 0.00041341
16810.0 0.00041193
16830.0 0.00041043
16850.0 0.00040886
16870.0 0.00040732
16890.0 0.00040582
16910.0 0.00040423
16930.0 0.00040262
16950.0 0.00040108
16970.0 0.00039951
16990.0 0.00039789
17010.0 0.0003963
17030.0 0.00039474
17050.0 0.0003931
17070.0 0.00039146
17090.0 0.00038986
17110.0 0.00038824
17130.0 0.00038654
17150.0 0.0003849
17170.0 0.00038329
17190.0 0.00038161
17210.0 0.00037992
17230.0 0.00037829
17250.0 0.00037661
17270.0 0.00037488
17290.0 0.00037319
17310.0 0.00037152
17330.0 0.00036979
17350.0 0.00036804
17370.0 0.00036637
17390.0 0.00036465
17410.0 0.00036289
17430.0 0.00036117
17450.0 0.00035948
17470.0 0.00035767
17490.0 0.00035591
17510.0 0.00035419
17530.0 0.00035243
17550.0 0.00035063
17570.0 0.00034888
17590.0 0.00034714
17610.0 0.00034533
17630.0 0.00034354
17650.0 0.00034179
17670.0 0.00034
17690.0 0.00033814
17710.0 0.00033638
17730.0 0.0003346
17750.0 0.00033277
17770.0 0.00033096
17790.0 0.00032921
17810.0 0.00032738
17830.0 0.00032553
17850.0 0.00032373
17870.0 0.00032193
17890.0 0.00032007
17910.0 0.00031824
17930.0 0.00031646
17950.0 0.00031463
17970.0 0.00031278
17990.0 0.00031098
18010.0 0.00030917
18030.0 0.00030729
18050.0 0.00030545
18070.0 0.00030365
18090.0 0.00030181
18110.0 0.00029994
18130.0 0.00029814
18150.0 0.00029633
18170.0 0.00029446
18190.0 0.00029263
18210.0 0.00029084
18230.0 0.00028897
18250.0 0.0002871
18270.0 0.0002853
18290.0 0.00028348
18310.0 0.00028162
18330.0 0.0002798
18350.0 0.00027802
18370.0 0.00027616
18390.0 0.00027431
18410.0 0.00027252
18430.0 0.0002707
18450.0 0.00026883
18470.0 0.00026702
18490.0 0.00026524
18510.0 0.0002634
18530.0 0.00026158
18550.0 0.00025981
18570.0 0.00025799
18590.0 0.00025614
18610.0 0.00025435
18630.0 0.00025258
18650.0 0.00025075
18670.0 0.00024893
18690.0 0.00024718
18710.0 0.00024539
18730.0 0.00024358
18750.0 0.00024182
18770.0 0.00024007
18790.0 0.00023824
18810.0 0.00023645
18830.0 0.00023472
18850.0 0.00023295
18870.0 0.00023115
18890.0 0.00022942
18910.0 0.0002277
18930.0 0.00022591
18950.0 0.00022416
18970.0 0.00022245
18990.0 0.0002207
19010.0 0.00021891
19030.0 0.00021721
19050.0 0.00021551
19070.0 0.00021376
19090.0 0.00021204
19110.0 0.00021038
19130.0 0.00020865
19150.0 0.00020691
19170.0 0.00020524
19190.0 0.00020356
19210.0 0.00020183
19230.0 0.00020013
19250.0 0.0001985
19270.0 0.00019681
19290.0 0.00019512
19310.0 0.00019349
19330.0 0.00019184
19350.0 0.00019014
19370.0 0.00018849
19390.0 0.00018687
19410.0 0.00018522
19430.0 0.00018355
19450.0 0.00018196
19470.0 0.00018035
19490.0 0.0001787
19510.0 0.00017709
19530.0 0.00017551
19550.0 0.00017387
19570.0 0.00017224
19590.0 0.00017068
19610.0 0.0001691
19630.0 0.00016749
19650.0 0.00016592
19670.0 0.00016438
19690.0 0.00016279
19710.0 0.00016121
19730.0 0.00015967
19750.0 0.00015813
19770.0 0.00015653
19790.0 0.000155
19810.0 0.00015349
19830.0 0.00015194
19850.0 0.00015039
19870.0 0.00014889
19890.0 0.00014731
19910.0 0.00014565
19930.0 0.00014397
19950.0 0.00014217
19970.0 0.00014015
19990.0 0.0001379
20010.0 0.00013682
20030.0 0.00013412
20050.0 0.00013117
20070.0 0.00012814
20090.0 0.00012505
20110.0 0.00012175
20130.0 0.00011858
20150.0 0.00011558
20170.0 0.00011261
20190.0 0.00010975
20210.0 0.00010715
20230.0 0.00010473
20250.0 0.0001024
20270.0 0.00010033
20290.0 9.8505e-05
20310.0 9.685e-05
20330.0 9.5384e-05
20350.0 9.4231e-05
20370.0 9.3281e-05
20390.0 9.2536e-05
20410.0 9.2031e-05
20430.0 9.1744e-05
20450.0 9.1664e-05
20470.0 9.18e-05
20490.0 9.2118e-05
20510.0 9.2614e-05
20530.0 9.3307e-05
20550.0 9.4134e-05
20570.0 9.5053e-05
20590.0 9.6127e-05
20610.0 9.7303e-05
20630.0 9.8507e-05
20650.0 9.9781e-05
20670.0 0.00010117
20690.0 0.00010251
20710.0 0.00010384
20730.0 0.00010522
20750.0 0.00010659
20770.0 0.00010789
20790.0 0.0001092
20810.0 0.00011054
20830.0 0.00011183
20850.0 0.00011311
20870.0 0.00011445
20890.0 0.00011582
20910.0 0.00011714
20930.0 0.00011852
20950.0 0.00011997
20970.0 0.0001214
20990.0 0.00012282
21010.0 0.00012434
21030.0 0.00012584
21050.0 0.00012727
21070.0 0.00012869
21090.0 0.00013011
21110.0 0.00013139
21130.0 0.00013257
21150.0 0.00013368
21170.0 0.00013466
21190.0 0.00013548
21210.0 0.00013618
21230.0 0.00013674
21250.0 0.00013711
21270.0 0.00013732
21290.0 0.00013737
21310.0 0.00013723
21330.0 0.00013693
21350.0 0.00013645
21370.0 0.00013578
21390.0 0.00013496
21410.0 0.00013397
21430.0 0.00013276
21450.0 0.00013142
21470.0 0.00012997
21490.0 0.00012835
21510.0 0.00012658
21530.0 0.00012479
21550.0 0.00012291
21570.0 0.00012091
21590.0 0.00011892
21610.0 0.00011699
21630.0 0.00011503
21650.0 0.0001131
21670.0 0.00011138
21690.0 0.00010976
21710.0 0.00010826
21730.0 0.00010697
21750.0 0.0001059
21770.0 0.000105
21790.0 0.00010435
21810.0 0.00010397
21830.0 0.00010381
21850.0 0.00010391
21870.0 0.00010426
21890.0 0.00010482
21910.0 0.00010563
21930.0 0.00010666
21950.0 0.00010785
21970.0 0.00010923
21990.0 0.00011086
22010.0 0.00011257
22030.0 0.00011437
22050.0 0.00011633
22070.0 0.00011839
22090.0 0.0001204
22110.0 0.0001225
22130.0 0.00012466
22150.0 0.00012674
22170.0 0.00012874
22190.0 0.00013077
22210.0 0.00013268
22230.0 0.00013437
22250.0 0.00013597
22270.0 0.00013742
22290.0 0.00013862
22310.0 0.00013961
22330.0 0.0001404
22350.0 0.00014092
22370.0 0.00014116
22390.0 0.00014114
22410.0 0.00014082
22430.0 0.00014024
22450.0 0.00013938
22470.0 0.00013822
22490.0 0.00013679
22510.0 0.00013516
22530.0 0.00013322
22550.0 0.00013098
22570.0 0.00012863
22590.0 0.00012608
22610.0 0.00012325
22630.0 0.0001203
22650.0 0.00011733
22670.0 0.00011414
22690.0 0.00011082
22710.0 0.00010755
22730.0 0.00010424
22750.0 0.00010072
22770.0 9.7346e-05
22790.0 9.4109e-05
22810.0 9.0841e-05
22830.0 8.7638e-05
22850.0 8.4697e-05
22870.0 8.187e-05
22890.0 7.9124e-05
22910.0 7.6667e-05
22930.0 7.4492e-05
22950.0 7.2508e-05
22970.0 7.078e-05
22990.0 6.9465e-05
23010.0 6.8427e-05
23030.0 6.7699e-05
23050.0 6.733e-05
23070.0 6.729e-05
23090.0 6.7594e-05
23110.0 6.8244e-05
23130.0 6.9182e-05
23150.0 7.042e-05
23170.0 7.1983e-05
23190.0 7.3742e-05
23210.0 7.5649e-05
23230.0 7.7803e-05
23250.0 8.008e-05
23270.0 8.2357e-05
23290.0 8.4713e-05
23310.0 8.7167e-05
23330.0 8.9446e-05
23350.0 9.1611e-05
23370.0 9.3711e-05
23390.0 9.5631e-05
23410.0 9.7275e-05
23430.0 9.8745e-05
23450.0 9.9988e-05
23470.0 0.00010092
23490.0 0.00010158
23510.0 0.00010197
23530.0 0.00010205
23550.0 0.00010185
23570.0 0.00010137
23590.0 0.00010059
23610.0 9.9584e-05
23630.0 9.836e-05
23650.0 9.6838e-05
23670.0 9.5146e-05
23690.0 9.3342e-05
23710.0 9.1359e-05
23730.0 8.9213e-05
23750.0 8.712e-05
23770.0 8.5016e-05
23790.0 8.2865e-05
23810.0 8.0827e-05
23830.0 7.8978e-05
23850.0 7.7218e-05
23870.0 7.5667e-05
23890.0 7.4447e-05
23910.0 7.3508e-05
23930.0 7.2867e-05
23950.0 7.2583e-05
23970.0 7.2637e-05
23990.0 7.3028e-05
24010.0 7.3762e-05
24030.0 7.4778e-05
24050.0 7.6068e-05
24070.0 7.7702e-05
24090.0 7.9506e-05
24110.0 8.1451e-05
24130.0 8.3621e-05
24150.0 8.5952e-05
24170.0 8.8295e-05
24190.0 9.0764e-05
24210.0 9.3394e-05
24230.0 9.6e-05
24250.0 9.8586e-05
24270.0 0.00010127
24290.0 0.00010398
24310.0 0.00010649
24330.0 0.00010899
24350.0 0.00011146
24370.0 0.00011374
24390.0 0.00011582
24410.0 0.00011783
24430.0 0.00011958
24450.0 0.00012103
24470.0 0.00012224
24490.0 0.00012319
24510.0 0.00012381
24530.0 0.00012415
24550.0 0.00012422
24570.0 0.00012404
24590.0 0.00012367
24610.0 0.00012312
24630.0 0.00012241
24650.0 0.00012167
24670.0 0.00012091
24690.0 0.00012015
24710.0 0.00011944
24730.0 0.00011885
24750.0 0.00011834
24770.0 0.00011791
24790.0 0.00011759
24810.0 0.00011732
24830.0 0.00011697
24850.0 0.00011636
24870.0 0.00011523
24890.0 0.00011303
24910.0 0.00010909
24930.0 0.00010307
24950.0 9.4535e-05
24970.0 8.2751e-05
24990.0 6.9054e-05
