#lamb flux
1010.0 1.5022e-06
1030.0 1.6387e-06
1050.0 1.7956e-06
1070.0 1.9724e-06
1090.0 2.1732e-06
1110.0 2.3792e-06
1130.0 2.5866e-06
1150.0 2.8039e-06
1170.0 3.0282e-06
1190.0 3.241e-06
1210.0 3.4568e-06
1230.0 3.6799e-06
1250.0 3.8986e-06
1270.0 4.1112e-06
1290.0 4.3359e-06
1310.0 4.5607e-06
1330.0 4.7764e-06
1350.0 4.9947e-06
1370.0 5.2202e-06
1390.0 5.4403e-06
1410.0 5.6541e-06
1430.0 5.8777e-06
1450.0 6.1015e-06
1470.0 6.318e-06
1490.0 6.537e-06
1510.0 6.7684e-06
1530.0 6.9879e-06
1550.0 7.2046e-06
1570.0 7.4287e-06
1590.0 7.6531e-06
1610.0 7.8677e-06
1630.0 8.0887e-06
1650.0 8.3154e-06
1670.0 8.5347e-06
1690.0 8.7508e-06
1710.0 8.975e-06
1730.0 9.2e-06
1750.0 9.4112e-06
1770.0 9.6279e-06
1790.0 9.8484e-06
1810.0 1.0061e-05
1830.0 1.0269e-05
1850.0 1.0488e-05
1870.0 1.0701e-05
1890.0 1.0905e-05
1910.0 1.1112e-05
1930.0 1.1322e-05
1950.0 1.152e-05
1970.0 1.1713e-05
1990.0 1.1913e-05
2010.0 1.2106e-05
2030.0 1.2289e-05
2050.0 1.2475e-05
2070.0 1.2664e-05
2090.0 1.2837e-05
2110.0 1.3005e-05
2130.0 1.3177e-05
2150.0 1.334e-05
2170.0 1.349e-05
2190.0 1.3644e-05
2210.0 1.3794e-05
2230.0 1.3931e-05
2250.0 1.4062e-05
2270.0 1.4197e-05
2290.0 1.432e-05
2310.0 1.4429e-05
2330.0 1.4539e-05
2350.0 1.4644e-05
2370.0 1.4736e-05
2390.0 1.4824e-05
2410.0 1.4917e-05
2430.0 1.5e-05
2450.0 1.5079e-05
2470.0 1.5169e-05
2490.0 1.528e-05
2510.0 1.5417e-05
2530.0 1.5643e-05
2550.0 1.6062e-05
2570.0 1.6771e-05
2590.0 1.7888e-05
2610.0 1.9722e-05
2630.0 2.2331e-05
2650.0 2.5551e-05
2670.0 2.94e-05
2690.0 3.3712e-05
2710.0 3.7866e-05
2730.0 4.1571e-05
2750.0 4.4895e-05
2770.0 4.7517e-05
2790.0 4.9428e-05
2810.0 5.0891e-05
2830.0 5.2104e-05
2850.0 5.3018e-05
2870.0 5.383e-05
2890.0 5.4659e-05
2910.0 5.5478e-05
2930.0 5.6234e-05
2950.0 5.7046e-05
2970.0 5.7894e-05
2990.0 5.8693e-05
3010.0 0.00046721
3030.0 0.00047373
3050.0 0.00048001
3070.0 0.00048511
3090.0 0.0004893
3110.0 0.00049124
3130.0 0.00048929
3150.0 0.00048227
3170.0 0.00046788
3190.0 0.00044612
3210.0 0.00041826
3230.0 0.00038783
3250.0 0.00040235
3270.0 0.00037458
3290.0 0.00042543
3310.0 0.00037281
3330.0 0.00037872
3350.0 0.00039511
3370.0 0.00041614
3390.0 0.00044057
3410.0 0.00046563
3430.0 0.00049231
3450.0 0.00052047
3470.0 0.00054813
3490.0 0.00057297
3510.0 0.00061381
3530.0 0.000671
3550.0 0.00068624
3570.0 0.00067904
3590.0 0.00074938
3610.0 0.00071359
3630.0 0.0008137
3650.0 0.00087184
3670.0 0.00095079
3690.0 0.00093917
3710.0 0.00085223
3730.0 0.00089515
3750.0 0.00089749
3770.0 0.00095672
3790.0 0.0010188
3810.0 0.0011541
3830.0 0.0015197
3850.0 0.0018748
3870.0 0.0021981
3890.0 0.0023271
3910.0 0.0023092
3930.0 0.0023552
3950.0 0.0024504
3970.0 0.0021924
3990.0 0.0013792
4010.0 0.001054
4030.0 0.001598
4050.0 0.0021172
4070.0 0.0019322
4090.0 0.0011406
4110.0 0.001005
4130.0 0.0015613
4150.0 0.0017762
4170.0 0.0014702
4190.0 0.0012295
4210.0 0.0017091
4230.0 0.001692
4250.0 0.0016029
4270.0 0.0016032
4290.0 0.0014433
4310.0 0.0016882
4330.0 0.0019698
4350.0 0.0021608
4370.0 0.0020703
4390.0 0.0020858
4410.0 0.001898
4430.0 0.0014553
4450.0 0.0011121
4470.0 0.001272
4490.0 0.0012973
4510.0 0.0018378
4530.0 0.0018986
4550.0 0.0018782
4570.0 0.0022474
4590.0 0.0027599
4610.0 0.0035813
4630.0 0.0045435
4650.0 0.0047522
4670.0 0.0048802
4690.0 0.0050204
4710.0 0.0049307
4730.0 0.0041186
4750.0 0.0029663
4770.0 0.0024516
4790.0 0.0020487
4810.0 0.0020475
4830.0 0.0023029
4850.0 0.0024623
4870.0 0.0025955
4890.0 0.0031034
4910.0 0.0029408
4930.0 0.0031401
4950.0 0.0038256
4970.0 0.0043827
4990.0 0.0049939
5010.0 0.0050547
5030.0 0.0044487
5050.0 0.0033741
5070.0 0.002454
5090.0 0.0020971
5110.0 0.0021467
5130.0 0.0023008
5150.0 0.0021575
5170.0 0.0021196
5190.0 0.0021618
5210.0 0.0022174
5230.0 0.0024203
5250.0 0.0025286
5270.0 0.0025788
5290.0 0.0030513
5310.0 0.0036133
5330.0 0.0038747
5350.0 0.0038023
5370.0 0.0039542
5390.0 0.00418
5410.0 0.0039769
5430.0 0.0037261
5450.0 0.0038436
5470.0 0.0044108
5490.0 0.0054755
5510.0 0.0065567
5530.0 0.0068531
5550.0 0.0067227
5570.0 0.0064695
5590.0 0.006121
5610.0 0.0058212
5630.0 0.0058927
5650.0 0.0060993
5670.0 0.005886
5690.0 0.0054394
5710.0 0.0053305
5730.0 0.004801
5750.0 0.0040316
5770.0 0.0036344
5790.0 0.0039888
5810.0 0.0043449
5830.0 0.0048164
5850.0 0.0048443
5870.0 0.0047131
5890.0 0.0046262
5910.0 0.0042768
5930.0 0.004113
5950.0 0.0042441
5970.0 0.004368
5990.0 0.00384
6010.0 0.0031726
6030.0 0.002647
6050.0 0.0023924
6070.0 0.0024147
6090.0 0.0026601
6110.0 0.0028177
6130.0 0.0027215
6150.0 0.0027202
6170.0 0.0029383
6190.0 0.003311
6210.0 0.0039006
6230.0 0.0044686
6250.0 0.0041965
6270.0 0.0036617
6290.0 0.0031044
6310.0 0.0025068
6330.0 0.0021607
6350.0 0.0021144
6370.0 0.0022943
6390.0 0.0025368
6410.0 0.0030017
6430.0 0.0037072
6450.0 0.0044642
6470.0 0.0050958
6490.0 0.0057463
6510.0 0.0061639
6530.0 0.0059635
6550.0 0.0057201
6570.0 0.0057609
6590.0 0.005754
6610.0 0.0055819
6630.0 0.0052604
6650.0 0.0048227
6670.0 0.0047237
6690.0 0.0046141
6710.0 0.0044437
6730.0 0.0038724
6750.0 0.0033899
6770.0 0.0034241
6790.0 0.0036538
6810.0 0.0040288
6830.0 0.0040988
6850.0 0.0038088
6870.0 0.0037426
6890.0 0.0036796
6910.0 0.003471
6930.0 0.0034228
6950.0 0.003406
6970.0 0.003425
6990.0 0.0035723
7010.0 0.003831
7030.0 0.0037696
7050.0 0.0034325
7070.0 0.003177
7090.0 0.002757
7110.0 0.0024193
7130.0 0.0024755
7150.0 0.0026661
7170.0 0.0027961
7190.0 0.0027657
7210.0 0.0027124
7230.0 0.003014
7250.0 0.0033504
7270.0 0.0035423
7290.0 0.0035846
7310.0 0.0034865
7330.0 0.0032422
7350.0 0.003004
7370.0 0.0028209
7390.0 0.0027679
7410.0 0.0029924
7430.0 0.0034661
7450.0 0.0038429
7470.0 0.00428
7490.0 0.00495
7510.0 0.0048256
7530.0 0.004017
7550.0 0.0034191
7570.0 0.0028494
7590.0 0.0024185
7610.0 0.0023512
7630.0 0.0024074
7650.0 0.0026306
7670.0 0.0030107
7690.0 0.0033133
7710.0 0.0037623
7730.0 0.0039146
7750.0 0.0040524
7770.0 0.0043384
7790.0 0.0044466
7810.0 0.004372
7830.0 0.0040786
7850.0 0.0040217
7870.0 0.0039146
7890.0 0.0036615
7910.0 0.0033683
7930.0 0.0031266
7950.0 0.0026446
7970.0 0.0025282
7990.0 0.0025808
8010.0 0.003022
8030.0 0.0030363
8050.0 0.0031828
8070.0 0.0031177
8090.0 0.0031246
8110.0 0.003062
8130.0 0.0029192
8150.0 0.0027112
8170.0 0.0026894
8190.0 0.0027224
8210.0 0.0027533
8230.0 0.0025319
8250.0 0.0023634
8270.0 0.0020835
8290.0 0.0017334
8310.0 0.001415
8330.0 0.0010404
8350.0 0.00079695
8370.0 0.00074524
8390.0 0.00079015
8410.0 0.00090577
8430.0 0.0011491
8450.0 0.0012695
8470.0 0.001368
8490.0 0.0015341
8510.0 0.0016562
8530.0 0.0018464
8550.0 0.0021855
8570.0 0.0024673
8590.0 0.0026688
8610.0 0.0030524
8630.0 0.0035282
8650.0 0.0036932
8670.0 0.0037643
8690.0 0.0037895
8710.0 0.0036807
8730.0 0.0035331
8750.0 0.0032903
8770.0 0.0032511
8790.0 0.00316
8810.0 0.0029207
8830.0 0.0028032
8850.0 0.002468
8870.0 0.0022887
8890.0 0.0020936
8910.0 0.0023221
8930.0 0.0021695
8950.0 0.0022059
8970.0 0.0022555
8990.0 0.0022297
9010.0 0.0022644
9030.0 0.0021714
9050.0 0.0021646
9070.0 0.0021669
9090.0 0.0021691
9110.0 0.0021725
9130.0 0.0021746
9150.0 0.0021762
9170.0 0.0021739
9190.0 0.0021664
9210.0 0.0021929
9230.0 0.0021892
9250.0 0.0021885
9270.0 0.0021887
9290.0 0.0021895
9310.0 0.0021906
9330.0 0.002192
9350.0 0.0021936
9370.0 0.0021953
9390.0 0.002197
9410.0 0.0021987
9430.0 0.0022006
9450.0 0.0022024
9470.0 0.0022043
9490.0 0.0022062
9510.0 0.0022081
9530.0 0.0022101
9550.0 0.0022122
9570.0 0.0022144
9590.0 0.0022165
9610.0 0.0022188
9630.0 0.0022212
9650.0 0.0022237
9670.0 0.0022261
9690.0 0.0022287
9710.0 0.0022315
9730.0 0.0022342
9750.0 0.002237
9770.0 0.0022401
9790.0 0.0022432
9810.0 0.0022463
9830.0 0.0022495
9850.0 0.002253
9870.0 0.0022563
9890.0 0.0022598
9910.0 0.0022635
9930.0 0.0022672
9950.0 0.0022691
9970.0 0.0022736
9990.0 0.0022781
10010.0 0.0022822
10030.0 0.0022865
10050.0 0.00229
10070.0 0.0022888
10090.0 0.002295
10110.0 0.0023011
10130.0 0.0023067
10150.0 0.0023121
10170.0 0.0023171
10190.0 0.0023218
10210.0 0.0023266
10230.0 0.0023314
10250.0 0.002336
10270.0 0.0023407
10290.0 0.0023455
10310.0 0.0023502
10330.0 0.0023547
10350.0 0.0023594
10370.0 0.0023642
10390.0 0.0023687
10410.0 0.0023733
10430.0 0.0023781
10450.0 0.0023826
10470.0 0.002387
10490.0 0.0023915
10510.0 0.002396
10530.0 0.0024001
10550.0 0.0024044
10570.0 0.0024086
10590.0 0.0024127
10610.0 0.0024166
10630.0 0.0024206
10650.0 0.0024245
10670.0 0.0024281
10690.0 0.0024317
10710.0 0.0024352
10730.0 0.0024386
10750.0 0.0024416
10770.0 0.0024449
10790.0 0.0024479
10810.0 0.0024506
10830.0 0.0024532
10850.0 0.0024555
10870.0 0.0024569
10890.0 0.002457
10910.0 0.0024553
10930.0 0.0024503
10950.0 0.0024396
10970.0 0.0024223
10990.0 0.0023978
11010.0 0.0024388
11030.0 0.002389
11050.0 0.0023318
11070.0 0.0022662
11090.0 0.0021904
11110.0 0.0021154
11130.0 0.0020405
11150.0 0.0019641
11170.0 0.0018903
11190.0 0.0018237
11210.0 0.0017602
11230.0 0.0017007
11250.0 0.0016492
11270.0 0.0016043
11290.0 0.0015635
11310.0 0.0015284
11330.0 0.0014998
11350.0 0.001474
11370.0 0.0014503
11390.0 0.0014289
11410.0 0.0014083
11430.0 0.0013862
11450.0 0.0013631
11470.0 0.001339
11490.0 0.0013123
11510.0 0.0012823
11530.0 0.0012514
11550.0 0.001219
11570.0 0.0011839
11590.0 0.0011482
11610.0 0.0011132
11630.0 0.0010771
11650.0 0.0010408
11670.0 0.0010072
11690.0 0.00097491
11710.0 0.00094327
11730.0 0.00091377
11750.0 0.00088707
11770.0 0.00086109
11790.0 0.00083644
11810.0 0.00081393
11830.0 0.0007926
11850.0 0.00077121
11870.0 0.00075113
11890.0 0.00073209
11910.0 0.00071275
11930.0 0.00069329
11950.0 0.00067449
11970.0 0.00065543
11990.0 0.0006355
12010.0 0.00061597
12030.0 0.00059689
12050.0 0.00057748
12070.0 0.00055813
12090.0 0.00054058
12110.0 0.00052376
12130.0 0.00050786
12150.0 0.00049395
12170.0 0.00048228
12190.0 0.00047229
12210.0 0.00046505
12230.0 0.00046072
12250.0 0.00045916
12270.0 0.00046066
12290.0 0.00046505
12310.0 0.0004719
12330.0 0.0004817
12350.0 0.00049384
12370.0 0.00050733
12390.0 0.00052242
12410.0 0.0005394
12430.0 0.00055578
12450.0 0.00057183
12470.0 0.00058788
12490.0 0.00060284
12510.0 0.00061573
12530.0 0.00062746
12550.0 0.00063758
12570.0 0.0006453
12590.0 0.00065095
12610.0 0.00065483
12630.0 0.0006566
12650.0 0.00065635
12670.0 0.00065447
12690.0 0.00065097
12710.0 0.00064612
12730.0 0.00064014
12750.0 0.00063284
12770.0 0.0006247
12790.0 0.000616
12810.0 0.0006065
12830.0 0.00059616
12850.0 0.00058567
12870.0 0.00057471
12890.0 0.00056284
12910.0 0.00055052
12930.0 0.00053795
12950.0 0.00052432
12970.0 0.00050973
12990.0 0.00049515
13010.0 0.00048003
13030.0 0.000464
13050.0 0.00044793
13070.0 0.00043237
13090.0 0.00041639
13110.0 0.00040072
13130.0 0.00038623
13150.0 0.00037265
13170.0 0.00035967
13190.0 0.00034854
13210.0 0.0003392
13230.0 0.00033121
13250.0 0.00032488
13270.0 0.00032038
13290.0 0.00031733
13310.0 0.00031568
13330.0 0.00031535
13350.0 0.00031599
13370.0 0.00031747
13390.0 0.00031956
13410.0 0.00032175
13430.0 0.00032403
13450.0 0.00032624
13470.0 0.00032806
13490.0 0.00032942
13510.0 0.00033041
13530.0 0.00033084
13550.0 0.00033077
13570.0 0.00033031
13590.0 0.00032954
13610.0 0.00032855
13630.0 0.00032748
13650.0 0.00032636
13670.0 0.00032532
13690.0 0.00032439
13710.0 0.00032359
13730.0 0.00032294
13750.0 0.0003224
13770.0 0.00032193
13790.0 0.00032147
13810.0 0.00032095
13830.0 0.00032028
13850.0 0.00031941
13870.0 0.00031824
13890.0 0.00031676
13910.0 0.00031496
13930.0 0.00031274
13950.0 0.0003102
13970.0 0.00030751
13990.0 0.00030456
14010.0 0.00030148
14030.0 0.00029847
14050.0 0.00029556
14070.0 0.00029269
14090.0 0.00029012
14110.0 0.00028788
14130.0 0.0002859
14150.0 0.00028421
14170.0 0.00028289
14190.0 0.00028185
14210.0 0.00028107
14230.0 0.00028059
14250.0 0.00028038
14270.0 0.00028048
14290.0 0.00028091
14310.0 0.00028162
14330.0 0.00028266
14350.0 0.00028411
14370.0 0.00028586
14390.0 0.00028785
14410.0 0.00029023
14430.0 0.00029291
14450.0 0.0002957
14470.0 0.0002987
14490.0 0.00030206
14510.0 0.00030547
14530.0 0.00030897
14550.0 0.00031284
14570.0 0.00031707
14590.0 0.00032148
14610.0 0.00032644
14630.0 0.00033221
14650.0 0.00033845
14670.0 0.00034528
14690.0 0.00035312
14710.0 0.00036189
14730.0 0.00037085
14750.0 0.00038066
14770.0 0.0003913
14790.0 0.00040207
14810.0 0.00041279
14830.0 0.00042425
14850.0 0.00043531
14870.0 0.00044553
14890.0 0.00045529
14910.0 0.00046441
14930.0 0.00047211
14950.0 0.00047846
14970.0 0.00048375
14990.0 0.00048756
15010.0 0.00048998
15030.0 0.00049131
15050.0 0.00049169
15070.0 0.00049132
15090.0 0.00049048
15110.0 0.00048931
15130.0 0.00048796
15150.0 0.00048657
15170.0 0.00048509
15190.0 0.00048358
15210.0 0.00048212
15230.0 0.00048067
15250.0 0.00047917
15270.0 0.00047769
15290.0 0.00047629
15310.0 0.00047485
15330.0 0.00047339
15350.0 0.000472
15370.0 0.00047061
15390.0 0.00046916
15410.0 0.00046775
15430.0 0.00046639
15450.0 0.000465
15470.0 0.00046358
15490.0 0.00046224
15510.0 0.0004609
15530.0 0.00045951
15550.0 0.00045816
15570.0 0.00045685
15590.0 0.00045549
15610.0 0.00045411
15630.0 0.0004528
15650.0 0.00045149
15670.0 0.00045014
15690.0 0.00044882
15710.0 0.00044755
15730.0 0.00044622
15750.0 0.00044489
15770.0 0.00044361
15790.0 0.00044232
15810.0 0.00044097
15830.0 0.00043968
15850.0 0.00043842
15870.0 0.00043711
15890.0 0.00043581
15910.0 0.00043456
15930.0 0.00043328
15950.0 0.00043195
15970.0 0.00043068
15990.0 0.00042942
16010.0 0.00042812
16030.0 0.0004268
16050.0 0.00042557
16070.0 0.0004243
16090.0 0.00042299
16110.0 0.00042172
16130.0 0.00042049
16150.0 0.00041916
16170.0 0.00041786
16190.0 0.00041661
16210.0 0.00041533
16230.0 0.00041401
16250.0 0.00041274
16270.0 0.00041149
16290.0 0.00041018
16310.0 0.00040888
16330.0 0.00040762
16350.0 0.00040633
16370.0 0.00040497
16390.0 0.0004037
16410.0 0.00040243
16430.0 0.0004011
16450.0 0.00039979
16470.0 0.00039853
16490.0 0.00039721
16510.0 0.00039586
16530.0 0.00039456
16550.0 0.00039326
16570.0 0.0003919
16590.0 0.00039056
16610.0 0.00038928
16630.0 0.00038794
16650.0 0.00038658
16670.0 0.00038527
16690.0 0.00038395
16710.0 0.00038255
16730.0 0.0003812
16750.0 0.00037987
16770.0 0.0003785
16790.0 0.0003771
16810.0 0.00037577
16830.0 0.00037442
16850.0 0.00037301
16870.0 0.00037164
16890.0 0.00037029
16910.0 0.00036887
16930.0 0.00036744
16950.0 0.00036607
16970.0 0.00036469
16990.0 0.00036325
17010.0 0.00036184
17030.0 0.00036047
17050.0 0.00035903
17070.0 0.00035758
17090.0 0.00035618
17110.0 0.00035476
17130.0 0.00035327
17150.0 0.00035183
17170.0 0.00035042
17190.0 0.00034895
17210.0 0.00034748
17230.0 0.00034606
17250.0 0.0003446
17270.0 0.00034309
17290.0 0.00034162
17310.0 0.00034017
17330.0 0.00033867
17350.0 0.00033715
17370.0 0.0003357
17390.0 0.00033422
17410.0 0.00033269
17430.0 0.0003312
17450.0 0.00032974
17470.0 0.00032817
17490.0 0.00032664
17510.0 0.00032515
17530.0 0.00032363
17550.0 0.00032207
17570.0 0.00032056
17590.0 0.00031906
17610.0 0.00031749
17630.0 0.00031595
17650.0 0.00031444
17670.0 0.00031288
17690.0 0.00031127
17710.0 0.00030975
17730.0 0.00030821
17750.0 0.00030663
17770.0 0.00030506
17790.0 0.00030354
17810.0 0.00030195
17830.0 0.00030035
17850.0 0.0002988
17870.0 0.00029724
17890.0 0.00029562
17910.0 0.00029402
17930.0 0.00029248
17950.0 0.00029089
17970.0 0.00028928
17990.0 0.00028772
18010.0 0.00028615
18030.0 0.00028449
18050.0 0.0002829
18070.0 0.00028133
18090.0 0.00027972
18110.0 0.00027808
18130.0 0.00027651
18150.0 0.00027493
18170.0 0.00027329
18190.0 0.00027169
18210.0 0.00027012
18230.0 0.00026848
18250.0 0.00026683
18270.0 0.00026525
18290.0 0.00026365
18310.0 0.00026201
18330.0 0.00026041
18350.0 0.00025884
18370.0 0.0002572
18390.0 0.00025556
18410.0 0.00025398
18430.0 0.00025237
18450.0 0.0002507
18470.0 0.0002491
18490.0 0.00024752
18510.0 0.00024589
18530.0 0.00024426
18550.0 0.00024269
18570.0 0.00024108
18590.0 0.00023942
18610.0 0.00023782
18630.0 0.00023624
18650.0 0.0002346
18670.0 0.00023297
18690.0 0.0002314
18710.0 0.0002298
18730.0 0.00022817
18750.0 0.00022658
18770.0 0.00022501
18790.0 0.00022336
18810.0 0.00022174
18830.0 0.00022018
18850.0 0.00021858
18870.0 0.00021695
18890.0 0.00021538
18910.0 0.00021382
18930.0 0.0002122
18950.0 0.00021061
18970.0 0.00020905
18990.0 0.00020746
19010.0 0.00020582
19030.0 0.00020428
19050.0 0.00020272
19070.0 0.00020112
19090.0 0.00019954
19110.0 0.00019802
19130.0 0.00019643
19150.0 0.00019484
19170.0 0.00019329
19190.0 0.00019175
19210.0 0.00019015
19230.0 0.00018859
19250.0 0.00018708
19270.0 0.00018552
19290.0 0.00018395
19310.0 0.00018244
19330.0 0.00018092
19350.0 0.00017933
19370.0 0.0001778
19390.0 0.00017629
19410.0 0.00017475
19430.0 0.0001732
19450.0 0.00017171
19470.0 0.0001702
19490.0 0.00016866
19510.0 0.00016715
19530.0 0.00016568
19550.0 0.00016414
19570.0 0.0001626
19590.0 0.00016114
19610.0 0.00015965
19630.0 0.00015813
19650.0 0.00015665
19670.0 0.0001552
19690.0 0.00015369
19710.0 0.0001522
19730.0 0.00015075
19750.0 0.00014928
19770.0 0.00014776
19790.0 0.00014631
19810.0 0.00014488
19830.0 0.0001434
19850.0 0.00014192
19870.0 0.00014047
19890.0 0.00013894
19910.0 0.0001373
19930.0 0.0001356
19950.0 0.00013373
19970.0 0.00013155
19990.0 0.00012907
20010.0 0.00012641
20030.0 0.00012336
20050.0 0.00012001
20070.0 0.00011662
20090.0 0.00011321
20110.0 0.00010965
20130.0 0.00010634
20150.0 0.00010335
20170.0 0.00010052
20190.0 9.7928e-05
20210.0 9.5721e-05
20230.0 9.3782e-05
20250.0 9.2049e-05
20270.0 9.0626e-05
20290.0 8.9483e-05
20310.0 8.8548e-05
20330.0 8.783e-05
20350.0 8.7367e-05
20370.0 8.7093e-05
20390.0 8.7013e-05
20410.0 8.7126e-05
20430.0 8.7408e-05
20450.0 8.7898e-05
20470.0 8.8583e-05
20490.0 8.9423e-05
20510.0 9.0448e-05
20530.0 9.17e-05
20550.0 9.3097e-05
20570.0 9.4591e-05
20590.0 9.6289e-05
20610.0 9.8115e-05
20630.0 9.9963e-05
20650.0 0.00010189
20670.0 0.00010396
20690.0 0.00010592
20710.0 0.00010782
20730.0 0.00010972
20750.0 0.00011154
20770.0 0.00011319
20790.0 0.00011478
20810.0 0.00011632
20830.0 0.00011774
20850.0 0.00011906
20870.0 0.00012042
20890.0 0.00012175
20910.0 0.00012303
20930.0 0.00012435
20950.0 0.00012575
20970.0 0.00012714
20990.0 0.00012853
21010.0 0.00013001
21030.0 0.00013146
21050.0 0.00013281
21070.0 0.00013412
21090.0 0.00013536
21110.0 0.00013639
21130.0 0.00013725
21150.0 0.00013796
21170.0 0.00013845
21190.0 0.00013873
21210.0 0.00013881
21230.0 0.00013867
21250.0 0.00013833
21270.0 0.00013781
21290.0 0.00013709
21310.0 0.00013622
21330.0 0.00013524
21350.0 0.00013411
21370.0 0.00013286
21390.0 0.00013155
21410.0 0.00013019
21430.0 0.00012869
21450.0 0.00012721
21470.0 0.00012576
21490.0 0.00012427
21510.0 0.00012279
21530.0 0.00012141
21550.0 0.00012008
21570.0 0.00011879
21590.0 0.00011762
21610.0 0.00011658
21630.0 0.00011565
21650.0 0.00011484
21670.0 0.00011423
21690.0 0.00011378
21710.0 0.00011349
21730.0 0.00011338
21750.0 0.00011346
21770.0 0.00011373
21790.0 0.00011419
21810.0 0.00011482
21830.0 0.00011563
21850.0 0.00011664
21870.0 0.00011779
21890.0 0.00011904
21910.0 0.00012049
21930.0 0.00012205
21950.0 0.00012367
21970.0 0.00012539
21990.0 0.00012727
22010.0 0.00012912
22030.0 0.00013097
22050.0 0.00013289
22070.0 0.0001348
22090.0 0.0001366
22110.0 0.00013839
22130.0 0.00014014
22150.0 0.00014174
22170.0 0.0001432
22190.0 0.00014458
22210.0 0.00014578
22230.0 0.00014673
22250.0 0.00014751
22270.0 0.00014807
22290.0 0.00014837
22310.0 0.00014842
22330.0 0.00014821
22350.0 0.00014772
22370.0 0.00014698
22390.0 0.00014595
22410.0 0.00014459
22430.0 0.00014304
22450.0 0.00014126
22470.0 0.00013918
22490.0 0.00013689
22510.0 0.0001345
22530.0 0.00013183
22550.0 0.00012896
22570.0 0.00012608
22590.0 0.0001231
22610.0 0.00011995
22630.0 0.00011679
22650.0 0.00011374
22670.0 0.00011057
22690.0 0.0001074
22710.0 0.00010437
22730.0 0.00010142
22750.0 9.8393e-05
22770.0 9.5588e-05
22790.0 9.2982e-05
22810.0 9.0438e-05
22830.0 8.8032e-05
22850.0 8.5897e-05
22870.0 8.3919e-05
22890.0 8.2078e-05
22910.0 8.0508e-05
22930.0 7.9193e-05
22950.0 7.808e-05
22970.0 7.7211e-05
22990.0 7.6654e-05
23010.0 7.6339e-05
23030.0 7.629e-05
23050.0 7.651e-05
23070.0 7.6967e-05
23090.0 7.7713e-05
23110.0 7.8702e-05
23130.0 7.9872e-05
23150.0 8.1249e-05
23170.0 8.285e-05
23190.0 8.4543e-05
23210.0 8.6291e-05
23230.0 8.8185e-05
23250.0 9.0108e-05
23270.0 9.1961e-05
23290.0 9.3812e-05
23310.0 9.5667e-05
23330.0 9.7319e-05
23350.0 9.8823e-05
23370.0 0.00010021
23390.0 0.00010141
23410.0 0.00010236
23430.0 0.00010313
23450.0 0.00010368
23470.0 0.000104
23490.0 0.00010409
23510.0 0.00010397
23530.0 0.00010361
23550.0 0.00010309
23570.0 0.00010236
23590.0 0.00010145
23610.0 0.00010042
23630.0 9.9267e-05
23650.0 9.7947e-05
23670.0 9.6571e-05
23690.0 9.5183e-05
23710.0 9.3739e-05
23730.0 9.227e-05
23750.0 9.0927e-05
23770.0 8.9674e-05
23790.0 8.8513e-05
23810.0 8.7552e-05
23830.0 8.6831e-05
23850.0 8.6338e-05
23870.0 8.6151e-05
23890.0 8.629e-05
23910.0 8.6749e-05
23930.0 8.7564e-05
23950.0 8.8692e-05
23970.0 9.0052e-05
23990.0 9.1714e-05
24010.0 9.3598e-05
24030.0 9.5561e-05
24050.0 9.7611e-05
24070.0 9.9808e-05
24090.0 0.00010189
24110.0 0.00010386
24130.0 0.00010578
24150.0 0.00010759
24170.0 0.00010919
24190.0 0.00011066
24210.0 0.00011204
24230.0 0.00011323
24250.0 0.00011427
24270.0 0.00011522
24290.0 0.00011606
24310.0 0.00011675
24330.0 0.00011736
24350.0 0.0001179
24370.0 0.00011835
24390.0 0.00011871
24410.0 0.00011901
24430.0 0.00011925
24450.0 0.00011941
24470.0 0.00011951
24490.0 0.00011956
24510.0 0.00011956
24530.0 0.00011953
24550.0 0.00011946
24570.0 0.00011937
24590.0 0.00011927
24610.0 0.00011916
24630.0 0.00011905
24650.0 0.00011895
24670.0 0.00011888
24690.0 0.00011881
24710.0 0.00011877
24730.0 0.00011876
24750.0 0.00011876
24770.0 0.00011877
24790.0 0.00011878
24810.0 0.00011873
24830.0 0.00011854
24850.0 0.00011801
24870.0 0.00011688
24890.0 0.00011464
24910.0 0.0001106
24930.0 0.00010444
24950.0 9.573e-05
24970.0 8.3737e-05
24990.0 6.9826e-05
