#lamb flux
1010.0 0.00025895
1030.0 0.00028227
1050.0 0.00029857
1070.0 0.0003045
1090.0 0.00029711
1110.0 0.00027042
1130.0 0.00022443
1150.0 0.00016105
1170.0 8.1435e-05
1190.0 1e-99
1210.0 1e-99
1230.0 1e-99
1250.0 1e-99
1270.0 1e-99
1290.0 1e-99
1310.0 1e-99
1330.0 1e-99
1350.0 1e-99
1370.0 1e-99
1390.0 1e-99
1410.0 1e-99
1430.0 1e-99
1450.0 1e-99
1470.0 1e-99
1490.0 1e-99
1510.0 1e-99
1530.0 1e-99
1550.0 1e-99
1570.0 1e-99
1590.0 1e-99
1610.0 1e-99
1630.0 1e-99
1650.0 1e-99
1670.0 1e-99
1690.0 1e-99
1710.0 4.0379e-05
1730.0 9.0121e-05
1750.0 0.00014458
1770.0 0.0002023
1790.0 0.00026427
1810.0 0.00033113
1830.0 0.00040728
1850.0 0.00054133
1870.0 0.00067834
1890.0 0.0008277
1910.0 0.00099168
1930.0 0.0011721
1950.0 0.0013684
1970.0 0.0015824
1990.0 0.0018167
2010.0 0.0020705
2030.0 0.0023433
2050.0 0.0026379
2070.0 0.0029549
2090.0 0.0032891
2110.0 0.0036423
2130.0 0.0040158
2150.0 0.0044049
2170.0 0.0048052
2190.0 0.0052206
2210.0 0.0056463
2230.0 0.0060752
2250.0 0.0065068
2270.0 0.0069428
2290.0 0.0073722
2310.0 0.0077896
2330.0 0.0081993
2350.0 0.0085954
2370.0 0.0089679
2390.0 0.0093188
2410.0 0.0096485
2430.0 0.0099427
2450.0 0.010198
2470.0 0.010417
2490.0 0.010595
2510.0 0.010729
2530.0 0.01084
2550.0 0.010954
2570.0 0.01111
2590.0 0.011358
2610.0 0.011804
2630.0 0.01252
2650.0 0.013518
2670.0 0.014878
2690.0 0.016652
2710.0 0.018685
2730.0 0.020881
2750.0 0.023317
2770.0 0.025758
2790.0 0.028015
2810.0 0.030125
2830.0 0.0321
2850.0 0.033691
2870.0 0.035049
2890.0 0.036288
2910.0 0.037405
2930.0 0.038407
2950.0 0.039436
2970.0 0.0405
2990.0 0.041552
3010.0 0.04263
3030.0 0.04379
3050.0 0.044983
3070.0 0.046127
3090.0 0.047292
3110.0 0.048411
3130.0 0.049388
3150.0 0.050201
3170.0 0.050842
3190.0 0.051292
3210.0 0.051651
3230.0 0.052059
3250.0 0.052713
3270.0 0.053775
3290.0 0.055335
3310.0 0.05751
3330.0 0.060232
3350.0 0.063348
3370.0 0.066893
3390.0 0.07064
3410.0 0.074203
3430.0 0.077498
3450.0 0.080279
3470.0 0.087249
3490.0 0.089138
3510.0 0.078359
3530.0 0.075096
3550.0 0.096889
3570.0 0.11583
3590.0 0.11632
3610.0 0.12634
3630.0 0.12916
3650.0 0.11691
3670.0 0.11201
3690.0 0.12277
3710.0 0.13589
3730.0 0.14592
3750.0 0.1334
3770.0 0.13203
3790.0 0.13828
3810.0 0.13295
3830.0 0.11564
3850.0 0.10332
3870.0 0.10647
3890.0 0.12018
3910.0 0.12938
3930.0 0.13311
3950.0 0.13662
3970.0 0.13917
3990.0 0.14243
4010.0 0.14046
4030.0 0.12886
4050.0 0.11917
4070.0 0.1202
4090.0 0.12839
4110.0 0.13437
4130.0 0.13196
4150.0 0.12916
4170.0 0.12897
4190.0 0.13233
4210.0 0.12904
4230.0 0.11808
4250.0 0.10547
4270.0 0.096351
4290.0 0.089066
4310.0 0.082497
4330.0 0.084885
4350.0 0.090586
4370.0 0.092779
4390.0 0.096122
4410.0 0.096797
4430.0 0.096012
4450.0 0.095584
4470.0 0.094647
4490.0 0.10104
4510.0 0.10416
4530.0 0.10639
4550.0 0.10857
4570.0 0.11173
4590.0 0.11388
4610.0 0.11531
4630.0 0.1175
4650.0 0.1213
4670.0 0.11531
4690.0 0.10706
4710.0 0.098796
4730.0 0.09581
4750.0 0.093027
4770.0 0.090338
4790.0 0.087504
4810.0 0.084071
4830.0 0.088229
4850.0 0.096848
4870.0 0.073445
4890.0 0.073098
4910.0 0.077109
4930.0 0.079875
4950.0 0.072761
4970.0 0.06695
4990.0 0.06512
5010.0 0.060571
5030.0 0.056752
5050.0 0.058391
5070.0 0.062468
5090.0 0.064629
5110.0 0.070916
5130.0 0.072906
5150.0 0.075668
5170.0 0.078046
5190.0 0.075761
5210.0 0.078532
5230.0 0.080078
5250.0 0.080767
5270.0 0.082132
5290.0 0.080319
5310.0 0.078136
5330.0 0.074065
5350.0 0.070037
5370.0 0.066398
5390.0 0.068246
5410.0 0.068136
5430.0 0.068994
5450.0 0.068995
5470.0 0.06792
5490.0 0.067163
5510.0 0.065409
5530.0 0.063738
5550.0 0.062964
5570.0 0.063704
5590.0 0.06459
5610.0 0.06523
5630.0 0.063919
5650.0 0.063138
5670.0 0.060744
5690.0 0.059339
5710.0 0.057203
5730.0 0.056939
5750.0 0.056068
5770.0 0.054116
5790.0 0.055348
5810.0 0.055002
5830.0 0.056453
5850.0 0.057136
5870.0 0.057762
5890.0 0.056878
5910.0 0.056834
5930.0 0.055515
5950.0 0.056173
5970.0 0.054852
5990.0 0.053742
6010.0 0.05396
6030.0 0.055132
6050.0 0.054428
6070.0 0.053169
6090.0 0.052514
6110.0 0.053364
6130.0 0.053086
6150.0 0.051611
6170.0 0.048556
6190.0 0.045115
6210.0 0.042768
6230.0 0.042341
6250.0 0.042712
6270.0 0.04372
6290.0 0.045439
6310.0 0.048312
6330.0 0.049699
6350.0 0.049829
6370.0 0.050212
6390.0 0.049775
6410.0 0.048601
6430.0 0.047044
6450.0 0.046259
6470.0 0.046106
6490.0 0.045858
6510.0 0.045417
6530.0 0.045375
6550.0 0.04484
6570.0 0.043148
6590.0 0.04286
6610.0 0.042458
6630.0 0.041101
6650.0 0.039804
6670.0 0.038673
6690.0 0.038313
6710.0 0.037124
6730.0 0.036568
6750.0 0.035941
6770.0 0.03511
6790.0 0.035401
6810.0 0.034986
6830.0 0.034029
6850.0 0.033604
6870.0 0.03321
6890.0 0.032648
6910.0 0.032376
6930.0 0.032057
6950.0 0.031577
6970.0 0.030909
6990.0 0.030906
7010.0 0.030685
7030.0 0.030893
7050.0 0.030118
7070.0 0.029731
7090.0 0.029717
7110.0 0.028641
7130.0 0.028493
7150.0 0.028823
7170.0 0.029299
7190.0 0.02894
7210.0 0.029184
7230.0 0.029872
7250.0 0.029311
7270.0 0.029617
7290.0 0.029201
7310.0 0.028368
7330.0 0.026902
7350.0 0.027044
7370.0 0.027115
7390.0 0.026531
7410.0 0.02593
7430.0 0.025621
7450.0 0.02535
7470.0 0.025497
7490.0 0.025864
7510.0 0.025188
7530.0 0.02459
7550.0 0.02487
7570.0 0.022938
7590.0 0.022127
7610.0 0.021852
7630.0 0.022194
7650.0 0.02171
7670.0 0.022365
7690.0 0.021518
7710.0 0.022676
7730.0 0.0228
7750.0 0.024798
7770.0 0.025548
7790.0 0.026476
7810.0 0.027689
7830.0 0.0283
7850.0 0.029216
7870.0 0.028857
7890.0 0.028648
7910.0 0.028086
7930.0 0.02711
7950.0 0.026342
7970.0 0.026207
7990.0 0.025973
8010.0 0.023638
8030.0 0.023495
8050.0 0.023038
8070.0 0.022812
8090.0 0.022239
8110.0 0.022411
8130.0 0.022638
8150.0 0.022984
8170.0 0.022733
8190.0 0.023018
8210.0 0.022687
8230.0 0.021485
8250.0 0.021046
8270.0 0.02068
8290.0 0.02035
8310.0 0.019687
8330.0 0.019957
8350.0 0.01983
8370.0 0.019817
8390.0 0.020181
8410.0 0.020131
8430.0 0.020477
8450.0 0.020779
8470.0 0.020898
8490.0 0.021135
8510.0 0.020795
8530.0 0.020111
8550.0 0.020281
8570.0 0.020318
8590.0 0.019733
8610.0 0.020168
8630.0 0.019918
8650.0 0.019509
8670.0 0.019387
8690.0 0.019371
8710.0 0.01863
8730.0 0.018876
8750.0 0.01824
8770.0 0.018126
8790.0 0.01764
8810.0 0.017441
8830.0 0.017374
8850.0 0.016521
8870.0 0.015665
8890.0 0.01545
8910.0 0.014538
8930.0 0.013419
8950.0 0.013408
8970.0 0.012987
8990.0 0.012904
9010.0 0.012804
9030.0 0.012718
9050.0 0.012627
9070.0 0.012536
9090.0 0.012444
9110.0 0.012351
9130.0 0.012258
9150.0 0.012166
9170.0 0.012074
9190.0 0.011981
9210.0 0.011888
9230.0 0.011794
9250.0 0.011701
9270.0 0.011608
9290.0 0.011515
9310.0 0.011421
9330.0 0.011328
9350.0 0.011236
9370.0 0.011143
9390.0 0.01105
9410.0 0.010958
9430.0 0.010866
9450.0 0.010775
9470.0 0.010689
9490.0 0.010601
9510.0 0.010508
9530.0 0.010415
9550.0 0.010324
9570.0 0.010234
9590.0 0.010145
9610.0 0.010057
9630.0 0.0099696
9650.0 0.0098827
9670.0 0.0097962
9690.0 0.0097107
9710.0 0.0096258
9730.0 0.0095414
9750.0 0.0094576
9770.0 0.0093751
9790.0 0.0092928
9810.0 0.0092111
9830.0 0.0091288
9850.0 0.0090349
9870.0 0.0089541
9890.0 0.0088826
9910.0 0.0088098
9930.0 0.0087222
9950.0 0.0086464
9970.0 0.0085772
9990.0 0.008506
10010.0 0.008434
10030.0 0.0083622
10050.0 0.0082913
10070.0 0.0082214
10090.0 0.0081526
10110.0 0.0080824
10130.0 0.0080127
10150.0 0.0079457
10170.0 0.007879
10190.0 0.0078119
10210.0 0.007747
10230.0 0.0076834
10250.0 0.0076192
10270.0 0.0075561
10290.0 0.007495
10310.0 0.0074336
10330.0 0.007372
10350.0 0.0073128
10370.0 0.0072545
10390.0 0.0071958
10410.0 0.0071377
10430.0 0.0070817
10450.0 0.0070264
10470.0 0.0069711
10490.0 0.0069175
10510.0 0.0068649
10530.0 0.006811
10550.0 0.0067588
10570.0 0.0067085
10590.0 0.0066579
10610.0 0.0066075
10630.0 0.0065592
10650.0 0.0065114
10670.0 0.0064628
10690.0 0.0064157
10710.0 0.0063701
10730.0 0.0063242
10750.0 0.0062779
10770.0 0.0062344
10790.0 0.0061912
10810.0 0.0061474
10830.0 0.006105
10850.0 0.0060643
10870.0 0.0060223
10890.0 0.0059812
10910.0 0.0059424
10930.0 0.0059043
10950.0 0.0058665
10970.0 0.0058311
10990.0 0.0057983
11010.0 0.0059925
11030.0 0.0059681
11050.0 0.0059449
11070.0 0.0059212
11090.0 0.0058952
11110.0 0.0058688
11130.0 0.005841
11150.0 0.0058105
11170.0 0.005778
11190.0 0.0057457
11210.0 0.0057115
11230.0 0.0056756
11250.0 0.0056406
11270.0 0.0056065
11290.0 0.0055715
11310.0 0.0055375
11330.0 0.0055069
11350.0 0.005477
11370.0 0.0054482
11390.0 0.0054221
11410.0 0.0053981
11430.0 0.0053739
11450.0 0.0053514
11470.0 0.0053307
11490.0 0.0053098
11510.0 0.005288
11530.0 0.0052672
11550.0 0.0052461
11570.0 0.005223
11590.0 0.0051994
11610.0 0.005176
11630.0 0.0051506
11650.0 0.0051236
11670.0 0.0050978
11690.0 0.0050718
11710.0 0.0050446
11730.0 0.005018
11750.0 0.0049933
11770.0 0.0049677
11790.0 0.0049422
11810.0 0.0049186
11830.0 0.0048957
11850.0 0.0048717
11870.0 0.0048495
11890.0 0.0048292
11910.0 0.0048089
11930.0 0.0047893
11950.0 0.0047724
11970.0 0.0047569
11990.0 0.0047421
12010.0 0.0047304
12030.0 0.0047217
12050.0 0.0047152
12070.0 0.0047114
12090.0 0.0047118
12110.0 0.004715
12130.0 0.0047212
12150.0 0.0047305
12170.0 0.0047427
12190.0 0.0047574
12210.0 0.0047745
12230.0 0.0047932
12250.0 0.0048135
12270.0 0.0048351
12290.0 0.0048572
12310.0 0.0048794
12330.0 0.0049018
12350.0 0.0049239
12370.0 0.0049449
12390.0 0.0049649
12410.0 0.0049835
12430.0 0.0049999
12450.0 0.0050142
12470.0 0.0050257
12490.0 0.005034
12510.0 0.0050394
12530.0 0.0050409
12550.0 0.005038
12570.0 0.0050316
12590.0 0.0050215
12610.0 0.0050062
12630.0 0.0049867
12650.0 0.0049654
12670.0 0.0049397
12690.0 0.0049101
12710.0 0.0048791
12730.0 0.0048465
12750.0 0.0048095
12770.0 0.0047721
12790.0 0.0047354
12810.0 0.0046972
12830.0 0.0046578
12850.0 0.0046211
12870.0 0.0045856
12890.0 0.0045494
12910.0 0.0045154
12930.0 0.0044843
12950.0 0.0044534
12970.0 0.0044236
12990.0 0.0043974
13010.0 0.0043728
13030.0 0.0043485
13050.0 0.0043262
13070.0 0.0043061
13090.0 0.0042859
13110.0 0.0042662
13130.0 0.0042483
13150.0 0.0042309
13170.0 0.0042128
13190.0 0.0041961
13210.0 0.0041805
13230.0 0.0041646
13250.0 0.0041487
13270.0 0.0041339
13290.0 0.0041188
13310.0 0.0041027
13330.0 0.0040869
13350.0 0.004071
13370.0 0.0040538
13390.0 0.0040353
13410.0 0.0040172
13430.0 0.0039977
13450.0 0.0039764
13470.0 0.0039547
13490.0 0.0039326
13510.0 0.0039079
13530.0 0.0038825
13550.0 0.0038573
13570.0 0.0038308
13590.0 0.0038028
13610.0 0.003775
13630.0 0.0037473
13650.0 0.0037178
13670.0 0.003688
13690.0 0.0036588
13710.0 0.0036287
13730.0 0.0035967
13750.0 0.0035663
13770.0 0.0035359
13790.0 0.0035043
13810.0 0.0034727
13830.0 0.0034424
13850.0 0.003411
13870.0 0.0033791
13890.0 0.0033483
13910.0 0.0033178
13930.0 0.0032863
13950.0 0.0032552
13970.0 0.0032258
13990.0 0.0031957
14010.0 0.0031654
14030.0 0.0031363
14050.0 0.0031077
14070.0 0.0030779
14090.0 0.003049
14110.0 0.0030212
14130.0 0.002993
14150.0 0.0029645
14170.0 0.0029375
14190.0 0.0029108
14210.0 0.0028835
14230.0 0.0028569
14250.0 0.0028313
14270.0 0.0028052
14290.0 0.0027792
14310.0 0.0027546
14330.0 0.0027304
14350.0 0.0027061
14370.0 0.0026826
14390.0 0.0026604
14410.0 0.0026379
14430.0 0.0026158
14450.0 0.0025949
14470.0 0.0025744
14490.0 0.0025537
14510.0 0.002534
14530.0 0.0025151
14550.0 0.0024961
14570.0 0.0024773
14590.0 0.0024593
14610.0 0.0024412
14630.0 0.0024229
14650.0 0.0024052
14670.0 0.0023878
14690.0 0.0023702
14710.0 0.0023527
14730.0 0.0023359
14750.0 0.0023192
14770.0 0.0023024
14790.0 0.0022862
14810.0 0.0022704
14830.0 0.0022544
14850.0 0.0022388
14870.0 0.0022238
14890.0 0.0022089
14910.0 0.0021941
14930.0 0.0021798
14950.0 0.002166
14970.0 0.0021523
14990.0 0.0021389
15010.0 0.0021261
15030.0 0.0021136
15050.0 0.0021012
15070.0 0.0020893
15090.0 0.0020776
15110.0 0.0020659
15130.0 0.0020543
15150.0 0.0020429
15170.0 0.0020314
15190.0 0.0020198
15210.0 0.0020084
15230.0 0.001997
15250.0 0.0019854
15270.0 0.0019739
15290.0 0.0019625
15310.0 0.0019511
15330.0 0.0019396
15350.0 0.0019283
15370.0 0.001917
15390.0 0.0019055
15410.0 0.0018941
15430.0 0.0018829
15450.0 0.0018715
15470.0 0.0018601
15490.0 0.001849
15510.0 0.0018378
15530.0 0.0018266
15550.0 0.0018154
15570.0 0.0018044
15590.0 0.0017933
15610.0 0.0017821
15630.0 0.0017711
15650.0 0.0017602
15670.0 0.0017492
15690.0 0.0017383
15710.0 0.0017276
15730.0 0.0017167
15750.0 0.0017058
15770.0 0.0016952
15790.0 0.0016845
15810.0 0.0016737
15830.0 0.0016632
15850.0 0.0016527
15870.0 0.0016422
15890.0 0.0016317
15910.0 0.0016214
15930.0 0.0016111
15950.0 0.0016007
15970.0 0.0015904
15990.0 0.0015803
16010.0 0.0015701
16030.0 0.0015599
16050.0 0.00155
16070.0 0.0015401
16090.0 0.0015301
16110.0 0.0015202
16130.0 0.0015105
16150.0 0.0015006
16170.0 0.0014909
16190.0 0.0014813
16210.0 0.0014718
16230.0 0.0014622
16250.0 0.0014527
16270.0 0.0014434
16290.0 0.001434
16310.0 0.0014247
16330.0 0.0014156
16350.0 0.0014064
16370.0 0.0013971
16390.0 0.0013881
16410.0 0.0013792
16430.0 0.0013702
16450.0 0.0013613
16470.0 0.0013527
16490.0 0.0013439
16510.0 0.0013351
16530.0 0.0013265
16550.0 0.001318
16570.0 0.0013094
16590.0 0.001301
16610.0 0.0012927
16630.0 0.0012844
16650.0 0.0012761
16670.0 0.0012679
16690.0 0.0012599
16710.0 0.0012517
16730.0 0.0012436
16750.0 0.0012358
16770.0 0.0012279
16790.0 0.00122
16810.0 0.0012123
16830.0 0.0012046
16850.0 0.0011969
16870.0 0.0011893
16890.0 0.0011819
16910.0 0.0011744
16930.0 0.0011669
16950.0 0.0011596
16970.0 0.0011524
16990.0 0.0011451
17010.0 0.0011379
17030.0 0.0011309
17050.0 0.0011238
17070.0 0.0011168
17090.0 0.0011099
17110.0 0.0011031
17130.0 0.0010962
17150.0 0.0010895
17170.0 0.0010828
17190.0 0.0010762
17210.0 0.0010696
17230.0 0.0010631
17250.0 0.0010567
17270.0 0.0010502
17290.0 0.0010439
17310.0 0.0010376
17330.0 0.0010314
17350.0 0.0010251
17370.0 0.0010191
17390.0 0.0010131
17410.0 0.001007
17430.0 0.0010011
17450.0 0.00099527
17470.0 0.00098932
17490.0 0.0009835
17510.0 0.00097783
17530.0 0.00097216
17550.0 0.00096646
17570.0 0.00096094
17590.0 0.00095549
17610.0 0.00094996
17630.0 0.00094453
17650.0 0.00093924
17670.0 0.00093393
17690.0 0.00092855
17710.0 0.0009234
17730.0 0.0009183
17750.0 0.00091315
17770.0 0.00090808
17790.0 0.00090318
17810.0 0.00089819
17830.0 0.00089323
17850.0 0.00088841
17870.0 0.00088364
17890.0 0.00087881
17910.0 0.00087408
17930.0 0.00086951
17950.0 0.00086488
17970.0 0.00086028
17990.0 0.00085582
18010.0 0.00085139
18030.0 0.00084686
18050.0 0.00084249
18070.0 0.00083821
18090.0 0.0008339
18110.0 0.0008296
18130.0 0.00082547
18150.0 0.00082136
18170.0 0.0008172
18190.0 0.00081314
18210.0 0.00080919
18230.0 0.00080516
18250.0 0.00080115
18270.0 0.00079733
18290.0 0.0007935
18310.0 0.00078964
18330.0 0.00078589
18350.0 0.00078224
18370.0 0.00077851
18390.0 0.00077483
18410.0 0.00077128
18430.0 0.00076773
18450.0 0.00076411
18470.0 0.00076065
18490.0 0.00075726
18510.0 0.00075382
18530.0 0.00075043
18550.0 0.00074718
18570.0 0.00074388
18590.0 0.00074054
18610.0 0.00073734
18630.0 0.0007342
18650.0 0.000731
18670.0 0.00072783
18690.0 0.00072484
18710.0 0.0007218
18730.0 0.00071874
18750.0 0.00071579
18770.0 0.00071291
18790.0 0.0007099
18810.0 0.000707
18830.0 0.00070421
18850.0 0.0007014
18870.0 0.00069855
18890.0 0.00069585
18910.0 0.00069318
18930.0 0.00069043
18950.0 0.00068775
18970.0 0.00068518
18990.0 0.00068256
19010.0 0.00067987
19030.0 0.00067739
19050.0 0.00067491
19070.0 0.00067237
19090.0 0.0006699
19110.0 0.00066754
19130.0 0.00066508
19150.0 0.00066264
19170.0 0.00066031
19190.0 0.000658
19210.0 0.00065561
19230.0 0.0006533
19250.0 0.00065111
19270.0 0.00064885
19290.0 0.00064658
19310.0 0.00064444
19330.0 0.00064229
19350.0 0.00064002
19370.0 0.00063789
19390.0 0.00063582
19410.0 0.00063369
19430.0 0.00063155
19450.0 0.00062955
19470.0 0.00062753
19490.0 0.00062545
19510.0 0.00062344
19530.0 0.00062151
19550.0 0.00061947
19570.0 0.00061744
19590.0 0.00061555
19610.0 0.00061363
19630.0 0.00061166
19650.0 0.00060977
19670.0 0.00060795
19690.0 0.00060601
19710.0 0.00060411
19730.0 0.0006023
19750.0 0.00060046
19770.0 0.00059852
19790.0 0.00059673
19810.0 0.00059497
19830.0 0.00059313
19850.0 0.0005913
19870.0 0.0005896
19890.0 0.0005878
19910.0 0.00058595
19930.0 0.00058422
19950.0 0.00058252
19970.0 0.00058073
19990.0 0.00057896
20010.0 0.00057733
20030.0 0.0005756
20050.0 0.0005738
20070.0 0.00057207
20090.0 0.00057033
20110.0 0.00056837
20130.0 0.00056646
20150.0 0.00056461
20170.0 0.00056264
20190.0 0.00056061
20210.0 0.00055869
20230.0 0.00055677
20250.0 0.00055476
20270.0 0.00055284
20290.0 0.00055105
20310.0 0.00054924
20330.0 0.00054743
20350.0 0.00054589
20370.0 0.00054443
20390.0 0.000543
20410.0 0.00054175
20430.0 0.0005407
20450.0 0.00053968
20470.0 0.00053881
20490.0 0.00053816
20510.0 0.00053766
20530.0 0.00053727
20550.0 0.00053709
20570.0 0.00053714
20590.0 0.00053732
20610.0 0.0005377
20630.0 0.00053829
20650.0 0.00053906
20670.0 0.00054002
20690.0 0.00054116
20710.0 0.00054247
20730.0 0.00054392
20750.0 0.00054551
20770.0 0.00054717
20790.0 0.0005489
20810.0 0.00055067
20830.0 0.0005524
20850.0 0.00055408
20870.0 0.00055568
20890.0 0.00055714
20910.0 0.00055841
20930.0 0.00055948
20950.0 0.00056031
20970.0 0.00056089
20990.0 0.00056121
21010.0 0.00056121
21030.0 0.00056091
21050.0 0.00056038
21070.0 0.00055955
21090.0 0.00055837
21110.0 0.00055706
21130.0 0.00055558
21150.0 0.00055381
21170.0 0.00055192
21190.0 0.00055001
21210.0 0.00054791
21230.0 0.00054567
21250.0 0.00054352
21270.0 0.00054137
21290.0 0.00053911
21310.0 0.00053689
21330.0 0.00053481
21350.0 0.00053265
21370.0 0.00053045
21390.0 0.00052835
21410.0 0.00052625
21430.0 0.00052395
21450.0 0.00052172
21470.0 0.00051953
21490.0 0.00051719
21510.0 0.00051473
21530.0 0.00051233
21550.0 0.00050982
21570.0 0.00050711
21590.0 0.00050439
21610.0 0.00050168
21630.0 0.00049881
21650.0 0.00049577
21670.0 0.00049294
21690.0 0.00049002
21710.0 0.00048698
21730.0 0.00048402
21750.0 0.00048117
21770.0 0.00047814
21790.0 0.00047517
21810.0 0.00047234
21830.0 0.00046952
21850.0 0.00046661
21870.0 0.00046384
21890.0 0.00046118
21910.0 0.00045843
21930.0 0.00045569
21950.0 0.00045307
21970.0 0.0004504
21990.0 0.00044757
22010.0 0.00044486
22030.0 0.00044215
22050.0 0.0004393
22070.0 0.00043638
22090.0 0.00043353
22110.0 0.00043054
22130.0 0.0004274
22150.0 0.00042427
22170.0 0.00042111
22190.0 0.00041772
22210.0 0.00041428
22230.0 0.00041095
22250.0 0.00040748
22270.0 0.00040388
22290.0 0.00040037
22310.0 0.00039687
22330.0 0.00039318
22350.0 0.00038954
22370.0 0.00038602
22390.0 0.00038243
22410.0 0.00037876
22430.0 0.0003753
22450.0 0.0003719
22470.0 0.00036843
22490.0 0.00036507
22510.0 0.00036189
22530.0 0.00035866
22550.0 0.00035546
22570.0 0.00035248
22590.0 0.00034958
22610.0 0.00034668
22630.0 0.00034391
22650.0 0.00034133
22670.0 0.00033873
22690.0 0.00033619
22710.0 0.0003338
22730.0 0.00033148
22750.0 0.00032912
22770.0 0.0003269
22790.0 0.00032478
22810.0 0.00032268
22830.0 0.00032062
22850.0 0.00031869
22870.0 0.0003168
22890.0 0.00031494
22910.0 0.00031319
22930.0 0.00031155
22950.0 0.00030995
22970.0 0.00030844
22990.0 0.00030709
23010.0 0.00030582
23030.0 0.00030465
23050.0 0.00030362
23070.0 0.00030272
23090.0 0.00030194
23110.0 0.00030131
23130.0 0.00030082
23150.0 0.00030047
23170.0 0.00030027
23190.0 0.00030021
23210.0 0.00030024
23230.0 0.00030043
23250.0 0.00030072
23270.0 0.00030106
23290.0 0.00030148
23310.0 0.00030201
23330.0 0.00030248
23350.0 0.00030291
23370.0 0.00030335
23390.0 0.00030371
23410.0 0.00030392
23430.0 0.00030406
23450.0 0.00030347
23470.0 0.00030256
23490.0 0.00030149
23510.0 0.00030032
23530.0 0.00029905
23550.0 0.00029768
23570.0 0.00029634
23590.0 0.00029506
23610.0 0.00029385
23630.0 0.00029278
23650.0 0.00029198
23670.0 0.00029138
23690.0 0.00029097
23710.0 0.00029085
23730.0 0.00029105
23750.0 0.00029135
23770.0 0.00029184
23790.0 0.00029265
23810.0 0.00029361
23830.0 0.00029465
23850.0 0.00029607
23870.0 0.00029781
23890.0 0.00029964
23910.0 0.00030175
23930.0 0.00030433
23950.0 0.0003071
23970.0 0.00030989
23990.0 0.00031309
24010.0 0.00031643
24030.0 0.00031955
24050.0 0.00032255
24070.0 0.00032565
24090.0 0.00032814
24110.0 0.00033006
24130.0 0.00033166
24150.0 0.00033275
24170.0 0.00033312
24190.0 0.00033304
24210.0 0.00033258
24230.0 0.00033156
24250.0 0.00033022
24270.0 0.00032861
24290.0 0.00032672
24310.0 0.00032447
24330.0 0.00032206
24350.0 0.00031948
24370.0 0.00031672
24390.0 0.00031381
24410.0 0.00031084
24430.0 0.00030774
24450.0 0.00030454
24470.0 0.00030126
24490.0 0.00029794
24510.0 0.00029453
24530.0 0.00029105
24550.0 0.00028755
24570.0 0.00028399
24590.0 0.00028036
24610.0 0.00027671
24630.0 0.00027303
24650.0 0.0002693
24670.0 0.00026554
24690.0 0.00026179
24710.0 0.00025804
24730.0 0.00025428
24750.0 0.00025057
24770.0 0.00024687
24790.0 0.00024312
24810.0 0.00023924
24830.0 0.00023496
24850.0 0.00022969
24870.0 0.00022271
24890.0 0.0002126
24910.0 0.00019754
24930.0 0.00017679
24950.0 0.0001494
24970.0 0.00013371
24990.0 0.00012381
