#lamb flux
1010.0 4.9505e-07
1030.0 5.4501e-07
1050.0 6.0246e-07
1070.0 6.6714e-07
1090.0 7.406e-07
1110.0 8.1595e-07
1130.0 8.9178e-07
1150.0 9.7122e-07
1170.0 1.0532e-06
1190.0 1.1309e-06
1210.0 1.2096e-06
1230.0 1.291e-06
1250.0 1.3707e-06
1270.0 1.4481e-06
1290.0 1.5299e-06
1310.0 1.6117e-06
1330.0 1.6901e-06
1350.0 1.7693e-06
1370.0 1.8512e-06
1390.0 1.931e-06
1410.0 2.0084e-06
1430.0 2.0893e-06
1450.0 2.1702e-06
1470.0 2.2484e-06
1490.0 2.3274e-06
1510.0 2.4108e-06
1530.0 2.4899e-06
1550.0 2.5678e-06
1570.0 2.6484e-06
1590.0 2.7291e-06
1610.0 2.8061e-06
1630.0 2.8854e-06
1650.0 2.9668e-06
1670.0 3.0455e-06
1690.0 3.123e-06
1710.0 3.2035e-06
1730.0 3.2843e-06
1750.0 3.3601e-06
1770.0 3.438e-06
1790.0 3.5173e-06
1810.0 3.5939e-06
1830.0 3.6688e-06
1850.0 3.7481e-06
1870.0 3.8249e-06
1890.0 3.8987e-06
1910.0 3.9736e-06
1930.0 4.0499e-06
1950.0 4.1219e-06
1970.0 4.1924e-06
1990.0 4.265e-06
2010.0 4.3355e-06
2030.0 4.4022e-06
2050.0 4.4703e-06
2070.0 4.5391e-06
2090.0 4.6022e-06
2110.0 4.6638e-06
2130.0 4.7261e-06
2150.0 4.7853e-06
2170.0 4.8396e-06
2190.0 4.8947e-06
2210.0 4.9483e-06
2230.0 4.9968e-06
2250.0 5.0427e-06
2270.0 5.0895e-06
2290.0 5.1316e-06
2310.0 5.1682e-06
2330.0 5.2048e-06
2350.0 5.2404e-06
2370.0 5.2724e-06
2390.0 5.3067e-06
2410.0 5.3505e-06
2430.0 5.4024e-06
2450.0 5.4682e-06
2470.0 5.5605e-06
2490.0 5.6847e-06
2510.0 5.8291e-06
2530.0 6.0128e-06
2550.0 6.2591e-06
2570.0 6.5834e-06
2590.0 7.0241e-06
2610.0 7.707e-06
2630.0 8.6822e-06
2650.0 9.9312e-06
2670.0 1.1505e-05
2690.0 1.338e-05
2710.0 1.5297e-05
2730.0 1.7102e-05
2750.0 1.8793e-05
2770.0 2.0161e-05
2790.0 2.1138e-05
2810.0 2.1812e-05
2830.0 2.2242e-05
2850.0 2.2418e-05
2870.0 2.2452e-05
2890.0 2.2408e-05
2910.0 2.2307e-05
2930.0 2.217e-05
2950.0 2.2028e-05
2970.0 2.1887e-05
2990.0 2.1743e-05
3010.0 0.00068082
3030.0 0.00067675
3050.0 0.00067275
3070.0 0.00066839
3090.0 0.00066374
3110.0 0.0006581
3130.0 0.00065067
3150.0 0.00064089
3170.0 0.00062755
3190.0 0.00061089
3210.0 0.00059199
3230.0 0.0005716
3250.0 0.00055098
3270.0 0.00053555
3290.0 0.00052388
3310.0 0.00052113
3330.0 0.0005244
3350.0 0.00053352
3370.0 0.00054843
3390.0 0.00056838
3410.0 0.00059078
3430.0 0.00061646
3450.0 0.00064645
3470.0 0.00067961
3490.0 0.0007153
3510.0 0.00075602
3530.0 0.0008006
3550.0 0.00084854
3570.0 0.00090166
3590.0 0.00096136
3610.0 0.0010282
3630.0 0.0010952
3650.0 0.0011663
3670.0 0.0012307
3690.0 0.0012788
3710.0 0.0013031
3730.0 0.0012888
3750.0 0.0012361
3770.0 0.0012559
3790.0 0.0012152
3810.0 0.00092543
3830.0 0.00086989
3850.0 0.0012579
3870.0 0.0011631
3890.0 0.00088533
3910.0 0.00092499
3930.0 0.0012174
3950.0 0.0014428
3970.0 0.0016751
3990.0 0.0012167
4010.0 0.0020462
4030.0 0.001894
4050.0 0.0018862
4070.0 0.0021987
4090.0 0.002102
4110.0 0.00195
4130.0 0.0024492
4150.0 0.0032499
4170.0 0.0025823
4190.0 0.0022644
4210.0 0.0025506
4230.0 0.0031887
4250.0 0.003773
4270.0 0.0041035
4290.0 0.0036881
4310.0 0.0033973
4330.0 0.0033853
4350.0 0.0043561
4370.0 0.0052903
4390.0 0.0042106
4410.0 0.0023965
4430.0 0.0017046
4450.0 0.001569
4470.0 0.0010505
4490.0 0.0017867
4510.0 0.003618
4530.0 0.0043944
4550.0 0.0042217
4570.0 0.0038312
4590.0 0.0041482
4610.0 0.0080668
4630.0 0.011231
4650.0 0.01055
4670.0 0.0092971
4690.0 0.009686
4710.0 0.010177
4730.0 0.0082044
4750.0 0.0052394
4770.0 0.0036623
4790.0 0.0041027
4810.0 0.0042869
4830.0 0.0042486
4850.0 0.0046408
4870.0 0.0061461
4890.0 0.0071296
4910.0 0.005495
4930.0 0.0053023
4950.0 0.0061163
4970.0 0.0082224
4990.0 0.011069
5010.0 0.012689
5030.0 0.010034
5050.0 0.0060377
5070.0 0.0043136
5090.0 0.0033368
5110.0 0.003134
5130.0 0.0037158
5150.0 0.0035679
5170.0 0.0033589
5190.0 0.0030124
5210.0 0.0032974
5230.0 0.0041099
5250.0 0.0048024
5270.0 0.0044579
5290.0 0.0048506
5310.0 0.0064972
5330.0 0.0068672
5350.0 0.0067624
5370.0 0.0076616
5390.0 0.0095276
5410.0 0.0080946
5430.0 0.0061136
5450.0 0.0061766
5470.0 0.0072698
5490.0 0.0091996
5510.0 0.01128
5530.0 0.013052
5550.0 0.011743
5570.0 0.010487
5590.0 0.0086113
5610.0 0.0087752
5630.0 0.0098653
5650.0 0.0091889
5670.0 0.0084861
5690.0 0.0068621
5710.0 0.0070418
5730.0 0.0068665
5750.0 0.0036516
5770.0 0.002658
5790.0 0.0033131
5810.0 0.0035615
5830.0 0.0055076
5850.0 0.0071373
5870.0 0.0075714
5890.0 0.0071414
5910.0 0.0069095
5930.0 0.0067101
5950.0 0.0069586
5970.0 0.008618
5990.0 0.0070547
6010.0 0.005398
6030.0 0.0043766
6050.0 0.0039
6070.0 0.0046949
6090.0 0.00534
6110.0 0.005428
6130.0 0.0049262
6150.0 0.0038857
6170.0 0.0031555
6190.0 0.0039426
6210.0 0.0061711
6230.0 0.0089516
6250.0 0.0095134
6270.0 0.0072586
6290.0 0.0061977
6310.0 0.0047338
6330.0 0.0034593
6350.0 0.0034043
6370.0 0.0035807
6390.0 0.0043272
6410.0 0.0055511
6430.0 0.0066899
6450.0 0.0082608
6470.0 0.0087842
6490.0 0.010589
6510.0 0.011891
6530.0 0.011999
6550.0 0.01106
6570.0 0.0090848
6590.0 0.008785
6610.0 0.0072918
6630.0 0.0075684
6650.0 0.0072924
6670.0 0.0064636
6690.0 0.0051261
6710.0 0.0049749
6730.0 0.0023914
6750.0 0.0030354
6770.0 0.0045979
6790.0 0.0060906
6810.0 0.0044334
6830.0 0.0045314
6850.0 0.0038322
6870.0 0.0036312
6890.0 0.0031008
6910.0 0.0036577
6930.0 0.0034313
6950.0 0.0041026
6970.0 0.0042026
6990.0 0.0046537
7010.0 0.0045794
7030.0 0.0051097
7050.0 0.0044159
7070.0 0.003729
7090.0 0.0039301
7110.0 0.0040769
7130.0 0.0046494
7150.0 0.0052957
7170.0 0.0059054
7190.0 0.0061944
7210.0 0.0054704
7230.0 0.005526
7250.0 0.0059977
7270.0 0.0065499
7290.0 0.0079478
7310.0 0.0082167
7330.0 0.0075281
7350.0 0.0067135
7370.0 0.0049758
7390.0 0.0052139
7410.0 0.0064583
7430.0 0.0073379
7450.0 0.0078905
7470.0 0.007331
7490.0 0.006192
7510.0 0.0098986
7530.0 0.008865
7550.0 0.0082173
7570.0 0.0055302
7590.0 0.0024343
7610.0 0.0017216
7630.0 0.0025988
7650.0 0.0034855
7670.0 0.0055396
7690.0 0.006227
7710.0 0.0056069
7730.0 0.0055012
7750.0 0.0071769
7770.0 0.0073428
7790.0 0.0067613
7810.0 0.0055341
7830.0 0.0059391
7850.0 0.0064642
7870.0 0.0063302
7890.0 0.00498
7910.0 0.003331
7930.0 0.0033962
7950.0 0.0030538
7970.0 0.0025817
7990.0 0.0023332
8010.0 0.0019166
8030.0 0.0018022
8050.0 0.0019184
8070.0 0.0020762
8090.0 0.0024224
8110.0 0.0022676
8130.0 0.0014905
8150.0 0.0014872
8170.0 0.0009788
8190.0 0.00072939
8210.0 0.0013477
8230.0 0.0015751
8250.0 0.00083295
8270.0 0.00069252
8290.0 0.00097132
8310.0 0.0007944
8330.0 0.00049025
8350.0 0.00038922
8370.0 0.00015779
8390.0 0.00042662
8410.0 0.00050889
8430.0 0.00063362
8450.0 0.00071025
8470.0 0.0010833
8490.0 0.00091107
8510.0 0.00074548
8530.0 0.00046724
8550.0 0.0012099
8570.0 0.001819
8590.0 0.0013962
8610.0 0.0019967
8630.0 0.0021926
8650.0 0.0013975
8670.0 0.00185
8690.0 0.0026264
8710.0 0.0023004
8730.0 0.0024301
8750.0 0.0019714
8770.0 0.001784
8790.0 0.0019429
8810.0 0.0020555
8830.0 0.001245
8850.0 0.00066768
8870.0 0.00050489
8890.0 0.0009409
8910.0 0.0013836
8930.0 0.001765
8950.0 0.0019948
8970.0 0.0019414
8990.0 0.0015373
9010.0 0.0011365
9030.0 0.00091806
9050.0 0.00095314
9070.0 0.00098711
9090.0 0.0010142
9110.0 0.0010459
9130.0 0.001069
9150.0 0.0010858
9170.0 0.0011036
9190.0 0.0011228
9210.0 0.0011428
9230.0 0.001164
9250.0 0.0011856
9270.0 0.0012079
9290.0 0.0012308
9310.0 0.0012538
9330.0 0.0012771
9350.0 0.0013013
9370.0 0.0013256
9390.0 0.0013502
9410.0 0.0013754
9430.0 0.0014012
9450.0 0.001427
9470.0 0.0014532
9490.0 0.0014801
9510.0 0.0015073
9530.0 0.0015346
9550.0 0.0015628
9570.0 0.0015914
9590.0 0.0016201
9610.0 0.0016492
9630.0 0.0016791
9650.0 0.0017092
9670.0 0.0017394
9690.0 0.0017703
9710.0 0.0018017
9730.0 0.0018331
9750.0 0.001865
9770.0 0.0018978
9790.0 0.0019306
9810.0 0.0019635
9830.0 0.001997
9850.0 0.002031
9870.0 0.0020649
9890.0 0.0020993
9910.0 0.0021342
9930.0 0.0021692
9950.0 0.0022044
9970.0 0.0022402
9990.0 0.0022763
10010.0 0.0020763
10030.0 0.0021084
10050.0 0.0021409
10070.0 0.0021729
10090.0 0.0022055
10110.0 0.0022386
10130.0 0.0022717
10150.0 0.0023046
10170.0 0.0023376
10190.0 0.002371
10210.0 0.0024041
10230.0 0.0024371
10250.0 0.0024704
10270.0 0.0025036
10290.0 0.0025365
10310.0 0.0025696
10330.0 0.0026028
10350.0 0.0026355
10370.0 0.0026681
10390.0 0.0027008
10410.0 0.0027333
10430.0 0.0027652
10450.0 0.0027972
10470.0 0.0028291
10490.0 0.0028605
10510.0 0.0028915
10530.0 0.0029227
10550.0 0.0029533
10570.0 0.0029833
10590.0 0.0030132
10610.0 0.0030428
10630.0 0.0030716
10650.0 0.0031001
10670.0 0.0031285
10690.0 0.0031562
10710.0 0.0031832
10730.0 0.0032099
10750.0 0.0032364
10770.0 0.0032618
10790.0 0.0032867
10810.0 0.0033113
10830.0 0.003335
10850.0 0.0033574
10870.0 0.003379
10890.0 0.0033982
10910.0 0.0034138
10930.0 0.0034242
10950.0 0.0034265
10970.0 0.0034184
10990.0 0.0033986
11010.0 0.00347
11030.0 0.0034178
11050.0 0.0033527
11070.0 0.0032737
11090.0 0.0031778
11110.0 0.0030782
11130.0 0.0029741
11150.0 0.0028622
11170.0 0.0027471
11190.0 0.002636
11210.0 0.002522
11230.0 0.002406
11250.0 0.0022959
11270.0 0.002191
11290.0 0.0020867
11310.0 0.0019885
11330.0 0.0019022
11350.0 0.0018208
11370.0 0.0017455
11390.0 0.0016799
11410.0 0.0016218
11430.0 0.0015671
11450.0 0.0015188
11470.0 0.0014759
11490.0 0.0014348
11510.0 0.0013943
11530.0 0.0013559
11550.0 0.0013173
11570.0 0.0012762
11590.0 0.0012338
11610.0 0.0011909
11630.0 0.0011449
11650.0 0.0010963
11670.0 0.0010489
11690.0 0.0010012
11710.0 0.00095243
11730.0 0.00090544
11750.0 0.00086196
11770.0 0.00081942
11790.0 0.00077947
11810.0 0.00074398
11830.0 0.00071191
11850.0 0.00068204
11870.0 0.00065644
11890.0 0.00063451
11910.0 0.00061469
11930.0 0.00059702
11950.0 0.00058163
11970.0 0.00056738
11990.0 0.00055355
12010.0 0.00054044
12030.0 0.00052765
12050.0 0.00051448
12070.0 0.00050086
12090.0 0.00048766
12110.0 0.00047425
12130.0 0.00046069
12150.0 0.00044778
12170.0 0.00043588
12190.0 0.0004246
12210.0 0.00041501
12230.0 0.00040752
12250.0 0.00040211
12270.0 0.0003992
12290.0 0.00039895
12310.0 0.00040117
12330.0 0.00040631
12350.0 0.0004141
12370.0 0.00042384
12390.0 0.00043579
12410.0 0.00045051
12430.0 0.00046567
12450.0 0.00048152
12470.0 0.00049855
12490.0 0.00051563
12510.0 0.00053143
12530.0 0.00054705
12550.0 0.00056193
12570.0 0.00057467
12590.0 0.00058544
12610.0 0.00059471
12630.0 0.00060153
12650.0 0.00060539
12670.0 0.00060707
12690.0 0.00060626
12710.0 0.0006029
12730.0 0.00059728
12750.0 0.00058928
12770.0 0.00057925
12790.0 0.00056765
12810.0 0.00055436
12830.0 0.00053944
12850.0 0.00052402
12870.0 0.00050793
12890.0 0.0004908
12910.0 0.0004735
12930.0 0.00045648
12950.0 0.00043887
12970.0 0.00042102
12990.0 0.00040404
13010.0 0.00038726
13030.0 0.00037028
13050.0 0.00035387
13070.0 0.00033836
13090.0 0.00032273
13110.0 0.0003075
13130.0 0.00029327
13150.0 0.00027967
13170.0 0.00026624
13190.0 0.00025409
13210.0 0.00024319
13230.0 0.00023304
13250.0 0.00022404
13270.0 0.0002166
13290.0 0.00021041
13310.0 0.00020556
13330.0 0.00020237
13350.0 0.00020073
13370.0 0.00020066
13390.0 0.00020228
13410.0 0.00020517
13430.0 0.00020947
13450.0 0.0002152
13470.0 0.00022185
13490.0 0.00022909
13510.0 0.00023753
13530.0 0.00024627
13550.0 0.00025478
13570.0 0.00026332
13590.0 0.00027182
13610.0 0.00027949
13630.0 0.00028628
13650.0 0.00029261
13670.0 0.00029795
13690.0 0.00030213
13710.0 0.00030542
13730.0 0.00030784
13750.0 0.00030908
13770.0 0.0003094
13790.0 0.00030889
13810.0 0.00030753
13830.0 0.00030546
13850.0 0.00030268
13870.0 0.00029919
13890.0 0.00029522
13910.0 0.00029078
13930.0 0.00028571
13950.0 0.00028024
13970.0 0.0002747
13990.0 0.00026875
14010.0 0.00026251
14030.0 0.00025634
14050.0 0.00025018
14070.0 0.00024375
14090.0 0.00023763
14110.0 0.0002319
14130.0 0.00022638
14150.0 0.00022119
14170.0 0.00021675
14190.0 0.00021288
14210.0 0.00020957
14230.0 0.00020706
14250.0 0.00020536
14270.0 0.00020442
14290.0 0.00020435
14310.0 0.0002051
14330.0 0.00020663
14350.0 0.000209
14370.0 0.00021205
14390.0 0.0002156
14410.0 0.00021988
14430.0 0.00022468
14450.0 0.00022971
14470.0 0.00023505
14490.0 0.00024089
14510.0 0.00024665
14530.0 0.0002523
14550.0 0.00025814
14570.0 0.00026398
14590.0 0.00026953
14610.0 0.00027512
14630.0 0.00028089
14650.0 0.0002865
14670.0 0.0002921
14690.0 0.00029807
14710.0 0.00030441
14730.0 0.00031076
14750.0 0.00031771
14770.0 0.00032543
14790.0 0.00033359
14810.0 0.00034222
14830.0 0.00035214
14850.0 0.00036263
14870.0 0.00037334
14890.0 0.00038464
14910.0 0.00039642
14930.0 0.00040761
14950.0 0.00041799
14970.0 0.00042775
14990.0 0.00043596
15010.0 0.00044235
15030.0 0.00044721
15050.0 0.0004506
15070.0 0.00045257
15090.0 0.00045365
15110.0 0.00045412
15130.0 0.0004542
15150.0 0.00045411
15170.0 0.00045389
15190.0 0.00045362
15210.0 0.00045337
15230.0 0.00045313
15250.0 0.00045285
15270.0 0.0004526
15290.0 0.0004524
15310.0 0.00045218
15330.0 0.00045196
15350.0 0.00045177
15370.0 0.0004516
15390.0 0.00045137
15410.0 0.00045119
15430.0 0.00045104
15450.0 0.00045086
15470.0 0.00045066
15490.0 0.00045053
15510.0 0.00045039
15530.0 0.00045022
15550.0 0.00045006
15570.0 0.00044995
15590.0 0.00044978
15610.0 0.0004496
15630.0 0.00044948
15650.0 0.00044935
15670.0 0.00044918
15690.0 0.00044904
15710.0 0.00044892
15730.0 0.00044876
15750.0 0.00044859
15770.0 0.00044846
15790.0 0.00044832
15810.0 0.00044812
15830.0 0.00044796
15850.0 0.00044782
15870.0 0.00044764
15890.0 0.00044744
15910.0 0.00044729
15930.0 0.00044711
15950.0 0.00044688
15970.0 0.00044669
15990.0 0.0004465
16010.0 0.00044627
16030.0 0.00044601
16050.0 0.00044582
16070.0 0.00044559
16090.0 0.00044532
16110.0 0.00044507
16130.0 0.00044484
16150.0 0.00044452
16170.0 0.00044421
16190.0 0.00044394
16210.0 0.00044364
16230.0 0.00044329
16250.0 0.00044297
16270.0 0.00044266
16290.0 0.00044228
16310.0 0.00044191
16330.0 0.00044156
16350.0 0.00044117
16370.0 0.00044071
16390.0 0.00044031
16410.0 0.0004399
16430.0 0.00043944
16450.0 0.00043897
16470.0 0.00043854
16490.0 0.00043804
16510.0 0.00043752
16530.0 0.00043702
16550.0 0.0004365
16570.0 0.00043593
16590.0 0.00043535
16610.0 0.00043482
16630.0 0.00043422
16650.0 0.0004336
16670.0 0.000433
16690.0 0.00043239
16710.0 0.00043169
16730.0 0.00043102
16750.0 0.00043036
16770.0 0.00042965
16790.0 0.00042891
16810.0 0.00042821
16830.0 0.00042748
16850.0 0.00042669
16870.0 0.00042591
16890.0 0.00042515
16910.0 0.00042432
16930.0 0.00042345
16950.0 0.00042264
16970.0 0.00042179
16990.0 0.00042088
17010.0 0.00042
17030.0 0.00041913
17050.0 0.00041818
17070.0 0.00041722
17090.0 0.00041629
17110.0 0.00041532
17130.0 0.00041429
17150.0 0.00041329
17170.0 0.0004123
17190.0 0.00041125
17210.0 0.00041018
17230.0 0.00040916
17250.0 0.00040808
17270.0 0.00040694
17290.0 0.00040583
17310.0 0.00040473
17330.0 0.00040356
17350.0 0.00040237
17370.0 0.00040124
17390.0 0.00040006
17410.0 0.00039884
17430.0 0.00039763
17450.0 0.00039644
17470.0 0.00039515
17490.0 0.00039387
17510.0 0.00039263
17530.0 0.00039135
17550.0 0.00039002
17570.0 0.00038872
17590.0 0.00038743
17610.0 0.00038607
17630.0 0.00038471
17650.0 0.00038338
17670.0 0.000382
17690.0 0.00038055
17710.0 0.00037918
17730.0 0.00037779
17750.0 0.00037635
17770.0 0.00037491
17790.0 0.00037351
17810.0 0.00037204
17830.0 0.00037054
17850.0 0.00036908
17870.0 0.00036761
17890.0 0.00036608
17910.0 0.00036456
17930.0 0.00036309
17950.0 0.00036156
17970.0 0.00036
17990.0 0.00035848
18010.0 0.00035695
18030.0 0.00035534
18050.0 0.00035377
18070.0 0.00035222
18090.0 0.00035063
18110.0 0.000349
18130.0 0.00034744
18150.0 0.00034585
18170.0 0.00034421
18190.0 0.00034259
18210.0 0.000341
18230.0 0.00033934
18250.0 0.00033766
18270.0 0.00033605
18290.0 0.00033441
18310.0 0.00033273
18330.0 0.00033107
18350.0 0.00032945
18370.0 0.00032775
18390.0 0.00032606
18410.0 0.0003244
18430.0 0.00032273
18450.0 0.00032099
18470.0 0.00031931
18490.0 0.00031765
18510.0 0.00031594
18530.0 0.00031422
18550.0 0.00031256
18570.0 0.00031085
18590.0 0.0003091
18610.0 0.0003074
18630.0 0.00030571
18650.0 0.00030397
18670.0 0.00030223
18690.0 0.00030056
18710.0 0.00029884
18730.0 0.0002971
18750.0 0.0002954
18770.0 0.00029371
18790.0 0.00029194
18810.0 0.0002902
18830.0 0.00028851
18850.0 0.00028679
18870.0 0.00028504
18890.0 0.00028334
18910.0 0.00028164
18930.0 0.00027989
18950.0 0.00027817
18970.0 0.00027648
18990.0 0.00027476
19010.0 0.00027299
19030.0 0.0002713
19050.0 0.00026961
19070.0 0.00026788
19090.0 0.00026617
19110.0 0.0002645
19130.0 0.00026278
19150.0 0.00026105
19170.0 0.00025937
19190.0 0.00025768
19210.0 0.00025595
19230.0 0.00025425
19250.0 0.0002526
19270.0 0.00025091
19290.0 0.00024921
19310.0 0.00024755
19330.0 0.00024589
19350.0 0.00024417
19370.0 0.0002425
19390.0 0.00024086
19410.0 0.00023919
19430.0 0.00023751
19450.0 0.00023589
19470.0 0.00023425
19490.0 0.00023258
19510.0 0.00023094
19530.0 0.00022933
19550.0 0.00022767
19570.0 0.00022601
19590.0 0.00022442
19610.0 0.00022281
19630.0 0.00022117
19650.0 0.00021957
19670.0 0.000218
19690.0 0.00021638
19710.0 0.00021477
19730.0 0.0002132
19750.0 0.00021162
19770.0 0.00021
19790.0 0.00020843
19810.0 0.00020689
19830.0 0.00020531
19850.0 0.00020373
19870.0 0.00020218
19890.0 0.00020056
19910.0 0.00019884
19930.0 0.00019706
19950.0 0.00019513
19970.0 0.0001929
19990.0 0.00019035
20010.0 0.00018162
20030.0 0.00017849
20050.0 0.00017495
20070.0 0.00017121
20090.0 0.00016727
20110.0 0.00016291
20130.0 0.00015857
20150.0 0.00015431
20170.0 0.00014996
20190.0 0.0001456
20210.0 0.0001415
20230.0 0.00013752
20250.0 0.00013357
20270.0 0.00012989
20290.0 0.00012653
20310.0 0.00012333
20330.0 0.00012032
20350.0 0.00011778
20370.0 0.00011549
20390.0 0.00011344
20410.0 0.00011173
20430.0 0.00011036
20450.0 0.00010921
20470.0 0.00010836
20490.0 0.0001078
20510.0 0.00010747
20530.0 0.00010739
20550.0 0.00010752
20570.0 0.00010783
20590.0 0.00010834
20610.0 0.00010901
20630.0 0.00010978
20650.0 0.00011069
20670.0 0.00011176
20690.0 0.00011287
20710.0 0.00011403
20730.0 0.00011529
20750.0 0.00011661
20770.0 0.00011789
20790.0 0.00011923
20810.0 0.00012064
20830.0 0.00012201
20850.0 0.00012337
20870.0 0.00012482
20890.0 0.00012626
20910.0 0.00012763
20930.0 0.00012903
20950.0 0.00013047
20970.0 0.00013186
20990.0 0.00013321
21010.0 0.00013463
21030.0 0.00013601
21050.0 0.00013731
21070.0 0.00013861
21090.0 0.00013992
21110.0 0.00014111
21130.0 0.00014222
21150.0 0.00014332
21170.0 0.00014432
21190.0 0.00014518
21210.0 0.00014598
21230.0 0.00014668
21250.0 0.00014721
21270.0 0.00014758
21290.0 0.00014781
21310.0 0.00014784
21330.0 0.00014766
21350.0 0.00014727
21370.0 0.00014665
21390.0 0.0001458
21410.0 0.00014471
21430.0 0.0001433
21450.0 0.00014167
21470.0 0.00013984
21490.0 0.00013774
21510.0 0.0001354
21530.0 0.00013296
21550.0 0.00013037
21570.0 0.00012756
21590.0 0.00012474
21610.0 0.00012196
21630.0 0.00011912
21650.0 0.00011629
21670.0 0.00011376
21690.0 0.00011135
21710.0 0.00010909
21730.0 0.00010714
21750.0 0.0001055
21770.0 0.00010408
21790.0 0.00010302
21810.0 0.00010232
21830.0 0.00010194
21850.0 0.0001019
21870.0 0.00010219
21890.0 0.00010276
21910.0 0.00010365
21930.0 0.00010481
21950.0 0.00010616
21970.0 0.00010773
21990.0 0.00010958
22010.0 0.00011149
22030.0 0.00011349
22050.0 0.00011565
22070.0 0.00011788
22090.0 0.00012005
22110.0 0.00012228
22130.0 0.00012456
22150.0 0.00012674
22170.0 0.00012883
22190.0 0.00013094
22210.0 0.00013295
22230.0 0.00013474
22250.0 0.00013645
22270.0 0.00013805
22290.0 0.00013943
22310.0 0.00014063
22330.0 0.0001417
22350.0 0.00014255
22370.0 0.00014315
22390.0 0.00014355
22410.0 0.00014372
22430.0 0.00014363
22450.0 0.0001433
22470.0 0.00014271
22490.0 0.00014185
22510.0 0.00014077
22530.0 0.00013938
22550.0 0.0001377
22570.0 0.00013582
22590.0 0.0001337
22610.0 0.00013126
22630.0 0.00012861
22650.0 0.00012587
22670.0 0.00012283
22690.0 0.00011958
22710.0 0.00011629
22730.0 0.00011289
22750.0 0.0001092
22770.0 0.00010556
22790.0 0.00010201
22810.0 9.8341e-05
22830.0 9.4674e-05
22850.0 9.1226e-05
22870.0 8.7838e-05
22890.0 8.4461e-05
22910.0 8.1341e-05
22930.0 7.8474e-05
22950.0 7.574e-05
22970.0 7.3205e-05
22990.0 7.1097e-05
23010.0 6.9222e-05
23030.0 6.7605e-05
23050.0 6.6341e-05
23070.0 6.5411e-05
23090.0 6.4759e-05
23110.0 6.4455e-05
23130.0 6.4472e-05
23150.0 6.479e-05
23170.0 6.543e-05
23190.0 6.6331e-05
23210.0 6.7448e-05
23230.0 6.8845e-05
23250.0 7.0449e-05
23270.0 7.2162e-05
23290.0 7.4045e-05
23310.0 7.6132e-05
23330.0 7.8182e-05
23350.0 8.0242e-05
23370.0 8.237e-05
23390.0 8.4454e-05
23410.0 8.6374e-05
23430.0 8.8251e-05
23450.0 9.0035e-05
23470.0 9.16e-05
23490.0 9.2971e-05
23510.0 9.4199e-05
23530.0 9.5184e-05
23550.0 9.5895e-05
23570.0 9.6396e-05
23590.0 9.6659e-05
23610.0 9.6672e-05
23630.0 9.6462e-05
23650.0 9.6008e-05
23670.0 9.5339e-05
23690.0 9.4496e-05
23710.0 9.346e-05
23730.0 9.2233e-05
23750.0 9.0944e-05
23770.0 8.9572e-05
23790.0 8.8097e-05
23810.0 8.6625e-05
23830.0 8.5222e-05
23850.0 8.3817e-05
23870.0 8.2498e-05
23890.0 8.1369e-05
23910.0 8.0392e-05
23930.0 7.9574e-05
23950.0 7.8973e-05
23970.0 7.859e-05
23990.0 7.8394e-05
24010.0 7.8402e-05
24030.0 7.859e-05
24050.0 7.8938e-05
24070.0 7.9463e-05
24090.0 8.0094e-05
24110.0 8.0807e-05
24130.0 8.1627e-05
24150.0 8.2523e-05
24170.0 8.3429e-05
24190.0 8.4391e-05
24210.0 8.542e-05
24230.0 8.6441e-05
24250.0 8.7456e-05
24270.0 8.8514e-05
24290.0 8.9597e-05
24310.0 9.0605e-05
24330.0 9.1628e-05
24350.0 9.2668e-05
24370.0 9.3663e-05
24390.0 9.4611e-05
24410.0 9.5601e-05
24430.0 9.6546e-05
24450.0 9.7429e-05
24470.0 9.8296e-05
24490.0 9.9153e-05
24510.0 9.994e-05
24530.0 0.00010066
24550.0 0.00010137
24570.0 0.000102
24590.0 0.00010254
24610.0 0.00010302
24630.0 0.00010342
24650.0 0.00010371
24670.0 0.00010389
24690.0 0.00010397
24710.0 0.00010396
24730.0 0.00010384
24750.0 0.00010364
24770.0 0.00010335
24790.0 0.00010299
24810.0 0.00010254
24830.0 0.00010191
24850.0 0.00010099
24870.0 9.9591e-05
24890.0 9.727e-05
24910.0 9.3476e-05
24930.0 8.7977e-05
24950.0 8.0411e-05
24970.0 7.016e-05
24990.0 5.8383e-05
