#lamb flux
1010.0 1.1557e-07
1030.0 1.267e-07
1050.0 1.395e-07
1070.0 1.539e-07
1090.0 1.7027e-07
1110.0 1.8705e-07
1130.0 2.0394e-07
1150.0 2.2164e-07
1170.0 2.3989e-07
1190.0 2.572e-07
1210.0 2.7474e-07
1230.0 2.9287e-07
1250.0 3.1062e-07
1270.0 3.2787e-07
1290.0 3.4609e-07
1310.0 3.643e-07
1330.0 3.8176e-07
1350.0 3.9942e-07
1370.0 4.1765e-07
1390.0 4.3542e-07
1410.0 4.5267e-07
1430.0 4.7069e-07
1450.0 4.8871e-07
1470.0 5.0613e-07
1490.0 5.2373e-07
1510.0 5.4232e-07
1530.0 5.5993e-07
1550.0 5.7729e-07
1570.0 5.9525e-07
1590.0 6.1322e-07
1610.0 6.3039e-07
1630.0 6.4807e-07
1650.0 6.6621e-07
1670.0 6.8375e-07
1690.0 7.0104e-07
1710.0 7.1899e-07
1730.0 7.3701e-07
1750.0 7.5393e-07
1770.0 7.7132e-07
1790.0 7.8903e-07
1810.0 8.0612e-07
1830.0 8.2287e-07
1850.0 8.4061e-07
1870.0 8.5781e-07
1890.0 8.7434e-07
1910.0 8.9114e-07
1930.0 9.0826e-07
1950.0 9.2445e-07
1970.0 9.4031e-07
1990.0 9.5668e-07
2010.0 9.7259e-07
2030.0 9.8771e-07
2050.0 1.0031e-06
2070.0 1.0188e-06
2090.0 1.0332e-06
2110.0 1.0473e-06
2130.0 1.0616e-06
2150.0 1.0752e-06
2170.0 1.0878e-06
2190.0 1.1007e-06
2210.0 1.1132e-06
2230.0 1.1247e-06
2250.0 1.1357e-06
2270.0 1.1469e-06
2290.0 1.1571e-06
2310.0 1.1662e-06
2330.0 1.1754e-06
2350.0 1.1845e-06
2370.0 1.1929e-06
2390.0 1.2021e-06
2410.0 1.2139e-06
2430.0 1.228e-06
2450.0 1.246e-06
2470.0 1.271e-06
2490.0 1.3045e-06
2510.0 1.3433e-06
2530.0 1.3921e-06
2550.0 1.456e-06
2570.0 1.5384e-06
2590.0 1.6482e-06
2610.0 1.8159e-06
2630.0 2.0542e-06
2650.0 2.3598e-06
2670.0 2.7467e-06
2690.0 3.2102e-06
2710.0 3.6884e-06
2730.0 4.1433e-06
2750.0 4.5742e-06
2770.0 4.9279e-06
2790.0 5.186e-06
2810.0 5.3697e-06
2830.0 5.4922e-06
2850.0 5.5505e-06
2870.0 5.5728e-06
2890.0 5.5747e-06
2910.0 5.5619e-06
2930.0 5.5395e-06
2950.0 5.5157e-06
2970.0 5.4918e-06
2990.0 5.4669e-06
3010.0 0.00017441
3030.0 0.00017369
3050.0 0.00017299
3070.0 0.00017219
3090.0 0.00017129
3110.0 0.00017013
3130.0 0.00016849
3150.0 0.00016621
3170.0 0.00016297
3190.0 0.00015884
3210.0 0.00015407
3230.0 0.00014886
3250.0 0.00014354
3270.0 0.00013956
3290.0 0.00013652
3310.0 0.00013581
3330.0 0.00013667
3350.0 0.00013904
3370.0 0.00014293
3390.0 0.00014812
3410.0 0.00015393
3430.0 0.00016059
3450.0 0.00016836
3470.0 0.00017694
3490.0 0.00018617
3510.0 0.00019669
3530.0 0.00020821
3550.0 0.00022057
3570.0 0.00023423
3590.0 0.00024948
3610.0 0.00026651
3630.0 0.00028343
3650.0 0.00030138
3670.0 0.00031755
3690.0 0.00032956
3710.0 0.00033557
3730.0 0.00033196
3750.0 0.00031896
3770.0 0.00032627
3790.0 0.00031875
3810.0 0.00024574
3830.0 0.00023607
3850.0 0.00034793
3870.0 0.00033577
3890.0 0.00025406
3910.0 0.00024697
3930.0 0.00031538
3950.0 0.0003774
3970.0 0.00042897
3990.0 0.00029509
4010.0 0.00055216
4030.0 0.00053267
4050.0 0.00056204
4070.0 0.00063733
4090.0 0.00060375
4110.0 0.00053247
4130.0 0.00065637
4150.0 0.00088004
4170.0 0.00069654
4190.0 0.00061421
4210.0 0.00069281
4230.0 0.00085959
4250.0 0.0010279
4270.0 0.0011177
4290.0 0.00099263
4310.0 0.00091661
4330.0 0.0009071
4350.0 0.0011633
4370.0 0.001416
4390.0 0.0011235
4410.0 0.0006247
4430.0 0.00044107
4450.0 0.0004121
4470.0 0.00025417
4490.0 0.00045037
4510.0 0.00097131
4530.0 0.0011853
4550.0 0.0011171
4570.0 0.00099917
4590.0 0.0010689
4610.0 0.0021276
4630.0 0.0029872
4650.0 0.0028152
4670.0 0.0024726
4690.0 0.0025427
4710.0 0.002662
4730.0 0.0021676
4750.0 0.0013943
4770.0 0.00095546
4790.0 0.0010696
4810.0 0.0011281
4830.0 0.0011182
4850.0 0.0012152
4870.0 0.0016101
4890.0 0.0018655
4910.0 0.0014421
4930.0 0.0014016
4950.0 0.0016179
4970.0 0.002162
4990.0 0.0029173
5010.0 0.0033673
5030.0 0.0026765
5050.0 0.001625
5070.0 0.0011586
5090.0 0.00088213
5110.0 0.00082261
5130.0 0.00098745
5150.0 0.00094969
5170.0 0.00089038
5190.0 0.00079043
5210.0 0.00088035
5230.0 0.0011049
5250.0 0.0012944
5270.0 0.0011903
5290.0 0.001285
5310.0 0.0017385
5330.0 0.001856
5350.0 0.0018278
5370.0 0.002065
5390.0 0.0025828
5410.0 0.0021945
5430.0 0.0016644
5450.0 0.0016876
5470.0 0.0019782
5490.0 0.0024873
5510.0 0.0030317
5530.0 0.0035167
5550.0 0.0031632
5570.0 0.0028308
5590.0 0.0023183
5610.0 0.0023666
5630.0 0.0026768
5650.0 0.002471
5670.0 0.0022727
5690.0 0.0018275
5710.0 0.001884
5730.0 0.0018379
5750.0 0.00097754
5770.0 0.00069742
5790.0 0.00087229
5810.0 0.0009208
5830.0 0.0014548
5850.0 0.001906
5870.0 0.0020375
5890.0 0.0019306
5910.0 0.0018744
5930.0 0.0018098
5950.0 0.0018717
5970.0 0.0023337
5990.0 0.0019027
6010.0 0.0014543
6030.0 0.0011813
6050.0 0.0010555
6070.0 0.0012758
6090.0 0.001443
6110.0 0.0014632
6130.0 0.0013345
6150.0 0.0010441
6170.0 0.0008142
6190.0 0.001008
6210.0 0.0016126
6230.0 0.0023856
6250.0 0.0025584
6270.0 0.0019393
6290.0 0.0016612
6310.0 0.0012658
6330.0 0.00091987
6350.0 0.00091023
6370.0 0.00095599
6390.0 0.0011503
6410.0 0.001489
6430.0 0.0017968
6450.0 0.0022183
6470.0 0.0023372
6490.0 0.0028046
6510.0 0.0031482
6530.0 0.0032077
6550.0 0.0029564
6570.0 0.0023832
6590.0 0.0022889
6610.0 0.0018923
6630.0 0.0019812
6650.0 0.0019219
6670.0 0.0016778
6690.0 0.0012976
6710.0 0.0012711
6730.0 0.00054844
6750.0 0.0007455
6770.0 0.0011898
6790.0 0.0015896
6810.0 0.001124
6830.0 0.0011475
6850.0 0.00095252
6870.0 0.00089767
6890.0 0.00075308
6910.0 0.00091581
6930.0 0.00086114
6950.0 0.001042
6970.0 0.0010752
6990.0 0.0011905
7010.0 0.0011549
7030.0 0.0013202
7050.0 0.001135
7070.0 0.00094127
7090.0 0.0010084
7110.0 0.001063
7130.0 0.0012254
7150.0 0.0013983
7170.0 0.0015662
7190.0 0.0016575
7210.0 0.0014612
7230.0 0.0014764
7250.0 0.0015898
7270.0 0.0017161
7290.0 0.0021082
7310.0 0.0022048
7330.0 0.0020403
7350.0 0.0018228
7370.0 0.0013309
7390.0 0.0013897
7410.0 0.0017315
7430.0 0.0019749
7450.0 0.0021243
7470.0 0.0019421
7490.0 0.0015669
7510.0 0.0025937
7530.0 0.0023332
7550.0 0.002193
7570.0 0.0014681
7590.0 0.0006191
7610.0 0.00042435
7630.0 0.00067058
7650.0 0.00091407
7670.0 0.0014884
7690.0 0.0016658
7710.0 0.0014845
7730.0 0.0014585
7750.0 0.0019382
7770.0 0.0019904
7790.0 0.0018238
7810.0 0.0014651
7830.0 0.001589
7850.0 0.0017548
7870.0 0.0017253
7890.0 0.0013441
7910.0 0.00088617
7930.0 0.00091976
7950.0 0.00082863
7970.0 0.00069246
7990.0 0.00061941
8010.0 0.00042121
8030.0 0.00038942
8050.0 0.00041955
8070.0 0.00046597
8090.0 0.00055984
8110.0 0.00052427
8130.0 0.00032217
8150.0 0.00032895
8170.0 0.00019477
8190.0 0.00012756
8210.0 0.00029383
8230.0 0.00035112
8250.0 0.00015176
8270.0 0.00012161
8290.0 0.00021075
8310.0 0.00018093
8330.0 0.00011072
8350.0 8.9026e-05
8370.0 2.5239e-05
8390.0 9.5874e-05
8410.0 0.0001123
8430.0 0.00013982
8450.0 0.00015704
8470.0 0.00025636
8490.0 0.00020996
8510.0 0.00016371
8530.0 8.5835e-05
8550.0 0.00028369
8570.0 0.00043995
8590.0 0.00031281
8610.0 0.00046454
8630.0 0.00050508
8650.0 0.00027991
8670.0 0.00040397
8690.0 0.00061952
8710.0 0.00053455
8730.0 0.00057442
8750.0 0.00045466
8770.0 0.00040588
8790.0 0.00044965
8810.0 0.00048523
8830.0 0.00027414
8850.0 0.00012538
8870.0 9.0865e-05
8890.0 0.00021195
8910.0 0.00033002
8930.0 0.00043261
8950.0 0.00048625
8970.0 0.00046976
8990.0 0.00035773
9010.0 0.0002827
9030.0 0.00021633
9050.0 0.00022554
9070.0 0.00023482
9090.0 0.00024228
9110.0 0.0002512
9130.0 0.00025766
9150.0 0.00026228
9170.0 0.0002672
9190.0 0.00027247
9210.0 0.00027799
9230.0 0.00028384
9250.0 0.00028976
9270.0 0.00029587
9290.0 0.00030213
9310.0 0.0003084
9330.0 0.00031476
9350.0 0.00032133
9370.0 0.00032795
9390.0 0.00033459
9410.0 0.0003414
9430.0 0.0003484
9450.0 0.00035533
9470.0 0.00036239
9490.0 0.00036964
9510.0 0.00037695
9530.0 0.00038426
9550.0 0.00039183
9570.0 0.0003995
9590.0 0.00040718
9610.0 0.00041497
9630.0 0.00042297
9650.0 0.00043102
9670.0 0.00043906
9690.0 0.00044732
9710.0 0.00045569
9730.0 0.00046407
9750.0 0.00047256
9770.0 0.00048131
9790.0 0.00049002
9810.0 0.00049878
9830.0 0.00050772
9850.0 0.00051677
9870.0 0.00052577
9890.0 0.00053491
9910.0 0.00054423
9930.0 0.00055354
9950.0 0.00056289
9970.0 0.00057242
9990.0 0.00058205
10010.0 0.00052425
10030.0 0.00053273
10050.0 0.00054132
10070.0 0.00054981
10090.0 0.00055839
10110.0 0.00056716
10130.0 0.00057592
10150.0 0.00058462
10170.0 0.00059338
10190.0 0.00060225
10210.0 0.00061101
10230.0 0.00061975
10250.0 0.0006286
10270.0 0.00063743
10290.0 0.00064615
10310.0 0.00065496
10330.0 0.00066383
10350.0 0.00067255
10370.0 0.00068123
10390.0 0.00068998
10410.0 0.00069867
10430.0 0.0007072
10450.0 0.00071577
10470.0 0.00072434
10490.0 0.00073275
10510.0 0.00074108
10530.0 0.00074951
10550.0 0.00075778
10570.0 0.00076586
10590.0 0.00077394
10610.0 0.00078198
10630.0 0.00078979
10650.0 0.00079752
10670.0 0.00080528
10690.0 0.00081284
10710.0 0.00082022
10730.0 0.00082756
10750.0 0.00083487
10770.0 0.00084185
10790.0 0.00084873
10810.0 0.00085555
10830.0 0.00086213
10850.0 0.00086838
10870.0 0.00087444
10890.0 0.0008799
10910.0 0.00088436
10930.0 0.00088745
10950.0 0.00088841
10970.0 0.00088656
10990.0 0.00088161
11010.0 0.00089431
11030.0 0.00088081
11050.0 0.00086388
11070.0 0.0008433
11090.0 0.00081837
11110.0 0.00079246
11130.0 0.00076542
11150.0 0.00073636
11170.0 0.00070653
11190.0 0.00067771
11210.0 0.00064815
11230.0 0.00061805
11250.0 0.00058947
11270.0 0.00056219
11290.0 0.00053503
11310.0 0.00050941
11330.0 0.00048685
11350.0 0.00046554
11370.0 0.0004458
11390.0 0.00042856
11410.0 0.0004133
11430.0 0.00039892
11450.0 0.00038624
11470.0 0.00037499
11490.0 0.00036428
11510.0 0.00035377
11530.0 0.00034384
11550.0 0.00033392
11570.0 0.00032339
11590.0 0.00031256
11610.0 0.00030163
11630.0 0.00028992
11650.0 0.00027755
11670.0 0.00026546
11690.0 0.00025331
11710.0 0.00024088
11730.0 0.00022887
11750.0 0.00021775
11770.0 0.00020685
11790.0 0.0001966
11810.0 0.00018748
11830.0 0.00017923
11850.0 0.00017154
11870.0 0.00016494
11890.0 0.0001593
11910.0 0.0001542
11930.0 0.00014967
11950.0 0.00014574
11970.0 0.00014212
11990.0 0.00013864
12010.0 0.00013536
12030.0 0.00013218
12050.0 0.00012893
12070.0 0.00012559
12090.0 0.00012237
12110.0 0.0001191
12130.0 0.0001158
12150.0 0.00011267
12170.0 0.0001098
12190.0 0.00010709
12210.0 0.00010482
12230.0 0.00010307
12250.0 0.00010185
12270.0 0.00010127
12290.0 0.00010137
12310.0 0.00010209
12330.0 0.00010357
12350.0 0.00010573
12370.0 0.00010839
12390.0 0.00011162
12410.0 0.00011557
12430.0 0.00011964
12450.0 0.00012389
12470.0 0.00012846
12490.0 0.00013304
12510.0 0.0001373
12530.0 0.00014151
12550.0 0.00014555
12570.0 0.00014902
12590.0 0.00015198
12610.0 0.00015455
12630.0 0.00015647
12650.0 0.0001576
12670.0 0.00015815
12690.0 0.00015803
12710.0 0.00015721
12730.0 0.00015578
12750.0 0.00015369
12770.0 0.00015105
12790.0 0.00014797
12810.0 0.00014442
12830.0 0.00014042
12850.0 0.00013628
12870.0 0.00013195
12890.0 0.00012735
12910.0 0.0001227
12930.0 0.00011814
12950.0 0.00011343
12970.0 0.00010866
12990.0 0.00010415
13010.0 9.9702e-05
13030.0 9.5218e-05
13050.0 9.09e-05
13070.0 8.6831e-05
13090.0 8.2744e-05
13110.0 7.8769e-05
13130.0 7.5068e-05
13150.0 7.1533e-05
13170.0 6.8046e-05
13190.0 6.4892e-05
13210.0 6.2062e-05
13230.0 5.9426e-05
13250.0 5.7085e-05
13270.0 5.5146e-05
13290.0 5.3531e-05
13310.0 5.2259e-05
13330.0 5.1425e-05
13350.0 5.0999e-05
13370.0 5.0989e-05
13390.0 5.1428e-05
13410.0 5.2216e-05
13430.0 5.3384e-05
13450.0 5.4945e-05
13470.0 5.676e-05
13490.0 5.8747e-05
13510.0 6.1065e-05
13530.0 6.3474e-05
13550.0 6.5826e-05
13570.0 6.8195e-05
13590.0 7.0557e-05
13610.0 7.2697e-05
13630.0 7.4598e-05
13650.0 7.6377e-05
13670.0 7.7888e-05
13690.0 7.9081e-05
13710.0 8.0035e-05
13730.0 8.0755e-05
13750.0 8.1149e-05
13770.0 8.1295e-05
13790.0 8.1211e-05
13810.0 8.0893e-05
13830.0 8.0381e-05
13850.0 7.9669e-05
13870.0 7.8761e-05
13890.0 7.7714e-05
13910.0 7.6533e-05
13930.0 7.5176e-05
13950.0 7.3702e-05
13970.0 7.2201e-05
13990.0 7.0582e-05
14010.0 6.8875e-05
14030.0 6.7182e-05
14050.0 6.5488e-05
14070.0 6.3712e-05
14090.0 6.2017e-05
14110.0 6.0428e-05
14130.0 5.8889e-05
14150.0 5.7439e-05
14170.0 5.6194e-05
14190.0 5.5109e-05
14210.0 5.4174e-05
14230.0 5.3462e-05
14250.0 5.2977e-05
14270.0 5.2702e-05
14290.0 5.267e-05
14310.0 5.2869e-05
14330.0 5.3285e-05
14350.0 5.3937e-05
14370.0 5.4779e-05
14390.0 5.5762e-05
14410.0 5.6947e-05
14430.0 5.8278e-05
14450.0 5.9668e-05
14470.0 6.1143e-05
14490.0 6.2747e-05
14510.0 6.4322e-05
14530.0 6.5857e-05
14550.0 6.7431e-05
14570.0 6.8986e-05
14590.0 7.0445e-05
14610.0 7.1895e-05
14630.0 7.3368e-05
14650.0 7.4778e-05
14670.0 7.6165e-05
14690.0 7.7624e-05
14710.0 7.9164e-05
14730.0 8.0701e-05
14750.0 8.2387e-05
14770.0 8.4268e-05
14790.0 8.6278e-05
14810.0 8.8426e-05
14830.0 9.0923e-05
14850.0 9.36e-05
14870.0 9.6365e-05
14890.0 9.9317e-05
14910.0 0.00010242
14930.0 0.0001054
14950.0 0.00010819
14970.0 0.00011082
14990.0 0.00011306
15010.0 0.0001148
15030.0 0.00011614
15050.0 0.00011708
15070.0 0.00011762
15090.0 0.00011793
15110.0 0.00011807
15130.0 0.0001181
15150.0 0.00011809
15170.0 0.00011804
15190.0 0.00011797
15210.0 0.00011791
15230.0 0.00011786
15250.0 0.00011779
15270.0 0.00011773
15290.0 0.00011768
15310.0 0.00011763
15330.0 0.00011758
15350.0 0.00011754
15370.0 0.0001175
15390.0 0.00011744
15410.0 0.0001174
15430.0 0.00011737
15450.0 0.00011733
15470.0 0.00011728
15490.0 0.00011725
15510.0 0.00011722
15530.0 0.00011718
15550.0 0.00011715
15570.0 0.00011713
15590.0 0.00011709
15610.0 0.00011705
15630.0 0.00011702
15650.0 0.000117
15670.0 0.00011696
15690.0 0.00011693
15710.0 0.00011691
15730.0 0.00011687
15750.0 0.00011684
15770.0 0.00011681
15790.0 0.00011678
15810.0 0.00011674
15830.0 0.0001167
15850.0 0.00011668
15870.0 0.00011664
15890.0 0.0001166
15910.0 0.00011657
15930.0 0.00011653
15950.0 0.00011648
15970.0 0.00011644
15990.0 0.0001164
16010.0 0.00011635
16030.0 0.00011629
16050.0 0.00011625
16070.0 0.0001162
16090.0 0.00011614
16110.0 0.00011609
16130.0 0.00011604
16150.0 0.00011597
16170.0 0.0001159
16190.0 0.00011585
16210.0 0.00011578
16230.0 0.0001157
16250.0 0.00011563
16270.0 0.00011556
16290.0 0.00011548
16310.0 0.00011539
16330.0 0.00011532
16350.0 0.00011523
16370.0 0.00011513
16390.0 0.00011504
16410.0 0.00011495
16430.0 0.00011484
16450.0 0.00011473
16470.0 0.00011464
16490.0 0.00011452
16510.0 0.0001144
16530.0 0.00011429
16550.0 0.00011417
16570.0 0.00011404
16590.0 0.0001139
16610.0 0.00011378
16630.0 0.00011365
16650.0 0.0001135
16670.0 0.00011336
16690.0 0.00011322
16710.0 0.00011306
16730.0 0.0001129
16750.0 0.00011275
16770.0 0.00011258
16790.0 0.00011241
16810.0 0.00011224
16830.0 0.00011207
16850.0 0.00011189
16870.0 0.00011171
16890.0 0.00011153
16910.0 0.00011133
16930.0 0.00011112
16950.0 0.00011093
16970.0 0.00011073
16990.0 0.00011052
17010.0 0.00011031
17030.0 0.0001101
17050.0 0.00010988
17070.0 0.00010965
17090.0 0.00010943
17110.0 0.0001092
17130.0 0.00010895
17150.0 0.00010871
17170.0 0.00010847
17190.0 0.00010822
17210.0 0.00010797
17230.0 0.00010772
17250.0 0.00010746
17270.0 0.00010719
17290.0 0.00010692
17310.0 0.00010666
17330.0 0.00010637
17350.0 0.00010609
17370.0 0.00010582
17390.0 0.00010553
17410.0 0.00010523
17430.0 0.00010494
17450.0 0.00010466
17470.0 0.00010434
17490.0 0.00010403
17510.0 0.00010373
17530.0 0.00010342
17550.0 0.0001031
17570.0 0.00010278
17590.0 0.00010247
17610.0 0.00010214
17630.0 0.0001018
17650.0 0.00010148
17670.0 0.00010114
17690.0 0.00010079
17710.0 0.00010046
17730.0 0.00010012
17750.0 9.9764e-05
17770.0 9.9412e-05
17790.0 9.907e-05
17810.0 9.8709e-05
17830.0 9.8342e-05
17850.0 9.7984e-05
17870.0 9.7624e-05
17890.0 9.7247e-05
17910.0 9.6873e-05
17930.0 9.6511e-05
17950.0 9.6134e-05
17970.0 9.5751e-05
17990.0 9.5378e-05
18010.0 9.5001e-05
18030.0 9.4603e-05
18050.0 9.4216e-05
18070.0 9.3834e-05
18090.0 9.3439e-05
18110.0 9.3038e-05
18130.0 9.2651e-05
18150.0 9.2258e-05
18170.0 9.1851e-05
18190.0 9.1451e-05
18210.0 9.1057e-05
18230.0 9.0645e-05
18250.0 9.0229e-05
18270.0 8.9829e-05
18290.0 8.9422e-05
18310.0 8.9003e-05
18330.0 8.8593e-05
18350.0 8.8188e-05
18370.0 8.7766e-05
18390.0 8.7344e-05
18410.0 8.6933e-05
18430.0 8.6515e-05
18450.0 8.6082e-05
18470.0 8.5663e-05
18490.0 8.5248e-05
18510.0 8.482e-05
18530.0 8.4392e-05
18550.0 8.3977e-05
18570.0 8.355e-05
18590.0 8.3112e-05
18610.0 8.2687e-05
18630.0 8.2264e-05
18650.0 8.1828e-05
18670.0 8.1392e-05
18690.0 8.0972e-05
18710.0 8.0542e-05
18730.0 8.0104e-05
18750.0 7.9676e-05
18770.0 7.9252e-05
18790.0 7.8806e-05
18810.0 7.837e-05
18830.0 7.7945e-05
18850.0 7.7511e-05
18870.0 7.707e-05
18890.0 7.6642e-05
18910.0 7.6215e-05
18930.0 7.5774e-05
18950.0 7.5339e-05
18970.0 7.4913e-05
18990.0 7.4478e-05
19010.0 7.403e-05
19030.0 7.3605e-05
19050.0 7.3177e-05
19070.0 7.2738e-05
19090.0 7.2305e-05
19110.0 7.1884e-05
19130.0 7.1447e-05
19150.0 7.1008e-05
19170.0 7.0582e-05
19190.0 7.0155e-05
19210.0 6.9716e-05
19230.0 6.9284e-05
19250.0 6.8865e-05
19270.0 6.8435e-05
19290.0 6.8002e-05
19310.0 6.7582e-05
19330.0 6.716e-05
19350.0 6.6721e-05
19370.0 6.6297e-05
19390.0 6.5879e-05
19410.0 6.5452e-05
19430.0 6.5023e-05
19450.0 6.4609e-05
19470.0 6.4191e-05
19490.0 6.3764e-05
19510.0 6.3347e-05
19530.0 6.2936e-05
19550.0 6.2511e-05
19570.0 6.2087e-05
19590.0 6.1679e-05
19610.0 6.1267e-05
19630.0 6.0847e-05
19650.0 6.0437e-05
19670.0 6.0035e-05
19690.0 5.9618e-05
19710.0 5.9205e-05
19730.0 5.8803e-05
19750.0 5.8397e-05
19770.0 5.798e-05
19790.0 5.7578e-05
19810.0 5.7182e-05
19830.0 5.6774e-05
19850.0 5.6367e-05
19870.0 5.5968e-05
19890.0 5.5549e-05
19910.0 5.5103e-05
19930.0 5.464e-05
19950.0 5.4133e-05
19970.0 5.3542e-05
19990.0 5.2863e-05
20010.0 4.954e-05
20030.0 4.871e-05
20050.0 4.7767e-05
20070.0 4.6765e-05
20090.0 4.5705e-05
20110.0 4.453e-05
20130.0 4.3354e-05
20150.0 4.2199e-05
20170.0 4.1015e-05
20190.0 3.9825e-05
20210.0 3.8706e-05
20230.0 3.762e-05
20250.0 3.6536e-05
20270.0 3.5531e-05
20290.0 3.461e-05
20310.0 3.3733e-05
20330.0 3.291e-05
20350.0 3.2215e-05
20370.0 3.1591e-05
20390.0 3.1033e-05
20410.0 3.0568e-05
20430.0 3.0195e-05
20450.0 2.9884e-05
20470.0 2.9653e-05
20490.0 2.9502e-05
20510.0 2.9415e-05
20530.0 2.9393e-05
20550.0 2.9431e-05
20570.0 2.9516e-05
20590.0 2.9654e-05
20610.0 2.9837e-05
20630.0 3.0048e-05
20650.0 3.0294e-05
20670.0 3.0585e-05
20690.0 3.0886e-05
20710.0 3.1201e-05
20730.0 3.1543e-05
20750.0 3.1902e-05
20770.0 3.2252e-05
20790.0 3.2618e-05
20810.0 3.3003e-05
20830.0 3.338e-05
20850.0 3.3754e-05
20870.0 3.415e-05
20890.0 3.4549e-05
20910.0 3.4927e-05
20930.0 3.5315e-05
20950.0 3.5713e-05
20970.0 3.6096e-05
20990.0 3.647e-05
21010.0 3.6863e-05
21030.0 3.7244e-05
21050.0 3.7603e-05
21070.0 3.7961e-05
21090.0 3.8321e-05
21110.0 3.8646e-05
21130.0 3.895e-05
21150.0 3.9247e-05
21170.0 3.9515e-05
21190.0 3.9746e-05
21210.0 3.9957e-05
21230.0 4.0136e-05
21250.0 4.0265e-05
21270.0 4.035e-05
21290.0 4.039e-05
21310.0 4.0374e-05
21330.0 4.03e-05
21350.0 4.0164e-05
21370.0 3.996e-05
21390.0 3.9692e-05
21410.0 3.936e-05
21430.0 3.8936e-05
21450.0 3.8452e-05
21470.0 3.7918e-05
21490.0 3.7308e-05
21510.0 3.6633e-05
21530.0 3.5939e-05
21550.0 3.5205e-05
21570.0 3.4415e-05
21590.0 3.363e-05
21610.0 3.2861e-05
21630.0 3.2084e-05
21650.0 3.1314e-05
21670.0 3.0632e-05
21690.0 2.9991e-05
21710.0 2.9398e-05
21730.0 2.8893e-05
21750.0 2.848e-05
21770.0 2.8135e-05
21790.0 2.789e-05
21810.0 2.7747e-05
21830.0 2.7696e-05
21850.0 2.7742e-05
21870.0 2.7878e-05
21890.0 2.8089e-05
21910.0 2.8387e-05
21930.0 2.876e-05
21950.0 2.9179e-05
21970.0 2.9657e-05
21990.0 3.0211e-05
22010.0 3.0774e-05
22030.0 3.1356e-05
22050.0 3.1979e-05
22070.0 3.2615e-05
22090.0 3.3225e-05
22110.0 3.385e-05
22130.0 3.4483e-05
22150.0 3.5081e-05
22170.0 3.5652e-05
22190.0 3.6225e-05
22210.0 3.6764e-05
22230.0 3.7242e-05
22250.0 3.7696e-05
22270.0 3.8118e-05
22290.0 3.848e-05
22310.0 3.8791e-05
22330.0 3.9069e-05
22350.0 3.9284e-05
22370.0 3.9435e-05
22390.0 3.9531e-05
22410.0 3.9565e-05
22430.0 3.953e-05
22450.0 3.943e-05
22470.0 3.9259e-05
22490.0 3.9017e-05
22510.0 3.8714e-05
22530.0 3.8329e-05
22550.0 3.7861e-05
22570.0 3.7341e-05
22590.0 3.6755e-05
22610.0 3.6083e-05
22630.0 3.5354e-05
22650.0 3.46e-05
22670.0 3.3766e-05
22690.0 3.2875e-05
22710.0 3.1974e-05
22730.0 3.1043e-05
22750.0 3.0034e-05
22770.0 2.9044e-05
22790.0 2.8076e-05
22810.0 2.708e-05
22830.0 2.6084e-05
22850.0 2.515e-05
22870.0 2.4232e-05
22890.0 2.3318e-05
22910.0 2.2475e-05
22930.0 2.17e-05
22950.0 2.096e-05
22970.0 2.0275e-05
22990.0 1.9704e-05
23010.0 1.9195e-05
23030.0 1.8754e-05
23050.0 1.8408e-05
23070.0 1.8151e-05
23090.0 1.7968e-05
23110.0 1.7877e-05
23130.0 1.7873e-05
23150.0 1.7949e-05
23170.0 1.8111e-05
23190.0 1.8344e-05
23210.0 1.8636e-05
23230.0 1.9004e-05
23250.0 1.9429e-05
23270.0 1.9885e-05
23290.0 2.0389e-05
23310.0 2.0949e-05
23330.0 2.1503e-05
23350.0 2.2061e-05
23370.0 2.2641e-05
23390.0 2.3212e-05
23410.0 2.374e-05
23430.0 2.4261e-05
23450.0 2.4759e-05
23470.0 2.52e-05
23490.0 2.5592e-05
23510.0 2.5948e-05
23530.0 2.6242e-05
23550.0 2.6462e-05
23570.0 2.6629e-05
23590.0 2.6735e-05
23610.0 2.6774e-05
23630.0 2.6754e-05
23650.0 2.6673e-05
23670.0 2.6533e-05
23690.0 2.6347e-05
23710.0 2.6109e-05
23730.0 2.5821e-05
23750.0 2.5513e-05
23770.0 2.518e-05
23790.0 2.4817e-05
23810.0 2.4452e-05
23830.0 2.4098e-05
23850.0 2.374e-05
23870.0 2.3397e-05
23890.0 2.3098e-05
23910.0 2.2832e-05
23930.0 2.2599e-05
23950.0 2.2417e-05
23970.0 2.2286e-05
23990.0 2.2196e-05
24010.0 2.2153e-05
24030.0 2.2154e-05
24050.0 2.2192e-05
24070.0 2.227e-05
24090.0 2.2375e-05
24110.0 2.2501e-05
24130.0 2.2652e-05
24150.0 2.2822e-05
24170.0 2.2997e-05
24190.0 2.3187e-05
24210.0 2.3394e-05
24230.0 2.3603e-05
24250.0 2.3813e-05
24270.0 2.4035e-05
24290.0 2.4267e-05
24310.0 2.4485e-05
24330.0 2.4711e-05
24350.0 2.4945e-05
24370.0 2.5175e-05
24390.0 2.54e-05
24410.0 2.5642e-05
24430.0 2.5881e-05
24450.0 2.6114e-05
24470.0 2.6352e-05
24490.0 2.6599e-05
24510.0 2.6837e-05
24530.0 2.7066e-05
24550.0 2.7299e-05
24570.0 2.7521e-05
24590.0 2.7721e-05
24610.0 2.7907e-05
24630.0 2.8076e-05
24650.0 2.8206e-05
24670.0 2.8304e-05
24690.0 2.8372e-05
24710.0 2.8403e-05
24730.0 2.8399e-05
24750.0 2.8363e-05
24770.0 2.8293e-05
24790.0 2.8196e-05
24810.0 2.8068e-05
24830.0 2.7886e-05
24850.0 2.7618e-05
24870.0 2.7221e-05
24890.0 2.657e-05
24910.0 2.5517e-05
24930.0 2.4002e-05
24950.0 2.1926e-05
24970.0 1.9121e-05
24990.0 1.5904e-05
