#lamb flux
1010.0 6.5593e-06
1030.0 6.8703e-06
1050.0 7.6401e-06
1070.0 8.4965e-06
1090.0 9.3904e-06
1110.0 1.0284e-05
1130.0 1.1158e-05
1150.0 1.2057e-05
1170.0 1.2963e-05
1190.0 1.378e-05
1210.0 1.4579e-05
1230.0 1.5377e-05
1250.0 1.6129e-05
1270.0 1.6814e-05
1290.0 1.7516e-05
1310.0 1.818e-05
1330.0 1.8775e-05
1350.0 1.9364e-05
1370.0 1.9977e-05
1390.0 2.0577e-05
1410.0 2.118e-05
1430.0 2.187e-05
1450.0 2.2626e-05
1470.0 2.3438e-05
1490.0 2.4366e-05
1510.0 2.5464e-05
1530.0 2.6657e-05
1550.0 2.7993e-05
1570.0 2.953e-05
1590.0 3.1251e-05
1610.0 3.3128e-05
1630.0 3.5259e-05
1650.0 3.7627e-05
1670.0 4.0174e-05
1690.0 4.2915e-05
1710.0 4.5902e-05
1730.0 4.909e-05
1750.0 5.2375e-05
1770.0 5.5842e-05
1790.0 5.9457e-05
1810.0 6.3109e-05
1830.0 6.6774e-05
1850.0 7.0522e-05
1870.0 7.4175e-05
1890.0 7.7665e-05
1910.0 8.1022e-05
1930.0 8.4205e-05
1950.0 8.7046e-05
1970.0 8.9557e-05
1990.0 9.1786e-05
2010.0 9.361e-05
2030.0 9.4978e-05
2050.0 9.5992e-05
2070.0 9.6642e-05
2090.0 9.6799e-05
2110.0 9.6576e-05
2130.0 9.6051e-05
2150.0 9.5179e-05
2170.0 9.3968e-05
2190.0 9.258e-05
2210.0 9.1012e-05
2230.0 8.9247e-05
2250.0 8.7382e-05
2270.0 8.552e-05
2290.0 8.3604e-05
2310.0 8.1666e-05
2330.0 7.9825e-05
2350.0 7.8083e-05
2370.0 7.6418e-05
2390.0 7.4915e-05
2410.0 7.3647e-05
2430.0 7.2566e-05
2450.0 7.1716e-05
2470.0 7.1199e-05
2490.0 7.1054e-05
2510.0 7.1233e-05
2530.0 7.1962e-05
2550.0 7.3536e-05
2570.0 7.6187e-05
2590.0 8.0264e-05
2610.0 8.6838e-05
2630.0 9.6156e-05
2650.0 0.00010785
2670.0 0.00012228
2690.0 0.00013923
2710.0 0.00015682
2730.0 0.0001742
2750.0 0.00019186
2770.0 0.00020865
2790.0 0.00022433
2810.0 0.00024
2830.0 0.00025668
2850.0 0.0002735
2870.0 0.00029136
2890.0 0.00031106
2910.0 0.00033218
2930.0 0.00035405
2950.0 0.00037785
2970.0 0.00040344
2990.0 0.00042988
3010.0 0.00047703
3030.0 0.00050797
3050.0 0.00054012
3070.0 0.0005719
3090.0 0.00060406
3110.0 0.00063481
3130.0 0.00066165
3150.0 0.00068334
3170.0 0.00069749
3190.0 0.00070863
3210.0 0.00073118
3230.0 0.00076254
3250.0 0.00077135
3270.0 0.00075171
3290.0 0.00072518
3310.0 0.00071331
3330.0 0.00071171
3350.0 0.00071663
3370.0 0.00072483
3390.0 0.00073862
3410.0 0.00074836
3430.0 0.00074039
3450.0 0.00074174
3470.0 0.00074844
3490.0 0.00082733
3510.0 0.0010539
3530.0 0.0013034
3550.0 0.001484
3570.0 0.001626
3590.0 0.0017061
3610.0 0.0016906
3630.0 0.0016518
3650.0 0.0017616
3670.0 0.0020471
3690.0 0.0023272
3710.0 0.0025371
3730.0 0.0027241
3750.0 0.002901
3770.0 0.0028583
3790.0 0.0026592
3810.0 0.0024688
3830.0 0.0023013
3850.0 0.0022628
3870.0 0.0024312
3890.0 0.0026551
3910.0 0.0028286
3930.0 0.0030101
3950.0 0.0033593
3970.0 0.0036392
3990.0 0.0034905
4010.0 0.0030862
4030.0 0.002697
4050.0 0.002545
4070.0 0.0025162
4090.0 0.0024669
4110.0 0.0024509
4130.0 0.0024285
4150.0 0.0024402
4170.0 0.0025901
4190.0 0.0028099
4210.0 0.0028021
4230.0 0.0027103
4250.0 0.0026873
4270.0 0.0027485
4290.0 0.002911
4310.0 0.0030648
4330.0 0.0029428
4350.0 0.0025936
4370.0 0.0022939
4390.0 0.0020431
4410.0 0.0018179
4430.0 0.0017756
4450.0 0.0018797
4470.0 0.0019851
4490.0 0.0021275
4510.0 0.0024353
4530.0 0.0031052
4550.0 0.0040683
4570.0 0.0046945
4590.0 0.0050691
4610.0 0.005694
4630.0 0.0061908
4650.0 0.0058854
4670.0 0.0049475
4690.0 0.0040744
4710.0 0.0035971
4730.0 0.0033822
4750.0 0.0031177
4770.0 0.0029
4790.0 0.0030337
4810.0 0.0033095
4830.0 0.0033796
4850.0 0.0032168
4870.0 0.0032221
4890.0 0.0034644
4910.0 0.0036841
4930.0 0.0037641
4950.0 0.0037011
4970.0 0.0034861
4990.0 0.0031442
5010.0 0.0028237
5030.0 0.0026036
5050.0 0.0024756
5070.0 0.00238
5090.0 0.0022862
5110.0 0.0022517
5130.0 0.0022506
5150.0 0.0023111
5170.0 0.0025305
5190.0 0.0028505
5210.0 0.0032305
5230.0 0.0035228
5250.0 0.0037207
5270.0 0.0039615
5290.0 0.0042461
5310.0 0.0043932
5330.0 0.0043106
5350.0 0.00412
5370.0 0.0040986
5390.0 0.004335
5410.0 0.0047137
5430.0 0.0050278
5450.0 0.0052031
5470.0 0.005238
5490.0 0.0051439
5510.0 0.0050376
5530.0 0.004977
5550.0 0.0049464
5570.0 0.0048875
5590.0 0.0047823
5610.0 0.0046221
5630.0 0.0043517
5650.0 0.003998
5670.0 0.0037316
5690.0 0.0036178
5710.0 0.0035729
5730.0 0.0035096
5750.0 0.0034443
5770.0 0.0034076
5790.0 0.0034216
5810.0 0.0034187
5830.0 0.0034291
5850.0 0.0034453
5870.0 0.0033768
5890.0 0.0032636
5910.0 0.0031083
5930.0 0.0028303
5950.0 0.0025466
5970.0 0.0024044
5990.0 0.0024007
6010.0 0.0024092
6030.0 0.0023306
6050.0 0.0022564
6070.0 0.0023429
6090.0 0.002523
6110.0 0.0026277
6130.0 0.0025866
6150.0 0.0024804
6170.0 0.0024076
6190.0 0.0023463
6210.0 0.0022329
6230.0 0.0020643
6250.0 0.0019418
6270.0 0.0019167
6290.0 0.0019187
6310.0 0.0019975
6330.0 0.0021792
6350.0 0.002398
6370.0 0.0025389
6390.0 0.0026154
6410.0 0.0026961
6430.0 0.0027594
6450.0 0.0028174
6470.0 0.0028848
6490.0 0.002954
6510.0 0.0030096
6530.0 0.0030296
6550.0 0.0030288
6570.0 0.0029614
6590.0 0.002821
6610.0 0.0027065
6630.0 0.0026322
6650.0 0.0025356
6670.0 0.0024073
6690.0 0.0022986
6710.0 0.0022412
6730.0 0.0021925
6750.0 0.0021495
6770.0 0.0021309
6790.0 0.0021129
6810.0 0.0020652
6830.0 0.0020246
6850.0 0.0020596
6870.0 0.0020904
6890.0 0.0020602
6910.0 0.0020294
6930.0 0.0020052
6950.0 0.0019596
6970.0 0.0018901
6990.0 0.0018247
7010.0 0.0017843
7030.0 0.0017473
7050.0 0.0016676
7070.0 0.0015653
7090.0 0.001539
7110.0 0.001597
7130.0 0.0016883
7150.0 0.0017717
7170.0 0.0018362
7190.0 0.0018522
7210.0 0.0017991
7230.0 0.0017639
7250.0 0.0017862
7270.0 0.0017779
7290.0 0.0017556
7310.0 0.0017715
7330.0 0.0018316
7350.0 0.0019146
7370.0 0.0019668
7390.0 0.0019863
7410.0 0.001986
7430.0 0.0019468
7450.0 0.0018836
7470.0 0.0018262
7490.0 0.0017589
7510.0 0.0016998
7530.0 0.0016811
7550.0 0.0016784
7570.0 0.0016786
7590.0 0.001694
7610.0 0.0016935
7630.0 0.0016917
7650.0 0.0017384
7670.0 0.0018088
7690.0 0.0018778
7710.0 0.0019341
7730.0 0.0019856
7750.0 0.0020417
7770.0 0.0020956
7790.0 0.002141
7810.0 0.0021581
7830.0 0.0021226
7850.0 0.0020516
7870.0 0.0019622
7890.0 0.0018745
7910.0 0.0018328
7930.0 0.0018043
7950.0 0.0017657
7970.0 0.0017273
7990.0 0.001715
8010.0 0.0016153
8030.0 0.0016026
8050.0 0.0015869
8070.0 0.0015628
8090.0 0.0015399
8110.0 0.0015347
8130.0 0.0015384
8150.0 0.0015295
8170.0 0.0015139
8190.0 0.0014696
8210.0 0.0013858
8230.0 0.0013043
8250.0 0.0012627
8270.0 0.0012153
8290.0 0.0011398
8310.0 0.0010739
8330.0 0.0010344
8350.0 0.0010039
8370.0 0.0010155
8390.0 0.0010754
8410.0 0.0011454
8430.0 0.0012227
8450.0 0.0013142
8470.0 0.0013851
8490.0 0.0014573
8510.0 0.0015237
8530.0 0.0015882
8550.0 0.0016418
8570.0 0.0016806
8590.0 0.0017117
8610.0 0.0017512
8630.0 0.0017625
8650.0 0.001729
8670.0 0.0017308
8690.0 0.0017792
8710.0 0.0018393
8730.0 0.0018524
8750.0 0.0018174
8770.0 0.0018103
8790.0 0.0018054
8810.0 0.0017623
8830.0 0.0016367
8850.0 0.0014825
8870.0 0.0013713
8890.0 0.0013246
8910.0 0.0012671
8930.0 0.0011783
8950.0 0.0011081
8970.0 0.0010887
8990.0 0.0011006
9010.0 0.0011002
9030.0 0.0010899
9050.0 0.0010815
9070.0 0.0010755
9090.0 0.0010698
9110.0 0.0010642
9130.0 0.0010586
9150.0 0.0010531
9170.0 0.0010475
9190.0 0.0010422
9210.0 0.001037
9230.0 0.0010316
9250.0 0.0010262
9270.0 0.0010209
9290.0 0.0010156
9310.0 0.0010104
9330.0 0.0010053
9350.0 0.0010002
9370.0 0.00099517
9390.0 0.00099017
9410.0 0.0009852
9430.0 0.00098012
9450.0 0.00097435
9470.0 0.00096888
9490.0 0.00096487
9510.0 0.00096048
9530.0 0.00095607
9550.0 0.00095149
9570.0 0.00094689
9590.0 0.00094235
9610.0 0.0009378
9630.0 0.00093322
9650.0 0.00092868
9670.0 0.00092427
9690.0 0.00091978
9710.0 0.00091532
9730.0 0.00091096
9750.0 0.00090659
9770.0 0.00090215
9790.0 0.00089781
9810.0 0.00089353
9830.0 0.00088917
9850.0 0.00088465
9870.0 0.00088048
9890.0 0.0008763
9910.0 0.00087204
9930.0 0.00086783
9950.0 0.00086322
9970.0 0.00085908
9990.0 0.00085485
10010.0 0.00085044
10030.0 0.00084615
10050.0 0.00084209
10070.0 0.00083803
10090.0 0.00083397
10110.0 0.00082943
10130.0 0.0008233
10150.0 0.00081939
10170.0 0.00081583
10190.0 0.00081182
10210.0 0.00080787
10230.0 0.00080386
10250.0 0.0007995
10270.0 0.00079512
10290.0 0.00079092
10310.0 0.00078646
10330.0 0.00078178
10350.0 0.00077736
10370.0 0.00077293
10390.0 0.00076824
10410.0 0.00076356
10430.0 0.00075914
10450.0 0.00075444
10470.0 0.00074959
10490.0 0.00074492
10510.0 0.00074024
10530.0 0.00073514
10550.0 0.00073017
10570.0 0.00072539
10590.0 0.00072037
10610.0 0.00071518
10630.0 0.00071021
10650.0 0.00070517
10670.0 0.00069976
10690.0 0.00069447
10710.0 0.00068929
10730.0 0.00068384
10750.0 0.00067813
10770.0 0.0006728
10790.0 0.00066733
10810.0 0.00066156
10830.0 0.00065588
10850.0 0.00065037
10870.0 0.00064438
10890.0 0.00063836
10910.0 0.00063256
10930.0 0.00062667
10950.0 0.00062051
10970.0 0.00061451
10990.0 0.00060879
11010.0 0.00058419
11030.0 0.00057779
11050.0 0.00057182
11070.0 0.00056599
11090.0 0.00056004
11110.0 0.00055468
11130.0 0.00054964
11150.0 0.00054468
11170.0 0.00054002
11190.0 0.00053587
11210.0 0.00053191
11230.0 0.00052816
11250.0 0.00052487
11270.0 0.00052193
11290.0 0.00051916
11310.0 0.00051667
11330.0 0.00051456
11350.0 0.00051259
11370.0 0.00051073
11390.0 0.00050903
11410.0 0.0005074
11430.0 0.00050567
11450.0 0.00050391
11470.0 0.00050209
11490.0 0.00050008
11510.0 0.00049779
11530.0 0.00049537
11550.0 0.00049272
11570.0 0.00048969
11590.0 0.00048638
11610.0 0.00048288
11630.0 0.00047894
11650.0 0.00047455
11670.0 0.00047002
11690.0 0.00046515
11710.0 0.00045975
11730.0 0.00045403
11750.0 0.00044817
11770.0 0.00044174
11790.0 0.00043485
11810.0 0.00042783
11830.0 0.00042051
11850.0 0.00041252
11870.0 0.0004045
11890.0 0.00039658
11910.0 0.00038831
11930.0 0.0003799
11950.0 0.00037186
11970.0 0.00036385
11990.0 0.00035571
12010.0 0.00034801
12030.0 0.00034074
12050.0 0.00033358
12070.0 0.00032664
12090.0 0.00032046
12110.0 0.00031456
12130.0 0.00030891
12150.0 0.00030379
12170.0 0.00029921
12190.0 0.00029482
12210.0 0.00029095
12230.0 0.00028768
12250.0 0.00028483
12270.0 0.00028242
12290.0 0.00028054
12310.0 0.00027914
12330.0 0.00027814
12350.0 0.00027755
12370.0 0.00027731
12390.0 0.00027737
12410.0 0.00027774
12430.0 0.00027828
12450.0 0.00027896
12470.0 0.00027979
12490.0 0.00028071
12510.0 0.0002816
12530.0 0.00028254
12550.0 0.0002835
12570.0 0.00028435
12590.0 0.00028509
12610.0 0.00028576
12630.0 0.00028624
12650.0 0.00028646
12670.0 0.00028646
12690.0 0.00028617
12710.0 0.00028554
12730.0 0.0002846
12750.0 0.00028326
12770.0 0.00028156
12790.0 0.00027955
12810.0 0.00027719
12830.0 0.00027448
12850.0 0.00027163
12870.0 0.00026861
12890.0 0.00026536
12910.0 0.00026207
12930.0 0.00025885
12950.0 0.00025554
12970.0 0.00025224
12990.0 0.00024917
13010.0 0.00024619
13030.0 0.00024327
13050.0 0.00024051
13070.0 0.00023797
13090.0 0.00023547
13110.0 0.00023308
13130.0 0.00023087
13150.0 0.00022876
13170.0 0.00022669
13190.0 0.00022477
13210.0 0.000223
13230.0 0.00022128
13250.0 0.00021964
13270.0 0.00021813
13290.0 0.00021667
13310.0 0.00021524
13330.0 0.00021389
13350.0 0.0002126
13370.0 0.00021128
13390.0 0.00020995
13410.0 0.00020865
13430.0 0.0002073
13450.0 0.00020586
13470.0 0.00020437
13490.0 0.00020285
13510.0 0.00020115
13530.0 0.00019938
13550.0 0.00019757
13570.0 0.00019566
13590.0 0.00019362
13610.0 0.00019156
13630.0 0.0001895
13650.0 0.00018732
13670.0 0.00018512
13690.0 0.00018297
13710.0 0.00018079
13730.0 0.00017852
13750.0 0.00017638
13770.0 0.00017427
13790.0 0.00017212
13810.0 0.00017002
13830.0 0.00016804
13850.0 0.00016604
13870.0 0.00016406
13890.0 0.0001622
13910.0 0.00016043
13930.0 0.00015867
13950.0 0.00015701
13970.0 0.00015552
13990.0 0.00015408
14010.0 0.00015273
14030.0 0.00015151
14050.0 0.0001504
14070.0 0.00014932
14090.0 0.00014835
14110.0 0.00014748
14130.0 0.00014665
14150.0 0.00014585
14170.0 0.00014514
14190.0 0.00014445
14210.0 0.00014378
14230.0 0.00014313
14250.0 0.00014251
14270.0 0.00014188
14290.0 0.00014125
14310.0 0.00014064
14330.0 0.00014003
14350.0 0.0001394
14370.0 0.00013877
14390.0 0.00013817
14410.0 0.00013754
14430.0 0.00013691
14450.0 0.0001363
14470.0 0.0001357
14490.0 0.00013508
14510.0 0.00013448
14530.0 0.00013391
14550.0 0.00013332
14570.0 0.00013272
14590.0 0.00013214
14610.0 0.00013153
14630.0 0.00013087
14650.0 0.00013021
14670.0 0.00012956
14690.0 0.00012889
14710.0 0.00012824
14730.0 0.0001277
14750.0 0.00012724
14770.0 0.00012692
14790.0 0.00012681
14810.0 0.00012692
14830.0 0.00012732
14850.0 0.00012805
14870.0 0.00012907
14890.0 0.00013043
14910.0 0.0001321
14930.0 0.00013393
14950.0 0.00013581
14970.0 0.00013774
14990.0 0.00013952
15010.0 0.00014103
15030.0 0.00014228
15050.0 0.00014328
15070.0 0.00014397
15090.0 0.00014449
15110.0 0.00014488
15130.0 0.00014518
15150.0 0.00014544
15170.0 0.00014568
15190.0 0.00014592
15210.0 0.00014615
15230.0 0.00014639
15250.0 0.00014663
15270.0 0.00014688
15290.0 0.00014713
15310.0 0.00014739
15330.0 0.00014766
15350.0 0.00014793
15370.0 0.0001482
15390.0 0.00014848
15410.0 0.00014876
15430.0 0.00014905
15450.0 0.00014935
15470.0 0.00014965
15490.0 0.00014995
15510.0 0.00015026
15530.0 0.00015058
15550.0 0.00015089
15570.0 0.00015122
15590.0 0.00015155
15610.0 0.00015188
15630.0 0.00015221
15650.0 0.00015255
15670.0 0.0001529
15690.0 0.00015325
15710.0 0.0001536
15730.0 0.00015396
15750.0 0.00015432
15770.0 0.00015468
15790.0 0.00015505
15810.0 0.00015542
15830.0 0.00015579
15850.0 0.00015617
15870.0 0.00015655
15890.0 0.00015694
15910.0 0.00015732
15930.0 0.00015771
15950.0 0.00015811
15970.0 0.0001585
15990.0 0.0001589
16010.0 0.0001593
16030.0 0.0001597
16050.0 0.00016011
16070.0 0.00016051
16090.0 0.00016092
16110.0 0.00016133
16130.0 0.00016175
16150.0 0.00016216
16170.0 0.00016258
16190.0 0.000163
16210.0 0.00016341
16230.0 0.00016383
16250.0 0.00016425
16270.0 0.00016468
16290.0 0.0001651
16310.0 0.00016552
16330.0 0.00016594
16350.0 0.00016637
16370.0 0.00016679
16390.0 0.00016721
16410.0 0.00016764
16430.0 0.00016806
16450.0 0.00016848
16470.0 0.0001689
16490.0 0.00016932
16510.0 0.00016974
16530.0 0.00017016
16550.0 0.00017058
16570.0 0.000171
16590.0 0.00017141
16610.0 0.00017183
16630.0 0.00017224
16650.0 0.00017265
16670.0 0.00017306
16690.0 0.00017346
16710.0 0.00017387
16730.0 0.00017427
16750.0 0.00017466
16770.0 0.00017506
16790.0 0.00017545
16810.0 0.00017584
16830.0 0.00017623
16850.0 0.00017661
16870.0 0.00017698
16890.0 0.00017736
16910.0 0.00017773
16930.0 0.00017809
16950.0 0.00017846
16970.0 0.00017882
16990.0 0.00017917
17010.0 0.00017952
17030.0 0.00017986
17050.0 0.0001802
17070.0 0.00018053
17090.0 0.00018086
17110.0 0.00018118
17130.0 0.00018149
17150.0 0.00018181
17170.0 0.00018211
17190.0 0.00018241
17210.0 0.0001827
17230.0 0.00018299
17250.0 0.00018327
17270.0 0.00018354
17290.0 0.0001838
17310.0 0.00018406
17330.0 0.00018431
17350.0 0.00018456
17370.0 0.0001848
17390.0 0.00018503
17410.0 0.00018525
17430.0 0.00018546
17450.0 0.00018567
17470.0 0.00018587
17490.0 0.00018606
17510.0 0.00018624
17530.0 0.00018642
17550.0 0.00018658
17570.0 0.00018674
17590.0 0.00018689
17610.0 0.00018703
17630.0 0.00018716
17650.0 0.00018728
17670.0 0.00018739
17690.0 0.0001875
17710.0 0.00018759
17730.0 0.00018768
17750.0 0.00018775
17770.0 0.00018782
17790.0 0.00018788
17810.0 0.00018793
17830.0 0.00018797
17850.0 0.00018799
17870.0 0.00018801
17890.0 0.00018802
17910.0 0.00018802
17930.0 0.00018801
17950.0 0.00018799
17970.0 0.00018796
17990.0 0.00018792
18010.0 0.00018787
18030.0 0.0001878
18050.0 0.00018773
18070.0 0.00018765
18090.0 0.00018756
18110.0 0.00018746
18130.0 0.00018735
18150.0 0.00018722
18170.0 0.00018709
18190.0 0.00018695
18210.0 0.00018679
18230.0 0.00018663
18250.0 0.00018645
18270.0 0.00018627
18290.0 0.00018608
18310.0 0.00018587
18330.0 0.00018565
18350.0 0.00018543
18370.0 0.00018519
18390.0 0.00018495
18410.0 0.00018469
18430.0 0.00018442
18450.0 0.00018415
18470.0 0.00018386
18490.0 0.00018356
18510.0 0.00018325
18530.0 0.00018294
18550.0 0.00018261
18570.0 0.00018227
18590.0 0.00018193
18610.0 0.00018157
18630.0 0.0001812
18650.0 0.00018083
18670.0 0.00018044
18690.0 0.00018005
18710.0 0.00017964
18730.0 0.00017923
18750.0 0.00017881
18770.0 0.00017837
18790.0 0.00017793
18810.0 0.00017748
18830.0 0.00017702
18850.0 0.00017655
18870.0 0.00017608
18890.0 0.00017559
18910.0 0.0001751
18930.0 0.00017459
18950.0 0.00017408
18970.0 0.00017356
18990.0 0.00017303
19010.0 0.00017249
19030.0 0.00017195
19050.0 0.0001714
19070.0 0.00017084
19090.0 0.00017027
19110.0 0.0001697
19130.0 0.00016911
19150.0 0.00016852
19170.0 0.00016793
19190.0 0.00016732
19210.0 0.00016671
19230.0 0.00016609
19250.0 0.00016547
19270.0 0.00016484
19290.0 0.0001642
19310.0 0.00016355
19330.0 0.0001629
19350.0 0.00016225
19370.0 0.00016158
19390.0 0.00016091
19410.0 0.00016024
19430.0 0.00015956
19450.0 0.00015887
19470.0 0.00015818
19490.0 0.00015749
19510.0 0.00015679
19530.0 0.00015608
19550.0 0.00015537
19570.0 0.00015465
19590.0 0.00015393
19610.0 0.00015321
19630.0 0.00015248
19650.0 0.00015175
19670.0 0.00015101
19690.0 0.00015027
19710.0 0.00014953
19730.0 0.00014878
19750.0 0.00014803
19770.0 0.00014727
19790.0 0.00014651
19810.0 0.00014575
19830.0 0.00014498
19850.0 0.00014421
19870.0 0.00014342
19890.0 0.0001426
19910.0 0.00014174
19930.0 0.0001408
19950.0 0.00013976
19970.0 0.00013856
19990.0 0.00013716
20010.0 0.00013559
20030.0 0.0001338
20050.0 0.00013178
20070.0 0.00012965
20090.0 0.00012741
20110.0 0.00012501
20130.0 0.00012262
20150.0 0.00012028
20170.0 0.00011791
20190.0 0.00011555
20210.0 0.00011329
20230.0 0.00011109
20250.0 0.00010888
20270.0 0.00010678
20290.0 0.00010477
20310.0 0.0001028
20330.0 0.00010088
20350.0 9.9119e-05
20370.0 9.743e-05
20390.0 9.5798e-05
20410.0 9.4279e-05
20430.0 9.2878e-05
20450.0 9.1525e-05
20470.0 9.027e-05
20490.0 8.9128e-05
20510.0 8.8065e-05
20530.0 8.7072e-05
20550.0 8.6169e-05
20570.0 8.5347e-05
20590.0 8.4581e-05
20610.0 8.3876e-05
20630.0 8.3228e-05
20650.0 8.2622e-05
20670.0 8.2056e-05
20690.0 8.152e-05
20710.0 8.1005e-05
20730.0 8.0506e-05
20750.0 8.0014e-05
20770.0 7.9519e-05
20790.0 7.9018e-05
20810.0 7.8505e-05
20830.0 7.7973e-05
20850.0 7.7419e-05
20870.0 7.6837e-05
20890.0 7.6223e-05
20910.0 7.5581e-05
20930.0 7.4906e-05
20950.0 7.4193e-05
20970.0 7.3454e-05
20990.0 7.2688e-05
21010.0 7.188e-05
21030.0 7.1047e-05
21050.0 7.02e-05
21070.0 6.9327e-05
21090.0 6.8421e-05
21110.0 6.752e-05
21130.0 6.6613e-05
21150.0 6.5682e-05
21170.0 6.4752e-05
21190.0 6.3836e-05
21210.0 6.2906e-05
21230.0 6.1969e-05
21250.0 6.1059e-05
21270.0 6.0159e-05
21290.0 5.9256e-05
21310.0 5.837e-05
21330.0 5.7519e-05
21350.0 5.6671e-05
21370.0 5.5837e-05
21390.0 5.5037e-05
21410.0 5.4262e-05
21430.0 5.3491e-05
21450.0 5.276e-05
21470.0 5.2065e-05
21490.0 5.139e-05
21510.0 5.0741e-05
21530.0 5.0132e-05
21550.0 4.9548e-05
21570.0 4.8985e-05
21590.0 4.8454e-05
21610.0 4.7951e-05
21630.0 4.7467e-05
21650.0 4.7002e-05
21670.0 4.6562e-05
21690.0 4.6136e-05
21710.0 4.5722e-05
21730.0 4.5321e-05
21750.0 4.493e-05
21770.0 4.4543e-05
21790.0 4.4161e-05
21810.0 4.3783e-05
21830.0 4.3407e-05
21850.0 4.3031e-05
21870.0 4.2654e-05
21890.0 4.2278e-05
21910.0 4.1898e-05
21930.0 4.1516e-05
21950.0 4.1133e-05
21970.0 4.0747e-05
21990.0 4.0353e-05
22010.0 3.9958e-05
22030.0 3.956e-05
22050.0 3.9154e-05
22070.0 3.8742e-05
22090.0 3.8329e-05
22110.0 3.7907e-05
22130.0 3.7475e-05
22150.0 3.7039e-05
22170.0 3.6599e-05
22190.0 3.6143e-05
22210.0 3.568e-05
22230.0 3.5219e-05
22250.0 3.4747e-05
22270.0 3.4263e-05
22290.0 3.378e-05
22310.0 3.3294e-05
22330.0 3.2791e-05
22350.0 3.2288e-05
22370.0 3.1789e-05
22390.0 3.1281e-05
22410.0 3.0762e-05
22430.0 3.0256e-05
22450.0 2.9751e-05
22470.0 2.9237e-05
22490.0 2.8727e-05
22510.0 2.8231e-05
22530.0 2.7726e-05
22550.0 2.7221e-05
22570.0 2.6736e-05
22590.0 2.6258e-05
22610.0 2.578e-05
22630.0 2.5316e-05
22650.0 2.4876e-05
22670.0 2.4438e-05
22690.0 2.4012e-05
22710.0 2.3609e-05
22730.0 2.3221e-05
22750.0 2.2839e-05
22770.0 2.2482e-05
22790.0 2.2146e-05
22810.0 2.1822e-05
22830.0 2.1514e-05
22850.0 2.1227e-05
22870.0 2.0954e-05
22890.0 2.0691e-05
22910.0 2.0445e-05
22930.0 2.0213e-05
22950.0 1.999e-05
22970.0 1.9776e-05
22990.0 1.9576e-05
23010.0 1.9382e-05
23030.0 1.9194e-05
23050.0 1.9014e-05
23070.0 1.8839e-05
23090.0 1.8667e-05
23110.0 1.8498e-05
23130.0 1.8334e-05
23150.0 1.8171e-05
23170.0 1.8008e-05
23190.0 1.7847e-05
23210.0 1.7687e-05
23230.0 1.7524e-05
23250.0 1.7359e-05
23270.0 1.7194e-05
23290.0 1.7025e-05
23310.0 1.6849e-05
23330.0 1.6672e-05
23350.0 1.6491e-05
23370.0 1.6304e-05
23390.0 1.6112e-05
23410.0 1.5921e-05
23430.0 1.5725e-05
23450.0 1.5527e-05
23470.0 1.5332e-05
23490.0 1.5141e-05
23510.0 1.4948e-05
23530.0 1.4763e-05
23550.0 1.459e-05
23570.0 1.4423e-05
23590.0 1.4266e-05
23610.0 1.4123e-05
23630.0 1.3994e-05
23650.0 1.3877e-05
23670.0 1.3777e-05
23690.0 1.3694e-05
23710.0 1.3627e-05
23730.0 1.3579e-05
23750.0 1.3548e-05
23770.0 1.3536e-05
23790.0 1.3544e-05
23810.0 1.3572e-05
23830.0 1.3617e-05
23850.0 1.3685e-05
23870.0 1.3777e-05
23890.0 1.3881e-05
23910.0 1.4001e-05
23930.0 1.4143e-05
23950.0 1.4293e-05
23970.0 1.4444e-05
23990.0 1.4608e-05
24010.0 1.4776e-05
24030.0 1.4933e-05
24050.0 1.5084e-05
24070.0 1.5238e-05
24090.0 1.5372e-05
24110.0 1.5488e-05
24130.0 1.5597e-05
24150.0 1.5692e-05
24170.0 1.5768e-05
24190.0 1.5835e-05
24210.0 1.5895e-05
24230.0 1.5942e-05
24250.0 1.5979e-05
24270.0 1.6014e-05
24290.0 1.6047e-05
24310.0 1.6071e-05
24330.0 1.6095e-05
24350.0 1.6122e-05
24370.0 1.6148e-05
24390.0 1.6173e-05
24410.0 1.6207e-05
24430.0 1.6242e-05
24450.0 1.6277e-05
24470.0 1.6316e-05
24490.0 1.6361e-05
24510.0 1.6405e-05
24530.0 1.6448e-05
24550.0 1.6496e-05
24570.0 1.6543e-05
24590.0 1.6587e-05
24610.0 1.6631e-05
24630.0 1.6679e-05
24650.0 1.672e-05
24670.0 1.6761e-05
24690.0 1.6805e-05
24710.0 1.685e-05
24730.0 1.6892e-05
24750.0 1.694e-05
24770.0 1.6991e-05
24790.0 1.7038e-05
24810.0 1.7078e-05
24830.0 1.7101e-05
24850.0 1.7071e-05
24870.0 1.6948e-05
24890.0 1.666e-05
24910.0 1.6105e-05
24930.0 1.5233e-05
24950.0 1.3984e-05
24970.0 1.2248e-05
24990.0 9.995e-06
