#lamb flux
1010.0 7.3362e-07
1030.0 8.0195e-07
1050.0 8.8093e-07
1070.0 9.7016e-07
1090.0 1.0718e-06
1110.0 1.1768e-06
1130.0 1.2832e-06
1150.0 1.3955e-06
1170.0 1.5124e-06
1190.0 1.6245e-06
1210.0 1.7394e-06
1230.0 1.8594e-06
1250.0 1.9786e-06
1270.0 2.0962e-06
1290.0 2.2217e-06
1310.0 2.349e-06
1330.0 2.4735e-06
1350.0 2.6012e-06
1370.0 2.7348e-06
1390.0 2.8675e-06
1410.0 2.9989e-06
1430.0 3.1376e-06
1450.0 3.2784e-06
1470.0 3.4172e-06
1490.0 3.5592e-06
1510.0 3.7098e-06
1530.0 3.8554e-06
1550.0 4.0007e-06
1570.0 4.1514e-06
1590.0 4.303e-06
1610.0 4.4496e-06
1630.0 4.6e-06
1650.0 4.7535e-06
1670.0 4.9019e-06
1690.0 5.0475e-06
1710.0 5.1961e-06
1730.0 5.3432e-06
1750.0 5.4794e-06
1770.0 5.6158e-06
1790.0 5.7507e-06
1810.0 5.8768e-06
1830.0 5.9953e-06
1850.0 6.1157e-06
1870.0 6.2263e-06
1890.0 6.3257e-06
1910.0 6.4202e-06
1930.0 6.5101e-06
1950.0 6.586e-06
1970.0 6.6523e-06
1990.0 6.7144e-06
2010.0 6.7658e-06
2030.0 6.8042e-06
2050.0 6.8374e-06
2070.0 6.8647e-06
2090.0 6.8768e-06
2110.0 6.8804e-06
2130.0 6.8792e-06
2150.0 6.8683e-06
2170.0 6.8457e-06
2190.0 6.8202e-06
2210.0 6.789e-06
2230.0 6.748e-06
2250.0 6.7015e-06
2270.0 6.6546e-06
2290.0 6.6006e-06
2310.0 6.5394e-06
2330.0 6.4782e-06
2350.0 6.4151e-06
2370.0 6.3464e-06
2390.0 6.2768e-06
2410.0 6.2089e-06
2430.0 6.1359e-06
2450.0 6.0575e-06
2470.0 5.9756e-06
2490.0 5.8868e-06
2510.0 5.7889e-06
2530.0 5.6918e-06
2550.0 5.6107e-06
2570.0 5.5682e-06
2590.0 5.5917e-06
2610.0 5.7366e-06
2630.0 6.0301e-06
2650.0 6.4587e-06
2670.0 7.034e-06
2690.0 7.7417e-06
2710.0 8.4791e-06
2730.0 9.1926e-06
2750.0 9.9011e-06
2770.0 1.0536e-05
2790.0 1.1075e-05
2810.0 1.1569e-05
2830.0 1.2059e-05
2850.0 1.25e-05
2870.0 1.2938e-05
2890.0 1.3404e-05
2910.0 1.3881e-05
2930.0 1.4343e-05
2950.0 1.4838e-05
2970.0 1.5355e-05
2990.0 1.5862e-05
3010.0 3.6268e-05
3030.0 3.7476e-05
3050.0 3.871e-05
3070.0 3.9891e-05
3090.0 4.1125e-05
3110.0 4.238e-05
3130.0 4.3569e-05
3150.0 4.4697e-05
3170.0 4.5817e-05
3190.0 4.6783e-05
3210.0 4.7521e-05
3230.0 4.8196e-05
3250.0 4.7409e-05
3270.0 4.7931e-05
3290.0 4.7481e-05
3310.0 5.1609e-05
3330.0 5.5399e-05
3350.0 5.9536e-05
3370.0 6.4305e-05
3390.0 6.9675e-05
3410.0 7.5262e-05
3430.0 8.1264e-05
3450.0 8.7895e-05
3470.0 9.4926e-05
3490.0 0.00010227
3510.0 0.00011004
3530.0 0.00011833
3550.0 0.000129
3570.0 0.00014132
3590.0 0.00015154
3610.0 0.00016301
3630.0 0.00016732
3650.0 0.00017074
3670.0 0.00017285
3690.0 0.0001777
3710.0 0.0001832
3730.0 0.00018018
3750.0 0.00017485
3770.0 0.00016754
3790.0 0.00015901
3810.0 0.00014822
3830.0 0.0001311
3850.0 8.1905e-05
3870.0 0.0001138
3890.0 0.00015515
3910.0 0.00019143
3930.0 0.00022076
3950.0 0.00023436
3970.0 0.00024434
3990.0 0.00029355
4010.0 0.00027753
4030.0 0.00024305
4050.0 0.0002156
4070.0 0.0001941
4090.0 0.0002274
4110.0 0.00024245
4130.0 0.00024449
4150.0 0.0002414
4170.0 0.00022707
4190.0 0.00021454
4210.0 0.00025328
4230.0 0.00028695
4250.0 0.00029224
4270.0 0.00028189
4290.0 0.00028719
4310.0 0.00030484
4330.0 0.000346
4350.0 0.00037145
4370.0 0.00036622
4390.0 0.00030882
4410.0 0.00026438
4430.0 0.00022415
4450.0 0.00019483
4470.0 0.00020266
4490.0 0.0002528
4510.0 0.00027398
4530.0 0.00030104
4550.0 0.00032395
4570.0 0.00040096
4590.0 0.00058289
4610.0 0.00076143
4630.0 0.00076346
4650.0 0.00071503
4670.0 0.00076962
4690.0 0.00086796
4710.0 0.00073371
4730.0 0.00053237
4750.0 0.00041388
4770.0 0.00038689
4790.0 0.00039473
4810.0 0.00036691
4830.0 0.00039892
4850.0 0.00048674
4870.0 0.00059652
4890.0 0.00054401
4910.0 0.00046478
4930.0 0.00050084
4950.0 0.00065901
4970.0 0.00086906
4990.0 0.00089944
5010.0 0.00078632
5030.0 0.00060409
5050.0 0.00043176
5070.0 0.00035683
5090.0 0.00033289
5110.0 0.00033328
5130.0 0.00034819
5150.0 0.00034244
5170.0 0.00035065
5190.0 0.00033522
5210.0 0.00034143
5230.0 0.00036844
5250.0 0.00039821
5270.0 0.00049373
5290.0 0.00057628
5310.0 0.0005729
5330.0 0.00059074
5350.0 0.00067424
5370.0 0.00073495
5390.0 0.00067851
5410.0 0.00057841
5430.0 0.00054514
5450.0 0.00063026
5470.0 0.0008208
5490.0 0.0010232
5510.0 0.0011176
5530.0 0.0011298
5550.0 0.0010711
5570.0 0.0010081
5590.0 0.0009793
5610.0 0.00099464
5630.0 0.0010118
5650.0 0.0010112
5670.0 0.0010104
5690.0 0.0009862
5710.0 0.00086549
5730.0 0.00072901
5750.0 0.00062068
5770.0 0.00063542
5790.0 0.00069705
5810.0 0.00075276
5830.0 0.00078019
5850.0 0.00077391
5870.0 0.00071425
5890.0 0.00062497
5910.0 0.00062366
5930.0 0.00069022
5950.0 0.00070223
5970.0 0.00063848
5990.0 0.00055123
6010.0 0.00045012
6030.0 0.00037773
6050.0 0.00038054
6070.0 0.0004391
6090.0 0.00046287
6110.0 0.00041157
6130.0 0.00038224
6150.0 0.00041581
6170.0 0.00050179
6190.0 0.0005975
6210.0 0.00063574
6230.0 0.00060842
6250.0 0.00055868
6270.0 0.00048158
6290.0 0.00039931
6310.0 0.00033387
6330.0 0.00030793
6350.0 0.00032545
6370.0 0.00034321
6390.0 0.00036355
6410.0 0.00041807
6430.0 0.0005267
6450.0 0.00066385
6470.0 0.00074058
6490.0 0.00072593
6510.0 0.00071458
6530.0 0.00074066
6550.0 0.00074892
6570.0 0.00076152
6590.0 0.00076446
6610.0 0.00075086
6630.0 0.00075925
6650.0 0.00075556
6670.0 0.00071746
6690.0 0.00063618
6710.0 0.00054054
6730.0 0.00053124
6750.0 0.0005762
6770.0 0.00062058
6790.0 0.00063613
6810.0 0.00063053
6830.0 0.00062027
6850.0 0.00060755
6870.0 0.0005706
6890.0 0.00054357
6910.0 0.00051598
6930.0 0.00050272
6950.0 0.00054217
6970.0 0.00058239
6990.0 0.00061052
7010.0 0.00061376
7030.0 0.00057728
7050.0 0.00050132
7070.0 0.00040684
7090.0 0.00034677
7110.0 0.00033887
7130.0 0.00036293
7150.0 0.00036114
7170.0 0.00032749
7190.0 0.00032443
7210.0 0.00035936
7230.0 0.0004168
7250.0 0.00047389
7270.0 0.00049497
7290.0 0.00045832
7310.0 0.00040488
7330.0 0.00037159
7350.0 0.00036692
7370.0 0.00037798
7390.0 0.00039281
7410.0 0.00041942
7430.0 0.00048202
7450.0 0.00056165
7470.0 0.00063591
7490.0 0.00066556
7510.0 0.00064182
7530.0 0.0005365
7550.0 0.00044055
7570.0 0.00036834
7590.0 0.00032621
7610.0 0.00033976
7630.0 0.00039352
7650.0 0.00044973
7670.0 0.00050368
7690.0 0.00054374
7710.0 0.00057673
7730.0 0.00060849
7750.0 0.00063835
7770.0 0.0006528
7790.0 0.0006497
7810.0 0.00065892
7830.0 0.00068244
7850.0 0.00067536
7870.0 0.00065228
7890.0 0.00060934
7910.0 0.0005697
7930.0 0.00054668
7950.0 0.00053909
7970.0 0.0005316
7990.0 0.0005323
8010.0 0.0005426
8030.0 0.00054467
8050.0 0.00055548
8070.0 0.00054809
8090.0 0.00054658
8110.0 0.00052342
8130.0 0.00051927
8150.0 0.0005059
8170.0 0.00049102
8190.0 0.00048315
8210.0 0.00048571
8230.0 0.00046049
8250.0 0.00043486
8270.0 0.00038068
8290.0 0.00030568
8310.0 0.00023215
8330.0 0.00017655
8350.0 0.0001577
8370.0 0.0001813
8390.0 0.00021435
8410.0 0.00023683
8430.0 0.0002569
8450.0 0.00026981
8470.0 0.00028285
8490.0 0.00031382
8510.0 0.00035221
8530.0 0.00040931
8550.0 0.00047684
8570.0 0.00053811
8590.0 0.00058719
8610.0 0.00062544
8630.0 0.00064785
8650.0 0.00065008
8670.0 0.00065032
8690.0 0.00067234
8710.0 0.00069102
8730.0 0.00070888
8750.0 0.000698
8770.0 0.0007011
8790.0 0.00069171
8810.0 0.00064445
8830.0 0.00062229
8850.0 0.00058471
8870.0 0.00055546
8890.0 0.00053415
8910.0 0.00054344
8930.0 0.00051283
8950.0 0.00049052
8970.0 0.00048144
8990.0 0.00047142
9010.0 0.00045902
9030.0 0.00044778
9050.0 0.00044492
9070.0 0.00044358
9090.0 0.0004423
9110.0 0.00044109
9130.0 0.00043978
9150.0 0.00043844
9170.0 0.00043665
9190.0 0.00043449
9210.0 0.0004362
9230.0 0.00043397
9250.0 0.00043216
9270.0 0.00043048
9290.0 0.0004289
9310.0 0.00042735
9330.0 0.00042583
9350.0 0.00042434
9370.0 0.00042285
9390.0 0.00042133
9410.0 0.00041982
9430.0 0.00041829
9450.0 0.0004165
9470.0 0.00041479
9490.0 0.00041347
9510.0 0.00041202
9530.0 0.00041052
9550.0 0.000409
9570.0 0.00040746
9590.0 0.00040589
9610.0 0.00040432
9630.0 0.00040274
9650.0 0.00040116
9670.0 0.00039957
9690.0 0.00039798
9710.0 0.00039639
9730.0 0.00039479
9750.0 0.00039319
9770.0 0.0003916
9790.0 0.00039
9810.0 0.00038839
9830.0 0.00038679
9850.0 0.0003852
9870.0 0.00038359
9890.0 0.00038198
9910.0 0.00038037
9930.0 0.00037872
9950.0 0.0003744
9970.0 0.00037359
9990.0 0.00037263
10010.0 0.00037158
10030.0 0.0003703
10050.0 0.00036883
10070.0 0.00036727
10090.0 0.00036581
10110.0 0.00036418
10130.0 0.00036266
10150.0 0.00036109
10170.0 0.00035943
10190.0 0.00035768
10210.0 0.00035606
10230.0 0.00035448
10250.0 0.00035279
10270.0 0.00035111
10290.0 0.00034953
10310.0 0.00034786
10330.0 0.00034609
10350.0 0.00034445
10370.0 0.00034281
10390.0 0.00034106
10410.0 0.00033933
10430.0 0.00033771
10450.0 0.00033599
10470.0 0.00033421
10490.0 0.00033251
10510.0 0.00033081
10530.0 0.00032895
10550.0 0.00032715
10570.0 0.00032544
10590.0 0.00032364
10610.0 0.00032177
10630.0 0.00032001
10650.0 0.00031822
10670.0 0.00031629
10690.0 0.00031441
10710.0 0.0003126
10730.0 0.00031067
10750.0 0.00030865
10770.0 0.0003068
10790.0 0.00030489
10810.0 0.00030287
10830.0 0.00030088
10850.0 0.00029897
10870.0 0.00029685
10890.0 0.00029468
10910.0 0.00029255
10930.0 0.00029026
10950.0 0.00028769
10970.0 0.00028497
10990.0 0.00028213
11010.0 0.00026162
11030.0 0.00025813
11050.0 0.00025479
11070.0 0.00025143
11090.0 0.00024786
11110.0 0.00024462
11130.0 0.00024152
11150.0 0.00023835
11170.0 0.00023525
11190.0 0.00023239
11210.0 0.00022947
11230.0 0.00022647
11250.0 0.00022363
11270.0 0.00022086
11290.0 0.00021797
11310.0 0.0002151
11330.0 0.00021249
11350.0 0.00020983
11370.0 0.00020713
11390.0 0.0002046
11410.0 0.00020215
11430.0 0.00019952
11450.0 0.00019696
11470.0 0.00019448
11490.0 0.00019189
11510.0 0.00018911
11530.0 0.00018639
11550.0 0.00018361
11570.0 0.00018056
11590.0 0.00017742
11610.0 0.00017429
11630.0 0.0001709
11650.0 0.00016728
11670.0 0.00016379
11690.0 0.00016023
11710.0 0.00015649
11730.0 0.0001528
11750.0 0.00014931
11770.0 0.00014572
11790.0 0.00014217
11810.0 0.00013886
11830.0 0.00013569
11850.0 0.00013248
11870.0 0.00012954
11890.0 0.00012687
11910.0 0.00012425
11930.0 0.00012175
11950.0 0.00011951
11970.0 0.00011737
11990.0 0.00011524
12010.0 0.00011331
12030.0 0.00011153
12050.0 0.00010978
12070.0 0.00010809
12090.0 0.00010664
12110.0 0.00010525
12130.0 0.00010393
12150.0 0.00010276
12170.0 0.00010177
12190.0 0.00010084
12210.0 0.00010009
12230.0 9.9556e-05
12250.0 9.9193e-05
12270.0 9.9024e-05
12290.0 9.9092e-05
12310.0 9.9388e-05
12330.0 9.9925e-05
12350.0 0.00010072
12370.0 0.00010173
12390.0 0.00010299
12410.0 0.00010455
12430.0 0.00010625
12450.0 0.00010811
12470.0 0.00011017
12490.0 0.00011235
12510.0 0.00011452
12530.0 0.00011677
12550.0 0.00011905
12570.0 0.00012121
12590.0 0.00012324
12610.0 0.0001252
12630.0 0.00012697
12650.0 0.00012845
12670.0 0.00012974
12690.0 0.00013079
12710.0 0.00013156
12730.0 0.00013206
12750.0 0.00013231
12770.0 0.00013229
12790.0 0.00013204
12810.0 0.00013157
12830.0 0.00013087
12850.0 0.00013003
12870.0 0.00012907
12890.0 0.00012794
12910.0 0.00012674
12930.0 0.00012551
12950.0 0.00012418
12970.0 0.00012278
12990.0 0.00012143
13010.0 0.00012006
13030.0 0.00011863
13050.0 0.00011721
13070.0 0.00011583
13090.0 0.00011438
13110.0 0.0001129
13130.0 0.00011146
13150.0 0.00011003
13170.0 0.00010853
13190.0 0.00010712
13210.0 0.00010581
13230.0 0.00010453
13250.0 0.00010336
13270.0 0.00010236
13290.0 0.00010152
13310.0 0.00010082
13330.0 0.00010036
13350.0 0.00010011
13370.0 0.00010005
13390.0 0.00010018
13410.0 0.00010045
13430.0 0.00010084
13450.0 0.00010129
13470.0 0.00010174
13490.0 0.00010213
13510.0 0.00010242
13530.0 0.00010253
13550.0 0.00010244
13570.0 0.00010213
13590.0 0.00010155
13610.0 0.00010074
13630.0 9.9736e-05
13650.0 9.8488e-05
13670.0 9.7077e-05
13690.0 9.5592e-05
13710.0 9.4006e-05
13730.0 9.2302e-05
13750.0 9.0699e-05
13770.0 8.9149e-05
13790.0 8.762e-05
13810.0 8.6194e-05
13830.0 8.4931e-05
13850.0 8.374e-05
13870.0 8.2651e-05
13890.0 8.1716e-05
13910.0 8.0894e-05
13930.0 8.0148e-05
13950.0 7.9503e-05
13970.0 7.8967e-05
13990.0 7.8484e-05
14010.0 7.8057e-05
14030.0 7.769e-05
14050.0 7.7363e-05
14070.0 7.705e-05
14090.0 7.6764e-05
14110.0 7.6491e-05
14130.0 7.6213e-05
14150.0 7.5923e-05
14170.0 7.5629e-05
14190.0 7.532e-05
14210.0 7.4984e-05
14230.0 7.4637e-05
14250.0 7.4286e-05
14270.0 7.3919e-05
14290.0 7.3551e-05
14310.0 7.3206e-05
14330.0 7.2879e-05
14350.0 7.2571e-05
14370.0 7.2299e-05
14390.0 7.2065e-05
14410.0 7.186e-05
14430.0 7.1689e-05
14450.0 7.1547e-05
14470.0 7.1427e-05
14490.0 7.1324e-05
14510.0 7.1232e-05
14530.0 7.1146e-05
14550.0 7.1066e-05
14570.0 7.0993e-05
14590.0 7.0928e-05
14610.0 7.0879e-05
14630.0 7.0858e-05
14650.0 7.0871e-05
14670.0 7.0924e-05
14690.0 7.1041e-05
14710.0 7.1232e-05
14730.0 7.1478e-05
14750.0 7.1814e-05
14770.0 7.2256e-05
14790.0 7.2782e-05
14810.0 7.339e-05
14830.0 7.4161e-05
14850.0 7.5035e-05
14870.0 7.5977e-05
14890.0 7.7029e-05
14910.0 7.8184e-05
14930.0 7.9318e-05
14950.0 8.0392e-05
14970.0 8.1426e-05
14990.0 8.229e-05
15010.0 8.2932e-05
15030.0 8.3382e-05
15050.0 8.3645e-05
15070.0 8.3709e-05
15090.0 8.3649e-05
15110.0 8.3504e-05
15130.0 8.3302e-05
15150.0 8.307e-05
15170.0 8.282e-05
15190.0 8.2561e-05
15210.0 8.23e-05
15230.0 8.2038e-05
15250.0 8.1773e-05
15270.0 8.1507e-05
15290.0 8.1244e-05
15310.0 8.0978e-05
15330.0 8.0711e-05
15350.0 8.0446e-05
15370.0 8.018e-05
15390.0 7.9911e-05
15410.0 7.9643e-05
15430.0 7.9377e-05
15450.0 7.9108e-05
15470.0 7.8839e-05
15490.0 7.8572e-05
15510.0 7.8304e-05
15530.0 7.8035e-05
15550.0 7.7766e-05
15570.0 7.7499e-05
15590.0 7.7229e-05
15610.0 7.6959e-05
15630.0 7.6691e-05
15650.0 7.6423e-05
15670.0 7.6154e-05
15690.0 7.5885e-05
15710.0 7.5619e-05
15730.0 7.535e-05
15750.0 7.5081e-05
15770.0 7.4814e-05
15790.0 7.4547e-05
15810.0 7.4278e-05
15830.0 7.4011e-05
15850.0 7.3746e-05
15870.0 7.3479e-05
15890.0 7.3212e-05
15910.0 7.2948e-05
15930.0 7.2683e-05
15950.0 7.2416e-05
15970.0 7.2152e-05
15990.0 7.1889e-05
16010.0 7.1625e-05
16030.0 7.136e-05
16050.0 7.11e-05
16070.0 7.0838e-05
16090.0 7.0575e-05
16110.0 7.0315e-05
16130.0 7.0056e-05
16150.0 6.9795e-05
16170.0 6.9535e-05
16190.0 6.9277e-05
16210.0 6.9019e-05
16230.0 6.8761e-05
16250.0 6.8505e-05
16270.0 6.825e-05
16290.0 6.7994e-05
16310.0 6.7739e-05
16330.0 6.7486e-05
16350.0 6.7233e-05
16370.0 6.6979e-05
16390.0 6.6728e-05
16410.0 6.6478e-05
16430.0 6.6227e-05
16450.0 6.5978e-05
16470.0 6.5731e-05
16490.0 6.5483e-05
16510.0 6.5235e-05
16530.0 6.4989e-05
16550.0 6.4745e-05
16570.0 6.4499e-05
16590.0 6.4255e-05
16610.0 6.4014e-05
16630.0 6.3772e-05
16650.0 6.3531e-05
16670.0 6.3292e-05
16690.0 6.3053e-05
16710.0 6.2813e-05
16730.0 6.2576e-05
16750.0 6.2341e-05
16770.0 6.2105e-05
16790.0 6.1869e-05
16810.0 6.1637e-05
16830.0 6.1405e-05
16850.0 6.1173e-05
16870.0 6.0942e-05
16890.0 6.0714e-05
16910.0 6.0484e-05
16930.0 6.0255e-05
16950.0 6.0029e-05
16970.0 5.9804e-05
16990.0 5.9578e-05
17010.0 5.9354e-05
17030.0 5.9133e-05
17050.0 5.891e-05
17070.0 5.8688e-05
17090.0 5.847e-05
17110.0 5.8251e-05
17130.0 5.8031e-05
17150.0 5.7815e-05
17170.0 5.76e-05
17190.0 5.7385e-05
17210.0 5.717e-05
17230.0 5.6959e-05
17250.0 5.6747e-05
17270.0 5.6535e-05
17290.0 5.6326e-05
17310.0 5.6118e-05
17330.0 5.5909e-05
17350.0 5.5702e-05
17370.0 5.5497e-05
17390.0 5.5293e-05
17410.0 5.5088e-05
17430.0 5.4886e-05
17450.0 5.4686e-05
17470.0 5.4484e-05
17490.0 5.4284e-05
17510.0 5.4086e-05
17530.0 5.3889e-05
17550.0 5.3691e-05
17570.0 5.3497e-05
17590.0 5.3303e-05
17610.0 5.3109e-05
17630.0 5.2916e-05
17650.0 5.2726e-05
17670.0 5.2535e-05
17690.0 5.2344e-05
17710.0 5.2157e-05
17730.0 5.197e-05
17750.0 5.1783e-05
17770.0 5.1598e-05
17790.0 5.1415e-05
17810.0 5.1231e-05
17830.0 5.1048e-05
17850.0 5.0867e-05
17870.0 5.0687e-05
17890.0 5.0507e-05
17910.0 5.0328e-05
17930.0 5.0152e-05
17950.0 4.9975e-05
17970.0 4.9799e-05
17990.0 4.9626e-05
18010.0 4.9453e-05
18030.0 4.9279e-05
18050.0 4.9107e-05
18070.0 4.8938e-05
18090.0 4.8768e-05
18110.0 4.8598e-05
18130.0 4.8432e-05
18150.0 4.8266e-05
18170.0 4.8099e-05
18190.0 4.7934e-05
18210.0 4.7771e-05
18230.0 4.7608e-05
18250.0 4.7445e-05
18270.0 4.7285e-05
18290.0 4.7125e-05
18310.0 4.6965e-05
18330.0 4.6807e-05
18350.0 4.665e-05
18370.0 4.6493e-05
18390.0 4.6337e-05
18410.0 4.6183e-05
18430.0 4.603e-05
18450.0 4.5875e-05
18470.0 4.5724e-05
18490.0 4.5574e-05
18510.0 4.5423e-05
18530.0 4.5273e-05
18550.0 4.5126e-05
18570.0 4.4978e-05
18590.0 4.483e-05
18610.0 4.4685e-05
18630.0 4.4541e-05
18650.0 4.4396e-05
18670.0 4.4252e-05
18690.0 4.411e-05
18710.0 4.3969e-05
18730.0 4.3827e-05
18750.0 4.3688e-05
18770.0 4.355e-05
18790.0 4.341e-05
18810.0 4.3272e-05
18830.0 4.3136e-05
18850.0 4.3001e-05
18870.0 4.2865e-05
18890.0 4.2731e-05
18910.0 4.2598e-05
18930.0 4.2465e-05
18950.0 4.2333e-05
18970.0 4.2203e-05
18990.0 4.2072e-05
19010.0 4.1941e-05
19030.0 4.1813e-05
19050.0 4.1686e-05
19070.0 4.1558e-05
19090.0 4.1431e-05
19110.0 4.1307e-05
19130.0 4.1181e-05
19150.0 4.1056e-05
19170.0 4.0933e-05
19190.0 4.081e-05
19210.0 4.0687e-05
19230.0 4.0566e-05
19250.0 4.0446e-05
19270.0 4.0326e-05
19290.0 4.0206e-05
19310.0 4.0089e-05
19330.0 3.9971e-05
19350.0 3.9853e-05
19370.0 3.9736e-05
19390.0 3.9621e-05
19410.0 3.9506e-05
19430.0 3.9391e-05
19450.0 3.9278e-05
19470.0 3.9165e-05
19490.0 3.9052e-05
19510.0 3.8941e-05
19530.0 3.8831e-05
19550.0 3.8719e-05
19570.0 3.8609e-05
19590.0 3.8501e-05
19610.0 3.8392e-05
19630.0 3.8284e-05
19650.0 3.8177e-05
19670.0 3.8071e-05
19690.0 3.7965e-05
19710.0 3.7859e-05
19730.0 3.7755e-05
19750.0 3.7651e-05
19770.0 3.7546e-05
19790.0 3.7443e-05
19810.0 3.7342e-05
19830.0 3.7238e-05
19850.0 3.7134e-05
19870.0 3.7029e-05
19890.0 3.6916e-05
19910.0 3.679e-05
19930.0 3.6644e-05
19950.0 3.6468e-05
19970.0 3.6243e-05
19990.0 3.5961e-05
20010.0 3.5627e-05
20030.0 3.5221e-05
20050.0 3.4744e-05
20070.0 3.4228e-05
20090.0 3.3677e-05
20110.0 3.3068e-05
20130.0 3.246e-05
20150.0 3.1867e-05
20170.0 3.1264e-05
20190.0 3.0662e-05
20210.0 3.0097e-05
20230.0 2.9548e-05
20250.0 2.8999e-05
20270.0 2.8483e-05
20290.0 2.8003e-05
20310.0 2.7534e-05
20330.0 2.7078e-05
20350.0 2.6675e-05
20370.0 2.6294e-05
20390.0 2.5929e-05
20410.0 2.5598e-05
20430.0 2.5303e-05
20450.0 2.5021e-05
20470.0 2.4769e-05
20490.0 2.4552e-05
20510.0 2.436e-05
20530.0 2.4191e-05
20550.0 2.4053e-05
20570.0 2.3943e-05
20590.0 2.3854e-05
20610.0 2.3789e-05
20630.0 2.3746e-05
20650.0 2.3722e-05
20670.0 2.3718e-05
20690.0 2.3728e-05
20710.0 2.3751e-05
20730.0 2.3786e-05
20750.0 2.383e-05
20770.0 2.3876e-05
20790.0 2.3927e-05
20810.0 2.3981e-05
20830.0 2.403e-05
20850.0 2.4075e-05
20870.0 2.4116e-05
20890.0 2.4149e-05
20910.0 2.4168e-05
20930.0 2.4176e-05
20950.0 2.4172e-05
20970.0 2.4152e-05
20990.0 2.4117e-05
21010.0 2.4066e-05
21030.0 2.3998e-05
21050.0 2.3916e-05
21070.0 2.3818e-05
21090.0 2.3703e-05
21110.0 2.3578e-05
21130.0 2.3442e-05
21150.0 2.3293e-05
21170.0 2.3135e-05
21190.0 2.2976e-05
21210.0 2.2807e-05
21230.0 2.2631e-05
21250.0 2.246e-05
21270.0 2.2291e-05
21290.0 2.2119e-05
21310.0 2.1952e-05
21330.0 2.1796e-05
21350.0 2.1642e-05
21370.0 2.1495e-05
21390.0 2.1361e-05
21410.0 2.1238e-05
21430.0 2.112e-05
21450.0 2.1019e-05
21470.0 2.0933e-05
21490.0 2.0858e-05
21510.0 2.0798e-05
21530.0 2.0754e-05
21550.0 2.0725e-05
21570.0 2.0711e-05
21590.0 2.0714e-05
21610.0 2.0731e-05
21630.0 2.0765e-05
21650.0 2.0816e-05
21670.0 2.0877e-05
21690.0 2.0953e-05
21710.0 2.1043e-05
21730.0 2.1143e-05
21750.0 2.1247e-05
21770.0 2.1367e-05
21790.0 2.1493e-05
21810.0 2.1618e-05
21830.0 2.1747e-05
21850.0 2.1881e-05
21870.0 2.2009e-05
21890.0 2.213e-05
21910.0 2.2252e-05
21930.0 2.2367e-05
21950.0 2.2469e-05
21970.0 2.2565e-05
21990.0 2.2655e-05
22010.0 2.2729e-05
22030.0 2.2789e-05
22050.0 2.284e-05
22070.0 2.2878e-05
22090.0 2.2899e-05
22110.0 2.2909e-05
22130.0 2.2905e-05
22150.0 2.2886e-05
22170.0 2.2854e-05
22190.0 2.2807e-05
22210.0 2.2745e-05
22230.0 2.2672e-05
22250.0 2.2583e-05
22270.0 2.2479e-05
22290.0 2.2365e-05
22310.0 2.2239e-05
22330.0 2.2093e-05
22350.0 2.1937e-05
22370.0 2.1773e-05
22390.0 2.1593e-05
22410.0 2.1396e-05
22430.0 2.1196e-05
22450.0 2.0988e-05
22470.0 2.0762e-05
22490.0 2.053e-05
22510.0 2.0297e-05
22530.0 2.0049e-05
22550.0 1.979e-05
22570.0 1.9537e-05
22590.0 1.9282e-05
22610.0 1.9018e-05
22630.0 1.8757e-05
22650.0 1.8508e-05
22670.0 1.8255e-05
22690.0 1.8004e-05
22710.0 1.7768e-05
22730.0 1.754e-05
22750.0 1.731e-05
22770.0 1.7098e-05
22790.0 1.6902e-05
22810.0 1.6712e-05
22830.0 1.6531e-05
22850.0 1.6369e-05
22870.0 1.6215e-05
22890.0 1.6067e-05
22910.0 1.5933e-05
22930.0 1.5811e-05
22950.0 1.5695e-05
22970.0 1.5584e-05
22990.0 1.5487e-05
23010.0 1.5395e-05
23030.0 1.5306e-05
23050.0 1.5223e-05
23070.0 1.5146e-05
23090.0 1.5067e-05
23110.0 1.4991e-05
23130.0 1.4919e-05
23150.0 1.4846e-05
23170.0 1.4771e-05
23190.0 1.4698e-05
23210.0 1.4626e-05
23230.0 1.4551e-05
23250.0 1.4477e-05
23270.0 1.4406e-05
23290.0 1.4335e-05
23310.0 1.4264e-05
23330.0 1.4199e-05
23350.0 1.4138e-05
23370.0 1.4079e-05
23390.0 1.4026e-05
23410.0 1.398e-05
23430.0 1.3937e-05
23450.0 1.3899e-05
23470.0 1.3867e-05
23490.0 1.3838e-05
23510.0 1.3813e-05
23530.0 1.3791e-05
23550.0 1.3772e-05
23570.0 1.3754e-05
23590.0 1.3737e-05
23610.0 1.3721e-05
23630.0 1.3706e-05
23650.0 1.3691e-05
23670.0 1.3676e-05
23690.0 1.3662e-05
23710.0 1.3649e-05
23730.0 1.3637e-05
23750.0 1.3629e-05
23770.0 1.3625e-05
23790.0 1.3628e-05
23810.0 1.3639e-05
23830.0 1.3658e-05
23850.0 1.3691e-05
23870.0 1.3739e-05
23890.0 1.3801e-05
23910.0 1.388e-05
23930.0 1.3981e-05
23950.0 1.4099e-05
23970.0 1.4229e-05
23990.0 1.4382e-05
24010.0 1.4552e-05
24030.0 1.473e-05
24050.0 1.4919e-05
24070.0 1.5128e-05
24090.0 1.5334e-05
24110.0 1.5537e-05
24130.0 1.5747e-05
24150.0 1.5956e-05
24170.0 1.6152e-05
24190.0 1.6345e-05
24210.0 1.6538e-05
24230.0 1.6717e-05
24250.0 1.6884e-05
24270.0 1.7049e-05
24290.0 1.7208e-05
24310.0 1.7349e-05
24330.0 1.7487e-05
24350.0 1.7624e-05
24370.0 1.7753e-05
24390.0 1.7877e-05
24410.0 1.8009e-05
24430.0 1.814e-05
24450.0 1.8268e-05
24470.0 1.8402e-05
24490.0 1.8544e-05
24510.0 1.8683e-05
24530.0 1.882e-05
24550.0 1.8962e-05
24570.0 1.9099e-05
24590.0 1.9225e-05
24610.0 1.9343e-05
24630.0 1.9451e-05
24650.0 1.9538e-05
24670.0 1.9606e-05
24690.0 1.9658e-05
24710.0 1.9691e-05
24730.0 1.9706e-05
24750.0 1.9707e-05
24770.0 1.9694e-05
24790.0 1.9668e-05
24810.0 1.9628e-05
24830.0 1.9557e-05
24850.0 1.943e-05
24870.0 1.9209e-05
24890.0 1.8807e-05
24910.0 1.8114e-05
24930.0 1.7081e-05
24950.0 1.5638e-05
24970.0 1.3665e-05
24990.0 1.1384e-05
