#lamb flux
1010.0 8.6055e-07
1030.0 8.6055e-07
1050.0 8.6055e-07
1070.0 8.6055e-07
1090.0 8.6055e-07
1110.0 8.6055e-07
1130.0 8.6055e-07
1150.0 8.6055e-07
1170.0 8.6055e-07
1190.0 8.6055e-07
1210.0 8.6055e-07
1230.0 8.6055e-07
1250.0 8.6055e-07
1270.0 8.6055e-07
1290.0 8.6055e-07
1310.0 8.6055e-07
1330.0 8.6055e-07
1350.0 8.6055e-07
1370.0 8.6055e-07
1390.0 8.6055e-07
1410.0 8.6055e-07
1430.0 8.6055e-07
1450.0 8.6055e-07
1470.0 8.6055e-07
1490.0 8.6055e-07
1510.0 8.6055e-07
1530.0 8.6146e-07
1550.0 1.022e-06
1570.0 1.1985e-06
1590.0 1.3914e-06
1610.0 1.5986e-06
1630.0 1.8207e-06
1650.0 2.0656e-06
1670.0 2.3319e-06
1690.0 2.6227e-06
1710.0 2.9441e-06
1730.0 3.2967e-06
1750.0 3.6765e-06
1770.0 4.093e-06
1790.0 4.5476e-06
1810.0 5.0358e-06
1830.0 5.5591e-06
1850.0 6.1272e-06
1870.0 6.729e-06
1890.0 7.3603e-06
1910.0 8.0263e-06
1930.0 8.7252e-06
1950.0 9.4398e-06
1970.0 1.017e-05
1990.0 1.0919e-05
2010.0 1.167e-05
2030.0 1.2411e-05
2050.0 1.3147e-05
2070.0 1.3872e-05
2090.0 1.4556e-05
2110.0 1.5206e-05
2130.0 1.5823e-05
2150.0 1.6389e-05
2170.0 1.6891e-05
2190.0 1.7347e-05
2210.0 1.7746e-05
2230.0 1.8074e-05
2250.0 1.8339e-05
2270.0 1.8556e-05
2290.0 1.8706e-05
2310.0 1.8788e-05
2330.0 1.8825e-05
2350.0 1.8816e-05
2370.0 1.8751e-05
2390.0 1.8651e-05
2410.0 1.853e-05
2430.0 1.8375e-05
2450.0 1.8195e-05
2470.0 1.8011e-05
2490.0 1.783e-05
2510.0 1.7648e-05
2530.0 1.7517e-05
2550.0 1.7501e-05
2570.0 1.7658e-05
2590.0 1.8061e-05
2610.0 1.8905e-05
2630.0 2.0228e-05
2650.0 2.195e-05
2670.0 2.4126e-05
2690.0 2.6733e-05
2710.0 2.9462e-05
2730.0 3.22e-05
2750.0 3.5108e-05
2770.0 3.7992e-05
2790.0 4.0764e-05
2810.0 4.3613e-05
2830.0 4.6698e-05
2850.0 4.969e-05
2870.0 5.2761e-05
2890.0 5.6072e-05
2910.0 5.9512e-05
2930.0 6.2952e-05
2950.0 6.6667e-05
2970.0 7.063e-05
2990.0 7.4655e-05
3010.0 7.8832e-05
3030.0 8.3323e-05
3050.0 8.7973e-05
3070.0 9.2517e-05
3090.0 9.7148e-05
3110.0 0.00010162
3130.0 0.00010558
3150.0 0.00010889
3170.0 0.0001114
3190.0 0.00011287
3210.0 0.0001133
3230.0 0.00011314
3250.0 0.00011375
3270.0 0.000116
3290.0 0.00011965
3310.0 0.00012443
3330.0 0.00013033
3350.0 0.00013699
3370.0 0.0001444
3390.0 0.00015255
3410.0 0.00016059
3430.0 0.00017512
3450.0 0.00018613
3470.0 0.0001969
3490.0 0.00020101
3510.0 0.00019754
3530.0 0.00022122
3550.0 0.00026524
3570.0 0.00029161
3590.0 0.00030486
3610.0 0.0003078
3630.0 0.00029599
3650.0 0.00031964
3670.0 0.00038212
3690.0 0.00042992
3710.0 0.00045188
3730.0 0.00046748
3750.0 0.00048916
3770.0 0.00048798
3790.0 0.0004665
3810.0 0.00043828
3830.0 0.00040734
3850.0 0.00040474
3870.0 0.0004342
3890.0 0.00046448
3910.0 0.00048716
3930.0 0.00049706
3950.0 0.00053392
3970.0 0.0005709
3990.0 0.00054749
4010.0 0.00048624
4030.0 0.00042856
4050.0 0.00040996
4070.0 0.00042431
4090.0 0.00042795
4110.0 0.0004176
4130.0 0.00041114
4150.0 0.00041805
4170.0 0.00045906
4190.0 0.00050218
4210.0 0.00049236
4230.0 0.00046264
4250.0 0.0004479
4270.0 0.0004421
4290.0 0.00045477
4310.0 0.00047087
4330.0 0.0004485
4350.0 0.000392
4370.0 0.00034524
4390.0 0.00031291
4410.0 0.00028556
4430.0 0.00028389
4450.0 0.00030809
4470.0 0.00033082
4490.0 0.00036087
4510.0 0.00041122
4530.0 0.00051228
4550.0 0.00063423
4570.0 0.00070705
4590.0 0.00075492
4610.0 0.0008203
4630.0 0.00086055
4650.0 0.00080322
4670.0 0.00066391
4690.0 0.00055259
4710.0 0.00051135
4730.0 0.00049649
4750.0 0.00045144
4770.0 0.00041431
4790.0 0.00043278
4810.0 0.00047149
4830.0 0.00047331
4850.0 0.00044099
4870.0 0.00042666
4890.0 0.0004502
4910.0 0.00047631
4930.0 0.00047819
4950.0 0.00046257
4970.0 0.00043722
4990.0 0.00039886
5010.0 0.00036318
5030.0 0.00034207
5050.0 0.00033246
5070.0 0.00032536
5090.0 0.00031785
5110.0 0.0003166
5130.0 0.00032011
5150.0 0.0003373
5170.0 0.00037423
5190.0 0.00041927
5210.0 0.00046945
5230.0 0.00050065
5250.0 0.00051628
5270.0 0.00054408
5290.0 0.00057396
5310.0 0.00058329
5330.0 0.00056053
5350.0 0.00053137
5370.0 0.00053037
5390.0 0.00056443
5410.0 0.00060219
5430.0 0.00062111
5450.0 0.0006213
5470.0 0.00060358
5490.0 0.00057904
5510.0 0.00056455
5530.0 0.0005641
5550.0 0.00057045
5570.0 0.00057439
5590.0 0.00055824
5610.0 0.00052823
5630.0 0.00049413
5650.0 0.0004635
5670.0 0.00044494
5690.0 0.00042937
5710.0 0.00041816
5730.0 0.00042282
5750.0 0.0004207
5770.0 0.00041137
5790.0 0.00041364
5810.0 0.00041991
5830.0 0.0004268
5850.0 0.00042982
5870.0 0.00042114
5890.0 0.0004027
5910.0 0.00037966
5930.0 0.0003457
5950.0 0.00032011
5970.0 0.00031658
5990.0 0.00032743
6010.0 0.00033331
6030.0 0.00032187
6050.0 0.0003141
6070.0 0.00032612
6090.0 0.00034683
6110.0 0.00035752
6130.0 0.00034729
6150.0 0.00032726
6170.0 0.00031321
6190.0 0.0002991
6210.0 0.00028237
6230.0 0.00026774
6250.0 0.00026195
6270.0 0.00026861
6290.0 0.00028055
6310.0 0.00029719
6330.0 0.00031776
6350.0 0.00033746
6370.0 0.00034769
6390.0 0.00034958
6410.0 0.00035284
6430.0 0.00035649
6450.0 0.00035886
6470.0 0.00036489
6490.0 0.0003717
6510.0 0.00037505
6530.0 0.00037279
6550.0 0.00036406
6570.0 0.00035078
6590.0 0.00033774
6610.0 0.00032841
6630.0 0.00032182
6650.0 0.00031124
6670.0 0.00029762
6690.0 0.00028679
6710.0 0.00028056
6730.0 0.00027846
6750.0 0.00027465
6770.0 0.00026896
6790.0 0.00026468
6810.0 0.00026052
6830.0 0.00025889
6850.0 0.00026119
6870.0 0.00026137
6890.0 0.00025918
6910.0 0.00025337
6930.0 0.00024748
6950.0 0.00024458
6970.0 0.00023836
6990.0 0.00022991
7010.0 0.00022626
7030.0 0.00022396
7050.0 0.00021829
7070.0 0.00021068
7090.0 0.00020649
7110.0 0.00020981
7130.0 0.00022032
7150.0 0.00023223
7170.0 0.00023989
7190.0 0.00023781
7210.0 0.00023078
7230.0 0.00022642
7250.0 0.00022433
7270.0 0.00022327
7290.0 0.00022095
7310.0 0.00022094
7330.0 0.00022611
7350.0 0.00023276
7370.0 0.00023671
7390.0 0.000235
7410.0 0.00022911
7430.0 0.00022434
7450.0 0.00021929
7470.0 0.0002082
7490.0 0.0002007
7510.0 0.0001934
7530.0 0.00018842
7550.0 0.00018898
7570.0 0.00019127
7590.0 0.0001914
7610.0 0.00019008
7630.0 0.00018934
7650.0 0.0001893
7670.0 0.00019338
7690.0 0.0001998
7710.0 0.00020792
7730.0 0.00021375
7750.0 0.00022031
7770.0 0.0002241
7790.0 0.00022492
7810.0 0.00022331
7830.0 0.00022487
7850.0 0.00022322
7870.0 0.00021475
7890.0 0.00020593
7910.0 0.00019938
7930.0 0.00019344
7950.0 0.00018873
7970.0 0.00018737
7990.0 0.00018935
8010.0 0.00018491
8030.0 0.00018285
8050.0 0.00018002
8070.0 0.00017673
8090.0 0.00017334
8110.0 0.00017342
8130.0 0.0001746
8150.0 0.00017412
8170.0 0.00017288
8190.0 0.00016883
8210.0 0.0001596
8230.0 0.00014882
8250.0 0.00014237
8270.0 0.00013794
8290.0 0.00013442
8310.0 0.00013384
8330.0 0.00013498
8350.0 0.00013184
8370.0 0.00012922
8390.0 0.00013233
8410.0 0.00013926
8430.0 0.0001488
8450.0 0.0001584
8470.0 0.00016309
8490.0 0.00016697
8510.0 0.00016902
8530.0 0.00017118
8550.0 0.00017388
8570.0 0.00017545
8590.0 0.00017696
8610.0 0.0001818
8630.0 0.00018385
8650.0 0.00018014
8670.0 0.00018018
8690.0 0.00018225
8710.0 0.00018339
8730.0 0.00018229
8750.0 0.00017751
8770.0 0.00017547
8790.0 0.00017444
8810.0 0.00017206
8830.0 0.00016154
8850.0 0.00014804
8870.0 0.00013832
8890.0 0.00013306
8910.0 0.00012556
8930.0 0.00011685
8950.0 0.00011184
8970.0 0.00011116
8990.0 0.00011202
9010.0 0.00011171
9030.0 0.00011092
9050.0 0.00011018
9070.0 0.00010952
9090.0 0.00010888
9110.0 0.00010824
9130.0 0.00010761
9150.0 0.00010698
9170.0 0.00010635
9190.0 0.00010572
9210.0 0.00010509
9230.0 0.00010447
9250.0 0.00010386
9270.0 0.00010325
9290.0 0.00010263
9310.0 0.00010203
9330.0 0.00010142
9350.0 0.00010082
9370.0 0.00010022
9390.0 9.9629e-05
9410.0 9.9036e-05
9430.0 9.844e-05
9450.0 9.7817e-05
9470.0 9.721e-05
9490.0 9.6666e-05
9510.0 9.6104e-05
9530.0 9.5545e-05
9550.0 9.4979e-05
9570.0 9.4414e-05
9590.0 9.3855e-05
9610.0 9.3296e-05
9630.0 9.2738e-05
9650.0 9.2182e-05
9670.0 9.1635e-05
9690.0 9.1086e-05
9710.0 9.0539e-05
9730.0 8.9999e-05
9750.0 8.946e-05
9770.0 8.8919e-05
9790.0 8.8384e-05
9810.0 8.7854e-05
9830.0 8.7315e-05
9850.0 8.673e-05
9870.0 8.622e-05
9890.0 8.5717e-05
9910.0 8.5207e-05
9930.0 8.4692e-05
9950.0 8.4191e-05
9970.0 8.3675e-05
9990.0 8.315e-05
10010.0 8.2569e-05
10030.0 8.2031e-05
10050.0 8.1559e-05
10070.0 8.1081e-05
10090.0 8.06e-05
10110.0 8.0076e-05
10130.0 7.9418e-05
10150.0 7.8946e-05
10170.0 7.8504e-05
10190.0 7.8025e-05
10210.0 7.7554e-05
10230.0 7.708e-05
10250.0 7.6578e-05
10270.0 7.6077e-05
10290.0 7.5594e-05
10310.0 7.509e-05
10330.0 7.4569e-05
10350.0 7.4074e-05
10370.0 7.3581e-05
10390.0 7.3067e-05
10410.0 7.2557e-05
10430.0 7.2071e-05
10450.0 7.1565e-05
10470.0 7.1047e-05
10490.0 7.0548e-05
10510.0 7.0051e-05
10530.0 6.9521e-05
10550.0 6.9004e-05
10570.0 6.8507e-05
10590.0 6.7992e-05
10610.0 6.7465e-05
10630.0 6.6961e-05
10650.0 6.6452e-05
10670.0 6.5916e-05
10690.0 6.5392e-05
10710.0 6.488e-05
10730.0 6.4349e-05
10750.0 6.3799e-05
10770.0 6.3283e-05
10790.0 6.2759e-05
10810.0 6.2213e-05
10830.0 6.1677e-05
10850.0 6.1158e-05
10870.0 6.0603e-05
10890.0 6.0049e-05
10910.0 5.9519e-05
10930.0 5.8985e-05
10950.0 5.8437e-05
10970.0 5.791e-05
10990.0 5.7412e-05
11010.0 5.7397e-05
11030.0 5.6911e-05
11050.0 5.6451e-05
11070.0 5.5992e-05
11090.0 5.5511e-05
11110.0 5.5059e-05
11130.0 5.4619e-05
11150.0 5.4171e-05
11170.0 5.3732e-05
11190.0 5.3327e-05
11210.0 5.2929e-05
11230.0 5.2541e-05
11250.0 5.2186e-05
11270.0 5.1859e-05
11290.0 5.1541e-05
11310.0 5.1247e-05
11330.0 5.0988e-05
11350.0 5.074e-05
11370.0 5.0502e-05
11390.0 5.0283e-05
11410.0 5.0074e-05
11430.0 4.9858e-05
11450.0 4.9646e-05
11470.0 4.9435e-05
11490.0 4.9211e-05
11510.0 4.8968e-05
11530.0 4.872e-05
11550.0 4.8456e-05
11570.0 4.8162e-05
11590.0 4.7847e-05
11610.0 4.7519e-05
11630.0 4.7155e-05
11650.0 4.6755e-05
11670.0 4.6347e-05
11690.0 4.5916e-05
11710.0 4.5447e-05
11730.0 4.496e-05
11750.0 4.4472e-05
11770.0 4.3949e-05
11790.0 4.3404e-05
11810.0 4.2863e-05
11830.0 4.2313e-05
11850.0 4.1727e-05
11870.0 4.1154e-05
11890.0 4.0596e-05
11910.0 4.0025e-05
11930.0 3.9452e-05
11950.0 3.8908e-05
11970.0 3.8371e-05
11990.0 3.7827e-05
12010.0 3.7312e-05
12030.0 3.6825e-05
12050.0 3.6344e-05
12070.0 3.5875e-05
12090.0 3.5452e-05
12110.0 3.5045e-05
12130.0 3.4651e-05
12150.0 3.4291e-05
12170.0 3.3964e-05
12190.0 3.3649e-05
12210.0 3.3367e-05
12230.0 3.3124e-05
12250.0 3.2909e-05
12270.0 3.2724e-05
12290.0 3.2575e-05
12310.0 3.246e-05
12330.0 3.2371e-05
12350.0 3.2312e-05
12370.0 3.2277e-05
12390.0 3.2263e-05
12410.0 3.227e-05
12430.0 3.2287e-05
12450.0 3.2312e-05
12470.0 3.2344e-05
12490.0 3.2377e-05
12510.0 3.2401e-05
12530.0 3.2422e-05
12550.0 3.2432e-05
12570.0 3.2425e-05
12590.0 3.2399e-05
12610.0 3.2353e-05
12630.0 3.2282e-05
12650.0 3.2186e-05
12670.0 3.2062e-05
12690.0 3.1908e-05
12710.0 3.1729e-05
12730.0 3.1526e-05
12750.0 3.1288e-05
12770.0 3.1029e-05
12790.0 3.0756e-05
12810.0 3.046e-05
12830.0 3.0143e-05
12850.0 2.9827e-05
12870.0 2.9505e-05
12890.0 2.9168e-05
12910.0 2.8833e-05
12930.0 2.8509e-05
12950.0 2.8176e-05
12970.0 2.7842e-05
12990.0 2.7526e-05
13010.0 2.7216e-05
13030.0 2.6904e-05
13050.0 2.6603e-05
13070.0 2.6318e-05
13090.0 2.6031e-05
13110.0 2.5751e-05
13130.0 2.5487e-05
13150.0 2.5232e-05
13170.0 2.4976e-05
13190.0 2.4739e-05
13210.0 2.4518e-05
13230.0 2.4302e-05
13250.0 2.4097e-05
13270.0 2.3908e-05
13290.0 2.3728e-05
13310.0 2.3551e-05
13330.0 2.3385e-05
13350.0 2.3228e-05
13370.0 2.3072e-05
13390.0 2.2915e-05
13410.0 2.2766e-05
13430.0 2.2614e-05
13450.0 2.2456e-05
13470.0 2.2297e-05
13490.0 2.2137e-05
13510.0 2.1965e-05
13530.0 2.1788e-05
13550.0 2.1611e-05
13570.0 2.1428e-05
13590.0 2.1235e-05
13610.0 2.1044e-05
13630.0 2.0854e-05
13650.0 2.0654e-05
13670.0 2.0454e-05
13690.0 2.0259e-05
13710.0 2.0061e-05
13730.0 1.9855e-05
13750.0 1.966e-05
13770.0 1.9467e-05
13790.0 1.9269e-05
13810.0 1.9073e-05
13830.0 1.8885e-05
13850.0 1.8693e-05
13870.0 1.8498e-05
13890.0 1.8311e-05
13910.0 1.8127e-05
13930.0 1.7939e-05
13950.0 1.7754e-05
13970.0 1.758e-05
13990.0 1.7405e-05
14010.0 1.7229e-05
14030.0 1.7062e-05
14050.0 1.6899e-05
14070.0 1.673e-05
14090.0 1.6568e-05
14110.0 1.6413e-05
14130.0 1.6257e-05
14150.0 1.6101e-05
14170.0 1.5956e-05
14190.0 1.5814e-05
14210.0 1.5672e-05
14230.0 1.5537e-05
14250.0 1.5411e-05
14270.0 1.5285e-05
14290.0 1.5164e-05
14310.0 1.5055e-05
14330.0 1.4951e-05
14350.0 1.485e-05
14370.0 1.4757e-05
14390.0 1.4673e-05
14410.0 1.4589e-05
14430.0 1.4511e-05
14450.0 1.4439e-05
14470.0 1.437e-05
14490.0 1.4301e-05
14510.0 1.4237e-05
14530.0 1.4176e-05
14550.0 1.4115e-05
14570.0 1.4054e-05
14590.0 1.3996e-05
14610.0 1.3936e-05
14630.0 1.3874e-05
14650.0 1.3813e-05
14670.0 1.3754e-05
14690.0 1.3694e-05
14710.0 1.3636e-05
14730.0 1.3586e-05
14750.0 1.3541e-05
14770.0 1.3504e-05
14790.0 1.348e-05
14810.0 1.347e-05
14830.0 1.3475e-05
14850.0 1.3501e-05
14870.0 1.3546e-05
14890.0 1.3611e-05
14910.0 1.3696e-05
14930.0 1.3793e-05
14950.0 1.3894e-05
14970.0 1.4001e-05
14990.0 1.41e-05
15010.0 1.4185e-05
15030.0 1.4256e-05
15050.0 1.4313e-05
15070.0 1.4353e-05
15090.0 1.4384e-05
15110.0 1.4407e-05
15130.0 1.4425e-05
15150.0 1.4441e-05
15170.0 1.4457e-05
15190.0 1.4471e-05
15210.0 1.4487e-05
15230.0 1.4503e-05
15250.0 1.4519e-05
15270.0 1.4535e-05
15290.0 1.4553e-05
15310.0 1.457e-05
15330.0 1.4588e-05
15350.0 1.4607e-05
15370.0 1.4627e-05
15390.0 1.4646e-05
15410.0 1.4667e-05
15430.0 1.4687e-05
15450.0 1.4709e-05
15470.0 1.473e-05
15490.0 1.4752e-05
15510.0 1.4775e-05
15530.0 1.4798e-05
15550.0 1.4821e-05
15570.0 1.4845e-05
15590.0 1.4869e-05
15610.0 1.4894e-05
15630.0 1.4919e-05
15650.0 1.4945e-05
15670.0 1.497e-05
15690.0 1.4997e-05
15710.0 1.5024e-05
15730.0 1.505e-05
15750.0 1.5078e-05
15770.0 1.5105e-05
15790.0 1.5134e-05
15810.0 1.5161e-05
15830.0 1.519e-05
15850.0 1.522e-05
15870.0 1.5249e-05
15890.0 1.5278e-05
15910.0 1.5308e-05
15930.0 1.5339e-05
15950.0 1.5369e-05
15970.0 1.5399e-05
15990.0 1.543e-05
16010.0 1.5461e-05
16030.0 1.5492e-05
16050.0 1.5524e-05
16070.0 1.5556e-05
16090.0 1.5588e-05
16110.0 1.562e-05
16130.0 1.5653e-05
16150.0 1.5685e-05
16170.0 1.5718e-05
16190.0 1.5751e-05
16210.0 1.5784e-05
16230.0 1.5817e-05
16250.0 1.585e-05
16270.0 1.5884e-05
16290.0 1.5917e-05
16310.0 1.595e-05
16330.0 1.5984e-05
16350.0 1.6018e-05
16370.0 1.6051e-05
16390.0 1.6085e-05
16410.0 1.6119e-05
16430.0 1.6153e-05
16450.0 1.6187e-05
16470.0 1.6221e-05
16490.0 1.6254e-05
16510.0 1.6288e-05
16530.0 1.6322e-05
16550.0 1.6356e-05
16570.0 1.6389e-05
16590.0 1.6422e-05
16610.0 1.6456e-05
16630.0 1.6489e-05
16650.0 1.6522e-05
16670.0 1.6556e-05
16690.0 1.6589e-05
16710.0 1.6621e-05
16730.0 1.6654e-05
16750.0 1.6687e-05
16770.0 1.6719e-05
16790.0 1.6751e-05
16810.0 1.6783e-05
16830.0 1.6815e-05
16850.0 1.6846e-05
16870.0 1.6877e-05
16890.0 1.6909e-05
16910.0 1.6939e-05
16930.0 1.6969e-05
16950.0 1.7e-05
16970.0 1.703e-05
16990.0 1.7059e-05
17010.0 1.7088e-05
17030.0 1.7117e-05
17050.0 1.7146e-05
17070.0 1.7173e-05
17090.0 1.7201e-05
17110.0 1.7229e-05
17130.0 1.7255e-05
17150.0 1.7282e-05
17170.0 1.7308e-05
17190.0 1.7334e-05
17210.0 1.7359e-05
17230.0 1.7384e-05
17250.0 1.7408e-05
17270.0 1.7432e-05
17290.0 1.7455e-05
17310.0 1.7478e-05
17330.0 1.75e-05
17350.0 1.7521e-05
17370.0 1.7543e-05
17390.0 1.7564e-05
17410.0 1.7583e-05
17430.0 1.7603e-05
17450.0 1.7622e-05
17470.0 1.764e-05
17490.0 1.7657e-05
17510.0 1.7675e-05
17530.0 1.7691e-05
17550.0 1.7706e-05
17570.0 1.7722e-05
17590.0 1.7737e-05
17610.0 1.775e-05
17630.0 1.7763e-05
17650.0 1.7776e-05
17670.0 1.7787e-05
17690.0 1.7797e-05
17710.0 1.7808e-05
17730.0 1.7818e-05
17750.0 1.7826e-05
17770.0 1.7834e-05
17790.0 1.7842e-05
17810.0 1.7848e-05
17830.0 1.7853e-05
17850.0 1.7858e-05
17870.0 1.7863e-05
17890.0 1.7865e-05
17910.0 1.7868e-05
17930.0 1.787e-05
17950.0 1.7871e-05
17970.0 1.787e-05
17990.0 1.787e-05
18010.0 1.7868e-05
18030.0 1.7865e-05
18050.0 1.7862e-05
18070.0 1.7858e-05
18090.0 1.7852e-05
18110.0 1.7846e-05
18130.0 1.784e-05
18150.0 1.7832e-05
18170.0 1.7823e-05
18190.0 1.7813e-05
18210.0 1.7803e-05
18230.0 1.7792e-05
18250.0 1.7779e-05
18270.0 1.7766e-05
18290.0 1.7752e-05
18310.0 1.7737e-05
18330.0 1.7721e-05
18350.0 1.7704e-05
18370.0 1.7686e-05
18390.0 1.7667e-05
18410.0 1.7648e-05
18430.0 1.7627e-05
18450.0 1.7605e-05
18470.0 1.7583e-05
18490.0 1.756e-05
18510.0 1.7535e-05
18530.0 1.751e-05
18550.0 1.7484e-05
18570.0 1.7457e-05
18590.0 1.7429e-05
18610.0 1.74e-05
18630.0 1.737e-05
18650.0 1.7339e-05
18670.0 1.7307e-05
18690.0 1.7275e-05
18710.0 1.7241e-05
18730.0 1.7207e-05
18750.0 1.7171e-05
18770.0 1.7135e-05
18790.0 1.7098e-05
18810.0 1.7059e-05
18830.0 1.7021e-05
18850.0 1.6981e-05
18870.0 1.694e-05
18890.0 1.6898e-05
18910.0 1.6856e-05
18930.0 1.6812e-05
18950.0 1.6768e-05
18970.0 1.6723e-05
18990.0 1.6677e-05
19010.0 1.663e-05
19030.0 1.6582e-05
19050.0 1.6534e-05
19070.0 1.6484e-05
19090.0 1.6434e-05
19110.0 1.6384e-05
19130.0 1.6332e-05
19150.0 1.6279e-05
19170.0 1.6226e-05
19190.0 1.6172e-05
19210.0 1.6116e-05
19230.0 1.6061e-05
19250.0 1.6005e-05
19270.0 1.5948e-05
19290.0 1.5889e-05
19310.0 1.5831e-05
19330.0 1.5772e-05
19350.0 1.5711e-05
19370.0 1.5651e-05
19390.0 1.559e-05
19410.0 1.5527e-05
19430.0 1.5464e-05
19450.0 1.5401e-05
19470.0 1.5338e-05
19490.0 1.5273e-05
19510.0 1.5207e-05
19530.0 1.5142e-05
19550.0 1.5075e-05
19570.0 1.5008e-05
19590.0 1.494e-05
19610.0 1.4872e-05
19630.0 1.4803e-05
19650.0 1.4734e-05
19670.0 1.4665e-05
19690.0 1.4594e-05
19710.0 1.4523e-05
19730.0 1.4452e-05
19750.0 1.438e-05
19770.0 1.4307e-05
19790.0 1.4235e-05
19810.0 1.4162e-05
19830.0 1.4088e-05
19850.0 1.4013e-05
19870.0 1.3938e-05
19890.0 1.3859e-05
19910.0 1.3776e-05
19930.0 1.3688e-05
19950.0 1.3591e-05
19970.0 1.348e-05
19990.0 1.3353e-05
20010.0 1.3212e-05
20030.0 1.3051e-05
20050.0 1.2871e-05
20070.0 1.2681e-05
20090.0 1.2481e-05
20110.0 1.2264e-05
20130.0 1.2049e-05
20150.0 1.1837e-05
20170.0 1.1621e-05
20190.0 1.1405e-05
20210.0 1.1199e-05
20230.0 1.0997e-05
20250.0 1.0795e-05
20270.0 1.0601e-05
20290.0 1.0416e-05
20310.0 1.0235e-05
20330.0 1.0058e-05
20350.0 9.896e-06
20370.0 9.7404e-06
20390.0 9.5897e-06
20410.0 9.4492e-06
20430.0 9.3193e-06
20450.0 9.1932e-06
20470.0 9.0756e-06
20490.0 8.9679e-06
20510.0 8.8671e-06
20530.0 8.7719e-06
20550.0 8.6845e-06
20570.0 8.6044e-06
20590.0 8.5288e-06
20610.0 8.4585e-06
20630.0 8.3933e-06
20650.0 8.3319e-06
20670.0 8.2737e-06
20690.0 8.2187e-06
20710.0 8.1657e-06
20730.0 8.1141e-06
20750.0 8.0634e-06
20770.0 8.0127e-06
20790.0 7.9616e-06
20810.0 7.9095e-06
20830.0 7.8556e-06
20850.0 7.7998e-06
20870.0 7.7411e-06
20890.0 7.6794e-06
20910.0 7.615e-06
20930.0 7.547e-06
20950.0 7.4749e-06
20970.0 7.4e-06
20990.0 7.3222e-06
21010.0 7.2396e-06
21030.0 7.154e-06
21050.0 7.0668e-06
21070.0 6.9763e-06
21090.0 6.8819e-06
21110.0 6.7877e-06
21130.0 6.6925e-06
21150.0 6.5946e-06
21170.0 6.4964e-06
21190.0 6.3997e-06
21210.0 6.3012e-06
21230.0 6.202e-06
21250.0 6.1059e-06
21270.0 6.0109e-06
21290.0 5.9156e-06
21310.0 5.8225e-06
21330.0 5.7332e-06
21350.0 5.6443e-06
21370.0 5.5568e-06
21390.0 5.473e-06
21410.0 5.3917e-06
21430.0 5.3104e-06
21450.0 5.2327e-06
21470.0 5.1584e-06
21490.0 5.0853e-06
21510.0 5.014e-06
21530.0 4.946e-06
21550.0 4.8798e-06
21570.0 4.8144e-06
21590.0 4.7515e-06
21610.0 4.6907e-06
21630.0 4.6308e-06
21650.0 4.5718e-06
21670.0 4.5154e-06
21690.0 4.4598e-06
21710.0 4.4048e-06
21730.0 4.3509e-06
21750.0 4.2984e-06
21770.0 4.2456e-06
21790.0 4.1934e-06
21810.0 4.1421e-06
21830.0 4.091e-06
21850.0 4.0395e-06
21870.0 3.9885e-06
21890.0 3.938e-06
21910.0 3.8868e-06
21930.0 3.8354e-06
21950.0 3.7845e-06
21970.0 3.7332e-06
21990.0 3.6808e-06
22010.0 3.6291e-06
22030.0 3.5775e-06
22050.0 3.5252e-06
22070.0 3.4728e-06
22090.0 3.4213e-06
22110.0 3.3694e-06
22130.0 3.317e-06
22150.0 3.2655e-06
22170.0 3.2146e-06
22190.0 3.163e-06
22210.0 3.1118e-06
22230.0 3.0622e-06
22250.0 3.0124e-06
22270.0 2.9626e-06
22290.0 2.914e-06
22310.0 2.8662e-06
22330.0 2.8177e-06
22350.0 2.77e-06
22370.0 2.7234e-06
22390.0 2.6768e-06
22410.0 2.6299e-06
22430.0 2.5844e-06
22450.0 2.5393e-06
22470.0 2.4938e-06
22490.0 2.4488e-06
22510.0 2.4048e-06
22530.0 2.3603e-06
22550.0 2.3157e-06
22570.0 2.2723e-06
22590.0 2.2293e-06
22610.0 2.1861e-06
22630.0 2.1436e-06
22650.0 2.1025e-06
22670.0 2.0614e-06
22690.0 2.0208e-06
22710.0 1.9816e-06
22730.0 1.9434e-06
22750.0 1.9052e-06
22770.0 1.8687e-06
22790.0 1.8339e-06
22810.0 1.7998e-06
22830.0 1.7668e-06
22850.0 1.7358e-06
22870.0 1.7059e-06
22890.0 1.6771e-06
22910.0 1.6501e-06
22930.0 1.6247e-06
22950.0 1.6006e-06
22970.0 1.578e-06
22990.0 1.5572e-06
23010.0 1.5378e-06
23030.0 1.5196e-06
23050.0 1.5027e-06
23070.0 1.4867e-06
23090.0 1.4717e-06
23110.0 1.4573e-06
23130.0 1.4432e-06
23150.0 1.4293e-06
23170.0 1.4155e-06
23190.0 1.4012e-06
23210.0 1.3865e-06
23230.0 1.3713e-06
23250.0 1.3554e-06
23270.0 1.3387e-06
23290.0 1.3212e-06
23310.0 1.3028e-06
23330.0 1.2836e-06
23350.0 1.2638e-06
23370.0 1.243e-06
23390.0 1.2216e-06
23410.0 1.1998e-06
23430.0 1.1774e-06
23450.0 1.1543e-06
23470.0 1.1311e-06
23490.0 1.1078e-06
23510.0 1.0842e-06
23530.0 1.0607e-06
23550.0 1.0379e-06
23570.0 1.0153e-06
23590.0 9.9313e-07
23610.0 9.7196e-07
23630.0 9.5175e-07
23650.0 9.325e-07
23670.0 9.1485e-07
23690.0 8.9892e-07
23710.0 8.8488e-07
23730.0 8.7318e-07
23750.0 8.6367e-07
23770.0 8.6055e-07
23790.0 8.6055e-07
23810.0 8.6055e-07
23830.0 8.6055e-07
23850.0 8.6055e-07
23870.0 8.6055e-07
23890.0 8.6402e-07
23910.0 8.7127e-07
23930.0 8.8027e-07
23950.0 8.8945e-07
23970.0 8.9785e-07
23990.0 9.0704e-07
24010.0 9.1583e-07
24030.0 9.2289e-07
24050.0 9.2883e-07
24070.0 9.3446e-07
24090.0 9.3748e-07
24110.0 9.3829e-07
24130.0 9.3782e-07
24150.0 9.3559e-07
24170.0 9.3105e-07
24190.0 9.2516e-07
24210.0 9.1814e-07
24230.0 9.0955e-07
24250.0 8.9979e-07
24270.0 8.8939e-07
24290.0 8.784e-07
24310.0 8.6654e-07
24330.0 8.6055e-07
24350.0 8.6055e-07
24370.0 8.6055e-07
24390.0 8.6055e-07
24410.0 8.6055e-07
24430.0 8.6055e-07
24450.0 8.6055e-07
24470.0 8.6055e-07
24490.0 8.6055e-07
24510.0 8.6055e-07
24530.0 8.6055e-07
24550.0 8.6055e-07
24570.0 8.6055e-07
24590.0 8.6055e-07
24610.0 8.6055e-07
24630.0 8.6055e-07
24650.0 8.6055e-07
24670.0 8.6055e-07
24690.0 8.6055e-07
24710.0 8.6055e-07
24730.0 8.6055e-07
24750.0 8.6055e-07
24770.0 8.6055e-07
24790.0 8.6055e-07
24810.0 8.6055e-07
24830.0 8.6055e-07
24850.0 8.6055e-07
24870.0 8.6055e-07
24890.0 8.6055e-07
24910.0 8.6055e-07
24930.0 8.6055e-07
24950.0 8.6055e-07
24970.0 8.6055e-07
24990.0 8.6055e-07
