#lamb flux
1010.0 2.6729e-06
1030.0 2.8841e-06
1050.0 3.1276e-06
1070.0 3.4018e-06
1090.0 3.7134e-06
1110.0 4.0333e-06
1130.0 4.3557e-06
1150.0 4.6938e-06
1170.0 5.0431e-06
1190.0 5.375e-06
1210.0 5.7119e-06
1230.0 6.0606e-06
1250.0 6.403e-06
1270.0 6.7364e-06
1290.0 7.0892e-06
1310.0 7.4427e-06
1330.0 7.7827e-06
1350.0 8.1274e-06
1370.0 8.4841e-06
1390.0 8.833e-06
1410.0 9.1729e-06
1430.0 9.5288e-06
1450.0 9.8857e-06
1470.0 1.0232e-05
1490.0 1.0583e-05
1510.0 1.0954e-05
1530.0 1.1307e-05
1550.0 1.1656e-05
1570.0 1.2018e-05
1590.0 1.238e-05
1610.0 1.2727e-05
1630.0 1.3085e-05
1650.0 1.3452e-05
1670.0 1.3806e-05
1690.0 1.4156e-05
1710.0 1.4518e-05
1730.0 1.4881e-05
1750.0 1.5221e-05
1770.0 1.5569e-05
1790.0 1.5922e-05
1810.0 1.6262e-05
1830.0 1.6592e-05
1850.0 1.694e-05
1870.0 1.7274e-05
1890.0 1.7594e-05
1910.0 1.7915e-05
1930.0 1.824e-05
1950.0 1.8544e-05
1970.0 1.8839e-05
1990.0 1.9141e-05
2010.0 1.9432e-05
2030.0 1.9704e-05
2050.0 1.9981e-05
2070.0 2.0259e-05
2090.0 2.0512e-05
2110.0 2.0758e-05
2130.0 2.1006e-05
2150.0 2.1243e-05
2170.0 2.1459e-05
2190.0 2.168e-05
2210.0 2.1898e-05
2230.0 2.2096e-05
2250.0 2.2288e-05
2270.0 2.2487e-05
2290.0 2.2671e-05
2310.0 2.2838e-05
2330.0 2.3008e-05
2350.0 2.3177e-05
2370.0 2.3328e-05
2390.0 2.3478e-05
2410.0 2.3639e-05
2430.0 2.3789e-05
2450.0 2.3932e-05
2470.0 2.409e-05
2490.0 2.4276e-05
2510.0 2.4497e-05
2530.0 2.4847e-05
2550.0 2.5476e-05
2570.0 2.6543e-05
2590.0 2.8234e-05
2610.0 3.1027e-05
2630.0 3.5042e-05
2650.0 4.0061e-05
2670.0 4.6134e-05
2690.0 5.3038e-05
2710.0 5.982e-05
2730.0 6.6024e-05
2750.0 7.1755e-05
2770.0 7.6491e-05
2790.0 8.0183e-05
2810.0 8.3246e-05
2830.0 8.5994e-05
2850.0 8.831e-05
2870.0 9.0517e-05
2890.0 9.2825e-05
2910.0 9.5176e-05
2930.0 9.747e-05
2950.0 9.9929e-05
2970.0 0.00010252
2990.0 0.00010508
3010.0 0.0005964
3030.0 0.00061145
3050.0 0.00062626
3070.0 0.00063919
3090.0 0.00065
3110.0 0.0006555
3130.0 0.0006519
3150.0 0.00063557
3170.0 0.00059915
3190.0 0.00054222
3210.0 0.00046647
3230.0 0.00038213
3250.0 0.00045943
3270.0 0.00037061
3290.0 0.00056232
3310.0 0.00035952
3330.0 0.00036165
3350.0 0.00039317
3370.0 0.000432
3390.0 0.0004755
3410.0 0.00051944
3430.0 0.00056593
3450.0 0.00061361
3470.0 0.00065857
3490.0 0.00069348
3510.0 0.00078347
3530.0 0.00093214
3550.0 0.00092605
3570.0 0.0008326
3590.0 0.0010157
3610.0 0.00080087
3630.0 0.0010867
3650.0 0.0012206
3670.0 0.0014511
3690.0 0.0013779
3710.0 0.0010549
3730.0 0.0012287
3750.0 0.0012438
3770.0 0.0013485
3790.0 0.0013884
3810.0 0.0015369
3830.0 0.0022733
3850.0 0.0028507
3870.0 0.0034382
3890.0 0.0034784
3910.0 0.0032454
3930.0 0.0032652
3950.0 0.0034458
3970.0 0.0033789
3990.0 0.0020507
4010.0 0.0012473
4030.0 0.0021772
4050.0 0.0029781
4070.0 0.0029391
4090.0 0.0018238
4110.0 0.0013071
4130.0 0.0022052
4150.0 0.0024119
4170.0 0.0020692
4190.0 0.0017691
4210.0 0.0025643
4230.0 0.0021794
4250.0 0.0021701
4270.0 0.0021557
4290.0 0.0019645
4310.0 0.0024503
4330.0 0.0027712
4350.0 0.0026576
4370.0 0.0023702
4390.0 0.0026205
4410.0 0.0025457
4430.0 0.0018849
4450.0 0.0015477
4470.0 0.0018881
4490.0 0.0016502
4510.0 0.0023807
4530.0 0.0024494
4550.0 0.0026097
4570.0 0.0034074
4590.0 0.0037275
4610.0 0.0039114
4630.0 0.0055005
4650.0 0.0064464
4670.0 0.0064088
4690.0 0.0056127
4710.0 0.0056684
4730.0 0.0054068
4750.0 0.0041312
4770.0 0.0032847
4790.0 0.002439
4810.0 0.0028512
4830.0 0.0033235
4850.0 0.0031801
4870.0 0.0023132
4890.0 0.0038021
4910.0 0.0042685
4930.0 0.0046523
4950.0 0.0052235
4970.0 0.0047767
4990.0 0.0054539
5010.0 0.0058419
5030.0 0.0056704
5050.0 0.0047963
5070.0 0.0034294
5090.0 0.002847
5110.0 0.0028454
5130.0 0.0028883
5150.0 0.0028082
5170.0 0.0026361
5190.0 0.0028989
5210.0 0.0029755
5230.0 0.0032873
5250.0 0.0036447
5270.0 0.0033062
5290.0 0.0037009
5310.0 0.0049055
5330.0 0.0054649
5350.0 0.0049243
5370.0 0.0047748
5390.0 0.0052954
5410.0 0.0056371
5430.0 0.0056684
5450.0 0.0059237
5470.0 0.0063168
5490.0 0.0071506
5510.0 0.0085661
5530.0 0.0089081
5550.0 0.0090638
5570.0 0.0091432
5590.0 0.0088464
5610.0 0.0083354
5630.0 0.0082991
5650.0 0.0086121
5670.0 0.0083478
5690.0 0.0074069
5710.0 0.0073238
5730.0 0.006972
5750.0 0.0065956
5770.0 0.0057954
5790.0 0.0059164
5810.0 0.0062221
5830.0 0.0068127
5850.0 0.0065763
5870.0 0.0064911
5890.0 0.0069904
5910.0 0.0064666
5930.0 0.0057206
5950.0 0.0055361
5970.0 0.0058703
5990.0 0.0052217
6010.0 0.0045357
6030.0 0.0041218
6050.0 0.0037417
6070.0 0.0032786
6090.0 0.0033747
6110.0 0.0039385
6130.0 0.0041225
6150.0 0.0041949
6170.0 0.0042721
6190.0 0.0044047
6210.0 0.0049093
6230.0 0.0058147
6250.0 0.0053953
6270.0 0.0047605
6290.0 0.0041859
6310.0 0.0035774
6330.0 0.0032091
6350.0 0.0030053
6370.0 0.0031516
6390.0 0.0035633
6410.0 0.0043305
6430.0 0.0052618
6450.0 0.0058238
6470.0 0.0062553
6490.0 0.0072602
6510.0 0.0080583
6530.0 0.0077511
6550.0 0.0073914
6570.0 0.0074749
6590.0 0.00745
6610.0 0.0075543
6630.0 0.0070867
6650.0 0.0063025
6670.0 0.0059978
6690.0 0.0059055
6710.0 0.0063162
6730.0 0.0055516
6750.0 0.0046789
6770.0 0.0044624
6790.0 0.0047553
6810.0 0.0053818
6830.0 0.0054256
6850.0 0.0049372
6870.0 0.0049889
6890.0 0.0049381
6910.0 0.004646
6930.0 0.0048599
6950.0 0.0046707
6970.0 0.0045127
6990.0 0.0045876
7010.0 0.0048012
7030.0 0.0047167
7050.0 0.0043898
7070.0 0.0043803
7090.0 0.0039443
7110.0 0.0033822
7130.0 0.0031846
7150.0 0.0033092
7170.0 0.0037851
7190.0 0.003873
7210.0 0.0037248
7230.0 0.0040262
7250.0 0.0041951
7270.0 0.0042633
7290.0 0.0044303
7310.0 0.0045709
7330.0 0.0043595
7350.0 0.0040429
7370.0 0.0037457
7390.0 0.0036865
7410.0 0.0041108
7430.0 0.0047236
7450.0 0.0051306
7470.0 0.0054779
7490.0 0.0062991
7510.0 0.0062409
7530.0 0.0053137
7550.0 0.0047388
7570.0 0.0040098
7590.0 0.0036159
7610.0 0.0035078
7630.0 0.0033808
7650.0 0.0036424
7670.0 0.0041085
7690.0 0.0044968
7710.0 0.0051365
7730.0 0.005342
7750.0 0.0055346
7770.0 0.0058933
7790.0 0.0062284
7810.0 0.0061715
7830.0 0.0056059
7850.0 0.0055907
7870.0 0.0054311
7890.0 0.0053222
7910.0 0.0049642
7930.0 0.004789
7950.0 0.0039943
7970.0 0.0039079
7990.0 0.0038666
8010.0 0.0044083
8030.0 0.0044061
8050.0 0.0046682
8070.0 0.0045175
8090.0 0.0045332
8110.0 0.0044611
8130.0 0.0043352
8150.0 0.0040349
8170.0 0.0039835
8190.0 0.0040035
8210.0 0.0040446
8230.0 0.0035984
8250.0 0.0033146
8270.0 0.0029255
8290.0 0.0024737
8310.0 0.0021215
8330.0 0.0016309
8350.0 0.0012882
8370.0 0.0012141
8390.0 0.0012072
8410.0 0.0013067
8430.0 0.0016811
8450.0 0.0018461
8470.0 0.0019948
8490.0 0.0023043
8510.0 0.0025034
8530.0 0.0028178
8550.0 0.0033339
8570.0 0.0036909
8590.0 0.003908
8610.0 0.0044002
8630.0 0.0050547
8650.0 0.0052264
8670.0 0.0053418
8690.0 0.0054757
8710.0 0.0053512
8730.0 0.0051479
8750.0 0.0047414
8770.0 0.0047191
8790.0 0.0046237
8810.0 0.0042585
8830.0 0.0041942
8850.0 0.0037676
8870.0 0.0035538
8890.0 0.0032027
8910.0 0.0035865
8930.0 0.003277
8950.0 0.0033116
8970.0 0.003392
8990.0 0.0033176
9010.0 0.0033901
9030.0 0.0032237
9050.0 0.0032104
9070.0 0.0032134
9090.0 0.0032159
9110.0 0.0032207
9130.0 0.0032227
9150.0 0.0032232
9170.0 0.003216
9190.0 0.003198
9210.0 0.003246
9230.0 0.0032356
9250.0 0.0032308
9270.0 0.0032274
9290.0 0.0032249
9310.0 0.0032228
9330.0 0.0032211
9350.0 0.0032195
9370.0 0.0032178
9390.0 0.003216
9410.0 0.0032141
9430.0 0.0032122
9450.0 0.00321
9470.0 0.0032077
9490.0 0.0032054
9510.0 0.003203
9530.0 0.0032003
9550.0 0.0031979
9570.0 0.0031955
9590.0 0.0031929
9610.0 0.0031903
9630.0 0.0031878
9650.0 0.0031854
9670.0 0.0031827
9690.0 0.0031803
9710.0 0.0031781
9730.0 0.0031756
9750.0 0.0031733
9770.0 0.0031715
9790.0 0.0031694
9810.0 0.0031674
9830.0 0.0031657
9850.0 0.0031641
9870.0 0.0031624
9890.0 0.0031609
9910.0 0.0031597
9930.0 0.0031585
9950.0 0.0031537
9970.0 0.003154
9990.0 0.0031544
10010.0 0.0031544
10030.0 0.0031544
10050.0 0.0031532
10070.0 0.0031452
10090.0 0.003148
10110.0 0.0031508
10130.0 0.0031529
10150.0 0.0031546
10170.0 0.0031559
10190.0 0.0031569
10210.0 0.0031582
10230.0 0.0031595
10250.0 0.0031607
10270.0 0.0031621
10290.0 0.0031637
10310.0 0.0031654
10330.0 0.003167
10350.0 0.0031689
10370.0 0.003171
10390.0 0.003173
10410.0 0.0031752
10430.0 0.0031776
10450.0 0.00318
10470.0 0.0031824
10490.0 0.0031851
10510.0 0.0031878
10530.0 0.0031903
10550.0 0.0031931
10570.0 0.003196
10590.0 0.0031989
10610.0 0.0032018
10630.0 0.0032049
10650.0 0.0032079
10670.0 0.0032109
10690.0 0.003214
10710.0 0.0032171
10730.0 0.0032202
10750.0 0.0032232
10770.0 0.0032265
10790.0 0.0032296
10810.0 0.0032327
10830.0 0.0032356
10850.0 0.0032384
10870.0 0.0032402
10890.0 0.0032406
10910.0 0.0032387
10930.0 0.0032326
10950.0 0.0032195
10970.0 0.003198
10990.0 0.0031672
11010.0 0.0032395
11030.0 0.0031775
11050.0 0.0031055
11070.0 0.0030224
11090.0 0.0029264
11110.0 0.002831
11130.0 0.0027359
11150.0 0.0026387
11170.0 0.0025448
11190.0 0.0024598
11210.0 0.0023786
11230.0 0.0023021
11250.0 0.0022354
11270.0 0.0021767
11290.0 0.0021229
11310.0 0.0020758
11330.0 0.0020369
11350.0 0.0020013
11370.0 0.0019684
11390.0 0.0019387
11410.0 0.0019102
11430.0 0.00188
11450.0 0.0018492
11470.0 0.0018176
11490.0 0.001783
11510.0 0.0017449
11530.0 0.001706
11550.0 0.0016655
11570.0 0.0016216
11590.0 0.001577
11610.0 0.0015331
11630.0 0.0014876
11650.0 0.0014413
11670.0 0.001398
11690.0 0.001356
11710.0 0.001314
11730.0 0.0012743
11750.0 0.0012378
11770.0 0.0012017
11790.0 0.001167
11810.0 0.001135
11830.0 0.0011044
11850.0 0.0010736
11870.0 0.0010449
11890.0 0.0010179
11910.0 0.00099072
11930.0 0.00096376
11950.0 0.00093821
11970.0 0.00091272
11990.0 0.00088642
12010.0 0.00086107
12030.0 0.00083662
12050.0 0.00081193
12070.0 0.00078746
12090.0 0.00076541
12110.0 0.00074426
12130.0 0.00072417
12150.0 0.00070651
12170.0 0.00069155
12190.0 0.00067846
12210.0 0.00066866
12230.0 0.0006625
12250.0 0.0006597
12270.0 0.00066069
12290.0 0.00066545
12310.0 0.00067353
12330.0 0.00068545
12350.0 0.00070062
12370.0 0.00071791
12390.0 0.00073756
12410.0 0.00076
12430.0 0.00078212
12450.0 0.00080421
12470.0 0.00082667
12490.0 0.0008481
12510.0 0.00086715
12530.0 0.000885
12550.0 0.00090107
12570.0 0.00091424
12590.0 0.0009249
12610.0 0.00093352
12630.0 0.00093957
12650.0 0.00094303
12670.0 0.00094454
12690.0 0.00094406
12710.0 0.00094182
12730.0 0.0009381
12750.0 0.00093275
12770.0 0.00092622
12790.0 0.0009188
12810.0 0.00091025
12830.0 0.00090048
12850.0 0.00089023
12870.0 0.00087917
12890.0 0.00086672
12910.0 0.00085341
12930.0 0.00083952
12950.0 0.00082398
12970.0 0.00080693
12990.0 0.00078961
13010.0 0.0007713
13030.0 0.0007515
13050.0 0.00073134
13070.0 0.00071158
13090.0 0.00069093
13110.0 0.00067034
13130.0 0.00065106
13150.0 0.00063268
13170.0 0.00061474
13190.0 0.00059908
13210.0 0.00058571
13230.0 0.00057392
13250.0 0.00056426
13270.0 0.00055712
13290.0 0.00055192
13310.0 0.00054856
13330.0 0.00054709
13350.0 0.00054705
13370.0 0.00054812
13390.0 0.00054998
13410.0 0.00055209
13430.0 0.00055421
13450.0 0.00055605
13470.0 0.00055724
13490.0 0.00055767
13510.0 0.0005572
13530.0 0.00055575
13550.0 0.0005535
13570.0 0.00055048
13590.0 0.00054675
13610.0 0.00054272
13630.0 0.00053859
13650.0 0.00053427
13670.0 0.00053011
13690.0 0.00052634
13710.0 0.00052285
13730.0 0.00051961
13750.0 0.0005169
13770.0 0.0005145
13790.0 0.00051226
13810.0 0.00051013
13830.0 0.00050807
13850.0 0.00050583
13870.0 0.00050329
13890.0 0.00050049
13910.0 0.00049735
13930.0 0.00049367
13950.0 0.00048961
13970.0 0.00048543
13990.0 0.00048091
14010.0 0.00047622
14030.0 0.00047168
14050.0 0.00046731
14070.0 0.00046301
14090.0 0.00045917
14110.0 0.00045585
14130.0 0.00045292
14150.0 0.00045046
14170.0 0.00044857
14190.0 0.00044712
14210.0 0.00044612
14230.0 0.00044558
14250.0 0.00044545
14270.0 0.0004458
14290.0 0.00044666
14310.0 0.00044791
14330.0 0.00044963
14350.0 0.00045192
14370.0 0.00045461
14390.0 0.00045757
14410.0 0.00046105
14430.0 0.00046488
14450.0 0.00046877
14470.0 0.00047286
14490.0 0.00047735
14510.0 0.00048176
14530.0 0.00048616
14550.0 0.00049092
14570.0 0.00049599
14590.0 0.00050116
14610.0 0.00050691
14630.0 0.00051356
14650.0 0.00052073
14670.0 0.00052857
14690.0 0.00053766
14710.0 0.00054794
14730.0 0.00055852
14750.0 0.00057025
14770.0 0.0005832
14790.0 0.00059648
14810.0 0.00060989
14830.0 0.00062453
14850.0 0.00063893
14870.0 0.00065247
14890.0 0.00066566
14910.0 0.00067826
14930.0 0.00068908
14950.0 0.00069813
14970.0 0.00070579
14990.0 0.00071131
15010.0 0.00071472
15030.0 0.00071645
15050.0 0.00071668
15070.0 0.00071563
15090.0 0.0007138
15110.0 0.00071142
15130.0 0.00070872
15150.0 0.00070593
15170.0 0.00070299
15190.0 0.0007
15210.0 0.00069706
15230.0 0.00069413
15250.0 0.00069114
15270.0 0.00068818
15290.0 0.00068531
15310.0 0.00068239
15330.0 0.00067946
15350.0 0.0006766
15370.0 0.00067376
15390.0 0.00067083
15410.0 0.00066797
15430.0 0.00066516
15450.0 0.00066232
15470.0 0.00065945
15490.0 0.00065668
15510.0 0.00065391
15530.0 0.00065109
15550.0 0.00064832
15570.0 0.00064561
15590.0 0.00064283
15610.0 0.00064004
15630.0 0.00063735
15650.0 0.00063466
15670.0 0.00063192
15690.0 0.00062923
15710.0 0.00062661
15730.0 0.00062392
15750.0 0.00062124
15770.0 0.00061863
15790.0 0.00061602
15810.0 0.00061334
15830.0 0.00061074
15850.0 0.00060819
15870.0 0.00060559
15890.0 0.000603
15910.0 0.00060049
15930.0 0.00059795
15950.0 0.00059536
15970.0 0.00059284
15990.0 0.00059036
16010.0 0.00058783
16030.0 0.00058529
16050.0 0.00058286
16070.0 0.0005804
16090.0 0.00057791
16110.0 0.00057547
16130.0 0.00057308
16150.0 0.00057059
16170.0 0.00056814
16190.0 0.00056577
16210.0 0.00056337
16230.0 0.00056093
16250.0 0.00055857
16270.0 0.00055624
16290.0 0.00055384
16310.0 0.00055146
16330.0 0.00054915
16350.0 0.00054681
16370.0 0.0005444
16390.0 0.00054211
16410.0 0.00053982
16430.0 0.00053748
16450.0 0.00053517
16470.0 0.00053294
16490.0 0.00053063
16510.0 0.00052831
16530.0 0.00052606
16550.0 0.00052382
16570.0 0.00052151
16590.0 0.00051923
16610.0 0.00051704
16630.0 0.00051479
16650.0 0.00051253
16670.0 0.00051033
16690.0 0.00050814
16710.0 0.00050586
16730.0 0.00050364
16750.0 0.00050147
16770.0 0.00049925
16790.0 0.00049701
16810.0 0.00049486
16830.0 0.0004927
16850.0 0.00049048
16870.0 0.0004883
16890.0 0.00048617
16910.0 0.00048397
16930.0 0.00048175
16950.0 0.00047963
16970.0 0.00047749
16990.0 0.0004753
17010.0 0.00047315
17030.0 0.00047106
17050.0 0.00046889
17070.0 0.00046672
17090.0 0.00046462
17110.0 0.0004625
17130.0 0.0004603
17150.0 0.00045818
17170.0 0.0004561
17190.0 0.00045396
17210.0 0.00045182
17230.0 0.00044976
17250.0 0.00044765
17270.0 0.00044549
17290.0 0.00044339
17310.0 0.00044132
17330.0 0.00043918
17350.0 0.00043705
17370.0 0.00043501
17390.0 0.00043292
17410.0 0.00043079
17430.0 0.00042872
17450.0 0.00042668
17470.0 0.00042453
17490.0 0.00042243
17510.0 0.00042039
17530.0 0.00041831
17550.0 0.00041619
17570.0 0.00041414
17590.0 0.00041211
17610.0 0.00041
17630.0 0.00040792
17650.0 0.0004059
17670.0 0.00040383
17690.0 0.00040169
17710.0 0.00039967
17730.0 0.00039765
17750.0 0.00039556
17770.0 0.0003935
17790.0 0.00039151
17810.0 0.00038944
17830.0 0.00038735
17850.0 0.00038533
17870.0 0.00038332
17890.0 0.00038123
17910.0 0.00037917
17930.0 0.00037719
17950.0 0.00037515
17970.0 0.0003731
17990.0 0.0003711
18010.0 0.00036911
18030.0 0.00036702
18050.0 0.000365
18070.0 0.00036302
18090.0 0.00036099
18110.0 0.00035893
18130.0 0.00035697
18150.0 0.00035498
18170.0 0.00035294
18190.0 0.00035095
18210.0 0.00034899
18230.0 0.00034696
18250.0 0.00034492
18270.0 0.00034297
18290.0 0.000341
18310.0 0.00033898
18330.0 0.00033701
18350.0 0.00033508
18370.0 0.00033307
18390.0 0.00033108
18410.0 0.00032914
18430.0 0.00032718
18450.0 0.00032516
18470.0 0.00032321
18490.0 0.0003213
18510.0 0.00031933
18530.0 0.00031736
18550.0 0.00031547
18570.0 0.00031353
18590.0 0.00031154
18610.0 0.00030962
18630.0 0.00030772
18650.0 0.00030576
18670.0 0.0003038
18690.0 0.00030194
18710.0 0.00030003
18730.0 0.00029809
18750.0 0.0002962
18770.0 0.00029434
18790.0 0.00029238
18810.0 0.00029047
18830.0 0.00028861
18850.0 0.00028673
18870.0 0.00028481
18890.0 0.00028296
18910.0 0.00028112
18930.0 0.00027921
18950.0 0.00027734
18970.0 0.00027552
18990.0 0.00027365
19010.0 0.00027173
19030.0 0.00026992
19050.0 0.0002681
19070.0 0.00026624
19090.0 0.0002644
19110.0 0.00026263
19130.0 0.00026077
19150.0 0.00025892
19170.0 0.00025713
19190.0 0.00025533
19210.0 0.00025348
19230.0 0.00025167
19250.0 0.00024992
19270.0 0.00024812
19290.0 0.00024631
19310.0 0.00024456
19330.0 0.0002428
19350.0 0.00024096
19370.0 0.0002392
19390.0 0.00023747
19410.0 0.00023569
19430.0 0.0002339
19450.0 0.0002322
19470.0 0.00023047
19490.0 0.00022869
19510.0 0.00022697
19530.0 0.00022527
19550.0 0.00022351
19570.0 0.00022175
19590.0 0.00022008
19610.0 0.00021837
19630.0 0.00021663
19650.0 0.00021495
19670.0 0.0002133
19690.0 0.00021157
19710.0 0.00020986
19730.0 0.00020821
19750.0 0.00020654
19770.0 0.00020481
19790.0 0.00020316
19810.0 0.00020153
19830.0 0.00019984
19850.0 0.00019816
19870.0 0.00019651
19890.0 0.00019476
19910.0 0.00019286
19930.0 0.00019087
19950.0 0.00018866
19970.0 0.00018604
19990.0 0.000183
20010.0 0.00017969
20030.0 0.00017586
20050.0 0.00017159
20070.0 0.00016721
20090.0 0.00016277
20110.0 0.00015806
20130.0 0.00015364
20150.0 0.00014957
20170.0 0.00014567
20190.0 0.00014202
20210.0 0.00013886
20230.0 0.00013601
20250.0 0.0001334
20270.0 0.00013119
20290.0 0.00012936
20310.0 0.0001278
20330.0 0.00012653
20350.0 0.00012565
20370.0 0.00012505
20390.0 0.00012474
20410.0 0.00012473
20430.0 0.00012501
20450.0 0.0001256
20470.0 0.0001265
20490.0 0.00012766
20510.0 0.00012911
20530.0 0.00013091
20550.0 0.00013294
20570.0 0.00013512
20590.0 0.00013761
20610.0 0.00014028
20630.0 0.00014299
20650.0 0.00014582
20670.0 0.00014883
20690.0 0.00015169
20710.0 0.00015445
20730.0 0.00015719
20750.0 0.0001598
20770.0 0.00016213
20790.0 0.00016434
20810.0 0.00016644
20830.0 0.00016831
20850.0 0.00017001
20870.0 0.00017166
20890.0 0.00017323
20910.0 0.00017466
20930.0 0.00017609
20950.0 0.00017755
20970.0 0.00017894
20990.0 0.00018031
21010.0 0.00018172
21030.0 0.00018307
21050.0 0.0001843
21070.0 0.00018544
21090.0 0.00018648
21110.0 0.00018729
21130.0 0.00018791
21150.0 0.00018834
21170.0 0.00018854
21190.0 0.00018851
21210.0 0.00018827
21230.0 0.0001878
21250.0 0.00018715
21270.0 0.00018634
21290.0 0.00018535
21310.0 0.00018423
21330.0 0.00018305
21350.0 0.00018176
21370.0 0.00018038
21390.0 0.00017901
21410.0 0.00017763
21430.0 0.00017618
21450.0 0.00017479
21470.0 0.00017349
21490.0 0.0001722
21510.0 0.00017097
21530.0 0.00016987
21550.0 0.00016887
21570.0 0.00016793
21590.0 0.00016715
21610.0 0.00016652
21630.0 0.00016602
21650.0 0.00016568
21670.0 0.00016552
21690.0 0.00016553
21710.0 0.00016574
21730.0 0.00016613
21750.0 0.00016669
21770.0 0.0001675
21790.0 0.0001685
21810.0 0.00016966
21830.0 0.00017101
21850.0 0.00017261
21870.0 0.00017434
21890.0 0.00017617
21910.0 0.00017822
21930.0 0.00018041
21950.0 0.00018263
21970.0 0.00018496
21990.0 0.00018749
22010.0 0.00018994
22030.0 0.00019238
22050.0 0.00019488
22070.0 0.00019735
22090.0 0.00019964
22110.0 0.00020189
22130.0 0.00020406
22150.0 0.00020601
22170.0 0.00020775
22190.0 0.00020935
22210.0 0.00021067
22230.0 0.00021166
22250.0 0.00021238
22270.0 0.00021279
22290.0 0.00021285
22310.0 0.00021258
22330.0 0.00021192
22350.0 0.00021089
22370.0 0.00020954
22390.0 0.00020781
22410.0 0.00020565
22430.0 0.00020326
22450.0 0.00020059
22470.0 0.00019754
22490.0 0.00019425
22510.0 0.00019086
22530.0 0.00018714
22550.0 0.00018317
22570.0 0.00017926
22590.0 0.00017525
22610.0 0.00017105
22630.0 0.00016689
22650.0 0.00016291
22670.0 0.00015881
22690.0 0.00015474
22710.0 0.00015089
22730.0 0.00014717
22750.0 0.00014337
22770.0 0.00013988
22790.0 0.00013665
22810.0 0.00013351
22830.0 0.00013055
22850.0 0.00012793
22870.0 0.00012551
22890.0 0.00012324
22910.0 0.0001213
22930.0 0.00011966
22950.0 0.00011825
22970.0 0.00011712
22990.0 0.00011636
23010.0 0.00011588
23030.0 0.00011569
23050.0 0.00011582
23070.0 0.00011622
23090.0 0.00011695
23110.0 0.00011795
23130.0 0.00011917
23150.0 0.00012063
23170.0 0.00012234
23190.0 0.00012417
23210.0 0.00012606
23230.0 0.00012812
23250.0 0.00013022
23270.0 0.00013226
23290.0 0.00013429
23310.0 0.00013634
23330.0 0.00013818
23350.0 0.00013986
23370.0 0.00014143
23390.0 0.00014279
23410.0 0.0001439
23430.0 0.00014481
23450.0 0.00014551
23470.0 0.00014594
23490.0 0.00014614
23510.0 0.00014611
23530.0 0.00014583
23550.0 0.00014536
23570.0 0.00014467
23590.0 0.00014379
23610.0 0.00014278
23630.0 0.00014164
23650.0 0.00014033
23670.0 0.00013896
23690.0 0.00013759
23710.0 0.00013618
23730.0 0.00013478
23750.0 0.00013354
23770.0 0.00013244
23790.0 0.00013149
23810.0 0.00013081
23830.0 0.00013044
23850.0 0.00013039
23870.0 0.00013076
23890.0 0.00013153
23910.0 0.0001327
23930.0 0.00013433
23950.0 0.00013634
23970.0 0.00013859
23990.0 0.00014122
24010.0 0.00014408
24030.0 0.00014698
24050.0 0.00014993
24070.0 0.00015302
24090.0 0.00015589
24110.0 0.00015852
24130.0 0.00016104
24150.0 0.00016334
24170.0 0.00016529
24190.0 0.00016703
24210.0 0.00016857
24230.0 0.00016981
24250.0 0.00017082
24270.0 0.00017165
24290.0 0.0001723
24310.0 0.00017275
24330.0 0.00017306
24350.0 0.00017326
24370.0 0.00017333
24390.0 0.00017332
24410.0 0.00017323
24430.0 0.00017307
24450.0 0.00017288
24470.0 0.00017266
24490.0 0.00017243
24510.0 0.00017221
24530.0 0.00017201
24550.0 0.00017184
24570.0 0.00017171
24590.0 0.00017163
24610.0 0.0001716
24630.0 0.00017163
24650.0 0.0001717
24670.0 0.00017181
24690.0 0.00017196
24710.0 0.00017214
24730.0 0.00017231
24750.0 0.0001725
24770.0 0.00017266
24790.0 0.00017278
24810.0 0.00017279
24830.0 0.00017256
24850.0 0.0001718
24870.0 0.00017015
24890.0 0.00016686
24910.0 0.00016094
24930.0 0.00015193
24950.0 0.00013922
24970.0 0.00012174
24990.0 0.00010148
