#lamb flux
1010.0 0.00070058
1030.0 0.00091827
1050.0 0.0011947
1070.0 0.0015395
1090.0 0.0019713
1110.0 0.002473
1130.0 0.0030434
1150.0 0.003702
1170.0 0.0044467
1190.0 0.0052339
1210.0 0.0060791
1230.0 0.0069861
1250.0 0.0079095
1270.0 0.0088208
1290.0 0.0097459
1310.0 0.010627
1330.0 0.01141
1350.0 0.012104
1370.0 0.012702
1390.0 0.01315
1410.0 0.013436
1430.0 0.013603
1450.0 0.013623
1470.0 0.013489
1490.0 0.013239
1510.0 0.012903
1530.0 0.012448
1550.0 0.011925
1570.0 0.011377
1590.0 0.010804
1610.0 0.01021
1630.0 0.009636
1650.0 0.0090895
1670.0 0.0085638
1690.0 0.0080732
1710.0 0.0076331
1730.0 0.0072378
1750.0 0.0068764
1770.0 0.0065667
1790.0 0.0063052
1810.0 0.0060822
1830.0 0.0058992
1850.0 0.0057643
1870.0 0.0056637
1890.0 0.005595
1910.0 0.0055633
1930.0 0.0055669
1950.0 0.0055964
1970.0 0.0056546
1990.0 0.0057457
2010.0 0.0058626
2030.0 0.0060021
2050.0 0.0061709
2070.0 0.0063676
2090.0 0.0065819
2110.0 0.006819
2130.0 0.0070822
2150.0 0.0073647
2170.0 0.0076625
2190.0 0.0079843
2210.0 0.0083256
2230.0 0.0086791
2250.0 0.0090479
2270.0 0.0094378
2290.0 0.009837
2310.0 0.010242
2330.0 0.010662
2350.0 0.011092
2370.0 0.011522
2390.0 0.011958
2410.0 0.012404
2430.0 0.012845
2450.0 0.013283
2470.0 0.013729
2490.0 0.014188
2510.0 0.014659
2530.0 0.01518
2550.0 0.015804
2570.0 0.016572
2590.0 0.017543
2610.0 0.018896
2630.0 0.020707
2650.0 0.02297
2670.0 0.025833
2690.0 0.0294
2710.0 0.033415
2730.0 0.03772
2750.0 0.042445
2770.0 0.047143
2790.0 0.051429
2810.0 0.055324
2830.0 0.058797
2850.0 0.061411
2870.0 0.06343
2890.0 0.065052
2910.0 0.066288
2930.0 0.067175
2950.0 0.067939
2970.0 0.068601
2990.0 0.069101
3010.0 0.069504
3030.0 0.069899
3050.0 0.070232
3070.0 0.07042
3090.0 0.070603
3110.0 0.070782
3130.0 0.07095
3150.0 0.070446
3170.0 0.07051
3190.0 0.071016
3210.0 0.072268
3230.0 0.074899
3250.0 0.080317
3270.0 0.087821
3290.0 0.095833
3310.0 0.10436
3330.0 0.10668
3350.0 0.10734
3370.0 0.10796
3390.0 0.10847
3410.0 0.10852
3430.0 0.10819
3450.0 0.10775
3470.0 0.10749
3490.0 0.1064
3510.0 0.10233
3530.0 0.093565
3550.0 0.088137
3570.0 0.09774
3590.0 0.11349
3610.0 0.12557
3630.0 0.14297
3650.0 0.14035
3670.0 0.12163
3690.0 0.10408
3710.0 0.097182
3730.0 0.099972
3750.0 0.10219
3770.0 0.10501
3790.0 0.10805
3810.0 0.11165
3830.0 0.10314
3850.0 0.091718
3870.0 0.085946
3890.0 0.09086
3910.0 0.094078
3930.0 0.094501
3950.0 0.099943
3970.0 0.10643
3990.0 0.10762
4010.0 0.10935
4030.0 0.10574
4050.0 0.10289
4070.0 0.10113
4090.0 0.10205
4110.0 0.1035
4130.0 0.10123
4150.0 0.097501
4170.0 0.096322
4190.0 0.095365
4210.0 0.08893
4230.0 0.082138
4250.0 0.074214
4270.0 0.067205
4290.0 0.064983
4310.0 0.064201
4330.0 0.066281
4350.0 0.073315
4370.0 0.076786
4390.0 0.084863
4410.0 0.091395
4430.0 0.093943
4450.0 0.087286
4470.0 0.080053
4490.0 0.078171
4510.0 0.076934
4530.0 0.077048
4550.0 0.076987
4570.0 0.078324
4590.0 0.081384
4610.0 0.083415
4630.0 0.085355
4650.0 0.086279
4670.0 0.085901
4690.0 0.081086
4710.0 0.076518
4730.0 0.072871
4750.0 0.070986
4770.0 0.068758
4790.0 0.069181
4810.0 0.067997
4830.0 0.06377
4850.0 0.068728
4870.0 0.064949
4890.0 0.066641
4910.0 0.067804
4930.0 0.064438
4950.0 0.055331
4970.0 0.051957
4990.0 0.049078
5010.0 0.04584
5030.0 0.045877
5050.0 0.049422
5070.0 0.050546
5090.0 0.052992
5110.0 0.053672
5130.0 0.053278
5150.0 0.054192
5170.0 0.052008
5190.0 0.051619
5210.0 0.052647
5230.0 0.050427
5250.0 0.051546
5270.0 0.054235
5290.0 0.05331
5310.0 0.050346
5330.0 0.048852
5350.0 0.045769
5370.0 0.044904
5390.0 0.044551
5410.0 0.043243
5430.0 0.044144
5450.0 0.042429
5470.0 0.042525
5490.0 0.046989
5510.0 0.047638
5530.0 0.047732
5550.0 0.047447
5570.0 0.04827
5590.0 0.04856
5610.0 0.048023
5630.0 0.04745
5650.0 0.046845
5670.0 0.045787
5690.0 0.044941
5710.0 0.0437
5730.0 0.044514
5750.0 0.042968
5770.0 0.040774
5790.0 0.039433
5810.0 0.036623
5830.0 0.038116
5850.0 0.039519
5870.0 0.039418
5890.0 0.039684
5910.0 0.041318
5930.0 0.041142
5950.0 0.041307
5970.0 0.041301
5990.0 0.041728
6010.0 0.040713
6030.0 0.040132
6050.0 0.039717
6070.0 0.038945
6090.0 0.039422
6110.0 0.038999
6130.0 0.037711
6150.0 0.036823
6170.0 0.035998
6190.0 0.033217
6210.0 0.032693
6230.0 0.033054
6250.0 0.032719
6270.0 0.032511
6290.0 0.033309
6310.0 0.034302
6330.0 0.034211
6350.0 0.033487
6370.0 0.033524
6390.0 0.032272
6410.0 0.032072
6430.0 0.03112
6450.0 0.03098
6470.0 0.030894
6490.0 0.030908
6510.0 0.029847
6530.0 0.029605
6550.0 0.029172
6570.0 0.028463
6590.0 0.029037
6610.0 0.029029
6630.0 0.028443
6650.0 0.027432
6670.0 0.026953
6690.0 0.026436
6710.0 0.025708
6730.0 0.025356
6750.0 0.025538
6770.0 0.026203
6790.0 0.026213
6810.0 0.025966
6830.0 0.024698
6850.0 0.02336
6870.0 0.022981
6890.0 0.022834
6910.0 0.02277
6930.0 0.0225
6950.0 0.022725
6970.0 0.022095
6990.0 0.021818
7010.0 0.021877
7030.0 0.022154
7050.0 0.021776
7070.0 0.020545
7090.0 0.019671
7110.0 0.019649
7130.0 0.019917
7150.0 0.020018
7170.0 0.019952
7190.0 0.019541
7210.0 0.020409
7230.0 0.021134
7250.0 0.021146
7270.0 0.021174
7290.0 0.021571
7310.0 0.021067
7330.0 0.020555
7350.0 0.019807
7370.0 0.019914
7390.0 0.020362
7410.0 0.019207
7430.0 0.019379
7450.0 0.019185
7470.0 0.019827
7490.0 0.019636
7510.0 0.018722
7530.0 0.019112
7550.0 0.017586
7570.0 0.017024
7590.0 0.01704
7610.0 0.017679
7630.0 0.01773
7650.0 0.018391
7670.0 0.017076
7690.0 0.01657
7710.0 0.017342
7730.0 0.018378
7750.0 0.018035
7770.0 0.018821
7790.0 0.018863
7810.0 0.018876
7830.0 0.020038
7850.0 0.01924
7870.0 0.020321
7890.0 0.019705
7910.0 0.019425
7930.0 0.01866
7950.0 0.018461
7970.0 0.018901
7990.0 0.018355
8010.0 0.017673
8030.0 0.017495
8050.0 0.017144
8070.0 0.016821
8090.0 0.015568
8110.0 0.015632
8130.0 0.016595
8150.0 0.017186
8170.0 0.017296
8190.0 0.017787
8210.0 0.017466
8230.0 0.017072
8250.0 0.017025
8270.0 0.016699
8290.0 0.016358
8310.0 0.015567
8330.0 0.015596
8350.0 0.015787
8370.0 0.015886
8390.0 0.015884
8410.0 0.015661
8430.0 0.015478
8450.0 0.015479
8470.0 0.015996
8490.0 0.016183
8510.0 0.015599
8530.0 0.015019
8550.0 0.014991
8570.0 0.014663
8590.0 0.014351
8610.0 0.014622
8630.0 0.014572
8650.0 0.014422
8670.0 0.014319
8690.0 0.01417
8710.0 0.013532
8730.0 0.013592
8750.0 0.013248
8770.0 0.01329
8790.0 0.01308
8810.0 0.012768
8830.0 0.012827
8850.0 0.012786
8870.0 0.012189
8890.0 0.011794
8910.0 0.011351
8930.0 0.010746
8950.0 0.010528
8970.0 0.01008
8990.0 0.0099343
9010.0 0.0096347
9030.0 0.0095339
9050.0 0.0094734
9070.0 0.0094145
9090.0 0.009355
9110.0 0.0092941
9130.0 0.0092333
9150.0 0.0091735
9170.0 0.0091131
9190.0 0.0090523
9210.0 0.0089911
9230.0 0.0089295
9250.0 0.0088677
9270.0 0.0088057
9290.0 0.0087435
9310.0 0.0086821
9330.0 0.0086216
9350.0 0.0085609
9370.0 0.0085003
9390.0 0.0084397
9410.0 0.0083791
9430.0 0.0083185
9450.0 0.008258
9470.0 0.0082032
9490.0 0.0081455
9510.0 0.0080823
9530.0 0.00802
9550.0 0.007959
9570.0 0.0078989
9590.0 0.007839
9610.0 0.0077805
9630.0 0.0077227
9650.0 0.0076651
9670.0 0.0076075
9690.0 0.0075506
9710.0 0.007494
9730.0 0.0074376
9750.0 0.0073816
9770.0 0.0073264
9790.0 0.0072713
9810.0 0.0072165
9830.0 0.007162
9850.0 0.0071031
9870.0 0.0070445
9890.0 0.0069961
9910.0 0.0069468
9930.0 0.0068875
9950.0 0.006836
9970.0 0.0067893
9990.0 0.0067414
10010.0 0.0066939
10030.0 0.0066457
10050.0 0.006597
10070.0 0.0065491
10090.0 0.006502
10110.0 0.0064544
10130.0 0.0064075
10150.0 0.0063618
10170.0 0.0063165
10190.0 0.0062712
10210.0 0.0062271
10230.0 0.0061837
10250.0 0.0061404
10270.0 0.0060977
10290.0 0.0060561
10310.0 0.0060146
10330.0 0.0059732
10350.0 0.0059331
10370.0 0.0058936
10390.0 0.005854
10410.0 0.0058127
10430.0 0.0057717
10450.0 0.005737
10470.0 0.0057011
10490.0 0.0056659
10510.0 0.005631
10530.0 0.0055954
10550.0 0.0055606
10570.0 0.005527
10590.0 0.0054934
10610.0 0.0054599
10630.0 0.0054277
10650.0 0.005396
10670.0 0.0053639
10690.0 0.0053328
10710.0 0.0053027
10730.0 0.0052726
10750.0 0.0052423
10770.0 0.0052138
10790.0 0.0051855
10810.0 0.005157
10830.0 0.0051294
10850.0 0.0051029
10870.0 0.0050758
10890.0 0.0050491
10910.0 0.0050236
10930.0 0.0049983
10950.0 0.0049727
10970.0 0.0049479
10990.0 0.004924
11010.0 0.0055579
11030.0 0.0055274
11050.0 0.0054943
11070.0 0.0054584
11090.0 0.0054187
11110.0 0.0053787
11130.0 0.0053382
11150.0 0.0052959
11170.0 0.005253
11190.0 0.0052113
11210.0 0.0051687
11230.0 0.0051253
11250.0 0.0050833
11270.0 0.0050425
11290.0 0.0050012
11310.0 0.0049611
11330.0 0.0049244
11350.0 0.0048886
11370.0 0.0048539
11390.0 0.0048221
11410.0 0.0047924
11430.0 0.0047631
11450.0 0.0047359
11470.0 0.0047108
11490.0 0.0046863
11510.0 0.004662
11530.0 0.0046391
11550.0 0.0046168
11570.0 0.0045937
11590.0 0.0045707
11610.0 0.0045482
11630.0 0.0045245
11650.0 0.0044998
11670.0 0.0044756
11690.0 0.0044509
11710.0 0.0044248
11730.0 0.0043985
11750.0 0.0043729
11770.0 0.0043459
11790.0 0.0043182
11810.0 0.0042915
11830.0 0.0042648
11850.0 0.0042369
11870.0 0.0042103
11890.0 0.0041853
11910.0 0.0041603
11930.0 0.004136
11950.0 0.0041141
11970.0 0.0040933
11990.0 0.0040732
12010.0 0.0040555
12030.0 0.00404
12050.0 0.0040258
12070.0 0.0040132
12090.0 0.0040035
12110.0 0.0039953
12130.0 0.0039885
12150.0 0.0039836
12170.0 0.0039803
12190.0 0.0039778
12210.0 0.0039762
12230.0 0.0039754
12250.0 0.0039748
12270.0 0.0039738
12290.0 0.0039725
12310.0 0.0039705
12330.0 0.0039672
12350.0 0.0039623
12370.0 0.0039562
12390.0 0.0039482
12410.0 0.0039373
12430.0 0.0039252
12450.0 0.0039112
12470.0 0.0038945
12490.0 0.0038756
12510.0 0.0038559
12530.0 0.0038337
12550.0 0.003809
12570.0 0.0037835
12590.0 0.0037571
12610.0 0.003728
12630.0 0.0036978
12650.0 0.0036686
12670.0 0.0036379
12690.0 0.003606
12710.0 0.003575
12730.0 0.0035445
12750.0 0.0035123
12770.0 0.0034813
12790.0 0.003452
12810.0 0.0034227
12830.0 0.0033935
12850.0 0.0033669
12870.0 0.0033417
12890.0 0.0033169
12910.0 0.003294
12930.0 0.0032735
12950.0 0.003254
12970.0 0.0032361
12990.0 0.0032212
13010.0 0.0032084
13030.0 0.0031972
13050.0 0.0031884
13070.0 0.0031819
13090.0 0.0031769
13110.0 0.0031736
13130.0 0.0031717
13150.0 0.0031708
13170.0 0.0031704
13190.0 0.0031704
13210.0 0.0031702
13230.0 0.0031696
13250.0 0.0031681
13270.0 0.0031658
13290.0 0.0031622
13310.0 0.0031571
13330.0 0.0031505
13350.0 0.0031425
13370.0 0.0031326
13390.0 0.0031206
13410.0 0.0031077
13430.0 0.0030928
13450.0 0.0030757
13470.0 0.0030574
13490.0 0.0030381
13510.0 0.003016
13530.0 0.0029927
13550.0 0.0029691
13570.0 0.0029441
13590.0 0.0029174
13610.0 0.0028906
13630.0 0.0028639
13650.0 0.0028354
13670.0 0.0028066
13690.0 0.0027783
13710.0 0.0027493
13730.0 0.0027185
13750.0 0.0026893
13770.0 0.0026601
13790.0 0.00263
13810.0 0.0026
13830.0 0.0025714
13850.0 0.0025421
13870.0 0.0025125
13890.0 0.0024843
13910.0 0.0024567
13930.0 0.0024287
13950.0 0.0024015
13970.0 0.0023762
13990.0 0.0023509
14010.0 0.0023261
14030.0 0.0023028
14050.0 0.0022804
14070.0 0.0022579
14090.0 0.0022368
14110.0 0.0022171
14130.0 0.0021978
14150.0 0.0021789
14170.0 0.0021615
14190.0 0.0021447
14210.0 0.002128
14230.0 0.0021121
14250.0 0.002097
14270.0 0.0020818
14290.0 0.0020668
14310.0 0.0020526
14330.0 0.0020387
14350.0 0.0020248
14370.0 0.0020113
14390.0 0.0019985
14410.0 0.0019856
14430.0 0.0019729
14450.0 0.0019609
14470.0 0.001949
14490.0 0.0019369
14510.0 0.0019254
14530.0 0.0019143
14550.0 0.0019029
14570.0 0.0018916
14590.0 0.0018807
14610.0 0.0018695
14630.0 0.001858
14650.0 0.0018467
14670.0 0.0018355
14690.0 0.0018239
14710.0 0.001812
14730.0 0.0018006
14750.0 0.0017888
14770.0 0.0017766
14790.0 0.0017645
14810.0 0.0017525
14830.0 0.0017397
14850.0 0.0017268
14870.0 0.0017142
14890.0 0.0017012
14910.0 0.0016881
14930.0 0.0016754
14950.0 0.0016633
14970.0 0.0016513
14990.0 0.0016401
15010.0 0.0016301
15030.0 0.0016206
15050.0 0.0016117
15070.0 0.0016038
15090.0 0.0015964
15110.0 0.0015891
15130.0 0.001582
15150.0 0.0015752
15170.0 0.0015683
15190.0 0.0015614
15210.0 0.0015546
15230.0 0.0015479
15250.0 0.001541
15270.0 0.0015341
15290.0 0.0015275
15310.0 0.0015207
15330.0 0.0015138
15350.0 0.0015072
15370.0 0.0015005
15390.0 0.0014936
15410.0 0.0014868
15430.0 0.0014802
15450.0 0.0014734
15470.0 0.0014666
15490.0 0.00146
15510.0 0.0014534
15530.0 0.0014466
15550.0 0.0014399
15570.0 0.0014334
15590.0 0.0014267
15610.0 0.0014199
15630.0 0.0014134
15650.0 0.0014068
15670.0 0.0014001
15690.0 0.0013935
15710.0 0.0013871
15730.0 0.0013805
15750.0 0.0013739
15770.0 0.0013674
15790.0 0.0013609
15810.0 0.0013543
15830.0 0.0013478
15850.0 0.0013414
15870.0 0.0013349
15890.0 0.0013284
15910.0 0.0013221
15930.0 0.0013157
15950.0 0.0013092
15970.0 0.0013029
15990.0 0.0012966
16010.0 0.0012902
16030.0 0.0012838
16050.0 0.0012776
16070.0 0.0012713
16090.0 0.001265
16110.0 0.0012588
16130.0 0.0012527
16150.0 0.0012463
16170.0 0.0012401
16190.0 0.001234
16210.0 0.0012279
16230.0 0.0012217
16250.0 0.0012157
16270.0 0.0012097
16290.0 0.0012036
16310.0 0.0011975
16330.0 0.0011916
16350.0 0.0011856
16370.0 0.0011795
16390.0 0.0011737
16410.0 0.0011678
16430.0 0.0011619
16450.0 0.001156
16470.0 0.0011503
16490.0 0.0011445
16510.0 0.0011386
16530.0 0.0011329
16550.0 0.0011272
16570.0 0.0011214
16590.0 0.0011157
16610.0 0.0011102
16630.0 0.0011046
16650.0 0.0010989
16670.0 0.0010934
16690.0 0.001088
16710.0 0.0010824
16730.0 0.0010769
16750.0 0.0010715
16770.0 0.0010661
16790.0 0.0010606
16810.0 0.0010553
16830.0 0.0010501
16850.0 0.0010447
16870.0 0.0010394
16890.0 0.0010343
16910.0 0.001029
16930.0 0.0010238
16950.0 0.0010187
16970.0 0.0010136
16990.0 0.0010085
17010.0 0.0010034
17030.0 0.00099849
17050.0 0.00099345
17070.0 0.00098844
17090.0 0.00098358
17110.0 0.0009787
17130.0 0.00097372
17150.0 0.0009689
17170.0 0.00096418
17190.0 0.00095938
17210.0 0.0009546
17230.0 0.00094999
17250.0 0.00094532
17270.0 0.00094058
17290.0 0.00093598
17310.0 0.00093146
17330.0 0.00092685
17350.0 0.00092226
17370.0 0.00091788
17390.0 0.00091343
17410.0 0.00090895
17430.0 0.00090459
17450.0 0.00090031
17470.0 0.00089586
17490.0 0.00089152
17510.0 0.00088732
17530.0 0.00088308
17550.0 0.0008788
17570.0 0.00087466
17590.0 0.00087059
17610.0 0.0008664
17630.0 0.0008623
17650.0 0.00085831
17670.0 0.00085427
17690.0 0.00085014
17710.0 0.00084624
17730.0 0.00084235
17750.0 0.00083838
17770.0 0.00083449
17790.0 0.00083074
17810.0 0.00082687
17830.0 0.00082301
17850.0 0.00081928
17870.0 0.00081558
17890.0 0.00081179
17910.0 0.00080807
17930.0 0.00080451
17950.0 0.00080087
17970.0 0.00079722
17990.0 0.00079371
18010.0 0.0007902
18030.0 0.00078657
18050.0 0.00078307
18070.0 0.00077966
18090.0 0.00077619
18110.0 0.00077271
18130.0 0.00076939
18150.0 0.00076606
18170.0 0.00076265
18190.0 0.00075934
18210.0 0.00075612
18230.0 0.00075279
18250.0 0.00074946
18270.0 0.00074631
18290.0 0.00074313
18310.0 0.00073989
18330.0 0.00073676
18350.0 0.00073371
18370.0 0.00073055
18390.0 0.00072742
18410.0 0.00072441
18430.0 0.00072138
18450.0 0.00071825
18470.0 0.00071527
18490.0 0.00071236
18510.0 0.00070936
18530.0 0.00070639
18550.0 0.00070356
18570.0 0.00070065
18590.0 0.00069768
18610.0 0.00069484
18630.0 0.00069204
18650.0 0.00068916
18670.0 0.00068629
18690.0 0.0006836
18710.0 0.00068083
18730.0 0.00067802
18750.0 0.00067531
18770.0 0.00067266
18790.0 0.00066984
18810.0 0.00066712
18830.0 0.00066451
18850.0 0.00066185
18870.0 0.00065913
18890.0 0.00065655
18910.0 0.000654
18930.0 0.00065133
18950.0 0.00064872
18970.0 0.00064622
18990.0 0.00064364
19010.0 0.00064096
19030.0 0.00063849
19050.0 0.00063601
19070.0 0.00063345
19090.0 0.00063094
19110.0 0.00062855
19130.0 0.00062602
19150.0 0.00062349
19170.0 0.00062107
19190.0 0.00061866
19210.0 0.00061613
19230.0 0.00061368
19250.0 0.00061136
19270.0 0.00060892
19290.0 0.00060647
19310.0 0.00060414
19330.0 0.00060179
19350.0 0.00059929
19370.0 0.00059693
19390.0 0.00059462
19410.0 0.00059223
19430.0 0.00058981
19450.0 0.00058755
19470.0 0.00058523
19490.0 0.00058283
19510.0 0.00058051
19530.0 0.00057826
19550.0 0.00057587
19570.0 0.00057347
19590.0 0.00057123
19610.0 0.00056893
19630.0 0.00056656
19650.0 0.00056428
19670.0 0.00056206
19690.0 0.00055969
19710.0 0.00055735
19730.0 0.00055512
19750.0 0.00055283
19770.0 0.00055042
19790.0 0.00054815
19810.0 0.00054593
19830.0 0.0005436
19850.0 0.00054128
19870.0 0.0005391
19890.0 0.00053684
19910.0 0.00053456
19930.0 0.00053249
19950.0 0.00053057
19970.0 0.00052876
19990.0 0.00052721
20010.0 0.00052607
20030.0 0.00052515
20050.0 0.00052453
20070.0 0.00052422
20090.0 0.00052415
20110.0 0.00052422
20130.0 0.00052446
20150.0 0.00052481
20170.0 0.00052522
20190.0 0.00052566
20210.0 0.00052616
20230.0 0.00052667
20250.0 0.00052717
20270.0 0.00052767
20290.0 0.00052816
20310.0 0.00052862
20330.0 0.00052903
20350.0 0.00052944
20370.0 0.0005298
20390.0 0.00053009
20410.0 0.00053035
20430.0 0.0005306
20450.0 0.00053077
20470.0 0.0005309
20490.0 0.00053104
20510.0 0.00053116
20530.0 0.00053124
20550.0 0.00053135
20570.0 0.0005315
20590.0 0.00053163
20610.0 0.00053178
20630.0 0.00053198
20650.0 0.00053219
20670.0 0.00053238
20690.0 0.00053261
20710.0 0.00053284
20730.0 0.00053303
20750.0 0.00053318
20770.0 0.00053332
20790.0 0.00053338
20810.0 0.00053333
20830.0 0.00053322
20850.0 0.00053303
20870.0 0.00053267
20890.0 0.00053219
20910.0 0.00053166
20930.0 0.00053099
20950.0 0.00053017
20970.0 0.00052931
20990.0 0.00052839
21010.0 0.00052731
21030.0 0.00052619
21050.0 0.00052508
21070.0 0.0005239
21090.0 0.00052263
21110.0 0.00052144
21130.0 0.00052026
21150.0 0.000519
21170.0 0.00051776
21190.0 0.00051657
21210.0 0.0005153
21230.0 0.00051396
21250.0 0.00051267
21270.0 0.00051135
21290.0 0.0005099
21310.0 0.00050841
21330.0 0.00050694
21350.0 0.00050532
21370.0 0.00050358
21390.0 0.00050182
21410.0 0.00049999
21430.0 0.00049791
21450.0 0.00049583
21470.0 0.00049373
21490.0 0.00049146
21510.0 0.00048907
21530.0 0.00048671
21550.0 0.00048427
21570.0 0.00048163
21590.0 0.000479
21610.0 0.00047639
21630.0 0.00047363
21650.0 0.00047073
21670.0 0.000468
21690.0 0.00046518
21710.0 0.00046223
21730.0 0.0004593
21750.0 0.00045644
21770.0 0.00045337
21790.0 0.00045027
21810.0 0.00044725
21830.0 0.00044416
21850.0 0.00044092
21870.0 0.00043773
21890.0 0.0004346
21910.0 0.00043131
21930.0 0.000428
21950.0 0.00042478
21970.0 0.0004215
21990.0 0.00041807
22010.0 0.0004148
22030.0 0.00041159
22050.0 0.00040832
22070.0 0.00040509
22090.0 0.00040204
22110.0 0.00039899
22130.0 0.00039594
22150.0 0.00039305
22170.0 0.00039027
22190.0 0.00038747
22210.0 0.00038477
22230.0 0.00038224
22250.0 0.00037973
22270.0 0.00037725
22290.0 0.00037488
22310.0 0.00037257
22330.0 0.00037021
22350.0 0.00036791
22370.0 0.00036566
22390.0 0.00036338
22410.0 0.00036106
22430.0 0.00035878
22450.0 0.00035648
22470.0 0.00035412
22490.0 0.00035173
22510.0 0.00034935
22530.0 0.00034689
22550.0 0.00034437
22570.0 0.00034186
22590.0 0.00033933
22610.0 0.00033672
22630.0 0.00033411
22650.0 0.00033152
22670.0 0.00032887
22690.0 0.0003262
22710.0 0.00032356
22730.0 0.00032091
22750.0 0.00031821
22770.0 0.00031555
22790.0 0.00031291
22810.0 0.00031026
22830.0 0.0003076
22850.0 0.00030498
22870.0 0.00030236
22890.0 0.00029972
22910.0 0.00029708
22930.0 0.00029445
22950.0 0.0002918
22970.0 0.00028912
22990.0 0.00028643
23010.0 0.00028371
23030.0 0.00028095
23050.0 0.00027816
23070.0 0.00027533
23090.0 0.00027245
23110.0 0.00026953
23130.0 0.00026657
23150.0 0.00026357
23170.0 0.00026054
23190.0 0.00025747
23210.0 0.00025437
23230.0 0.00025125
23250.0 0.0002481
23270.0 0.0002449
23290.0 0.00024169
23310.0 0.00023845
23330.0 0.00023516
23350.0 0.0002318
23370.0 0.0002284
23390.0 0.00022492
23410.0 0.00022133
23430.0 0.00021766
23450.0 0.00021389
23470.0 0.00020997
23490.0 0.0002059
23510.0 0.00020171
23530.0 0.00019736
23550.0 0.00019281
23570.0 0.0001881
23590.0 0.00018321
23610.0 0.00017812
23630.0 0.00017285
23650.0 0.00016739
23670.0 0.00016174
23690.0 0.00015589
23710.0 0.00014985
23730.0 0.0001436
23750.0 0.00013716
23770.0 0.00013052
23790.0 0.00012364
23810.0 0.00011652
23830.0 0.00010917
23850.0 0.00010151
23870.0 9.3515e-05
23890.0 8.5219e-05
23910.0 7.6558e-05
23930.0 7.1992e-05
23950.0 6.9662e-05
23970.0 6.7275e-05
23990.0 6.4795e-05
24010.0 6.2244e-05
24030.0 5.9656e-05
24050.0 5.7022e-05
24070.0 5.432e-05
24090.0 5.162e-05
24110.0 4.892e-05
24130.0 4.6196e-05
24150.0 4.3468e-05
24170.0 4.0757e-05
24190.0 3.8034e-05
24210.0 3.5288e-05
24230.0 3.2536e-05
24250.0 2.9735e-05
24270.0 2.6884e-05
24290.0 2.3979e-05
24310.0 2.1039e-05
24330.0 1.8025e-05
24350.0 1.4926e-05
24370.0 1.1756e-05
24390.0 8.5135e-06
24410.0 5.147e-06
24430.0 1.6916e-06
24450.0 1e-99
24470.0 1e-99
24490.0 1e-99
24510.0 1e-99
24530.0 1e-99
24550.0 1e-99
24570.0 1e-99
24590.0 1e-99
24610.0 1e-99
24630.0 1e-99
24650.0 1e-99
24670.0 1e-99
24690.0 1e-99
24710.0 1e-99
24730.0 1e-99
24750.0 1e-99
24770.0 1e-99
24790.0 1e-99
24810.0 1e-99
24830.0 1e-99
24850.0 1e-99
24870.0 1e-99
24890.0 1e-99
24910.0 1e-99
24930.0 1e-99
24950.0 1e-99
24970.0 1e-99
24990.0 1.7021e-06
