#lamb flux
1010.0 6.3216e-06
1030.0 8.5095e-06
1050.0 1.1442e-05
1070.0 1.5282e-05
1090.0 2.0292e-05
1110.0 2.6383e-05
1130.0 3.357e-05
1150.0 4.2078e-05
1170.0 5.1914e-05
1190.0 6.2567e-05
1210.0 7.4222e-05
1230.0 8.6836e-05
1250.0 9.979e-05
1270.0 0.00011263
1290.0 0.00012561
1310.0 0.00013788
1330.0 0.00014868
1350.0 0.00015801
1370.0 0.00016571
1390.0 0.00017103
1410.0 0.00017377
1430.0 0.00017447
1450.0 0.0001728
1470.0 0.00016867
1490.0 0.00016265
1510.0 0.00015526
1530.0 0.00014615
1550.0 0.00013597
1570.0 0.00012523
1590.0 0.00011411
1610.0 0.00010274
1630.0 9.1641e-05
1650.0 8.0949e-05
1670.0 7.0665e-05
1690.0 6.0981e-05
1710.0 5.2045e-05
1730.0 4.3825e-05
1750.0 3.6285e-05
1770.0 2.9527e-05
1790.0 2.3508e-05
1810.0 1.8175e-05
1830.0 1.3517e-05
1850.0 9.6684e-06
1870.0 6.5377e-06
1890.0 3.9384e-06
1910.0 1.8488e-06
1930.0 2.3862e-07
1950.0 1e-99
1970.0 1e-99
1990.0 1e-99
2010.0 1e-99
2030.0 1e-99
2050.0 1e-99
2070.0 6.7861e-07
2090.0 2.2061e-06
2110.0 4.0492e-06
2130.0 6.1944e-06
2150.0 8.621e-06
2170.0 1.1302e-05
2190.0 1.423e-05
2210.0 1.749e-05
2230.0 2.1074e-05
2250.0 2.4842e-05
2270.0 2.8789e-05
2290.0 3.2859e-05
2310.0 3.7012e-05
2330.0 4.1256e-05
2350.0 4.5553e-05
2370.0 4.9837e-05
2390.0 5.4105e-05
2410.0 5.8353e-05
2430.0 6.2483e-05
2450.0 6.6459e-05
2470.0 7.0283e-05
2490.0 7.3917e-05
2510.0 7.731e-05
2530.0 8.059e-05
2550.0 8.3963e-05
2570.0 8.7692e-05
2590.0 9.2157e-05
2610.0 9.8307e-05
2630.0 0.00010683
2650.0 0.000118
2670.0 0.00013283
2690.0 0.00015224
2710.0 0.00017499
2730.0 0.00020009
2750.0 0.00022831
2770.0 0.00025658
2790.0 0.00028195
2810.0 0.00030434
2830.0 0.0003235
2850.0 0.00033611
2870.0 0.00034406
2890.0 0.00034887
2910.0 0.00035055
2930.0 0.0003492
2950.0 0.00034669
2970.0 0.00034314
2990.0 0.00033802
3010.0 0.00033196
3030.0 0.00032582
3050.0 0.00031929
3070.0 0.00031175
3090.0 0.00030451
3110.0 0.0002976
3130.0 0.00029089
3150.0 0.00026926
3170.0 0.00025233
3190.0 0.00023497
3210.0 0.00022
3230.0 0.0002146
3250.0 0.00024623
3270.0 0.0003283
3290.0 0.00037285
3310.0 0.00029208
3330.0 0.00028479
3350.0 0.00029398
3370.0 0.0003059
3390.0 0.00031681
3410.0 0.00032065
3430.0 0.00031888
3450.0 0.00031555
3470.0 0.00031509
3490.0 0.00030442
3510.0 0.00025025
3530.0 0.00014944
3550.0 0.00011768
3570.0 0.00026927
3590.0 0.00047173
3610.0 0.00058248
3630.0 0.00084868
3650.0 0.00089152
3670.0 0.00072465
3690.0 0.00052365
3710.0 0.00040974
3730.0 0.0004235
3750.0 0.00044542
3770.0 0.00046173
3790.0 0.00047699
3810.0 0.00056324
3830.0 0.00051351
3850.0 0.00040559
3870.0 0.00034583
3890.0 0.00042605
3910.0 0.00048481
3930.0 0.00048908
3950.0 0.00053454
3970.0 0.00058588
3990.0 0.00056858
4010.0 0.00060792
4030.0 0.0005812
4050.0 0.00054865
4070.0 0.00052272
4090.0 0.00053038
4110.0 0.00055394
4130.0 0.00054332
4150.0 0.00051137
4170.0 0.00049348
4190.0 0.00050153
4210.0 0.00044977
4230.0 0.00040471
4250.0 0.00034501
4270.0 0.00028131
4290.0 0.00027802
4310.0 0.00026879
4330.0 0.00026919
4350.0 0.00033849
4370.0 0.00034428
4390.0 0.00040022
4410.0 0.00043691
4430.0 0.0004672
4450.0 0.00041031
4470.0 0.00034056
4490.0 0.0003224
4510.0 0.00029869
4530.0 0.00028319
4550.0 0.00026549
4570.0 0.00026089
4590.0 0.00026581
4610.0 0.00023686
4630.0 0.00021884
4650.0 0.00019431
4670.0 0.0001899
4690.0 0.00015947
4710.0 0.00013901
4730.0 0.0001102
4750.0 9.4881e-05
4770.0 4.9199e-05
4790.0 5.1826e-05
4810.0 4.7571e-05
4830.0 1e-99
4850.0 1.7148e-05
4870.0 1e-99
4890.0 1e-99
4910.0 3.8938e-05
4930.0 4.7776e-05
4950.0 1e-99
4970.0 2.2993e-06
4990.0 8.6016e-06
5010.0 1e-99
5030.0 1e-99
5050.0 7.8091e-06
5070.0 4.4177e-06
5090.0 5.8181e-06
5110.0 1.1977e-05
5130.0 7.9e-06
5150.0 1.9219e-05
5170.0 1e-99
5190.0 1e-99
5210.0 3.382e-06
5230.0 1e-99
5250.0 1.3861e-05
5270.0 5.8401e-05
5290.0 5.5359e-05
5310.0 2.8317e-05
5330.0 3.3078e-05
5350.0 8.2459e-06
5370.0 1.3808e-05
5390.0 2.7508e-05
5410.0 2.1724e-05
5430.0 4.5076e-05
5450.0 1.8418e-05
5470.0 1.7881e-05
5490.0 8.1691e-05
5510.0 8.1621e-05
5530.0 8.4516e-05
5550.0 7.7167e-05
5570.0 9.5375e-05
5590.0 0.00011849
5610.0 0.00012052
5630.0 0.0001124
5650.0 0.00011557
5670.0 0.00011484
5690.0 0.00012273
5710.0 0.00010662
5730.0 0.00011773
5750.0 0.00011777
5770.0 0.00010989
5790.0 0.00012995
5810.0 0.00014052
5830.0 0.00013399
5850.0 0.00011039
5870.0 9.7405e-05
5890.0 9.7962e-05
5910.0 0.00011929
5930.0 0.00011405
5950.0 0.00012327
5970.0 0.00012586
5990.0 0.00013701
6010.0 0.00013151
6030.0 0.0001358
6050.0 0.00013419
6070.0 0.00011951
6090.0 0.00013083
6110.0 0.00013626
6130.0 0.00012724
6150.0 0.0001282
6170.0 0.00013162
6190.0 0.00010282
6210.0 0.00010571
6230.0 0.00011479
6250.0 0.00011385
6270.0 0.00011328
6290.0 0.00012493
6310.0 0.00013969
6330.0 0.00014178
6350.0 0.00013731
6370.0 0.00014198
6390.0 0.00012618
6410.0 0.00013088
6430.0 0.00012239
6450.0 0.00012584
6470.0 0.0001296
6490.0 0.00013209
6510.0 0.00011755
6530.0 0.00011964
6550.0 0.00011787
6570.0 0.0001091
6590.0 0.00011778
6610.0 0.00011854
6630.0 0.00011793
6650.0 0.00010863
6670.0 0.00010338
6690.0 9.9569e-05
6710.0 9.4209e-05
6730.0 9.0417e-05
6750.0 9.0805e-05
6770.0 8.4126e-05
6790.0 4.8816e-05
6810.0 6.125e-05
6830.0 7.963e-05
6850.0 6.8773e-05
6870.0 6.7548e-05
6890.0 6.5717e-05
6910.0 6.4531e-05
6930.0 6.0645e-05
6950.0 6.5734e-05
6970.0 6.2899e-05
6990.0 6.1654e-05
7010.0 6.0574e-05
7030.0 6.5389e-05
7050.0 6.4163e-05
7070.0 4.8097e-05
7090.0 3.4154e-05
7110.0 2.9818e-05
7130.0 3.4523e-05
7150.0 3.6748e-05
7170.0 3.5715e-05
7190.0 2.6897e-05
7210.0 3.9541e-05
7230.0 5.0841e-05
7250.0 4.9092e-05
7270.0 5.0247e-05
7290.0 5.5342e-05
7310.0 4.5101e-05
7330.0 4.1588e-05
7350.0 3.7897e-05
7370.0 4.5999e-05
7390.0 5.6684e-05
7410.0 3.8809e-05
7430.0 4.1079e-05
7450.0 3.9532e-05
7470.0 4.9746e-05
7490.0 5.1618e-05
7510.0 4.218e-05
7530.0 4.8177e-05
7550.0 1.8679e-05
7570.0 1.265e-05
7590.0 2.8373e-05
7610.0 4.2623e-05
7630.0 3.3609e-05
7650.0 4.206e-05
7670.0 2.1331e-05
7690.0 5.4444e-06
7710.0 1.3008e-05
7730.0 2.8517e-05
7750.0 1.3042e-05
7770.0 3.312e-05
7790.0 4.0897e-05
7810.0 2.8684e-05
7830.0 3.9539e-05
7850.0 2.2258e-05
7870.0 3.6236e-05
7890.0 2.6697e-05
7910.0 2.6809e-05
7930.0 1.5161e-05
7950.0 3.3977e-06
7970.0 1.2294e-05
7990.0 2.3115e-05
8010.0 0.00010231
8030.0 9.8913e-05
8050.0 9.7268e-05
8070.0 9.4682e-05
8090.0 8.8104e-05
8110.0 8.5477e-05
8130.0 9.421e-05
8150.0 0.00010067
8170.0 0.00010442
8190.0 0.00011001
8210.0 0.00010469
8230.0 0.00010476
8250.0 0.0001037
8270.0 0.00010514
8290.0 0.00010445
8310.0 9.886e-05
8330.0 9.4558e-05
8350.0 9.7984e-05
8370.0 0.00010004
8390.0 9.7138e-05
8410.0 9.6056e-05
8430.0 9.2436e-05
8450.0 8.9161e-05
8470.0 9.6693e-05
8490.0 9.7113e-05
8510.0 9.0355e-05
8530.0 9.1195e-05
8550.0 9.0145e-05
8570.0 8.2625e-05
8590.0 8.4205e-05
8610.0 8.4046e-05
8630.0 8.8377e-05
8650.0 8.8904e-05
8670.0 8.9997e-05
8690.0 8.7908e-05
8710.0 8.6476e-05
8730.0 8.2471e-05
8750.0 8.0324e-05
8770.0 7.9565e-05
8790.0 8.4639e-05
8810.0 7.8482e-05
8830.0 7.68e-05
8850.0 8.1874e-05
8870.0 7.7439e-05
8890.0 7.0758e-05
8910.0 7.0005e-05
8930.0 7.2283e-05
8950.0 6.5716e-05
8970.0 6.282e-05
8990.0 6.1307e-05
9010.0 5.7351e-05
9030.0 5.644e-05
9050.0 5.6189e-05
9070.0 5.5972e-05
9090.0 5.5753e-05
9110.0 5.5532e-05
9130.0 5.5307e-05
9150.0 5.5081e-05
9170.0 5.4852e-05
9190.0 5.4621e-05
9210.0 5.4389e-05
9230.0 5.4154e-05
9250.0 5.3918e-05
9270.0 5.368e-05
9290.0 5.3441e-05
9310.0 5.3242e-05
9330.0 5.3105e-05
9350.0 5.2967e-05
9370.0 5.2826e-05
9390.0 5.2682e-05
9410.0 5.2536e-05
9430.0 5.2389e-05
9450.0 5.2238e-05
9470.0 5.2112e-05
9490.0 5.1971e-05
9510.0 5.1799e-05
9530.0 5.1628e-05
9550.0 5.1463e-05
9570.0 5.1299e-05
9590.0 5.1132e-05
9610.0 5.1032e-05
9630.0 5.094e-05
9650.0 5.0842e-05
9670.0 5.0737e-05
9690.0 5.0636e-05
9710.0 5.0532e-05
9730.0 5.0421e-05
9750.0 5.0308e-05
9770.0 5.0201e-05
9790.0 5.0085e-05
9810.0 4.9965e-05
9830.0 4.9848e-05
9850.0 4.9698e-05
9870.0 4.9516e-05
9890.0 4.9427e-05
9910.0 4.9322e-05
9930.0 4.9185e-05
9950.0 4.9058e-05
9970.0 4.8939e-05
9990.0 4.8814e-05
10010.0 4.8682e-05
10030.0 4.8548e-05
10050.0 4.8411e-05
10070.0 4.8272e-05
10090.0 4.8132e-05
10110.0 4.7991e-05
10130.0 4.7848e-05
10150.0 4.7704e-05
10170.0 4.756e-05
10190.0 4.7415e-05
10210.0 4.7269e-05
10230.0 4.7122e-05
10250.0 4.6975e-05
10270.0 4.6827e-05
10290.0 4.6678e-05
10310.0 4.6529e-05
10330.0 4.638e-05
10350.0 4.623e-05
10370.0 4.608e-05
10390.0 4.5927e-05
10410.0 4.5742e-05
10430.0 4.5546e-05
10450.0 4.5433e-05
10470.0 4.53e-05
10490.0 4.5162e-05
10510.0 4.502e-05
10530.0 4.4871e-05
10550.0 4.4722e-05
10570.0 4.4575e-05
10590.0 4.4425e-05
10610.0 4.4274e-05
10630.0 4.4127e-05
10650.0 4.3979e-05
10670.0 4.3829e-05
10690.0 4.368e-05
10710.0 4.3535e-05
10730.0 4.3387e-05
10750.0 4.3237e-05
10770.0 4.3094e-05
10790.0 4.2949e-05
10810.0 4.2803e-05
10830.0 4.2659e-05
10850.0 4.2518e-05
10870.0 4.2372e-05
10890.0 4.2224e-05
10910.0 4.2078e-05
10930.0 4.1925e-05
10950.0 4.1761e-05
10970.0 4.1588e-05
10990.0 4.1406e-05
11010.0 3.8602e-05
11030.0 3.838e-05
11050.0 3.8105e-05
11070.0 3.7784e-05
11090.0 3.7416e-05
11110.0 3.7028e-05
11130.0 3.6625e-05
11150.0 3.6203e-05
11170.0 3.5772e-05
11190.0 3.5345e-05
11210.0 3.4908e-05
11230.0 3.4464e-05
11250.0 3.4027e-05
11270.0 3.3594e-05
11290.0 3.3157e-05
11310.0 3.2726e-05
11330.0 3.2316e-05
11350.0 3.191e-05
11370.0 3.1511e-05
11390.0 3.1129e-05
11410.0 3.0762e-05
11430.0 3.0397e-05
11450.0 3.0046e-05
11470.0 2.9709e-05
11490.0 2.9377e-05
11510.0 2.9047e-05
11530.0 2.8728e-05
11550.0 2.8413e-05
11570.0 2.8096e-05
11590.0 2.7781e-05
11610.0 2.7469e-05
11630.0 2.7152e-05
11650.0 2.6831e-05
11670.0 2.6512e-05
11690.0 2.6192e-05
11710.0 2.5865e-05
11730.0 2.5536e-05
11750.0 2.521e-05
11770.0 2.4877e-05
11790.0 2.454e-05
11810.0 2.4208e-05
11830.0 2.3876e-05
11850.0 2.3537e-05
11870.0 2.3206e-05
11890.0 2.2885e-05
11910.0 2.2565e-05
11930.0 2.2252e-05
11950.0 2.1953e-05
11970.0 2.1663e-05
11990.0 2.138e-05
12010.0 2.1114e-05
12030.0 2.0863e-05
12050.0 2.0624e-05
12070.0 2.0399e-05
12090.0 2.0193e-05
12110.0 2e-05
12130.0 1.9821e-05
12150.0 1.9657e-05
12170.0 1.9505e-05
12190.0 1.9365e-05
12210.0 1.9235e-05
12230.0 1.9113e-05
12250.0 1.8997e-05
12270.0 1.8886e-05
12290.0 1.8777e-05
12310.0 1.8668e-05
12330.0 1.8559e-05
12350.0 1.8447e-05
12370.0 1.8329e-05
12390.0 1.8207e-05
12410.0 1.8077e-05
12430.0 1.7939e-05
12450.0 1.7795e-05
12470.0 1.764e-05
12490.0 1.7476e-05
12510.0 1.7306e-05
12530.0 1.7126e-05
12550.0 1.6934e-05
12570.0 1.6737e-05
12590.0 1.6533e-05
12610.0 1.6318e-05
12630.0 1.6095e-05
12650.0 1.5874e-05
12670.0 1.5644e-05
12690.0 1.5408e-05
12710.0 1.5173e-05
12730.0 1.4939e-05
12750.0 1.4696e-05
12770.0 1.4457e-05
12790.0 1.4224e-05
12810.0 1.399e-05
12830.0 1.3756e-05
12850.0 1.3534e-05
12870.0 1.3318e-05
12890.0 1.3103e-05
12910.0 1.2898e-05
12930.0 1.2707e-05
12950.0 1.252e-05
12970.0 1.2343e-05
12990.0 1.2184e-05
13010.0 1.2038e-05
13030.0 1.1903e-05
13050.0 1.1785e-05
13070.0 1.1683e-05
13090.0 1.1594e-05
13110.0 1.1518e-05
13130.0 1.1458e-05
13150.0 1.1409e-05
13170.0 1.1372e-05
13190.0 1.1345e-05
13210.0 1.1326e-05
13230.0 1.1315e-05
13250.0 1.131e-05
13270.0 1.1309e-05
13290.0 1.1312e-05
13310.0 1.1317e-05
13330.0 1.1324e-05
13350.0 1.133e-05
13370.0 1.1335e-05
13390.0 1.1338e-05
13410.0 1.1336e-05
13430.0 1.133e-05
13450.0 1.1318e-05
13470.0 1.13e-05
13490.0 1.1277e-05
13510.0 1.1245e-05
13530.0 1.1208e-05
13550.0 1.1167e-05
13570.0 1.1121e-05
13590.0 1.1069e-05
13610.0 1.1015e-05
13630.0 1.096e-05
13650.0 1.09e-05
13670.0 1.0838e-05
13690.0 1.0775e-05
13710.0 1.0709e-05
13730.0 1.0636e-05
13750.0 1.0564e-05
13770.0 1.0489e-05
13790.0 1.0408e-05
13810.0 1.0323e-05
13830.0 1.024e-05
13850.0 1.015e-05
13870.0 1.0054e-05
13890.0 9.9613e-06
13910.0 9.8682e-06
13930.0 9.77e-06
13950.0 9.6731e-06
13970.0 9.5841e-06
13990.0 9.4941e-06
14010.0 9.4055e-06
14030.0 9.3249e-06
14050.0 9.2495e-06
14070.0 9.1734e-06
14090.0 9.1056e-06
14110.0 9.0457e-06
14130.0 8.9887e-06
14150.0 8.9348e-06
14170.0 8.8896e-06
14190.0 8.8485e-06
14210.0 8.8084e-06
14230.0 8.773e-06
14250.0 8.7427e-06
14270.0 8.7123e-06
14290.0 8.6833e-06
14310.0 8.6599e-06
14330.0 8.6385e-06
14350.0 8.6175e-06
14370.0 8.6001e-06
14390.0 8.5872e-06
14410.0 8.5745e-06
14430.0 8.5644e-06
14450.0 8.5586e-06
14470.0 8.555e-06
14490.0 8.5516e-06
14510.0 8.5518e-06
14530.0 8.5548e-06
14550.0 8.5578e-06
14570.0 8.5614e-06
14590.0 8.5671e-06
14610.0 8.5723e-06
14630.0 8.5761e-06
14650.0 8.5809e-06
14670.0 8.5859e-06
14690.0 8.589e-06
14710.0 8.5908e-06
14730.0 8.5942e-06
14750.0 8.5956e-06
14770.0 8.5947e-06
14790.0 8.5935e-06
14810.0 8.5919e-06
14830.0 8.5856e-06
14850.0 8.5781e-06
14870.0 8.5708e-06
14890.0 8.5612e-06
14910.0 8.5492e-06
14930.0 8.5392e-06
14950.0 8.5312e-06
14970.0 8.5234e-06
14990.0 8.5195e-06
15010.0 8.5209e-06
15030.0 8.5257e-06
15050.0 8.533e-06
15070.0 8.5453e-06
15090.0 8.5599e-06
15110.0 8.575e-06
15130.0 8.5909e-06
15150.0 8.608e-06
15170.0 8.624e-06
15190.0 8.6393e-06
15210.0 8.6549e-06
15230.0 8.6701e-06
15250.0 8.6839e-06
15270.0 8.6973e-06
15290.0 8.7112e-06
15310.0 8.7238e-06
15330.0 8.7355e-06
15350.0 8.7473e-06
15370.0 8.7586e-06
15390.0 8.7679e-06
15410.0 8.7773e-06
15430.0 8.7867e-06
15450.0 8.7947e-06
15470.0 8.8016e-06
15490.0 8.8089e-06
15510.0 8.8154e-06
15530.0 8.8204e-06
15550.0 8.8251e-06
15570.0 8.8297e-06
15590.0 8.8325e-06
15610.0 8.8343e-06
15630.0 8.8366e-06
15650.0 8.8378e-06
15670.0 8.8376e-06
15690.0 8.8372e-06
15710.0 8.8367e-06
15730.0 8.8343e-06
15750.0 8.8312e-06
15770.0 8.8281e-06
15790.0 8.8241e-06
15810.0 8.8181e-06
15830.0 8.8124e-06
15850.0 8.8064e-06
15870.0 8.7989e-06
15890.0 8.7905e-06
15910.0 8.7823e-06
15930.0 8.7728e-06
15950.0 8.7617e-06
15970.0 8.7508e-06
15990.0 8.7394e-06
16010.0 8.7264e-06
16030.0 8.7125e-06
16050.0 8.6992e-06
16070.0 8.6846e-06
16090.0 8.6686e-06
16110.0 8.6526e-06
16130.0 8.6364e-06
16150.0 8.618e-06
16170.0 8.5993e-06
16190.0 8.5809e-06
16210.0 8.5613e-06
16230.0 8.5403e-06
16250.0 8.5196e-06
16270.0 8.4986e-06
16290.0 8.4759e-06
16310.0 8.4528e-06
16330.0 8.4298e-06
16350.0 8.4057e-06
16370.0 8.3798e-06
16390.0 8.3549e-06
16410.0 8.3294e-06
16430.0 8.3025e-06
16450.0 8.2753e-06
16470.0 8.2485e-06
16490.0 8.2201e-06
16510.0 8.1908e-06
16530.0 8.1619e-06
16550.0 8.1326e-06
16570.0 8.1017e-06
16590.0 8.0706e-06
16610.0 8.0403e-06
16630.0 8.0085e-06
16650.0 7.976e-06
16670.0 7.944e-06
16690.0 7.9115e-06
16710.0 7.8772e-06
16730.0 7.8433e-06
16750.0 7.8097e-06
16770.0 7.7749e-06
16790.0 7.7394e-06
16810.0 7.7046e-06
16830.0 7.6694e-06
16850.0 7.6329e-06
16870.0 7.5966e-06
16890.0 7.5606e-06
16910.0 7.5233e-06
16930.0 7.4854e-06
16950.0 7.4484e-06
16970.0 7.4108e-06
16990.0 7.3723e-06
17010.0 7.3341e-06
17030.0 7.2963e-06
17050.0 7.2572e-06
17070.0 7.2179e-06
17090.0 7.1792e-06
17110.0 7.14e-06
17130.0 7.0996e-06
17150.0 7.06e-06
17170.0 7.0207e-06
17190.0 6.9805e-06
17210.0 6.94e-06
17230.0 6.9004e-06
17250.0 6.86e-06
17270.0 6.8188e-06
17290.0 6.7783e-06
17310.0 6.7379e-06
17330.0 6.6967e-06
17350.0 6.6553e-06
17370.0 6.6151e-06
17390.0 6.5741e-06
17410.0 6.5326e-06
17430.0 6.4917e-06
17450.0 6.4512e-06
17470.0 6.4091e-06
17490.0 6.3677e-06
17510.0 6.3269e-06
17530.0 6.2857e-06
17550.0 6.244e-06
17570.0 6.2031e-06
17590.0 6.1624e-06
17610.0 6.1208e-06
17630.0 6.0795e-06
17650.0 6.0389e-06
17670.0 5.9979e-06
17690.0 5.9559e-06
17710.0 5.9154e-06
17730.0 5.8749e-06
17750.0 5.8338e-06
17770.0 5.793e-06
17790.0 5.7531e-06
17810.0 5.7123e-06
17830.0 5.6714e-06
17850.0 5.6313e-06
17870.0 5.5913e-06
17890.0 5.5506e-06
17910.0 5.5104e-06
17930.0 5.4712e-06
17950.0 5.4313e-06
17970.0 5.3914e-06
17990.0 5.3523e-06
18010.0 5.3133e-06
18030.0 5.2733e-06
18050.0 5.2343e-06
18070.0 5.1958e-06
18090.0 5.1569e-06
18110.0 5.1178e-06
18130.0 5.0799e-06
18150.0 5.042e-06
18170.0 5.0035e-06
18190.0 4.9656e-06
18210.0 4.9284e-06
18230.0 4.8905e-06
18250.0 4.8526e-06
18270.0 4.8159e-06
18290.0 4.779e-06
18310.0 4.7419e-06
18330.0 4.7054e-06
18350.0 4.6696e-06
18370.0 4.633e-06
18390.0 4.5968e-06
18410.0 4.5614e-06
18430.0 4.5259e-06
18450.0 4.4898e-06
18470.0 4.4548e-06
18490.0 4.4203e-06
18510.0 4.3854e-06
18530.0 4.3507e-06
18550.0 4.3169e-06
18570.0 4.2828e-06
18590.0 4.2484e-06
18610.0 4.2149e-06
18630.0 4.1818e-06
18650.0 4.1483e-06
18670.0 4.115e-06
18690.0 4.0828e-06
18710.0 4.0503e-06
18730.0 4.0177e-06
18750.0 3.9858e-06
18770.0 3.9544e-06
18790.0 3.9221e-06
18810.0 3.8906e-06
18830.0 3.8598e-06
18850.0 3.8289e-06
18870.0 3.7978e-06
18890.0 3.7676e-06
18910.0 3.7377e-06
18930.0 3.7073e-06
18950.0 3.6774e-06
18970.0 3.6482e-06
18990.0 3.6188e-06
19010.0 3.5889e-06
19030.0 3.5605e-06
19050.0 3.532e-06
19070.0 3.5033e-06
19090.0 3.475e-06
19110.0 3.4476e-06
19130.0 3.4195e-06
19150.0 3.3916e-06
19170.0 3.3645e-06
19190.0 3.3375e-06
19210.0 3.3101e-06
19230.0 3.2833e-06
19250.0 3.2574e-06
19270.0 3.2309e-06
19290.0 3.2046e-06
19310.0 3.1791e-06
19330.0 3.1537e-06
19350.0 3.1276e-06
19370.0 3.1024e-06
19390.0 3.0776e-06
19410.0 3.0526e-06
19430.0 3.0276e-06
19450.0 3.0036e-06
19470.0 2.9795e-06
19490.0 2.955e-06
19510.0 2.9312e-06
19530.0 2.9079e-06
19550.0 2.884e-06
19570.0 2.8603e-06
19590.0 2.8375e-06
19610.0 2.8146e-06
19630.0 2.7915e-06
19650.0 2.7689e-06
19670.0 2.7469e-06
19690.0 2.7243e-06
19710.0 2.7019e-06
19730.0 2.6802e-06
19750.0 2.6584e-06
19770.0 2.6362e-06
19790.0 2.6148e-06
19810.0 2.5938e-06
19830.0 2.5724e-06
19850.0 2.5512e-06
19870.0 2.5308e-06
19890.0 2.5101e-06
19910.0 2.4894e-06
19930.0 2.4697e-06
19950.0 2.4508e-06
19970.0 2.4324e-06
19990.0 2.4152e-06
20010.0 2.3999e-06
20030.0 2.3857e-06
20050.0 2.3729e-06
20070.0 2.3619e-06
20090.0 2.3523e-06
20110.0 2.3437e-06
20130.0 2.3364e-06
20150.0 2.3301e-06
20170.0 2.3246e-06
20190.0 2.3199e-06
20210.0 2.3157e-06
20230.0 2.3121e-06
20250.0 2.3089e-06
20270.0 2.306e-06
20290.0 2.3032e-06
20310.0 2.3005e-06
20330.0 2.2979e-06
20350.0 2.295e-06
20370.0 2.292e-06
20390.0 2.2888e-06
20410.0 2.2853e-06
20430.0 2.2815e-06
20450.0 2.2775e-06
20470.0 2.2732e-06
20490.0 2.2687e-06
20510.0 2.2641e-06
20530.0 2.2592e-06
20550.0 2.2544e-06
20570.0 2.2495e-06
20590.0 2.2447e-06
20610.0 2.2399e-06
20630.0 2.2351e-06
20650.0 2.2304e-06
20670.0 2.2257e-06
20690.0 2.2211e-06
20710.0 2.2164e-06
20730.0 2.2116e-06
20750.0 2.2066e-06
20770.0 2.2014e-06
20790.0 2.1958e-06
20810.0 2.1898e-06
20830.0 2.1834e-06
20850.0 2.1764e-06
20870.0 2.1688e-06
20890.0 2.1605e-06
20910.0 2.1516e-06
20930.0 2.1421e-06
20950.0 2.1318e-06
20970.0 2.1209e-06
20990.0 2.1096e-06
21010.0 2.0975e-06
21030.0 2.0849e-06
21050.0 2.072e-06
21070.0 2.0587e-06
21090.0 2.0447e-06
21110.0 2.0308e-06
21130.0 2.0167e-06
21150.0 2.002e-06
21170.0 1.9871e-06
21190.0 1.9723e-06
21210.0 1.9568e-06
21230.0 1.9409e-06
21250.0 1.9249e-06
21270.0 1.9085e-06
21290.0 1.8914e-06
21310.0 1.8738e-06
21330.0 1.856e-06
21350.0 1.8373e-06
21370.0 1.8179e-06
21390.0 1.7992e-06
21410.0 1.7799e-06
21430.0 1.7594e-06
21450.0 1.7386e-06
21470.0 1.7174e-06
21490.0 1.6954e-06
21510.0 1.6726e-06
21530.0 1.6497e-06
21550.0 1.6261e-06
21570.0 1.6016e-06
21590.0 1.5768e-06
21610.0 1.5518e-06
21630.0 1.5259e-06
21650.0 1.4991e-06
21670.0 1.4727e-06
21690.0 1.4456e-06
21710.0 1.4177e-06
21730.0 1.3895e-06
21750.0 1.3612e-06
21770.0 1.3317e-06
21790.0 1.3018e-06
21810.0 1.2719e-06
21830.0 1.2414e-06
21850.0 1.2099e-06
21870.0 1.1784e-06
21890.0 1.1467e-06
21910.0 1.1142e-06
21930.0 1.0812e-06
21950.0 1.0482e-06
21970.0 1.0147e-06
21990.0 9.8036e-07
22010.0 9.4629e-07
22030.0 9.1213e-07
22050.0 8.7741e-07
22070.0 8.5554e-07
22090.0 8.5729e-07
22110.0 8.5905e-07
22130.0 8.6082e-07
22150.0 8.6253e-07
22170.0 8.6422e-07
22190.0 8.6591e-07
22210.0 8.6758e-07
22230.0 8.6919e-07
22250.0 8.708e-07
22270.0 8.724e-07
22290.0 8.7397e-07
22310.0 8.7553e-07
22330.0 8.771e-07
22350.0 8.7865e-07
22370.0 8.802e-07
22390.0 8.8175e-07
22410.0 8.8333e-07
22430.0 8.8489e-07
22450.0 8.8647e-07
22470.0 8.8807e-07
22490.0 8.8968e-07
22510.0 8.913e-07
22530.0 8.9295e-07
22550.0 8.9463e-07
22570.0 8.9631e-07
22590.0 8.9802e-07
22610.0 8.9975e-07
22630.0 9.015e-07
22650.0 9.0326e-07
22670.0 9.0504e-07
22690.0 9.0685e-07
22710.0 9.0866e-07
22730.0 9.105e-07
22750.0 9.1236e-07
22770.0 9.1423e-07
22790.0 9.1612e-07
22810.0 9.1802e-07
22830.0 9.1995e-07
22850.0 9.2189e-07
22870.0 9.2386e-07
22890.0 9.2585e-07
22910.0 9.2787e-07
22930.0 9.2991e-07
22950.0 9.3199e-07
22970.0 9.3411e-07
22990.0 9.3626e-07
23010.0 9.3846e-07
23030.0 9.4071e-07
23050.0 9.43e-07
23070.0 9.4535e-07
23090.0 9.4775e-07
23110.0 9.478e-07
23130.0 9.4768e-07
23150.0 9.4757e-07
23170.0 9.4745e-07
23190.0 9.4735e-07
23210.0 9.4725e-07
23230.0 9.4715e-07
23250.0 9.4707e-07
23270.0 9.4699e-07
23290.0 9.4692e-07
23310.0 9.4685e-07
23330.0 9.4679e-07
23350.0 9.4674e-07
23370.0 9.4668e-07
23390.0 9.4663e-07
23410.0 9.4657e-07
23430.0 9.4652e-07
23450.0 9.4645e-07
23470.0 9.4638e-07
23490.0 9.463e-07
23510.0 9.4622e-07
23530.0 9.4612e-07
23550.0 9.4602e-07
23570.0 9.459e-07
23590.0 9.4578e-07
23610.0 9.4564e-07
23630.0 9.455e-07
23650.0 9.4535e-07
23670.0 9.4519e-07
23690.0 9.4503e-07
23710.0 9.4487e-07
23730.0 9.447e-07
23750.0 9.4453e-07
23770.0 9.4435e-07
23790.0 9.4417e-07
23810.0 9.4399e-07
23830.0 9.438e-07
23850.0 9.4361e-07
23870.0 9.4342e-07
23890.0 9.4322e-07
23910.0 9.4301e-07
23930.0 9.428e-07
23950.0 9.4259e-07
23970.0 9.4237e-07
23990.0 9.4213e-07
24010.0 9.4189e-07
24030.0 9.4163e-07
24050.0 9.4136e-07
24070.0 9.4107e-07
24090.0 9.4078e-07
24110.0 9.4048e-07
24130.0 9.4017e-07
24150.0 9.3986e-07
24170.0 9.3955e-07
24190.0 9.3924e-07
24210.0 9.3893e-07
24230.0 9.3863e-07
24250.0 9.3833e-07
24270.0 9.3804e-07
24290.0 9.3777e-07
24310.0 9.3751e-07
24330.0 9.3726e-07
24350.0 9.3704e-07
24370.0 9.3683e-07
24390.0 9.3663e-07
24410.0 9.3646e-07
24430.0 9.3631e-07
24450.0 9.3618e-07
24470.0 9.3606e-07
24490.0 9.3597e-07
24510.0 9.3588e-07
24530.0 9.358e-07
24550.0 9.3573e-07
24570.0 9.3565e-07
24590.0 9.3556e-07
24610.0 9.3546e-07
24630.0 9.3536e-07
24650.0 9.3521e-07
24670.0 9.3503e-07
24690.0 9.3483e-07
24710.0 9.3459e-07
24730.0 9.343e-07
24750.0 9.3399e-07
24770.0 9.3364e-07
24790.0 9.3324e-07
24810.0 9.3278e-07
24830.0 9.3224e-07
24850.0 9.3159e-07
24870.0 9.3079e-07
24890.0 9.2973e-07
24910.0 9.2829e-07
24930.0 9.2643e-07
24950.0 9.2409e-07
24970.0 9.2116e-07
24990.0 9.1799e-07
