#lamb flux
1010.0 5.2207e-09
1030.0 5.7742e-09
1050.0 6.4107e-09
1070.0 7.1273e-09
1090.0 7.9412e-09
1110.0 8.776e-09
1130.0 9.6162e-09
1150.0 1.0496e-08
1170.0 1.1404e-08
1190.0 1.2265e-08
1210.0 1.3138e-08
1230.0 1.4039e-08
1250.0 1.4923e-08
1270.0 1.578e-08
1290.0 1.6687e-08
1310.0 1.7593e-08
1330.0 1.8461e-08
1350.0 1.934e-08
1370.0 2.0247e-08
1390.0 2.1131e-08
1410.0 2.1989e-08
1430.0 2.2886e-08
1450.0 2.3783e-08
1470.0 2.465e-08
1490.0 2.5527e-08
1510.0 2.6452e-08
1530.0 2.733e-08
1550.0 2.8195e-08
1570.0 2.9091e-08
1590.0 2.9988e-08
1610.0 3.0845e-08
1630.0 3.1729e-08
1650.0 3.2636e-08
1670.0 3.3515e-08
1690.0 3.4382e-08
1710.0 3.5284e-08
1730.0 3.6191e-08
1750.0 3.7045e-08
1770.0 3.7926e-08
1790.0 3.8825e-08
1810.0 3.9696e-08
1830.0 4.0553e-08
1850.0 4.1464e-08
1870.0 4.2353e-08
1890.0 4.3214e-08
1910.0 4.4094e-08
1930.0 4.4997e-08
1950.0 4.586e-08
1970.0 4.6715e-08
1990.0 4.7605e-08
2010.0 4.8481e-08
2030.0 4.9329e-08
2050.0 5.0204e-08
2070.0 5.1103e-08
2090.0 5.1953e-08
2110.0 5.2803e-08
2130.0 5.3679e-08
2150.0 5.4541e-08
2170.0 5.5368e-08
2190.0 5.6227e-08
2210.0 5.7092e-08
2230.0 5.7925e-08
2250.0 5.8754e-08
2270.0 5.9622e-08
2290.0 6.0465e-08
2310.0 6.1274e-08
2330.0 6.2117e-08
2350.0 6.2982e-08
2370.0 6.3843e-08
2390.0 6.4776e-08
2410.0 6.5881e-08
2430.0 6.7153e-08
2450.0 6.8672e-08
2470.0 7.062e-08
2490.0 7.3074e-08
2510.0 7.5863e-08
2530.0 7.9221e-08
2550.0 8.3424e-08
2570.0 8.8653e-08
2590.0 9.5455e-08
2610.0 1.0564e-07
2630.0 1.2018e-07
2650.0 1.3919e-07
2670.0 1.6377e-07
2690.0 1.9397e-07
2710.0 2.2621e-07
2730.0 2.5807e-07
2750.0 2.8945e-07
2770.0 3.1675e-07
2790.0 3.3842e-07
2810.0 3.5562e-07
2830.0 3.6906e-07
2850.0 3.7823e-07
2870.0 3.8497e-07
2890.0 3.903e-07
2910.0 3.9455e-07
2930.0 3.9803e-07
2950.0 4.0135e-07
2970.0 4.0459e-07
2990.0 4.0764e-07
3010.0 1.1522e-05
3030.0 1.1608e-05
3050.0 1.1691e-05
3070.0 1.1763e-05
3090.0 1.1824e-05
3110.0 1.1862e-05
3130.0 1.1861e-05
3150.0 1.1808e-05
3170.0 1.1681e-05
3190.0 1.1483e-05
3210.0 1.1231e-05
3230.0 1.0943e-05
3250.0 1.0658e-05
3270.0 1.045e-05
3290.0 1.0335e-05
3310.0 1.0353e-05
3330.0 1.0503e-05
3350.0 1.0764e-05
3370.0 1.1137e-05
3390.0 1.1606e-05
3410.0 1.2117e-05
3430.0 1.2691e-05
3450.0 1.3351e-05
3470.0 1.4073e-05
3490.0 1.4837e-05
3510.0 1.5701e-05
3530.0 1.6626e-05
3550.0 1.7563e-05
3570.0 1.854e-05
3590.0 1.9602e-05
3610.0 2.0697e-05
3630.0 2.1789e-05
3650.0 2.2921e-05
3670.0 2.3955e-05
3690.0 2.4728e-05
3710.0 2.5171e-05
3730.0 2.5185e-05
3750.0 2.4835e-05
3770.0 2.4697e-05
3790.0 2.455e-05
3810.0 2.3947e-05
3830.0 2.4688e-05
3850.0 2.7604e-05
3870.0 2.9205e-05
3890.0 2.9072e-05
3910.0 2.9196e-05
3930.0 2.9964e-05
3950.0 3.0438e-05
3970.0 2.7731e-05
3990.0 2.3862e-05
4010.0 7.1516e-05
4030.0 8.6653e-05
4050.0 9.9342e-05
4070.0 8.6195e-05
4090.0 7.8067e-05
4110.0 6.8887e-05
4130.0 6.3403e-05
4150.0 6.7442e-05
4170.0 6.6433e-05
4190.0 7.0813e-05
4210.0 7.0165e-05
4230.0 7.4216e-05
4250.0 8.7799e-05
4270.0 8.8831e-05
4290.0 8.1857e-05
4310.0 8.5055e-05
4330.0 9.0473e-05
4350.0 0.00010144
4370.0 0.00011544
4390.0 0.00010833
4410.0 8.0038e-05
4430.0 6.7757e-05
4450.0 6.2261e-05
4470.0 4.7788e-05
4490.0 5.1569e-05
4510.0 7.7896e-05
4530.0 8.9837e-05
4550.0 9.0617e-05
4570.0 0.00010197
4590.0 0.00011615
4610.0 0.00015666
4630.0 0.00020347
4650.0 0.00022066
4670.0 0.00020435
4690.0 0.00019499
4710.0 0.00020611
4730.0 0.00019451
4750.0 0.00014542
4770.0 0.00010667
4790.0 9.9612e-05
4810.0 9.4946e-05
4830.0 8.6923e-05
4850.0 9.5382e-05
4870.0 0.00012601
4890.0 0.0001486
4910.0 0.00013038
4930.0 0.00011537
4950.0 0.00012675
4970.0 0.00016255
4990.0 0.00022029
5010.0 0.00025341
5030.0 0.00022345
5050.0 0.00015118
5070.0 9.9633e-05
5090.0 8.0339e-05
5110.0 8.2621e-05
5130.0 9.5358e-05
5150.0 0.00010331
5170.0 0.00010176
5190.0 9.5091e-05
5210.0 9.9391e-05
5230.0 0.00010448
5250.0 0.0001126
5270.0 0.00012149
5290.0 0.00013464
5310.0 0.00015672
5330.0 0.00017343
5350.0 0.00017232
5370.0 0.00018101
5390.0 0.00020771
5410.0 0.00020752
5430.0 0.00018353
5450.0 0.00016862
5470.0 0.00017904
5490.0 0.00021874
5510.0 0.0002735
5530.0 0.0003137
5550.0 0.00030319
5570.0 0.00027562
5590.0 0.00023966
5610.0 0.00022102
5630.0 0.00021432
5650.0 0.00020412
5670.0 0.00019342
5690.0 0.00017292
5710.0 0.0001686
5730.0 0.00015531
5750.0 0.0001095
5770.0 8.5428e-05
5790.0 9.6809e-05
5810.0 0.00010931
5830.0 0.00013414
5850.0 0.00015968
5870.0 0.00017717
5890.0 0.00018018
5910.0 0.00017677
5930.0 0.00016826
5950.0 0.00017145
5970.0 0.00019544
5990.0 0.00018377
6010.0 0.00015405
6030.0 0.00013015
6050.0 0.00011334
6070.0 0.00011272
6090.0 0.00012223
6110.0 0.00013667
6130.0 0.00013877
6150.0 0.0001194
6170.0 0.00010503
6190.0 0.0001182
6210.0 0.00015626
6230.0 0.00020505
6250.0 0.0002221
6270.0 0.00019409
6290.0 0.0001633
6310.0 0.00012748
6330.0 9.7675e-05
6350.0 8.7123e-05
6370.0 9.1619e-05
6390.0 0.00010592
6410.0 0.0001306
6430.0 0.00015251
6450.0 0.00017451
6470.0 0.00019981
6490.0 0.00024136
6510.0 0.00026987
6530.0 0.00026476
6550.0 0.00023942
6570.0 0.00020324
6590.0 0.00018327
6610.0 0.00015803
6630.0 0.00014316
6650.0 0.00013533
6670.0 0.00013147
6690.0 0.00011879
6710.0 0.00010798
6730.0 7.7779e-05
6750.0 7.711e-05
6770.0 8.3813e-05
6790.0 9.6337e-05
6810.0 8.815e-05
6830.0 9.077e-05
6850.0 8.4899e-05
6870.0 7.7556e-05
6890.0 7.4465e-05
6910.0 7.9352e-05
6930.0 7.4325e-05
6950.0 7.6468e-05
6970.0 8.043e-05
6990.0 9.1294e-05
7010.0 9.2072e-05
7030.0 9.3535e-05
7050.0 8.92e-05
7070.0 8.4992e-05
7090.0 8.5241e-05
7110.0 8.7706e-05
7130.0 9.4386e-05
7150.0 0.00010025
7170.0 0.00011061
7190.0 0.0001216
7210.0 0.00011948
7230.0 0.00012283
7250.0 0.000132
7270.0 0.00014385
7290.0 0.00017073
7310.0 0.00018526
7330.0 0.00017907
7350.0 0.00016196
7370.0 0.00014092
7390.0 0.00013671
7410.0 0.00014528
7430.0 0.00016146
7450.0 0.00017586
7470.0 0.00017425
7490.0 0.00015888
7510.0 0.00017997
7530.0 0.000178
7550.0 0.00015999
7570.0 0.00012498
7590.0 8.592e-05
7610.0 7.3745e-05
7630.0 8.3788e-05
7650.0 9.9068e-05
7670.0 0.0001233
7690.0 0.00013568
7710.0 0.00014139
7730.0 0.00014859
7750.0 0.00016681
7770.0 0.00016943
7790.0 0.00015563
7810.0 0.000142
7830.0 0.00014644
7850.0 0.00014235
7870.0 0.00013051
7890.0 0.00010965
7910.0 8.9133e-05
7930.0 8.5109e-05
7950.0 7.7537e-05
7970.0 7.1774e-05
7990.0 7.1364e-05
8010.0 5.2854e-06
8030.0 5.2167e-06
8050.0 5.1464e-06
8070.0 5.2138e-06
8090.0 5.602e-06
8110.0 5.5066e-06
8130.0 4.5423e-06
8150.0 4.4236e-06
8170.0 3.8103e-06
8190.0 3.6111e-06
8210.0 4.6893e-06
8230.0 5.221e-06
8250.0 4.7056e-06
8270.0 4.0956e-06
8290.0 3.9924e-06
8310.0 3.0727e-06
8330.0 2.071e-06
8350.0 1.4698e-06
8370.0 9.2603e-07
8390.0 1.6927e-06
8410.0 1.9725e-06
8430.0 2.4314e-06
8450.0 2.8552e-06
8470.0 3.5488e-06
8490.0 3.5238e-06
8510.0 3.4661e-06
8530.0 3.6174e-06
8550.0 4.8806e-06
8570.0 5.7779e-06
8590.0 6.2343e-06
8610.0 7.8752e-06
8630.0 9.4869e-06
8650.0 9.9243e-06
8670.0 1.0547e-05
8690.0 1.0606e-05
8710.0 9.6048e-06
8730.0 8.934e-06
8750.0 7.8859e-06
8770.0 7.4826e-06
8790.0 7.3512e-06
8810.0 7.0441e-06
8830.0 5.6328e-06
8850.0 4.1236e-06
8870.0 3.1574e-06
8890.0 3.0869e-06
8910.0 3.5376e-06
8930.0 4.0238e-06
8950.0 4.1008e-06
8970.0 4.1202e-06
8990.0 3.6747e-06
9010.0 3.8509e-05
9030.0 3.4894e-05
9050.0 3.5062e-05
9070.0 3.5339e-05
9090.0 3.5582e-05
9110.0 3.5882e-05
9130.0 3.6113e-05
9150.0 3.6293e-05
9170.0 3.6485e-05
9190.0 3.6689e-05
9210.0 3.6905e-05
9230.0 3.7132e-05
9250.0 3.7363e-05
9270.0 3.7603e-05
9290.0 3.785e-05
9310.0 3.8098e-05
9330.0 3.8352e-05
9350.0 3.8615e-05
9370.0 3.8881e-05
9390.0 3.9149e-05
9410.0 3.9425e-05
9430.0 3.971e-05
9450.0 3.9994e-05
9470.0 4.0283e-05
9490.0 4.0581e-05
9510.0 4.0883e-05
9530.0 4.1185e-05
9550.0 4.1499e-05
9570.0 4.1818e-05
9590.0 4.2137e-05
9610.0 4.2463e-05
9630.0 4.2797e-05
9650.0 4.3133e-05
9670.0 4.3471e-05
9690.0 4.3817e-05
9710.0 4.4169e-05
9730.0 4.4522e-05
9750.0 4.4879e-05
9770.0 4.5248e-05
9790.0 4.5616e-05
9810.0 4.5985e-05
9830.0 4.6363e-05
9850.0 4.6745e-05
9870.0 4.7126e-05
9890.0 4.7514e-05
9910.0 4.7908e-05
9930.0 4.8302e-05
9950.0 4.8699e-05
9970.0 4.9103e-05
9990.0 4.9511e-05
10010.0 4.2962e-05
10030.0 4.3315e-05
10050.0 4.3675e-05
10070.0 4.4047e-05
10090.0 4.4398e-05
10110.0 4.4757e-05
10130.0 4.5118e-05
10150.0 4.5478e-05
10170.0 4.5842e-05
10190.0 4.6213e-05
10210.0 4.6579e-05
10230.0 4.6944e-05
10250.0 4.7315e-05
10270.0 4.7685e-05
10290.0 4.8051e-05
10310.0 4.8422e-05
10330.0 4.8796e-05
10350.0 4.9164e-05
10370.0 4.9531e-05
10390.0 4.9902e-05
10410.0 5.0271e-05
10430.0 5.0633e-05
10450.0 5.0999e-05
10470.0 5.1365e-05
10490.0 5.1726e-05
10510.0 5.2083e-05
10530.0 5.2447e-05
10550.0 5.2805e-05
10570.0 5.3155e-05
10590.0 5.3507e-05
10610.0 5.3859e-05
10630.0 5.4202e-05
10650.0 5.4543e-05
10670.0 5.4887e-05
10690.0 5.5224e-05
10710.0 5.5554e-05
10730.0 5.5884e-05
10750.0 5.6216e-05
10770.0 5.6533e-05
10790.0 5.6848e-05
10810.0 5.7163e-05
10830.0 5.7468e-05
10850.0 5.7758e-05
10870.0 5.8038e-05
10890.0 5.8285e-05
10910.0 5.8475e-05
10930.0 5.8582e-05
10950.0 5.8557e-05
10970.0 5.8359e-05
10990.0 5.7969e-05
11010.0 5.7318e-05
11030.0 5.6407e-05
11050.0 5.5296e-05
11070.0 5.3966e-05
11090.0 5.237e-05
11110.0 5.0718e-05
11130.0 4.8996e-05
11150.0 4.7141e-05
11170.0 4.5229e-05
11190.0 4.3374e-05
11210.0 4.1459e-05
11230.0 3.9494e-05
11250.0 3.7618e-05
11270.0 3.5816e-05
11290.0 3.401e-05
11310.0 3.23e-05
11330.0 3.0793e-05
11350.0 2.937e-05
11370.0 2.8055e-05
11390.0 2.6918e-05
11410.0 2.5922e-05
11430.0 2.4998e-05
11450.0 2.4201e-05
11470.0 2.3512e-05
11490.0 2.2871e-05
11510.0 2.2253e-05
11530.0 2.168e-05
11550.0 2.111e-05
11570.0 2.0503e-05
11590.0 1.9874e-05
11610.0 1.9233e-05
11630.0 1.8536e-05
11650.0 1.779e-05
11670.0 1.7055e-05
11690.0 1.6309e-05
11710.0 1.554e-05
11730.0 1.4794e-05
11750.0 1.4104e-05
11770.0 1.3428e-05
11790.0 1.2794e-05
11810.0 1.2235e-05
11830.0 1.1736e-05
11850.0 1.1276e-05
11870.0 1.0892e-05
11890.0 1.0572e-05
11910.0 1.0291e-05
11930.0 1.0049e-05
11950.0 9.8483e-06
11970.0 9.6687e-06
11990.0 9.4988e-06
12010.0 9.3417e-06
12030.0 9.1903e-06
12050.0 9.0337e-06
12070.0 8.8709e-06
12090.0 8.714e-06
12110.0 8.5546e-06
12130.0 8.395e-06
12150.0 8.2478e-06
12170.0 8.1193e-06
12190.0 8.0081e-06
12210.0 7.9306e-06
12230.0 7.8931e-06
12250.0 7.8992e-06
12270.0 7.9588e-06
12290.0 8.0713e-06
12310.0 8.2329e-06
12330.0 8.4588e-06
12350.0 8.7408e-06
12370.0 9.0619e-06
12390.0 9.4322e-06
12410.0 9.866e-06
12430.0 1.0307e-05
12450.0 1.0763e-05
12470.0 1.1249e-05
12490.0 1.1736e-05
12510.0 1.2194e-05
12530.0 1.2649e-05
12550.0 1.3088e-05
12570.0 1.3476e-05
12590.0 1.3816e-05
12610.0 1.4119e-05
12630.0 1.4361e-05
12650.0 1.4527e-05
12670.0 1.4637e-05
12690.0 1.4681e-05
12710.0 1.4657e-05
12730.0 1.4572e-05
12750.0 1.442e-05
12770.0 1.4212e-05
12790.0 1.396e-05
12810.0 1.3659e-05
12830.0 1.331e-05
12850.0 1.2946e-05
12870.0 1.256e-05
12890.0 1.2143e-05
12910.0 1.172e-05
12930.0 1.1302e-05
12950.0 1.0866e-05
12970.0 1.0422e-05
12990.0 1.0002e-05
13010.0 9.5877e-06
13030.0 9.1685e-06
13050.0 8.7658e-06
13070.0 8.3887e-06
13090.0 8.0101e-06
13110.0 7.6439e-06
13130.0 7.3063e-06
13150.0 6.9866e-06
13170.0 6.6735e-06
13190.0 6.3949e-06
13210.0 6.1498e-06
13230.0 5.9256e-06
13250.0 5.7326e-06
13270.0 5.5804e-06
13290.0 5.462e-06
13310.0 5.3804e-06
13330.0 5.3433e-06
13350.0 5.3476e-06
13370.0 5.3956e-06
13390.0 5.4898e-06
13410.0 5.6171e-06
13430.0 5.7826e-06
13450.0 5.9871e-06
13470.0 6.2141e-06
13490.0 6.4545e-06
13510.0 6.7256e-06
13530.0 7.0004e-06
13550.0 7.2635e-06
13570.0 7.523e-06
13590.0 7.7758e-06
13610.0 8.0007e-06
13630.0 8.197e-06
13650.0 8.3763e-06
13670.0 8.5251e-06
13690.0 8.6401e-06
13710.0 8.7291e-06
13730.0 8.7927e-06
13750.0 8.8245e-06
13770.0 8.8317e-06
13790.0 8.8157e-06
13810.0 8.7767e-06
13830.0 8.7193e-06
13850.0 8.6413e-06
13870.0 8.5431e-06
13890.0 8.4307e-06
13910.0 8.3041e-06
13930.0 8.1575e-06
13950.0 7.9975e-06
13970.0 7.8338e-06
13990.0 7.6556e-06
14010.0 7.4661e-06
14030.0 7.2771e-06
14050.0 7.0866e-06
14070.0 6.8855e-06
14090.0 6.6928e-06
14110.0 6.5117e-06
14130.0 6.3362e-06
14150.0 6.171e-06
14170.0 6.03e-06
14190.0 5.908e-06
14210.0 5.8046e-06
14230.0 5.728e-06
14250.0 5.6785e-06
14270.0 5.6545e-06
14290.0 5.6596e-06
14310.0 5.6911e-06
14330.0 5.7478e-06
14350.0 5.8311e-06
14370.0 5.935e-06
14390.0 6.053e-06
14410.0 6.1919e-06
14430.0 6.3444e-06
14450.0 6.5002e-06
14470.0 6.6619e-06
14490.0 6.8338e-06
14510.0 6.9981e-06
14530.0 7.1542e-06
14550.0 7.3103e-06
14570.0 7.4601e-06
14590.0 7.5965e-06
14610.0 7.7284e-06
14630.0 7.8589e-06
14650.0 7.9805e-06
14670.0 8.0979e-06
14690.0 8.2203e-06
14710.0 8.349e-06
14730.0 8.4777e-06
14750.0 8.6203e-06
14770.0 8.7821e-06
14790.0 8.9574e-06
14810.0 9.1473e-06
14830.0 9.3724e-06
14850.0 9.6171e-06
14870.0 9.8723e-06
14890.0 1.0148e-05
14910.0 1.044e-05
14930.0 1.0721e-05
14950.0 1.0984e-05
14970.0 1.1233e-05
14990.0 1.1442e-05
15010.0 1.1601e-05
15030.0 1.1719e-05
15050.0 1.1797e-05
15070.0 1.1836e-05
15090.0 1.1849e-05
15110.0 1.1845e-05
15130.0 1.183e-05
15150.0 1.181e-05
15170.0 1.1787e-05
15190.0 1.1761e-05
15210.0 1.1736e-05
15230.0 1.1711e-05
15250.0 1.1685e-05
15270.0 1.166e-05
15290.0 1.1636e-05
15310.0 1.1611e-05
15330.0 1.1586e-05
15350.0 1.1561e-05
15370.0 1.1538e-05
15390.0 1.1512e-05
15410.0 1.1488e-05
15430.0 1.1464e-05
15450.0 1.144e-05
15470.0 1.1416e-05
15490.0 1.1393e-05
15510.0 1.1369e-05
15530.0 1.1345e-05
15550.0 1.1322e-05
15570.0 1.1299e-05
15590.0 1.1275e-05
15610.0 1.1251e-05
15630.0 1.1229e-05
15650.0 1.1206e-05
15670.0 1.1183e-05
15690.0 1.116e-05
15710.0 1.1138e-05
15730.0 1.1115e-05
15750.0 1.1092e-05
15770.0 1.1069e-05
15790.0 1.1047e-05
15810.0 1.1024e-05
15830.0 1.1001e-05
15850.0 1.0979e-05
15870.0 1.0957e-05
15890.0 1.0934e-05
15910.0 1.0913e-05
15930.0 1.0891e-05
15950.0 1.0868e-05
15970.0 1.0845e-05
15990.0 1.0824e-05
16010.0 1.0801e-05
16030.0 1.0779e-05
16050.0 1.0757e-05
16070.0 1.0735e-05
16090.0 1.0713e-05
16110.0 1.0691e-05
16130.0 1.067e-05
16150.0 1.0647e-05
16170.0 1.0624e-05
16190.0 1.0603e-05
16210.0 1.0581e-05
16230.0 1.0558e-05
16250.0 1.0537e-05
16270.0 1.0515e-05
16290.0 1.0493e-05
16310.0 1.0471e-05
16330.0 1.0449e-05
16350.0 1.0427e-05
16370.0 1.0404e-05
16390.0 1.0382e-05
16410.0 1.0361e-05
16430.0 1.0338e-05
16450.0 1.0316e-05
16470.0 1.0294e-05
16490.0 1.0272e-05
16510.0 1.0249e-05
16530.0 1.0227e-05
16550.0 1.0205e-05
16570.0 1.0182e-05
16590.0 1.0159e-05
16610.0 1.0138e-05
16630.0 1.0115e-05
16650.0 1.0092e-05
16670.0 1.007e-05
16690.0 1.0048e-05
16710.0 1.0025e-05
16730.0 1.0002e-05
16750.0 9.9797e-06
16770.0 9.9567e-06
16790.0 9.9333e-06
16810.0 9.911e-06
16830.0 9.8885e-06
16850.0 9.865e-06
16870.0 9.842e-06
16890.0 9.8196e-06
16910.0 9.796e-06
16930.0 9.7721e-06
16950.0 9.7494e-06
16970.0 9.7264e-06
16990.0 9.7025e-06
17010.0 9.6792e-06
17030.0 9.6565e-06
17050.0 9.6326e-06
17070.0 9.6086e-06
17090.0 9.5855e-06
17110.0 9.562e-06
17130.0 9.5372e-06
17150.0 9.5135e-06
17170.0 9.4903e-06
17190.0 9.4661e-06
17210.0 9.4418e-06
17230.0 9.4185e-06
17250.0 9.3944e-06
17270.0 9.3694e-06
17290.0 9.3453e-06
17310.0 9.3215e-06
17330.0 9.2967e-06
17350.0 9.2717e-06
17370.0 9.248e-06
17390.0 9.2236e-06
17410.0 9.1984e-06
17430.0 9.1741e-06
17450.0 9.15e-06
17470.0 9.1243e-06
17490.0 9.0991e-06
17510.0 9.0748e-06
17530.0 9.0498e-06
17550.0 9.0241e-06
17570.0 8.9994e-06
17590.0 8.9749e-06
17610.0 8.9491e-06
17630.0 8.9236e-06
17650.0 8.8989e-06
17670.0 8.8735e-06
17690.0 8.8469e-06
17710.0 8.8219e-06
17730.0 8.7968e-06
17750.0 8.7707e-06
17770.0 8.7449e-06
17790.0 8.7201e-06
17810.0 8.694e-06
17830.0 8.6676e-06
17850.0 8.642e-06
17870.0 8.6164e-06
17890.0 8.5897e-06
17910.0 8.5634e-06
17930.0 8.5382e-06
17950.0 8.5119e-06
17970.0 8.4853e-06
17990.0 8.4596e-06
18010.0 8.4337e-06
18030.0 8.4064e-06
18050.0 8.38e-06
18070.0 8.3541e-06
18090.0 8.3274e-06
18110.0 8.3003e-06
18130.0 8.2744e-06
18150.0 8.2482e-06
18170.0 8.221e-06
18190.0 8.1944e-06
18210.0 8.1684e-06
18230.0 8.1411e-06
18250.0 8.1136e-06
18270.0 8.0874e-06
18290.0 8.0607e-06
18310.0 8.0333e-06
18330.0 8.0065e-06
18350.0 7.9803e-06
18370.0 7.9528e-06
18390.0 7.9255e-06
18410.0 7.8989e-06
18430.0 7.872e-06
18450.0 7.8439e-06
18470.0 7.817e-06
18490.0 7.7904e-06
18510.0 7.7629e-06
18530.0 7.7355e-06
18550.0 7.709e-06
18570.0 7.6817e-06
18590.0 7.6536e-06
18610.0 7.6265e-06
18630.0 7.5996e-06
18650.0 7.5718e-06
18670.0 7.5439e-06
18690.0 7.5174e-06
18710.0 7.4901e-06
18730.0 7.4622e-06
18750.0 7.435e-06
18770.0 7.4083e-06
18790.0 7.3798e-06
18810.0 7.352e-06
18830.0 7.3252e-06
18850.0 7.2976e-06
18870.0 7.2695e-06
18890.0 7.2425e-06
18910.0 7.2155e-06
18930.0 7.1874e-06
18950.0 7.1597e-06
18970.0 7.1327e-06
18990.0 7.1051e-06
19010.0 7.0764e-06
19030.0 7.0494e-06
19050.0 7.0222e-06
19070.0 6.9942e-06
19090.0 6.9666e-06
19110.0 6.9399e-06
19130.0 6.9118e-06
19150.0 6.8837e-06
19170.0 6.8565e-06
19190.0 6.8292e-06
19210.0 6.8009e-06
19230.0 6.7731e-06
19250.0 6.7463e-06
19270.0 6.7186e-06
19290.0 6.6906e-06
19310.0 6.6636e-06
19330.0 6.6364e-06
19350.0 6.6078e-06
19370.0 6.5803e-06
19390.0 6.5532e-06
19410.0 6.5254e-06
19430.0 6.4973e-06
19450.0 6.4705e-06
19470.0 6.4432e-06
19490.0 6.4151e-06
19510.0 6.3877e-06
19530.0 6.3609e-06
19550.0 6.3328e-06
19570.0 6.3046e-06
19590.0 6.2778e-06
19610.0 6.2505e-06
19630.0 6.2225e-06
19650.0 6.1953e-06
19670.0 6.1686e-06
19690.0 6.1406e-06
19710.0 6.1129e-06
19730.0 6.0861e-06
19750.0 6.0588e-06
19770.0 6.0304e-06
19790.0 6.0034e-06
19810.0 5.9766e-06
19830.0 5.9488e-06
19850.0 5.9209e-06
19870.0 5.8934e-06
19890.0 5.864e-06
19910.0 5.8317e-06
19930.0 5.7971e-06
19950.0 5.7575e-06
19970.0 5.7088e-06
19990.0 5.6501e-06
20010.0 5.0268e-06
20030.0 4.9541e-06
20050.0 4.8689e-06
20070.0 4.7767e-06
20090.0 4.6774e-06
20110.0 4.5652e-06
20130.0 4.4515e-06
20150.0 4.3389e-06
20170.0 4.2221e-06
20190.0 4.1037e-06
20210.0 3.9918e-06
20230.0 3.8827e-06
20250.0 3.7734e-06
20270.0 3.6719e-06
20290.0 3.5792e-06
20310.0 3.4912e-06
20330.0 3.4089e-06
20350.0 3.3406e-06
20370.0 3.28e-06
20390.0 3.2268e-06
20410.0 3.1839e-06
20430.0 3.1507e-06
20450.0 3.1245e-06
20470.0 3.107e-06
20490.0 3.0975e-06
20510.0 3.0948e-06
20530.0 3.0986e-06
20550.0 3.1082e-06
20570.0 3.1221e-06
20590.0 3.141e-06
20610.0 3.1638e-06
20630.0 3.1889e-06
20650.0 3.217e-06
20670.0 3.2492e-06
20690.0 3.2819e-06
20710.0 3.3158e-06
20730.0 3.3523e-06
20750.0 3.3905e-06
20770.0 3.428e-06
20790.0 3.4674e-06
20810.0 3.5091e-06
20830.0 3.5506e-06
20850.0 3.5922e-06
20870.0 3.6368e-06
20890.0 3.6823e-06
20910.0 3.7262e-06
20930.0 3.7717e-06
20950.0 3.8188e-06
20970.0 3.8648e-06
20990.0 3.9102e-06
21010.0 3.9579e-06
21030.0 4.0045e-06
21050.0 4.049e-06
21070.0 4.0935e-06
21090.0 4.1381e-06
21110.0 4.1787e-06
21130.0 4.2169e-06
21150.0 4.2539e-06
21170.0 4.2874e-06
21190.0 4.3162e-06
21210.0 4.3422e-06
21230.0 4.3637e-06
21250.0 4.3791e-06
21270.0 4.3888e-06
21290.0 4.3925e-06
21310.0 4.389e-06
21330.0 4.3786e-06
21350.0 4.3604e-06
21370.0 4.3337e-06
21390.0 4.2998e-06
21410.0 4.2583e-06
21430.0 4.2056e-06
21450.0 4.1466e-06
21470.0 4.0822e-06
21490.0 4.0095e-06
21510.0 3.9296e-06
21530.0 3.8485e-06
21550.0 3.7636e-06
21570.0 3.673e-06
21590.0 3.5839e-06
21610.0 3.4978e-06
21630.0 3.4116e-06
21650.0 3.3274e-06
21670.0 3.2544e-06
21690.0 3.187e-06
21710.0 3.1264e-06
21730.0 3.0768e-06
21750.0 3.0384e-06
21770.0 3.0093e-06
21790.0 2.9925e-06
21810.0 2.9878e-06
21830.0 2.9944e-06
21850.0 3.0132e-06
21870.0 3.0424e-06
21890.0 3.0801e-06
21910.0 3.1284e-06
21930.0 3.1852e-06
21950.0 3.2466e-06
21970.0 3.3147e-06
21990.0 3.3911e-06
22010.0 3.4675e-06
22030.0 3.545e-06
22050.0 3.6265e-06
22070.0 3.7084e-06
22090.0 3.7859e-06
22110.0 3.8641e-06
22130.0 3.9421e-06
22150.0 4.015e-06
22170.0 4.0838e-06
22190.0 4.1519e-06
22210.0 4.2153e-06
22230.0 4.271e-06
22250.0 4.3236e-06
22270.0 4.3719e-06
22290.0 4.4133e-06
22310.0 4.4487e-06
22330.0 4.48e-06
22350.0 4.5041e-06
22370.0 4.5211e-06
22390.0 4.5318e-06
22410.0 4.5352e-06
22430.0 4.5308e-06
22450.0 4.5192e-06
22470.0 4.499e-06
22490.0 4.4707e-06
22510.0 4.4354e-06
22530.0 4.3902e-06
22550.0 4.3352e-06
22570.0 4.2743e-06
22590.0 4.2055e-06
22610.0 4.1264e-06
22630.0 4.0408e-06
22650.0 3.9524e-06
22670.0 3.8545e-06
22690.0 3.7501e-06
22710.0 3.6447e-06
22730.0 3.5361e-06
22750.0 3.4184e-06
22770.0 3.3033e-06
22790.0 3.191e-06
22810.0 3.0756e-06
22830.0 2.9606e-06
22850.0 2.8529e-06
22870.0 2.7473e-06
22890.0 2.6423e-06
22910.0 2.5455e-06
22930.0 2.4569e-06
22950.0 2.3724e-06
22970.0 2.2942e-06
22990.0 2.2294e-06
23010.0 2.172e-06
23030.0 2.1227e-06
23050.0 2.0846e-06
23070.0 2.057e-06
23090.0 2.0384e-06
23110.0 2.031e-06
23130.0 2.034e-06
23150.0 2.0468e-06
23170.0 2.0703e-06
23190.0 2.1026e-06
23210.0 2.1421e-06
23230.0 2.1912e-06
23250.0 2.2474e-06
23270.0 2.3076e-06
23290.0 2.3738e-06
23310.0 2.4474e-06
23330.0 2.52e-06
23350.0 2.5933e-06
23370.0 2.6694e-06
23390.0 2.7445e-06
23410.0 2.8142e-06
23430.0 2.8831e-06
23450.0 2.9493e-06
23470.0 3.0084e-06
23490.0 3.0614e-06
23510.0 3.1103e-06
23530.0 3.1516e-06
23550.0 3.184e-06
23570.0 3.2101e-06
23590.0 3.2289e-06
23610.0 3.2398e-06
23630.0 3.2438e-06
23650.0 3.2407e-06
23670.0 3.2307e-06
23690.0 3.2149e-06
23710.0 3.193e-06
23730.0 3.165e-06
23750.0 3.134e-06
23770.0 3.0993e-06
23790.0 3.0603e-06
23810.0 3.0196e-06
23830.0 2.9789e-06
23850.0 2.936e-06
23870.0 2.8929e-06
23890.0 2.853e-06
23910.0 2.8151e-06
23930.0 2.7788e-06
23950.0 2.7469e-06
23970.0 2.7201e-06
23990.0 2.6966e-06
24010.0 2.678e-06
24030.0 2.6649e-06
24050.0 2.6566e-06
24070.0 2.6534e-06
24090.0 2.6554e-06
24110.0 2.662e-06
24130.0 2.6735e-06
24150.0 2.6898e-06
24170.0 2.7094e-06
24190.0 2.7331e-06
24210.0 2.7616e-06
24230.0 2.7927e-06
24250.0 2.8261e-06
24270.0 2.8633e-06
24290.0 2.9038e-06
24310.0 2.9434e-06
24330.0 2.9854e-06
24350.0 3.0297e-06
24370.0 3.0736e-06
24390.0 3.1167e-06
24410.0 3.1626e-06
24430.0 3.2075e-06
24450.0 3.25e-06
24470.0 3.2922e-06
24490.0 3.3343e-06
24510.0 3.373e-06
24530.0 3.4087e-06
24550.0 3.4432e-06
24570.0 3.4743e-06
24590.0 3.5007e-06
24610.0 3.5238e-06
24630.0 3.543e-06
24650.0 3.5564e-06
24670.0 3.5648e-06
24690.0 3.5684e-06
24710.0 3.5667e-06
24730.0 3.5607e-06
24750.0 3.5501e-06
24770.0 3.5352e-06
24790.0 3.517e-06
24810.0 3.4951e-06
24830.0 3.4663e-06
24850.0 3.4276e-06
24870.0 3.3735e-06
24890.0 3.2885e-06
24910.0 3.1546e-06
24930.0 2.9646e-06
24950.0 2.7063e-06
24970.0 2.3588e-06
24990.0 1.9613e-06
