#lamb flux
1010.0 0.00022152
1030.0 0.00028759
1050.0 0.00036524
1070.0 0.00045386
1090.0 0.00055472
1110.0 0.00065773
1130.0 0.00075912
1150.0 0.00086075
1170.0 0.00095884
1190.0 0.0010425
1210.0 0.0011164
1230.0 0.0011808
1250.0 0.0012291
1270.0 0.00126
1290.0 0.0012809
1310.0 0.0012868
1330.0 0.0012756
1350.0 0.0012545
1370.0 0.0012304
1390.0 0.001194
1410.0 0.0011479
1430.0 0.001098
1450.0 0.0010437
1470.0 0.00098562
1490.0 0.00092747
1510.0 0.00087065
1530.0 0.00081241
1550.0 0.00075692
1570.0 0.00070592
1590.0 0.00065985
1610.0 0.00062005
1630.0 0.00058529
1650.0 0.00055516
1670.0 0.00052851
1690.0 0.00050565
1710.0 0.00048711
1730.0 0.00047182
1750.0 0.0004559
1770.0 0.00044293
1790.0 0.00043258
1810.0 0.00042415
1830.0 0.00041738
1850.0 0.00040859
1870.0 0.00040211
1890.0 0.00039702
1910.0 0.00039378
1930.0 0.00039245
1950.0 0.00039256
1970.0 0.00039455
1990.0 0.000399
2010.0 0.00040576
2030.0 0.00041501
2050.0 0.00042766
2070.0 0.00044412
2090.0 0.00046425
2110.0 0.00048902
2130.0 0.00051932
2150.0 0.00055537
2170.0 0.00059753
2190.0 0.00064719
2210.0 0.00070469
2230.0 0.00077005
2250.0 0.00084408
2270.0 0.00092788
2290.0 0.0010207
2310.0 0.0011225
2330.0 0.0012342
2350.0 0.0013553
2370.0 0.0014845
2390.0 0.0016218
2410.0 0.0017669
2430.0 0.0019166
2450.0 0.0020688
2470.0 0.0022221
2490.0 0.0023734
2510.0 0.0025199
2530.0 0.0026635
2550.0 0.0028092
2570.0 0.0029669
2590.0 0.0031513
2610.0 0.0033953
2630.0 0.0037288
2650.0 0.0041665
2670.0 0.0047441
2690.0 0.0054943
2710.0 0.0063787
2730.0 0.0073683
2750.0 0.0084939
2770.0 0.0096656
2790.0 0.010796
2810.0 0.011882
2830.0 0.012913
2850.0 0.013773
2870.0 0.014512
2890.0 0.015173
2910.0 0.015751
2930.0 0.016253
2950.0 0.016735
2970.0 0.017201
2990.0 0.017636
3010.0 0.018054
3030.0 0.018477
3050.0 0.018889
3070.0 0.01926
3090.0 0.019622
3110.0 0.019956
3130.0 0.020232
3150.0 0.020455
3170.0 0.020627
3190.0 0.020737
3210.0 0.020811
3230.0 0.020883
3250.0 0.020986
3270.0 0.021138
3290.0 0.02137
3310.0 0.021709
3330.0 0.022124
3350.0 0.022579
3370.0 0.023082
3390.0 0.023603
3410.0 0.024081
3430.0 0.024516
3450.0 0.024864
3470.0 0.026031
3490.0 0.025902
3510.0 0.023212
3530.0 0.024495
3550.0 0.028785
3570.0 0.032033
3590.0 0.035473
3610.0 0.037842
3630.0 0.039526
3650.0 0.035738
3670.0 0.031595
3690.0 0.030981
3710.0 0.034086
3730.0 0.0391
3750.0 0.039377
3770.0 0.039602
3790.0 0.040987
3810.0 0.038442
3830.0 0.034101
3850.0 0.030713
3870.0 0.029054
3890.0 0.032426
3910.0 0.035263
3930.0 0.036223
3950.0 0.03681
3970.0 0.038215
3990.0 0.040228
4010.0 0.040529
4030.0 0.038332
4050.0 0.034757
4070.0 0.034411
4090.0 0.036345
4110.0 0.038546
4130.0 0.037519
4150.0 0.036501
4170.0 0.036094
4190.0 0.037752
4210.0 0.037437
4230.0 0.034584
4250.0 0.030901
4270.0 0.027819
4290.0 0.025335
4310.0 0.023567
4330.0 0.023284
4350.0 0.025443
4370.0 0.026145
4390.0 0.026969
4410.0 0.028162
4430.0 0.02871
4450.0 0.028127
4470.0 0.027417
4490.0 0.028301
4510.0 0.02897
4530.0 0.029623
4550.0 0.030151
4570.0 0.030355
4590.0 0.031229
4610.0 0.031673
4630.0 0.032647
4650.0 0.033756
4670.0 0.032935
4690.0 0.030794
4710.0 0.028044
4730.0 0.026849
4750.0 0.026535
4770.0 0.02564
4790.0 0.024519
4810.0 0.023619
4830.0 0.02423
4850.0 0.024849
4870.0 0.023688
4890.0 0.02298
4910.0 0.0215
4930.0 0.021852
4950.0 0.020293
4970.0 0.01848
4990.0 0.018026
5010.0 0.01682
5030.0 0.015752
5050.0 0.015817
5070.0 0.017123
5090.0 0.01777
5110.0 0.019701
5130.0 0.020303
5150.0 0.020945
5170.0 0.021617
5190.0 0.021184
5210.0 0.021349
5230.0 0.021775
5250.0 0.021863
5270.0 0.02239
5290.0 0.022157
5310.0 0.021721
5330.0 0.02059
5350.0 0.01949
5370.0 0.018284
5390.0 0.018558
5410.0 0.018887
5430.0 0.018893
5450.0 0.019025
5470.0 0.018824
5490.0 0.018533
5510.0 0.01831
5530.0 0.017871
5550.0 0.017897
5570.0 0.018116
5590.0 0.018363
5610.0 0.018242
5630.0 0.017836
5650.0 0.017623
5670.0 0.01722
5690.0 0.016716
5710.0 0.016177
5730.0 0.015961
5750.0 0.015893
5770.0 0.015557
5790.0 0.015337
5810.0 0.015231
5830.0 0.015535
5850.0 0.015771
5870.0 0.015812
5890.0 0.015595
5910.0 0.015572
5930.0 0.01557
5950.0 0.015549
5970.0 0.01534
5990.0 0.015076
6010.0 0.015336
6030.0 0.015466
6050.0 0.015135
6070.0 0.015112
6090.0 0.015034
6110.0 0.0151
6130.0 0.015097
6150.0 0.014655
6170.0 0.013593
6190.0 0.012562
6210.0 0.01207
6230.0 0.011887
6250.0 0.011964
6270.0 0.012398
6290.0 0.012782
6310.0 0.013273
6330.0 0.013657
6350.0 0.013842
6370.0 0.013867
6390.0 0.013556
6410.0 0.01326
6430.0 0.012859
6450.0 0.012547
6470.0 0.012382
6490.0 0.012394
6510.0 0.012372
6530.0 0.012355
6550.0 0.012111
6570.0 0.011855
6590.0 0.011783
6610.0 0.011538
6630.0 0.011346
6650.0 0.011132
6670.0 0.010788
6690.0 0.010475
6710.0 0.010185
6730.0 0.010075
6750.0 0.0099143
6770.0 0.0097922
6790.0 0.009814
6810.0 0.0096574
6830.0 0.0095221
6850.0 0.009424
6870.0 0.0092155
6890.0 0.0091439
6910.0 0.0090708
6930.0 0.0089044
6950.0 0.0088886
6970.0 0.0087621
6990.0 0.0087645
7010.0 0.0086251
7030.0 0.0085702
7050.0 0.0084977
7070.0 0.0083425
7090.0 0.0081402
7110.0 0.0079071
7130.0 0.0078989
7150.0 0.0080072
7170.0 0.0080798
7190.0 0.0081834
7210.0 0.0082663
7230.0 0.0083761
7250.0 0.0084257
7270.0 0.0082957
7290.0 0.00823
7310.0 0.0080561
7330.0 0.0077137
7350.0 0.007584
7370.0 0.0075028
7390.0 0.0073872
7410.0 0.0074143
7430.0 0.0073628
7450.0 0.0072442
7470.0 0.0071343
7490.0 0.0069368
7510.0 0.0065475
7530.0 0.0066673
7550.0 0.0067348
7570.0 0.0065591
7590.0 0.0061202
7610.0 0.0062253
7630.0 0.0062032
7650.0 0.0062099
7670.0 0.00623
7690.0 0.0063176
7710.0 0.0063062
7730.0 0.0065291
7750.0 0.0067367
7770.0 0.0070278
7790.0 0.0072942
7810.0 0.0074918
7830.0 0.0077691
7850.0 0.0077725
7870.0 0.0078701
7890.0 0.0077612
7910.0 0.0075209
7930.0 0.007395
7950.0 0.0072986
7970.0 0.0072383
7990.0 0.0072403
8010.0 0.0065881
8030.0 0.0065483
8050.0 0.0064174
8070.0 0.0063564
8090.0 0.0061704
8110.0 0.0062175
8130.0 0.0063005
8150.0 0.0064138
8170.0 0.0063523
8190.0 0.0064543
8210.0 0.0063692
8230.0 0.00605
8250.0 0.0059499
8270.0 0.005846
8290.0 0.0057464
8310.0 0.0055293
8330.0 0.0055936
8350.0 0.0055702
8370.0 0.0055797
8390.0 0.0056779
8410.0 0.0056437
8430.0 0.005716
8450.0 0.0057839
8470.0 0.0058304
8490.0 0.0059029
8510.0 0.0057966
8530.0 0.0055891
8550.0 0.0056345
8570.0 0.0056378
8590.0 0.0054642
8610.0 0.0055801
8630.0 0.0055017
8650.0 0.0053937
8670.0 0.0053575
8690.0 0.0053466
8710.0 0.0051273
8730.0 0.0052074
8750.0 0.0050329
8770.0 0.005011
8790.0 0.0048691
8810.0 0.0048087
8830.0 0.0048098
8850.0 0.0045984
8870.0 0.0043675
8890.0 0.0043114
8910.0 0.0040655
8930.0 0.0037544
8950.0 0.0037538
8970.0 0.0036225
8990.0 0.0035953
9010.0 0.0035623
9030.0 0.0035376
9050.0 0.0035125
9070.0 0.0034872
9090.0 0.0034617
9110.0 0.0034359
9130.0 0.0034101
9150.0 0.0033846
9170.0 0.0033589
9190.0 0.0033331
9210.0 0.0033073
9230.0 0.0032813
9250.0 0.0032554
9270.0 0.0032295
9290.0 0.0032035
9310.0 0.0031776
9330.0 0.0031517
9350.0 0.0031258
9370.0 0.0031
9390.0 0.0030743
9410.0 0.0030486
9430.0 0.003023
9450.0 0.0029975
9470.0 0.0029739
9490.0 0.0029495
9510.0 0.0029232
9530.0 0.0028973
9550.0 0.0028719
9570.0 0.0028469
9590.0 0.002822
9610.0 0.0027974
9630.0 0.002773
9650.0 0.0027488
9670.0 0.0027247
9690.0 0.0027008
9710.0 0.0026772
9730.0 0.0026536
9750.0 0.0026303
9770.0 0.0026073
9790.0 0.0025844
9810.0 0.0025616
9830.0 0.0025388
9850.0 0.0025129
9870.0 0.0024901
9890.0 0.0024702
9910.0 0.0024499
9930.0 0.0024253
9950.0 0.0024041
9970.0 0.002385
9990.0 0.0023653
10010.0 0.0023456
10030.0 0.0023257
10050.0 0.0023059
10070.0 0.0022864
10090.0 0.0022673
10110.0 0.0022478
10130.0 0.0022285
10150.0 0.0022099
10170.0 0.0021914
10190.0 0.0021728
10210.0 0.0021549
10230.0 0.0021373
10250.0 0.0021195
10270.0 0.0021021
10290.0 0.0020852
10310.0 0.0020683
10330.0 0.0020513
10350.0 0.002035
10370.0 0.0020189
10390.0 0.0020027
10410.0 0.0019867
10430.0 0.0019712
10450.0 0.0019561
10470.0 0.001941
10490.0 0.0019263
10510.0 0.0019119
10530.0 0.0018972
10550.0 0.0018829
10570.0 0.0018692
10590.0 0.0018554
10610.0 0.0018416
10630.0 0.0018284
10650.0 0.0018154
10670.0 0.0018022
10690.0 0.0017895
10710.0 0.0017771
10730.0 0.0017646
10750.0 0.0017521
10770.0 0.0017404
10790.0 0.0017287
10810.0 0.0017169
10830.0 0.0017054
10850.0 0.0016945
10870.0 0.0016832
10890.0 0.0016722
10910.0 0.0016617
10930.0 0.0016515
10950.0 0.0016414
10970.0 0.0016319
10990.0 0.001623
11010.0 0.0017276
11030.0 0.001721
11050.0 0.0017146
11070.0 0.0017078
11090.0 0.0017003
11110.0 0.0016926
11130.0 0.0016844
11150.0 0.0016755
11170.0 0.001666
11190.0 0.0016565
11210.0 0.0016466
11230.0 0.0016362
11250.0 0.0016261
11270.0 0.0016163
11290.0 0.0016062
11310.0 0.0015964
11330.0 0.0015877
11350.0 0.0015791
11370.0 0.0015708
11390.0 0.0015633
11410.0 0.0015563
11430.0 0.0015492
11450.0 0.0015426
11470.0 0.0015364
11490.0 0.00153
11510.0 0.0015234
11530.0 0.001517
11550.0 0.0015105
11570.0 0.0015034
11590.0 0.001496
11610.0 0.0014888
11630.0 0.0014809
11650.0 0.0014725
11670.0 0.0014645
11690.0 0.0014564
11710.0 0.001448
11730.0 0.0014397
11750.0 0.001432
11770.0 0.001424
11790.0 0.0014161
11810.0 0.0014086
11830.0 0.0014014
11850.0 0.0013938
11870.0 0.0013868
11890.0 0.0013803
11910.0 0.0013738
11930.0 0.0013676
11950.0 0.0013621
11970.0 0.001357
11990.0 0.0013521
12010.0 0.0013482
12030.0 0.001345
12050.0 0.0013425
12070.0 0.0013408
12090.0 0.0013402
12110.0 0.0013404
12130.0 0.0013414
12150.0 0.0013433
12170.0 0.0013459
12190.0 0.0013491
12210.0 0.0013529
12230.0 0.0013572
12250.0 0.0013618
12270.0 0.0013667
12290.0 0.0013716
12310.0 0.0013765
12330.0 0.0013814
12350.0 0.001386
12370.0 0.0013904
12390.0 0.0013944
12410.0 0.0013979
12430.0 0.0014009
12450.0 0.0014032
12470.0 0.0014047
12490.0 0.0014054
12510.0 0.0014053
12530.0 0.0014041
12550.0 0.0014018
12570.0 0.0013986
12590.0 0.0013944
12610.0 0.0013888
12630.0 0.0013821
12650.0 0.0013749
12670.0 0.0013667
12690.0 0.0013573
12710.0 0.0013477
12730.0 0.0013377
12750.0 0.0013264
12770.0 0.0013152
12790.0 0.0013041
12810.0 0.0012927
12830.0 0.0012809
12850.0 0.0012699
12870.0 0.0012593
12890.0 0.0012485
12910.0 0.0012383
12930.0 0.001229
12950.0 0.0012197
12970.0 0.0012107
12990.0 0.0012028
13010.0 0.0011953
13030.0 0.001188
13050.0 0.0011812
13070.0 0.0011751
13090.0 0.001169
13110.0 0.0011631
13130.0 0.0011576
13150.0 0.0011523
13170.0 0.0011468
13190.0 0.0011417
13210.0 0.0011369
13230.0 0.001132
13250.0 0.0011272
13270.0 0.0011226
13290.0 0.0011179
13310.0 0.0011129
13330.0 0.0011081
13350.0 0.0011032
13370.0 0.001098
13390.0 0.0010924
13410.0 0.0010869
13430.0 0.001081
13450.0 0.0010747
13470.0 0.0010682
13490.0 0.0010616
13510.0 0.0010543
13530.0 0.0010468
13550.0 0.0010393
13570.0 0.0010316
13590.0 0.0010233
13610.0 0.0010152
13630.0 0.001007
13650.0 0.00099842
13670.0 0.00098972
13690.0 0.00098118
13710.0 0.0009724
13730.0 0.00096312
13750.0 0.00095424
13770.0 0.00094536
13790.0 0.00093616
13810.0 0.00092697
13830.0 0.00091812
13850.0 0.00090902
13870.0 0.00089979
13890.0 0.00089089
13910.0 0.00088213
13930.0 0.00087315
13950.0 0.00086433
13970.0 0.00085601
13990.0 0.00084759
14010.0 0.00083917
14030.0 0.00083112
14050.0 0.00082324
14070.0 0.0008151
14090.0 0.00080726
14110.0 0.00079969
14130.0 0.00079204
14150.0 0.00078433
14170.0 0.00077698
14190.0 0.0007697
14210.0 0.00076226
14230.0 0.00075499
14250.0 0.00074798
14270.0 0.00074083
14290.0 0.0007337
14310.0 0.00072698
14330.0 0.00072038
14350.0 0.00071378
14370.0 0.00070747
14390.0 0.0007015
14410.0 0.00069553
14430.0 0.00068973
14450.0 0.00068426
14470.0 0.00067893
14490.0 0.00067358
14510.0 0.00066849
14530.0 0.0006636
14550.0 0.00065868
14570.0 0.00065382
14590.0 0.00064914
14610.0 0.00064444
14630.0 0.00063966
14650.0 0.000635
14670.0 0.00063043
14690.0 0.00062579
14710.0 0.00062115
14730.0 0.00061672
14750.0 0.00061228
14770.0 0.00060782
14790.0 0.00060348
14810.0 0.00059927
14830.0 0.00059496
14850.0 0.00059074
14870.0 0.00058668
14890.0 0.00058262
14910.0 0.00057855
14930.0 0.00057463
14950.0 0.00057084
14970.0 0.00056706
14990.0 0.00056343
15010.0 0.00055999
15030.0 0.00055665
15050.0 0.00055337
15070.0 0.00055029
15090.0 0.0005473
15110.0 0.00054431
15130.0 0.00054137
15150.0 0.00053852
15170.0 0.00053563
15190.0 0.00053274
15210.0 0.0005299
15230.0 0.00052708
15250.0 0.00052422
15270.0 0.00052139
15290.0 0.00051863
15310.0 0.00051584
15330.0 0.00051305
15350.0 0.00051031
15370.0 0.00050759
15390.0 0.00050482
15410.0 0.0005021
15430.0 0.00049943
15450.0 0.00049674
15470.0 0.00049404
15490.0 0.00049142
15510.0 0.0004888
15530.0 0.00048616
15550.0 0.00048356
15570.0 0.00048101
15590.0 0.00047843
15610.0 0.00047585
15630.0 0.00047334
15650.0 0.00047084
15670.0 0.00046832
15690.0 0.00046585
15710.0 0.00046342
15730.0 0.00046097
15750.0 0.00045853
15770.0 0.00045615
15790.0 0.00045378
15810.0 0.00045137
15830.0 0.00044903
15850.0 0.00044673
15870.0 0.00044442
15890.0 0.00044212
15910.0 0.00043988
15930.0 0.00043764
15950.0 0.00043537
15970.0 0.00043317
15990.0 0.000431
16010.0 0.00042881
16030.0 0.00042663
16050.0 0.00042453
16070.0 0.00042243
16090.0 0.00042031
16110.0 0.00041825
16130.0 0.00041623
16150.0 0.00041416
16170.0 0.00041212
16190.0 0.00041015
16210.0 0.00040818
16230.0 0.00040619
16250.0 0.00040426
16270.0 0.00040237
16290.0 0.00040045
16310.0 0.00039856
16330.0 0.00039672
16350.0 0.00039487
16370.0 0.000393
16390.0 0.00039121
16410.0 0.00038944
16430.0 0.00038765
16450.0 0.00038589
16470.0 0.00038419
16490.0 0.00038246
16510.0 0.00038074
16530.0 0.00037907
16550.0 0.00037741
16570.0 0.00037574
16590.0 0.00037409
16610.0 0.00037251
16630.0 0.00037091
16650.0 0.00036931
16670.0 0.00036777
16690.0 0.00036624
16710.0 0.00036467
16730.0 0.00036315
16750.0 0.00036167
16770.0 0.00036018
16790.0 0.00035869
16810.0 0.00035726
16830.0 0.00035584
16850.0 0.00035439
16870.0 0.00035299
16890.0 0.00035162
16910.0 0.00035022
16930.0 0.00034883
16950.0 0.0003475
16970.0 0.00034617
16990.0 0.00034483
17010.0 0.00034352
17030.0 0.00034226
17050.0 0.00034096
17070.0 0.00033968
17090.0 0.00033844
17110.0 0.0003372
17130.0 0.00033593
17150.0 0.00033472
17170.0 0.00033353
17190.0 0.00033233
17210.0 0.00033113
17230.0 0.00032999
17250.0 0.00032883
17270.0 0.00032765
17290.0 0.00032651
17310.0 0.0003254
17330.0 0.00032427
17350.0 0.00032314
17370.0 0.00032207
17390.0 0.00032098
17410.0 0.00031989
17430.0 0.00031883
17450.0 0.00031779
17470.0 0.0003167
17490.0 0.00031565
17510.0 0.00031464
17530.0 0.00031361
17550.0 0.00031257
17570.0 0.00031158
17590.0 0.0003106
17610.0 0.00030958
17630.0 0.00030859
17650.0 0.00030763
17670.0 0.00030666
17690.0 0.00030565
17710.0 0.00030471
17730.0 0.00030377
17750.0 0.00030281
17770.0 0.00030187
17790.0 0.00030096
17810.0 0.00030002
17830.0 0.00029908
17850.0 0.00029817
17870.0 0.00029727
17890.0 0.00029633
17910.0 0.00029542
17930.0 0.00029455
17950.0 0.00029365
17970.0 0.00029274
17990.0 0.00029188
18010.0 0.00029101
18030.0 0.00029009
18050.0 0.00028921
18070.0 0.00028836
18090.0 0.00028748
18110.0 0.00028659
18130.0 0.00028575
18150.0 0.0002849
18170.0 0.00028402
18190.0 0.00028316
18210.0 0.00028233
18230.0 0.00028145
18250.0 0.00028057
18270.0 0.00027974
18290.0 0.0002789
18310.0 0.00027803
18330.0 0.00027719
18350.0 0.00027637
18370.0 0.0002755
18390.0 0.00027464
18410.0 0.00027381
18430.0 0.00027297
18450.0 0.00027209
18470.0 0.00027125
18490.0 0.00027043
18510.0 0.00026957
18530.0 0.00026871
18550.0 0.00026789
18570.0 0.00026704
18590.0 0.00026615
18610.0 0.00026531
18630.0 0.00026447
18650.0 0.0002636
18670.0 0.00026272
18690.0 0.0002619
18710.0 0.00026104
18730.0 0.00026016
18750.0 0.0002593
18770.0 0.00025846
18790.0 0.00025756
18810.0 0.00025667
18830.0 0.00025582
18850.0 0.00025494
18870.0 0.00025404
18890.0 0.00025318
18910.0 0.00025231
18930.0 0.0002514
18950.0 0.0002505
18970.0 0.00024963
18990.0 0.00024873
19010.0 0.00024778
19030.0 0.0002469
19050.0 0.000246
19070.0 0.00024507
19090.0 0.00024415
19110.0 0.00024327
19130.0 0.00024232
19150.0 0.00024137
19170.0 0.00024045
19190.0 0.00023952
19210.0 0.00023855
19230.0 0.0002376
19250.0 0.00023668
19270.0 0.00023572
19290.0 0.00023474
19310.0 0.0002338
19330.0 0.00023284
19350.0 0.00023183
19370.0 0.00023085
19390.0 0.00022989
19410.0 0.00022889
19430.0 0.00022787
19450.0 0.0002269
19470.0 0.00022591
19490.0 0.00022488
19510.0 0.00022387
19530.0 0.00022288
19550.0 0.00022183
19570.0 0.00022078
19590.0 0.00021977
19610.0 0.00021874
19630.0 0.00021767
19650.0 0.00021664
19670.0 0.00021561
19690.0 0.00021453
19710.0 0.00021345
19730.0 0.00021241
19750.0 0.00021134
19770.0 0.00021022
19790.0 0.00020915
19810.0 0.00020808
19830.0 0.00020698
19850.0 0.00020587
19870.0 0.0002048
19890.0 0.00020369
19910.0 0.00020256
19930.0 0.00020147
19950.0 0.00020039
19970.0 0.00019929
19990.0 0.00019822
20010.0 0.0001972
20030.0 0.00019617
20050.0 0.00019513
20070.0 0.00019414
20090.0 0.00019316
20110.0 0.00019213
20130.0 0.00019112
20150.0 0.00019013
20170.0 0.00018912
20190.0 0.00018809
20210.0 0.00018709
20230.0 0.00018609
20250.0 0.00018506
20270.0 0.00018405
20290.0 0.00018308
20310.0 0.00018209
20330.0 0.0001811
20350.0 0.00018019
20370.0 0.00017928
20390.0 0.00017839
20410.0 0.00017753
20430.0 0.00017673
20450.0 0.00017592
20470.0 0.00017516
20490.0 0.00017445
20510.0 0.00017377
20530.0 0.00017313
20550.0 0.00017253
20570.0 0.000172
20590.0 0.00017149
20610.0 0.00017104
20630.0 0.00017064
20650.0 0.00017029
20670.0 0.00016998
20690.0 0.00016973
20710.0 0.00016951
20730.0 0.00016932
20750.0 0.00016917
20770.0 0.00016903
20790.0 0.00016891
20810.0 0.00016879
20830.0 0.00016865
20850.0 0.00016849
20870.0 0.00016831
20890.0 0.00016809
20910.0 0.0001678
20930.0 0.00016746
20950.0 0.00016705
20970.0 0.00016657
20990.0 0.00016602
21010.0 0.00016538
21030.0 0.00016466
21050.0 0.00016388
21070.0 0.00016301
21090.0 0.00016206
21110.0 0.00016106
21130.0 0.00016002
21150.0 0.0001589
21170.0 0.00015775
21190.0 0.0001566
21210.0 0.0001554
21230.0 0.00015416
21250.0 0.00015294
21270.0 0.00015173
21290.0 0.00015049
21310.0 0.00014925
21330.0 0.00014806
21350.0 0.00014685
21370.0 0.00014562
21390.0 0.00014443
21410.0 0.00014324
21430.0 0.000142
21450.0 0.00014077
21470.0 0.00013957
21490.0 0.00013832
21510.0 0.00013705
21530.0 0.0001358
21550.0 0.00013453
21570.0 0.00013322
21590.0 0.0001319
21610.0 0.0001306
21630.0 0.00012926
21650.0 0.00012789
21670.0 0.00012659
21690.0 0.00012526
21710.0 0.00012392
21730.0 0.00012261
21750.0 0.00012133
21770.0 0.00012002
21790.0 0.00011873
21810.0 0.00011749
21830.0 0.00011626
21850.0 0.00011503
21870.0 0.00011383
21890.0 0.00011268
21910.0 0.00011151
21930.0 0.00011036
21950.0 0.00010925
21970.0 0.00010814
21990.0 0.000107
22010.0 0.00010591
22030.0 0.00010482
22050.0 0.00010372
22070.0 0.00010261
22090.0 0.00010153
22110.0 0.00010042
22130.0 9.9295e-05
22150.0 9.8181e-05
22170.0 9.7071e-05
22190.0 9.5919e-05
22210.0 9.4763e-05
22230.0 9.3641e-05
22250.0 9.2496e-05
22270.0 9.1333e-05
22290.0 9.0196e-05
22310.0 8.9071e-05
22330.0 8.791e-05
22350.0 8.6769e-05
22370.0 8.5662e-05
22390.0 8.4549e-05
22410.0 8.3425e-05
22430.0 8.2355e-05
22450.0 8.1308e-05
22470.0 8.0254e-05
22490.0 7.9231e-05
22510.0 7.8256e-05
22530.0 7.7278e-05
22550.0 7.6315e-05
22570.0 7.5408e-05
22590.0 7.4527e-05
22610.0 7.3654e-05
22630.0 7.2816e-05
22650.0 7.2025e-05
22670.0 7.124e-05
22690.0 7.0473e-05
22710.0 6.9746e-05
22730.0 6.9041e-05
22750.0 6.8332e-05
22770.0 6.7661e-05
22790.0 6.7022e-05
22810.0 6.639e-05
22830.0 6.5775e-05
22850.0 6.5196e-05
22870.0 6.4635e-05
22890.0 6.4084e-05
22910.0 6.3566e-05
22930.0 6.3079e-05
22950.0 6.2609e-05
22970.0 6.2163e-05
22990.0 6.1761e-05
23010.0 6.1385e-05
23030.0 6.1036e-05
23050.0 6.0723e-05
23070.0 6.0445e-05
23090.0 6.0197e-05
23110.0 5.9987e-05
23130.0 5.9812e-05
23150.0 5.9671e-05
23170.0 5.9568e-05
23190.0 5.9497e-05
23210.0 5.9453e-05
23230.0 5.9443e-05
23250.0 5.9461e-05
23270.0 5.9494e-05
23290.0 5.9549e-05
23310.0 5.9628e-05
23330.0 5.9703e-05
23350.0 5.9778e-05
23370.0 5.9858e-05
23390.0 5.9929e-05
23410.0 5.9979e-05
23430.0 6.0017e-05
23450.0 6.0122e-05
23470.0 6.0223e-05
23490.0 6.031e-05
23510.0 6.0389e-05
23530.0 6.0461e-05
23550.0 6.0529e-05
23570.0 6.0604e-05
23590.0 6.0693e-05
23610.0 6.08e-05
23630.0 6.0931e-05
23650.0 6.1102e-05
23670.0 6.1308e-05
23690.0 6.1548e-05
23710.0 6.1833e-05
23730.0 6.217e-05
23750.0 6.2531e-05
23770.0 6.293e-05
23790.0 6.3379e-05
23810.0 6.3862e-05
23830.0 6.4369e-05
23850.0 6.4938e-05
23870.0 6.5564e-05
23890.0 6.6215e-05
23910.0 6.6919e-05
23930.0 6.7705e-05
23950.0 6.8536e-05
23970.0 6.9386e-05
23990.0 7.031e-05
24010.0 7.1272e-05
24030.0 7.2222e-05
24050.0 7.3177e-05
24070.0 7.4164e-05
24090.0 7.5087e-05
24110.0 7.595e-05
24130.0 7.6788e-05
24150.0 7.7574e-05
24170.0 7.8277e-05
24190.0 7.8936e-05
24210.0 7.9558e-05
24230.0 8.0114e-05
24250.0 8.0496e-05
24270.0 8.0853e-05
24290.0 8.1185e-05
24310.0 8.1475e-05
24330.0 8.1756e-05
24350.0 8.2032e-05
24370.0 8.2294e-05
24390.0 8.2546e-05
24410.0 8.2811e-05
24430.0 8.3072e-05
24450.0 8.3328e-05
24470.0 8.3591e-05
24490.0 8.3865e-05
24510.0 8.4137e-05
24530.0 8.4411e-05
24550.0 8.47e-05
24570.0 8.4994e-05
24590.0 8.5288e-05
24610.0 8.5592e-05
24630.0 8.5909e-05
24650.0 8.6221e-05
24670.0 8.6536e-05
24690.0 8.6862e-05
24710.0 8.719e-05
24730.0 8.7513e-05
24750.0 8.7844e-05
24770.0 8.8173e-05
24790.0 8.8482e-05
24810.0 8.8751e-05
24830.0 8.8919e-05
24850.0 8.8851e-05
24870.0 8.8375e-05
24890.0 8.7145e-05
24910.0 8.4697e-05
24930.0 8.0806e-05
24950.0 7.5172e-05
24970.0 7.1025e-05
24990.0 6.7052e-05
