#lamb flux
1010.0 3.3064e-08
1030.0 3.6569e-08
1050.0 4.0601e-08
1070.0 4.5139e-08
1090.0 5.0294e-08
1110.0 5.5581e-08
1130.0 6.0902e-08
1150.0 6.6476e-08
1170.0 7.2226e-08
1190.0 7.7678e-08
1210.0 8.3204e-08
1230.0 8.8914e-08
1250.0 9.4508e-08
1270.0 9.9941e-08
1290.0 1.0568e-07
1310.0 1.1142e-07
1330.0 1.1692e-07
1350.0 1.2248e-07
1370.0 1.2823e-07
1390.0 1.3383e-07
1410.0 1.3926e-07
1430.0 1.4494e-07
1450.0 1.5062e-07
1470.0 1.5612e-07
1490.0 1.6167e-07
1510.0 1.6753e-07
1530.0 1.7309e-07
1550.0 1.7857e-07
1570.0 1.8424e-07
1590.0 1.8992e-07
1610.0 1.9535e-07
1630.0 2.0095e-07
1650.0 2.0669e-07
1670.0 2.1226e-07
1690.0 2.1775e-07
1710.0 2.2346e-07
1730.0 2.2921e-07
1750.0 2.3462e-07
1770.0 2.4019e-07
1790.0 2.4589e-07
1810.0 2.514e-07
1830.0 2.5683e-07
1850.0 2.626e-07
1870.0 2.6824e-07
1890.0 2.7369e-07
1910.0 2.7926e-07
1930.0 2.8497e-07
1950.0 2.9044e-07
1970.0 2.9586e-07
1990.0 3.0149e-07
2010.0 3.0704e-07
2030.0 3.1241e-07
2050.0 3.1795e-07
2070.0 3.2365e-07
2090.0 3.2903e-07
2110.0 3.3441e-07
2130.0 3.3996e-07
2150.0 3.4542e-07
2170.0 3.5066e-07
2190.0 3.561e-07
2210.0 3.6158e-07
2230.0 3.6685e-07
2250.0 3.7211e-07
2270.0 3.776e-07
2290.0 3.8294e-07
2310.0 3.8807e-07
2330.0 3.934e-07
2350.0 3.9888e-07
2370.0 4.0433e-07
2390.0 4.1024e-07
2410.0 4.1724e-07
2430.0 4.253e-07
2450.0 4.3492e-07
2470.0 4.4725e-07
2490.0 4.6279e-07
2510.0 4.8046e-07
2530.0 5.0173e-07
2550.0 5.2835e-07
2570.0 5.6146e-07
2590.0 6.0454e-07
2610.0 6.6903e-07
2630.0 7.6111e-07
2650.0 8.8151e-07
2670.0 1.0372e-06
2690.0 1.2285e-06
2710.0 1.4327e-06
2730.0 1.6344e-06
2750.0 1.8332e-06
2770.0 2.006e-06
2790.0 2.1433e-06
2810.0 2.2522e-06
2830.0 2.3374e-06
2850.0 2.3954e-06
2870.0 2.4381e-06
2890.0 2.4719e-06
2910.0 2.4988e-06
2930.0 2.5208e-06
2950.0 2.5418e-06
2970.0 2.5624e-06
2990.0 2.5817e-06
3010.0 7.2972e-05
3030.0 7.3518e-05
3050.0 7.4045e-05
3070.0 7.4496e-05
3090.0 7.4884e-05
3110.0 7.5125e-05
3130.0 7.5116e-05
3150.0 7.4782e-05
3170.0 7.3981e-05
3190.0 7.2723e-05
3210.0 7.1128e-05
3230.0 6.9302e-05
3250.0 6.75e-05
3270.0 6.6183e-05
3290.0 6.5452e-05
3310.0 6.5571e-05
3330.0 6.652e-05
3350.0 6.8172e-05
3370.0 7.0532e-05
3390.0 7.3506e-05
3410.0 7.6742e-05
3430.0 8.0375e-05
3450.0 8.4557e-05
3470.0 8.9125e-05
3490.0 9.3966e-05
3510.0 9.9437e-05
3530.0 0.0001053
3550.0 0.00011123
3570.0 0.00011742
3590.0 0.00012415
3610.0 0.00013108
3630.0 0.00013799
3650.0 0.00014516
3670.0 0.00015171
3690.0 0.00015661
3710.0 0.00015941
3730.0 0.00015951
3750.0 0.00015729
3770.0 0.00015641
3790.0 0.00015548
3810.0 0.00015166
3830.0 0.00015636
3850.0 0.00017483
3870.0 0.00018496
3890.0 0.00018412
3910.0 0.0001849
3930.0 0.00018977
3950.0 0.00019277
3970.0 0.00017563
3990.0 0.00015112
4010.0 0.00045293
4030.0 0.00054879
4050.0 0.00062915
4070.0 0.0005459
4090.0 0.00049442
4110.0 0.00043628
4130.0 0.00040155
4150.0 0.00042712
4170.0 0.00042074
4190.0 0.00044847
4210.0 0.00044437
4230.0 0.00047003
4250.0 0.00055605
4270.0 0.00056259
4290.0 0.00051842
4310.0 0.00053868
4330.0 0.00057299
4350.0 0.00064246
4370.0 0.00073113
4390.0 0.00068609
4410.0 0.0005069
4430.0 0.00042912
4450.0 0.00039432
4470.0 0.00030265
4490.0 0.0003266
4510.0 0.00049333
4530.0 0.00056896
4550.0 0.0005739
4570.0 0.00064578
4590.0 0.00073561
4610.0 0.00099216
4630.0 0.0012886
4650.0 0.0013975
4670.0 0.0012942
4690.0 0.0012349
4710.0 0.0013054
4730.0 0.0012319
4750.0 0.00092101
4770.0 0.00067559
4790.0 0.00063087
4810.0 0.00060132
4830.0 0.0005505
4850.0 0.00060408
4870.0 0.00079805
4890.0 0.00094113
4910.0 0.00082572
4930.0 0.00073064
4950.0 0.00080272
4970.0 0.0010294
4990.0 0.0013951
5010.0 0.0016049
5030.0 0.0014152
5050.0 0.00095745
5070.0 0.000631
5090.0 0.00050881
5110.0 0.00052326
5130.0 0.00060392
5150.0 0.00065431
5170.0 0.00064449
5190.0 0.00060223
5210.0 0.00062947
5230.0 0.00066172
5250.0 0.00071315
5270.0 0.00076944
5290.0 0.0008527
5310.0 0.00099252
5330.0 0.0010984
5350.0 0.0010914
5370.0 0.0011464
5390.0 0.0013155
5410.0 0.0013143
5430.0 0.0011623
5450.0 0.0010679
5470.0 0.0011339
5490.0 0.0013853
5510.0 0.0017322
5530.0 0.0019867
5550.0 0.0019202
5570.0 0.0017456
5590.0 0.0015178
5610.0 0.0013998
5630.0 0.0013573
5650.0 0.0012927
5670.0 0.001225
5690.0 0.0010951
5710.0 0.0010678
5730.0 0.00098359
5750.0 0.00069349
5770.0 0.00054104
5790.0 0.00061311
5810.0 0.00069231
5830.0 0.00084957
5850.0 0.0010113
5870.0 0.0011221
5890.0 0.0011411
5910.0 0.0011195
5930.0 0.0010656
5950.0 0.0010859
5970.0 0.0012378
5990.0 0.0011638
6010.0 0.00097564
6030.0 0.00082427
6050.0 0.00071784
6070.0 0.00071391
6090.0 0.00077412
6110.0 0.00086559
6130.0 0.00087885
6150.0 0.00075617
6170.0 0.0006652
6190.0 0.00074858
6210.0 0.00098961
6230.0 0.0012987
6250.0 0.0014066
6270.0 0.0012292
6290.0 0.0010342
6310.0 0.00080737
6330.0 0.0006186
6350.0 0.00055177
6370.0 0.00058025
6390.0 0.0006708
6410.0 0.00082713
6430.0 0.00096586
6450.0 0.0011052
6470.0 0.0012655
6490.0 0.0015286
6510.0 0.0017092
6530.0 0.0016768
6550.0 0.0015163
6570.0 0.0012872
6590.0 0.0011607
6610.0 0.0010008
6630.0 0.00090669
6650.0 0.00085709
6670.0 0.00083264
6690.0 0.00075234
6710.0 0.00068389
6730.0 0.00049259
6750.0 0.00048836
6770.0 0.00053081
6790.0 0.00061012
6810.0 0.00055827
6830.0 0.00057487
6850.0 0.00053769
6870.0 0.00049118
6890.0 0.0004716
6910.0 0.00050256
6930.0 0.00047071
6950.0 0.00048429
6970.0 0.00050938
6990.0 0.00057819
7010.0 0.00058311
7030.0 0.00059238
7050.0 0.00056493
7070.0 0.00053827
7090.0 0.00053985
7110.0 0.00055546
7130.0 0.00059777
7150.0 0.00063487
7170.0 0.00070054
7190.0 0.00077009
7210.0 0.00075672
7230.0 0.00077792
7250.0 0.000836
7270.0 0.00091103
7290.0 0.0010813
7310.0 0.0011733
7330.0 0.0011341
7350.0 0.0010257
7370.0 0.00089248
7390.0 0.00086581
7410.0 0.00092009
7430.0 0.0010226
7450.0 0.0011138
7470.0 0.0011035
7490.0 0.0010062
7510.0 0.0011398
7530.0 0.0011273
7550.0 0.0010132
7570.0 0.00079153
7590.0 0.00054415
7610.0 0.00046704
7630.0 0.00053065
7650.0 0.00062742
7670.0 0.00078087
7690.0 0.00085929
7710.0 0.00089548
7730.0 0.00094104
7750.0 0.0010564
7770.0 0.001073
7790.0 0.00098563
7810.0 0.00089933
7830.0 0.00092741
7850.0 0.00090152
7870.0 0.00082655
7890.0 0.00069446
7910.0 0.0005645
7930.0 0.00053901
7950.0 0.00049106
7970.0 0.00045456
7990.0 0.00045197
8010.0 3.3474e-05
8030.0 3.3039e-05
8050.0 3.2593e-05
8070.0 3.302e-05
8090.0 3.5479e-05
8110.0 3.4875e-05
8130.0 2.8767e-05
8150.0 2.8016e-05
8170.0 2.4132e-05
8190.0 2.287e-05
8210.0 2.9699e-05
8230.0 3.3066e-05
8250.0 2.9802e-05
8270.0 2.5938e-05
8290.0 2.5285e-05
8310.0 1.946e-05
8330.0 1.3116e-05
8350.0 9.3085e-06
8370.0 5.8647e-06
8390.0 1.0721e-05
8410.0 1.2492e-05
8430.0 1.5399e-05
8450.0 1.8082e-05
8470.0 2.2475e-05
8490.0 2.2317e-05
8510.0 2.1952e-05
8530.0 2.291e-05
8550.0 3.091e-05
8570.0 3.6593e-05
8590.0 3.9483e-05
8610.0 4.9876e-05
8630.0 6.0083e-05
8650.0 6.2853e-05
8670.0 6.6794e-05
8690.0 6.7168e-05
8710.0 6.083e-05
8730.0 5.6581e-05
8750.0 4.9943e-05
8770.0 4.7389e-05
8790.0 4.6557e-05
8810.0 4.4612e-05
8830.0 3.5674e-05
8850.0 2.6116e-05
8870.0 1.9997e-05
8890.0 1.955e-05
8910.0 2.2404e-05
8930.0 2.5483e-05
8950.0 2.5971e-05
8970.0 2.6094e-05
8990.0 2.3273e-05
9010.0 0.00024389
9030.0 0.00022099
9050.0 0.00022206
9070.0 0.00022381
9090.0 0.00022535
9110.0 0.00022725
9130.0 0.00022871
9150.0 0.00022985
9170.0 0.00023107
9190.0 0.00023236
9210.0 0.00023373
9230.0 0.00023517
9250.0 0.00023663
9270.0 0.00023815
9290.0 0.00023971
9310.0 0.00024129
9330.0 0.00024289
9350.0 0.00024456
9370.0 0.00024624
9390.0 0.00024794
9410.0 0.00024969
9430.0 0.00025149
9450.0 0.00025329
9470.0 0.00025512
9490.0 0.00025701
9510.0 0.00025892
9530.0 0.00026084
9550.0 0.00026282
9570.0 0.00026484
9590.0 0.00026687
9610.0 0.00026893
9630.0 0.00027104
9650.0 0.00027317
9670.0 0.00027531
9690.0 0.00027751
9710.0 0.00027973
9730.0 0.00028197
9750.0 0.00028423
9770.0 0.00028657
9790.0 0.0002889
9810.0 0.00029124
9830.0 0.00029363
9850.0 0.00029605
9870.0 0.00029846
9890.0 0.00030092
9910.0 0.00030341
9930.0 0.00030591
9950.0 0.00030842
9970.0 0.00031098
9990.0 0.00031356
10010.0 0.00027209
10030.0 0.00027432
10050.0 0.0002766
10070.0 0.00027896
10090.0 0.00028118
10110.0 0.00028346
10130.0 0.00028575
10150.0 0.00028802
10170.0 0.00029033
10190.0 0.00029268
10210.0 0.00029499
10230.0 0.00029731
10250.0 0.00029966
10270.0 0.000302
10290.0 0.00030432
10310.0 0.00030667
10330.0 0.00030904
10350.0 0.00031137
10370.0 0.00031369
10390.0 0.00031604
10410.0 0.00031838
10430.0 0.00032067
10450.0 0.00032299
10470.0 0.00032531
10490.0 0.00032759
10510.0 0.00032986
10530.0 0.00033216
10550.0 0.00033443
10570.0 0.00033665
10590.0 0.00033888
10610.0 0.0003411
10630.0 0.00034328
10650.0 0.00034543
10670.0 0.00034761
10690.0 0.00034975
10710.0 0.00035184
10730.0 0.00035393
10750.0 0.00035603
10770.0 0.00035804
10790.0 0.00036003
10810.0 0.00036203
10830.0 0.00036396
10850.0 0.00036579
10870.0 0.00036757
10890.0 0.00036913
10910.0 0.00037034
10930.0 0.00037102
10950.0 0.00037086
10970.0 0.0003696
10990.0 0.00036714
11010.0 0.00036301
11030.0 0.00035724
11050.0 0.0003502
11070.0 0.00034178
11090.0 0.00033167
11110.0 0.00032121
11130.0 0.0003103
11150.0 0.00029855
11170.0 0.00028644
11190.0 0.0002747
11210.0 0.00026257
11230.0 0.00025013
11250.0 0.00023824
11270.0 0.00022683
11290.0 0.00021539
11310.0 0.00020456
11330.0 0.00019502
11350.0 0.00018601
11370.0 0.00017768
11390.0 0.00017048
11410.0 0.00016417
11430.0 0.00015832
11450.0 0.00015327
11470.0 0.00014891
11490.0 0.00014485
11510.0 0.00014093
11530.0 0.0001373
11550.0 0.0001337
11570.0 0.00012985
11590.0 0.00012587
11610.0 0.00012181
11630.0 0.0001174
11650.0 0.00011267
11670.0 0.00010801
11690.0 0.00010329
11710.0 9.8417e-05
11730.0 9.3695e-05
11750.0 8.9326e-05
11770.0 8.5041e-05
11790.0 8.1025e-05
11810.0 7.749e-05
11830.0 7.4328e-05
11850.0 7.1416e-05
11870.0 6.8979e-05
11890.0 6.6955e-05
11910.0 6.5175e-05
11930.0 6.3646e-05
11950.0 6.2372e-05
11970.0 6.1234e-05
11990.0 6.0158e-05
12010.0 5.9163e-05
12030.0 5.8204e-05
12050.0 5.7213e-05
12070.0 5.6182e-05
12090.0 5.5188e-05
12110.0 5.4179e-05
12130.0 5.3167e-05
12150.0 5.2235e-05
12170.0 5.1421e-05
12190.0 5.0718e-05
12210.0 5.0227e-05
12230.0 4.9989e-05
12250.0 5.0028e-05
12270.0 5.0405e-05
12290.0 5.1118e-05
12310.0 5.2141e-05
12330.0 5.3572e-05
12350.0 5.5358e-05
12370.0 5.7392e-05
12390.0 5.9736e-05
12410.0 6.2484e-05
12430.0 6.5276e-05
12450.0 6.8167e-05
12470.0 7.1242e-05
12490.0 7.433e-05
12510.0 7.7227e-05
12530.0 8.0109e-05
12550.0 8.289e-05
12570.0 8.5344e-05
12590.0 8.7499e-05
12610.0 8.9419e-05
12630.0 9.0949e-05
12650.0 9.2006e-05
12670.0 9.27e-05
12690.0 9.2978e-05
12710.0 9.2825e-05
12730.0 9.2287e-05
12750.0 9.1327e-05
12770.0 9.0009e-05
12790.0 8.8412e-05
12810.0 8.6504e-05
12830.0 8.4297e-05
12850.0 8.1989e-05
12870.0 7.9548e-05
12890.0 7.6907e-05
12910.0 7.4223e-05
12930.0 7.1577e-05
12950.0 6.8816e-05
12970.0 6.6006e-05
12990.0 6.3347e-05
13010.0 6.0721e-05
13030.0 5.8066e-05
13050.0 5.5516e-05
13070.0 5.3128e-05
13090.0 5.073e-05
13110.0 4.8411e-05
13130.0 4.6273e-05
13150.0 4.4248e-05
13170.0 4.2265e-05
13190.0 4.0501e-05
13210.0 3.8948e-05
13230.0 3.7529e-05
13250.0 3.6306e-05
13270.0 3.5342e-05
13290.0 3.4592e-05
13310.0 3.4076e-05
13330.0 3.384e-05
13350.0 3.3868e-05
13370.0 3.4171e-05
13390.0 3.4768e-05
13410.0 3.5575e-05
13430.0 3.6623e-05
13450.0 3.7918e-05
13470.0 3.9355e-05
13490.0 4.0878e-05
13510.0 4.2595e-05
13530.0 4.4336e-05
13550.0 4.6002e-05
13570.0 4.7645e-05
13590.0 4.9246e-05
13610.0 5.067e-05
13630.0 5.1914e-05
13650.0 5.3049e-05
13670.0 5.3991e-05
13690.0 5.472e-05
13710.0 5.5284e-05
13730.0 5.5686e-05
13750.0 5.5888e-05
13770.0 5.5933e-05
13790.0 5.5832e-05
13810.0 5.5585e-05
13830.0 5.5221e-05
13850.0 5.4728e-05
13870.0 5.4105e-05
13890.0 5.3394e-05
13910.0 5.2592e-05
13930.0 5.1663e-05
13950.0 5.065e-05
13970.0 4.9614e-05
13990.0 4.8485e-05
14010.0 4.7285e-05
14030.0 4.6088e-05
14050.0 4.4881e-05
14070.0 4.3608e-05
14090.0 4.2387e-05
14110.0 4.124e-05
14130.0 4.0129e-05
14150.0 3.9082e-05
14170.0 3.8189e-05
14190.0 3.7417e-05
14210.0 3.6762e-05
14230.0 3.6277e-05
14250.0 3.5963e-05
14270.0 3.5811e-05
14290.0 3.5844e-05
14310.0 3.6043e-05
14330.0 3.6402e-05
14350.0 3.693e-05
14370.0 3.7588e-05
14390.0 3.8335e-05
14410.0 3.9215e-05
14430.0 4.0181e-05
14450.0 4.1168e-05
14470.0 4.2191e-05
14490.0 4.328e-05
14510.0 4.4321e-05
14530.0 4.531e-05
14550.0 4.6298e-05
14570.0 4.7247e-05
14590.0 4.811e-05
14610.0 4.8946e-05
14630.0 4.9772e-05
14650.0 5.0543e-05
14670.0 5.1286e-05
14690.0 5.2061e-05
14710.0 5.2876e-05
14730.0 5.3691e-05
14750.0 5.4594e-05
14770.0 5.5619e-05
14790.0 5.6729e-05
14810.0 5.7932e-05
14830.0 5.9358e-05
14850.0 6.0907e-05
14870.0 6.2524e-05
14890.0 6.4268e-05
14910.0 6.612e-05
14930.0 6.7901e-05
14950.0 6.9566e-05
14970.0 7.1141e-05
14990.0 7.2463e-05
15010.0 7.3473e-05
15030.0 7.4221e-05
15050.0 7.4716e-05
15070.0 7.4958e-05
15090.0 7.5043e-05
15110.0 7.5018e-05
15130.0 7.4924e-05
15150.0 7.4797e-05
15170.0 7.4647e-05
15190.0 7.4486e-05
15210.0 7.4328e-05
15230.0 7.417e-05
15250.0 7.4006e-05
15270.0 7.3844e-05
15290.0 7.3691e-05
15310.0 7.3534e-05
15330.0 7.3374e-05
15350.0 7.3222e-05
15370.0 7.307e-05
15390.0 7.291e-05
15410.0 7.2756e-05
15430.0 7.2607e-05
15450.0 7.2454e-05
15470.0 7.2299e-05
15490.0 7.2152e-05
15510.0 7.2005e-05
15530.0 7.1852e-05
15550.0 7.1704e-05
15570.0 7.156e-05
15590.0 7.141e-05
15610.0 7.1258e-05
15630.0 7.1115e-05
15650.0 7.0971e-05
15670.0 7.0822e-05
15690.0 7.0678e-05
15710.0 7.0538e-05
15730.0 7.0392e-05
15750.0 7.0246e-05
15770.0 7.0105e-05
15790.0 6.9964e-05
15810.0 6.9815e-05
15830.0 6.9674e-05
15850.0 6.9536e-05
15870.0 6.9393e-05
15890.0 6.9249e-05
15910.0 6.9112e-05
15930.0 6.8972e-05
15950.0 6.8827e-05
15970.0 6.8687e-05
15990.0 6.855e-05
16010.0 6.8407e-05
16030.0 6.8263e-05
16050.0 6.8128e-05
16070.0 6.799e-05
16090.0 6.7847e-05
16110.0 6.7709e-05
16130.0 6.7574e-05
16150.0 6.7429e-05
16170.0 6.7287e-05
16190.0 6.7152e-05
16210.0 6.7012e-05
16230.0 6.6869e-05
16250.0 6.6732e-05
16270.0 6.6596e-05
16290.0 6.6454e-05
16310.0 6.6313e-05
16330.0 6.6177e-05
16350.0 6.6037e-05
16370.0 6.589e-05
16390.0 6.5753e-05
16410.0 6.5616e-05
16430.0 6.5473e-05
16450.0 6.5332e-05
16470.0 6.5197e-05
16490.0 6.5054e-05
16510.0 6.491e-05
16530.0 6.4771e-05
16550.0 6.4632e-05
16570.0 6.4486e-05
16590.0 6.4342e-05
16610.0 6.4205e-05
16630.0 6.4062e-05
16650.0 6.3917e-05
16670.0 6.3778e-05
16690.0 6.3638e-05
16710.0 6.3488e-05
16730.0 6.3344e-05
16750.0 6.3204e-05
16770.0 6.3058e-05
16790.0 6.291e-05
16810.0 6.2769e-05
16830.0 6.2626e-05
16850.0 6.2477e-05
16870.0 6.2332e-05
16890.0 6.219e-05
16910.0 6.2041e-05
16930.0 6.1889e-05
16950.0 6.1746e-05
16970.0 6.16e-05
16990.0 6.1448e-05
17010.0 6.1301e-05
17030.0 6.1157e-05
17050.0 6.1005e-05
17070.0 6.0854e-05
17090.0 6.0707e-05
17110.0 6.0558e-05
17130.0 6.0402e-05
17150.0 6.0252e-05
17170.0 6.0104e-05
17190.0 5.9951e-05
17210.0 5.9797e-05
17230.0 5.965e-05
17250.0 5.9497e-05
17270.0 5.9339e-05
17290.0 5.9186e-05
17310.0 5.9035e-05
17330.0 5.8878e-05
17350.0 5.872e-05
17370.0 5.857e-05
17390.0 5.8415e-05
17410.0 5.8256e-05
17430.0 5.8102e-05
17450.0 5.7949e-05
17470.0 5.7786e-05
17490.0 5.7627e-05
17510.0 5.7473e-05
17530.0 5.7314e-05
17550.0 5.7152e-05
17570.0 5.6995e-05
17590.0 5.684e-05
17610.0 5.6677e-05
17630.0 5.6516e-05
17650.0 5.6359e-05
17670.0 5.6198e-05
17690.0 5.6029e-05
17710.0 5.5871e-05
17730.0 5.5712e-05
17750.0 5.5547e-05
17770.0 5.5384e-05
17790.0 5.5227e-05
17810.0 5.5061e-05
17830.0 5.4894e-05
17850.0 5.4732e-05
17870.0 5.457e-05
17890.0 5.4401e-05
17910.0 5.4234e-05
17930.0 5.4074e-05
17950.0 5.3908e-05
17970.0 5.3739e-05
17990.0 5.3577e-05
18010.0 5.3413e-05
18030.0 5.324e-05
18050.0 5.3073e-05
18070.0 5.2909e-05
18090.0 5.274e-05
18110.0 5.2568e-05
18130.0 5.2404e-05
18150.0 5.2238e-05
18170.0 5.2066e-05
18190.0 5.1897e-05
18210.0 5.1732e-05
18230.0 5.1559e-05
18250.0 5.1385e-05
18270.0 5.1219e-05
18290.0 5.105e-05
18310.0 5.0877e-05
18330.0 5.0707e-05
18350.0 5.0541e-05
18370.0 5.0367e-05
18390.0 5.0194e-05
18410.0 5.0026e-05
18430.0 4.9855e-05
18450.0 4.9677e-05
18470.0 4.9507e-05
18490.0 4.9339e-05
18510.0 4.9165e-05
18530.0 4.8991e-05
18550.0 4.8823e-05
18570.0 4.865e-05
18590.0 4.8472e-05
18610.0 4.8301e-05
18630.0 4.813e-05
18650.0 4.7954e-05
18670.0 4.7778e-05
18690.0 4.761e-05
18710.0 4.7436e-05
18730.0 4.726e-05
18750.0 4.7088e-05
18770.0 4.6918e-05
18790.0 4.6738e-05
18810.0 4.6562e-05
18830.0 4.6392e-05
18850.0 4.6218e-05
18870.0 4.604e-05
18890.0 4.5868e-05
18910.0 4.5698e-05
18930.0 4.5519e-05
18950.0 4.5344e-05
18970.0 4.5173e-05
18990.0 4.4998e-05
19010.0 4.4816e-05
19030.0 4.4646e-05
19050.0 4.4474e-05
19070.0 4.4296e-05
19090.0 4.4121e-05
19110.0 4.3952e-05
19130.0 4.3774e-05
19150.0 4.3596e-05
19170.0 4.3424e-05
19190.0 4.3251e-05
19210.0 4.3072e-05
19230.0 4.2896e-05
19250.0 4.2726e-05
19270.0 4.255e-05
19290.0 4.2373e-05
19310.0 4.2202e-05
19330.0 4.203e-05
19350.0 4.1849e-05
19370.0 4.1674e-05
19390.0 4.1503e-05
19410.0 4.1327e-05
19430.0 4.1149e-05
19450.0 4.0979e-05
19470.0 4.0807e-05
19490.0 4.0629e-05
19510.0 4.0455e-05
19530.0 4.0285e-05
19550.0 4.0107e-05
19570.0 3.9929e-05
19590.0 3.9759e-05
19610.0 3.9586e-05
19630.0 3.9409e-05
19650.0 3.9237e-05
19670.0 3.9067e-05
19690.0 3.889e-05
19710.0 3.8715e-05
19730.0 3.8544e-05
19750.0 3.8372e-05
19770.0 3.8192e-05
19790.0 3.8021e-05
19810.0 3.7851e-05
19830.0 3.7675e-05
19850.0 3.7498e-05
19870.0 3.7325e-05
19890.0 3.7138e-05
19910.0 3.6933e-05
19930.0 3.6714e-05
19950.0 3.6463e-05
19970.0 3.6155e-05
19990.0 3.5783e-05
20010.0 3.1836e-05
20030.0 3.1376e-05
20050.0 3.0836e-05
20070.0 3.0252e-05
20090.0 2.9623e-05
20110.0 2.8912e-05
20130.0 2.8193e-05
20150.0 2.7479e-05
20170.0 2.674e-05
20190.0 2.599e-05
20210.0 2.5281e-05
20230.0 2.459e-05
20250.0 2.3898e-05
20270.0 2.3255e-05
20290.0 2.2668e-05
20310.0 2.211e-05
20330.0 2.1589e-05
20350.0 2.1157e-05
20370.0 2.0773e-05
20390.0 2.0436e-05
20410.0 2.0164e-05
20430.0 1.9954e-05
20450.0 1.9788e-05
20470.0 1.9677e-05
20490.0 1.9617e-05
20510.0 1.96e-05
20530.0 1.9624e-05
20550.0 1.9685e-05
20570.0 1.9773e-05
20590.0 1.9892e-05
20610.0 2.0037e-05
20630.0 2.0196e-05
20650.0 2.0374e-05
20670.0 2.0578e-05
20690.0 2.0785e-05
20710.0 2.1e-05
20730.0 2.1231e-05
20750.0 2.1473e-05
20770.0 2.171e-05
20790.0 2.196e-05
20810.0 2.2224e-05
20830.0 2.2487e-05
20850.0 2.275e-05
20870.0 2.3033e-05
20890.0 2.3321e-05
20910.0 2.3599e-05
20930.0 2.3887e-05
20950.0 2.4186e-05
20970.0 2.4477e-05
20990.0 2.4764e-05
21010.0 2.5066e-05
21030.0 2.5362e-05
21050.0 2.5644e-05
21070.0 2.5925e-05
21090.0 2.6207e-05
21110.0 2.6465e-05
21130.0 2.6707e-05
21150.0 2.6941e-05
21170.0 2.7153e-05
21190.0 2.7336e-05
21210.0 2.75e-05
21230.0 2.7636e-05
21250.0 2.7734e-05
21270.0 2.7796e-05
21290.0 2.7819e-05
21310.0 2.7796e-05
21330.0 2.7731e-05
21350.0 2.7616e-05
21370.0 2.7447e-05
21390.0 2.7232e-05
21410.0 2.6969e-05
21430.0 2.6635e-05
21450.0 2.6261e-05
21470.0 2.5854e-05
21490.0 2.5393e-05
21510.0 2.4887e-05
21530.0 2.4374e-05
21550.0 2.3836e-05
21570.0 2.3262e-05
21590.0 2.2697e-05
21610.0 2.2152e-05
21630.0 2.1606e-05
21650.0 2.1073e-05
21670.0 2.0611e-05
21690.0 2.0184e-05
21710.0 1.98e-05
21730.0 1.9486e-05
21750.0 1.9243e-05
21770.0 1.9058e-05
21790.0 1.8952e-05
21810.0 1.8923e-05
21830.0 1.8965e-05
21850.0 1.9083e-05
21870.0 1.9268e-05
21890.0 1.9507e-05
21910.0 1.9813e-05
21930.0 2.0172e-05
21950.0 2.0562e-05
21970.0 2.0993e-05
21990.0 2.1477e-05
22010.0 2.196e-05
22030.0 2.2451e-05
22050.0 2.2967e-05
22070.0 2.3486e-05
22090.0 2.3977e-05
22110.0 2.4472e-05
22130.0 2.4967e-05
22150.0 2.5428e-05
22170.0 2.5864e-05
22190.0 2.6295e-05
22210.0 2.6696e-05
22230.0 2.705e-05
22250.0 2.7382e-05
22270.0 2.7688e-05
22290.0 2.795e-05
22310.0 2.8175e-05
22330.0 2.8373e-05
22350.0 2.8526e-05
22370.0 2.8634e-05
22390.0 2.8701e-05
22410.0 2.8722e-05
22430.0 2.8695e-05
22450.0 2.8621e-05
22470.0 2.8493e-05
22490.0 2.8314e-05
22510.0 2.809e-05
22530.0 2.7804e-05
22550.0 2.7456e-05
22570.0 2.707e-05
22590.0 2.6635e-05
22610.0 2.6134e-05
22630.0 2.5592e-05
22650.0 2.5031e-05
22670.0 2.4412e-05
22690.0 2.375e-05
22710.0 2.3083e-05
22730.0 2.2395e-05
22750.0 2.1649e-05
22770.0 2.0921e-05
22790.0 2.0209e-05
22810.0 1.9479e-05
22830.0 1.875e-05
22850.0 1.8068e-05
22870.0 1.7399e-05
22890.0 1.6734e-05
22910.0 1.6121e-05
22930.0 1.556e-05
22950.0 1.5025e-05
22970.0 1.453e-05
22990.0 1.412e-05
23010.0 1.3756e-05
23030.0 1.3444e-05
23050.0 1.3202e-05
23070.0 1.3028e-05
23090.0 1.291e-05
23110.0 1.2863e-05
23130.0 1.2882e-05
23150.0 1.2963e-05
23170.0 1.3112e-05
23190.0 1.3316e-05
23210.0 1.3566e-05
23230.0 1.3877e-05
23250.0 1.4234e-05
23270.0 1.4615e-05
23290.0 1.5034e-05
23310.0 1.55e-05
23330.0 1.596e-05
23350.0 1.6424e-05
23370.0 1.6906e-05
23390.0 1.7381e-05
23410.0 1.7823e-05
23430.0 1.8259e-05
23450.0 1.8678e-05
23470.0 1.9053e-05
23490.0 1.9389e-05
23510.0 1.9698e-05
23530.0 1.996e-05
23550.0 2.0165e-05
23570.0 2.033e-05
23590.0 2.045e-05
23610.0 2.0519e-05
23630.0 2.0544e-05
23650.0 2.0524e-05
23670.0 2.0461e-05
23690.0 2.0361e-05
23710.0 2.0222e-05
23730.0 2.0045e-05
23750.0 1.9848e-05
23770.0 1.9629e-05
23790.0 1.9382e-05
23810.0 1.9124e-05
23830.0 1.8866e-05
23850.0 1.8594e-05
23870.0 1.8321e-05
23890.0 1.8069e-05
23910.0 1.7828e-05
23930.0 1.7599e-05
23950.0 1.7397e-05
23970.0 1.7227e-05
23990.0 1.7078e-05
24010.0 1.696e-05
24030.0 1.6877e-05
24050.0 1.6825e-05
24070.0 1.6804e-05
24090.0 1.6817e-05
24110.0 1.6859e-05
24130.0 1.6932e-05
24150.0 1.7035e-05
24170.0 1.7159e-05
24190.0 1.731e-05
24210.0 1.749e-05
24230.0 1.7687e-05
24250.0 1.7898e-05
24270.0 1.8134e-05
24290.0 1.839e-05
24310.0 1.8642e-05
24330.0 1.8908e-05
24350.0 1.9188e-05
24370.0 1.9466e-05
24390.0 1.9739e-05
24410.0 2.003e-05
24430.0 2.0314e-05
24450.0 2.0583e-05
24470.0 2.085e-05
24490.0 2.1117e-05
24510.0 2.1362e-05
24530.0 2.1588e-05
24550.0 2.1807e-05
24570.0 2.2003e-05
24590.0 2.2171e-05
24610.0 2.2317e-05
24630.0 2.2439e-05
24650.0 2.2523e-05
24670.0 2.2577e-05
24690.0 2.2599e-05
24710.0 2.2589e-05
24730.0 2.2551e-05
24750.0 2.2484e-05
24770.0 2.2389e-05
24790.0 2.2274e-05
24810.0 2.2135e-05
24830.0 2.1953e-05
24850.0 2.1708e-05
24870.0 2.1365e-05
24890.0 2.0827e-05
24910.0 1.9979e-05
24930.0 1.8776e-05
24950.0 1.714e-05
24970.0 1.4939e-05
24990.0 1.2421e-05
