#lamb flux
1010.0 2.5618e-06
1030.0 2.8142e-06
1050.0 3.1046e-06
1070.0 3.4314e-06
1090.0 3.8027e-06
1110.0 4.1834e-06
1130.0 4.5667e-06
1150.0 4.9681e-06
1170.0 5.3822e-06
1190.0 5.7748e-06
1210.0 6.1728e-06
1230.0 6.584e-06
1250.0 6.9869e-06
1270.0 7.3781e-06
1290.0 7.7915e-06
1310.0 8.2046e-06
1330.0 8.6008e-06
1350.0 9.0014e-06
1370.0 9.4149e-06
1390.0 9.8181e-06
1410.0 1.0209e-05
1430.0 1.0618e-05
1450.0 1.1027e-05
1470.0 1.1422e-05
1490.0 1.1821e-05
1510.0 1.2243e-05
1530.0 1.2643e-05
1550.0 1.3037e-05
1570.0 1.3444e-05
1590.0 1.3852e-05
1610.0 1.4241e-05
1630.0 1.4643e-05
1650.0 1.5054e-05
1670.0 1.5452e-05
1690.0 1.5845e-05
1710.0 1.6252e-05
1730.0 1.6662e-05
1750.0 1.7046e-05
1770.0 1.7441e-05
1790.0 1.7843e-05
1810.0 1.8232e-05
1830.0 1.8613e-05
1850.0 1.9016e-05
1870.0 1.9408e-05
1890.0 1.9784e-05
1910.0 2.0167e-05
1930.0 2.0557e-05
1950.0 2.0926e-05
1970.0 2.1288e-05
1990.0 2.1662e-05
2010.0 2.2026e-05
2030.0 2.2372e-05
2050.0 2.2726e-05
2070.0 2.3085e-05
2090.0 2.3415e-05
2110.0 2.374e-05
2130.0 2.4069e-05
2150.0 2.4384e-05
2170.0 2.4675e-05
2190.0 2.4972e-05
2210.0 2.5263e-05
2230.0 2.553e-05
2250.0 2.5785e-05
2270.0 2.6047e-05
2290.0 2.6285e-05
2310.0 2.6497e-05
2330.0 2.6708e-05
2350.0 2.691e-05
2370.0 2.7086e-05
2390.0 2.7256e-05
2410.0 2.7437e-05
2430.0 2.7607e-05
2450.0 2.7778e-05
2470.0 2.7985e-05
2490.0 2.8256e-05
2510.0 2.8596e-05
2530.0 2.9135e-05
2550.0 3.0073e-05
2570.0 3.1587e-05
2590.0 3.3886e-05
2610.0 3.756e-05
2630.0 4.2674e-05
2650.0 4.8873e-05
2670.0 5.6167e-05
2690.0 6.4206e-05
2710.0 7.1808e-05
2730.0 7.8449e-05
2750.0 8.4257e-05
2770.0 8.8675e-05
2790.0 9.1719e-05
2810.0 9.389e-05
2830.0 9.5542e-05
2850.0 9.6637e-05
2870.0 9.7521e-05
2890.0 9.8398e-05
2910.0 9.923e-05
2930.0 9.994e-05
2950.0 0.00010071
2970.0 0.00010152
2990.0 0.00010222
3010.0 0.0010176
3030.0 0.0010247
3050.0 0.0010312
3070.0 0.0010357
3090.0 0.0010393
3110.0 0.0010405
3130.0 0.0010373
3150.0 0.0010291
3170.0 0.0010152
3190.0 0.00099562
3210.0 0.00097306
3230.0 0.00094986
3250.0 0.00092745
3270.0 0.00091578
3290.0 0.00090943
3310.0 0.00092147
3330.0 0.00094156
3350.0 0.00096997
3370.0 0.0010075
3390.0 0.0010526
3410.0 0.0010996
3430.0 0.0011502
3450.0 0.0012054
3470.0 0.0012622
3490.0 0.0013191
3510.0 0.0013795
3530.0 0.0014413
3550.0 0.0015062
3570.0 0.0015764
3590.0 0.00165
3610.0 0.0017326
3630.0 0.0018062
3650.0 0.00188
3670.0 0.0019392
3690.0 0.0019821
3710.0 0.0020072
3730.0 0.0020056
3750.0 0.0020054
3770.0 0.0020164
3790.0 0.0020756
3810.0 0.0021995
3830.0 0.0023654
3850.0 0.0026031
3870.0 0.0029206
3890.0 0.0032787
3910.0 0.0036433
3930.0 0.0039406
3950.0 0.0041258
3970.0 0.0036778
3990.0 0.002858
4010.0 0.0027568
4030.0 0.0033458
4050.0 0.003887
4070.0 0.0034315
4090.0 0.0023782
4110.0 0.002475
4130.0 0.0031257
4150.0 0.0034431
4170.0 0.0030575
4190.0 0.0027384
4210.0 0.0032985
4230.0 0.0035799
4250.0 0.0035009
4270.0 0.0035633
4290.0 0.0033422
4310.0 0.0036011
4330.0 0.0041185
4350.0 0.0048333
4370.0 0.0050101
4390.0 0.0047876
4410.0 0.0041198
4430.0 0.0033658
4450.0 0.002628
4470.0 0.0026826
4490.0 0.0029954
4510.0 0.0038904
4530.0 0.0041213
4550.0 0.0041677
4570.0 0.0048073
4590.0 0.0061754
4610.0 0.0084976
4630.0 0.010224
4650.0 0.010192
4670.0 0.010455
4690.0 0.01146
4710.0 0.011295
4730.0 0.009038
4750.0 0.0065095
4770.0 0.0054306
4790.0 0.0049999
4810.0 0.0046263
4830.0 0.004883
4850.0 0.0056754
4870.0 0.0070424
4890.0 0.0074503
4910.0 0.0064249
4930.0 0.0064393
4950.0 0.0079553
4970.0 0.010329
4990.0 0.012072
5010.0 0.01207
5030.0 0.0099424
5050.0 0.006962
5070.0 0.0051227
5090.0 0.0044643
5110.0 0.0045507
5130.0 0.0049811
5150.0 0.0048058
5170.0 0.0048097
5190.0 0.004745
5210.0 0.0047554
5230.0 0.0050715
5250.0 0.0052559
5270.0 0.0058848
5290.0 0.0070434
5310.0 0.0077293
5330.0 0.0080533
5350.0 0.0084249
5370.0 0.009121
5390.0 0.0093658
5410.0 0.0084948
5430.0 0.0075931
5450.0 0.0076284
5470.0 0.0091614
5490.0 0.011864
5510.0 0.014295
5530.0 0.015148
5550.0 0.014611
5570.0 0.013605
5590.0 0.012564
5610.0 0.01202
5630.0 0.012166
5650.0 0.012462
5670.0 0.012096
5690.0 0.011488
5710.0 0.011106
5730.0 0.0097223
5750.0 0.0075036
5770.0 0.0068083
5790.0 0.0076793
5810.0 0.008704
5830.0 0.0097394
5850.0 0.010159
5870.0 0.00993
5890.0 0.0091989
5910.0 0.0086588
5930.0 0.0087916
5950.0 0.009339
5970.0 0.0094908
5990.0 0.0084642
6010.0 0.0068644
6030.0 0.0055147
6050.0 0.0050111
6070.0 0.0053901
6090.0 0.0060793
6110.0 0.006141
6130.0 0.005671
6150.0 0.0055859
6170.0 0.0062358
6190.0 0.0074269
6210.0 0.0089496
6230.0 0.0099931
6250.0 0.0096131
6270.0 0.0084463
6290.0 0.0069805
6310.0 0.0055073
6330.0 0.0046122
6350.0 0.0045176
6370.0 0.0049783
6390.0 0.0055343
6410.0 0.0064293
6430.0 0.0077867
6450.0 0.0095799
6470.0 0.011523
6490.0 0.013269
6510.0 0.013977
6530.0 0.013374
6550.0 0.012844
6570.0 0.012872
6590.0 0.012667
6610.0 0.011874
6630.0 0.011139
6650.0 0.010498
6670.0 0.010484
6690.0 0.010225
6710.0 0.009221
6730.0 0.0080295
6750.0 0.0072492
6770.0 0.0075597
6790.0 0.0080762
6810.0 0.0086455
6830.0 0.0088109
6850.0 0.0083762
6870.0 0.0080494
6890.0 0.0078643
6910.0 0.0074457
6930.0 0.0071215
6950.0 0.0072124
6970.0 0.0074376
6990.0 0.0079792
7010.0 0.0085592
7030.0 0.0083265
7050.0 0.0075574
7070.0 0.0066583
7090.0 0.0056304
7110.0 0.0050983
7130.0 0.0054082
7150.0 0.0058299
7170.0 0.005861
7190.0 0.005693
7210.0 0.0056701
7230.0 0.0064059
7250.0 0.0074122
7270.0 0.008112
7290.0 0.008244
7310.0 0.0077252
7330.0 0.0070145
7350.0 0.0064652
7370.0 0.0062315
7390.0 0.006262
7410.0 0.0066545
7430.0 0.0075556
7450.0 0.0084572
7470.0 0.009519
7490.0 0.010616
7510.0 0.0098528
7530.0 0.0086341
7550.0 0.007355
7570.0 0.0061651
7590.0 0.0050432
7610.0 0.0048544
7630.0 0.005197
7650.0 0.0058248
7670.0 0.0066657
7690.0 0.0073561
7710.0 0.0082556
7730.0 0.0087417
7750.0 0.0090741
7770.0 0.0093963
7790.0 0.0094027
7810.0 0.009374
7830.0 0.0090417
7850.0 0.0087744
7870.0 0.00842
7890.0 0.0077037
7910.0 0.0069759
7930.0 0.0062535
7950.0 0.0055004
7970.0 0.005266
7990.0 0.0054873
8010.0 0.006156
8030.0 0.0062145
8050.0 0.0064011
8070.0 0.0063253
8090.0 0.0063251
8110.0 0.0061514
8130.0 0.0057778
8150.0 0.0053986
8170.0 0.0053557
8190.0 0.0054409
8210.0 0.0055051
8230.0 0.0052658
8250.0 0.0049957
8270.0 0.0044041
8290.0 0.003578
8310.0 0.0027522
8330.0 0.0019258
8350.0 0.0014231
8370.0 0.0013595
8390.0 0.0015626
8410.0 0.0018981
8430.0 0.0023601
8450.0 0.0026075
8470.0 0.0027809
8490.0 0.003004
8510.0 0.0032039
8530.0 0.0035503
8550.0 0.0041884
8570.0 0.0048413
8590.0 0.0053996
8610.0 0.0062557
8630.0 0.0072536
8650.0 0.0077142
8670.0 0.0078023
8690.0 0.0076923
8710.0 0.0073911
8730.0 0.0070935
8750.0 0.0067133
8770.0 0.0065784
8790.0 0.0063467
8810.0 0.0058834
8830.0 0.0054903
8850.0 0.0047524
8870.0 0.0043067
8890.0 0.0039918
8910.0 0.0043265
8930.0 0.0041533
8950.0 0.0042422
8970.0 0.0043136
8990.0 0.0043161
9010.0 0.004371
9030.0 0.0042478
9050.0 0.0042395
9070.0 0.0042434
9090.0 0.0042475
9110.0 0.0042524
9130.0 0.0042569
9150.0 0.0042617
9170.0 0.0042619
9190.0 0.004256
9210.0 0.0042928
9230.0 0.0042917
9250.0 0.0042948
9270.0 0.0042993
9290.0 0.0043048
9310.0 0.0043112
9330.0 0.0043182
9350.0 0.0043256
9370.0 0.0043335
9390.0 0.0043416
9410.0 0.0043501
9430.0 0.004359
9450.0 0.0043681
9470.0 0.0043775
9490.0 0.0043872
9510.0 0.0043971
9530.0 0.0044074
9550.0 0.004418
9570.0 0.0044289
9590.0 0.00444
9610.0 0.0044514
9630.0 0.0044632
9650.0 0.0044752
9670.0 0.0044874
9690.0 0.0045
9710.0 0.0045129
9730.0 0.0045259
9750.0 0.0045392
9770.0 0.0045529
9790.0 0.0045666
9810.0 0.0045806
9830.0 0.0045949
9850.0 0.0046094
9870.0 0.004624
9890.0 0.0046388
9910.0 0.0046539
9930.0 0.004669
9950.0 0.004682
9970.0 0.0046982
9990.0 0.0047144
10010.0 0.0047289
10030.0 0.0047449
10050.0 0.0047594
10070.0 0.0047661
10090.0 0.0047853
10110.0 0.0048041
10130.0 0.004822
10150.0 0.0048394
10170.0 0.0048562
10190.0 0.0048721
10210.0 0.0048883
10230.0 0.0049044
10250.0 0.0049199
10270.0 0.0049354
10290.0 0.0049511
10310.0 0.0049663
10330.0 0.004981
10350.0 0.004996
10370.0 0.0050108
10390.0 0.005025
10410.0 0.0050391
10430.0 0.0050534
10450.0 0.005067
10470.0 0.0050801
10490.0 0.0050933
10510.0 0.0051062
10530.0 0.0051181
10550.0 0.0051299
10570.0 0.0051418
10590.0 0.005153
10610.0 0.0051635
10630.0 0.0051741
10650.0 0.0051842
10670.0 0.0051933
10690.0 0.0052023
10710.0 0.005211
10730.0 0.0052189
10750.0 0.005226
10770.0 0.0052333
10790.0 0.0052399
10810.0 0.0052456
10830.0 0.0052507
10850.0 0.0052552
10870.0 0.0052573
10890.0 0.0052565
10910.0 0.0052516
10930.0 0.0052394
10950.0 0.005215
10970.0 0.0051763
10990.0 0.0051222
11010.0 0.0050752
11030.0 0.0049692
11050.0 0.0048479
11070.0 0.0047092
11090.0 0.0045489
11110.0 0.0043897
11130.0 0.0042303
11150.0 0.0040668
11170.0 0.003908
11190.0 0.003764
11210.0 0.0036259
11230.0 0.0034959
11250.0 0.003383
11270.0 0.0032844
11290.0 0.0031948
11310.0 0.0031179
11330.0 0.0030557
11350.0 0.0030002
11370.0 0.0029501
11390.0 0.0029056
11410.0 0.0028634
11430.0 0.0028184
11450.0 0.0027717
11470.0 0.0027226
11490.0 0.0026677
11510.0 0.0026056
11530.0 0.002541
11550.0 0.0024726
11570.0 0.0023978
11590.0 0.0023213
11610.0 0.0022459
11630.0 0.0021681
11650.0 0.0020898
11670.0 0.0020176
11690.0 0.0019487
11710.0 0.0018818
11730.0 0.0018203
11750.0 0.0017656
11770.0 0.0017133
11790.0 0.0016647
11810.0 0.0016214
11830.0 0.001581
11850.0 0.0015413
11870.0 0.0015045
11890.0 0.0014696
11910.0 0.0014342
11930.0 0.0013982
11950.0 0.0013629
11970.0 0.0013265
11990.0 0.0012879
12010.0 0.0012493
12030.0 0.0012111
12050.0 0.0011716
12070.0 0.0011319
12090.0 0.0010956
12110.0 0.0010606
12130.0 0.0010275
12150.0 0.00099861
12170.0 0.00097449
12190.0 0.00095421
12210.0 0.00093993
12230.0 0.00093191
12250.0 0.00092988
12270.0 0.00093449
12290.0 0.00094515
12310.0 0.00096086
12330.0 0.00098274
12350.0 0.0010093
12370.0 0.0010384
12390.0 0.0010705
12410.0 0.0011064
12430.0 0.0011406
12450.0 0.0011738
12470.0 0.0012066
12490.0 0.0012369
12510.0 0.0012624
12530.0 0.0012852
12550.0 0.0013043
12570.0 0.001318
12590.0 0.001327
12610.0 0.0013318
12630.0 0.0013318
12650.0 0.0013273
12670.0 0.0013191
12690.0 0.0013071
12710.0 0.0012921
12730.0 0.0012746
12750.0 0.001254
12770.0 0.0012318
12790.0 0.0012086
12810.0 0.0011837
12830.0 0.0011573
12850.0 0.001131
12870.0 0.001104
12890.0 0.0010755
12910.0 0.0010465
12930.0 0.0010175
12950.0 0.00098664
12970.0 0.00095434
12990.0 0.00092258
13010.0 0.00089014
13030.0 0.00085632
13050.0 0.00082286
13070.0 0.00079079
13090.0 0.00075829
13110.0 0.0007268
13130.0 0.00069798
13150.0 0.00067126
13170.0 0.00064612
13190.0 0.00062486
13210.0 0.00060733
13230.0 0.00059272
13250.0 0.00058164
13270.0 0.00057423
13290.0 0.00056991
13310.0 0.00056867
13330.0 0.00057013
13350.0 0.00057369
13370.0 0.00057926
13390.0 0.0005864
13410.0 0.00059381
13430.0 0.00060179
13450.0 0.00061009
13470.0 0.00061783
13490.0 0.00062476
13510.0 0.00063151
13530.0 0.00063725
13550.0 0.00064183
13570.0 0.00064568
13590.0 0.00064891
13610.0 0.00065129
13630.0 0.00065304
13650.0 0.00065451
13670.0 0.00065559
13690.0 0.00065629
13710.0 0.00065679
13730.0 0.00065716
13750.0 0.00065712
13770.0 0.00065678
13790.0 0.0006561
13810.0 0.00065493
13830.0 0.0006532
13850.0 0.00065085
13870.0 0.00064775
13890.0 0.00064393
13910.0 0.00063939
13930.0 0.00063397
13950.0 0.00062787
13970.0 0.00062149
13990.0 0.00061458
14010.0 0.00060736
14030.0 0.00060031
14050.0 0.00059346
14070.0 0.00058662
14090.0 0.0005804
14110.0 0.00057489
14130.0 0.0005699
14150.0 0.00056555
14170.0 0.00056206
14190.0 0.00055925
14210.0 0.00055711
14230.0 0.00055573
14250.0 0.00055506
14270.0 0.00055516
14290.0 0.0005561
14310.0 0.00055773
14330.0 0.00056013
14350.0 0.00056342
14370.0 0.00056737
14390.0 0.00057179
14410.0 0.00057702
14430.0 0.00058281
14450.0 0.00058881
14470.0 0.00059519
14490.0 0.00060229
14510.0 0.0006095
14530.0 0.00061691
14550.0 0.00062514
14570.0 0.00063416
14590.0 0.00064367
14610.0 0.00065444
14630.0 0.00066701
14650.0 0.0006807
14670.0 0.0006957
14690.0 0.00071295
14710.0 0.00073225
14730.0 0.00075193
14750.0 0.00077339
14770.0 0.00079658
14790.0 0.0008199
14810.0 0.00084297
14830.0 0.0008674
14850.0 0.00089075
14870.0 0.00091209
14890.0 0.00093221
14910.0 0.00095071
14930.0 0.00096613
14950.0 0.00097866
14970.0 0.00098891
14990.0 0.00099618
15010.0 0.0010007
15030.0 0.0010032
15050.0 0.0010038
15070.0 0.0010031
15090.0 0.0010015
15110.0 0.00099934
15130.0 0.00099686
15150.0 0.00099435
15170.0 0.00099167
15190.0 0.00098892
15210.0 0.00098629
15230.0 0.00098368
15250.0 0.00098097
15270.0 0.00097831
15290.0 0.00097581
15310.0 0.00097324
15330.0 0.00097063
15350.0 0.00096815
15370.0 0.00096569
15390.0 0.00096308
15410.0 0.00096058
15430.0 0.00095818
15450.0 0.0009557
15470.0 0.00095317
15490.0 0.0009508
15510.0 0.00094843
15530.0 0.00094596
15550.0 0.00094356
15570.0 0.00094125
15590.0 0.00093882
15610.0 0.00093636
15630.0 0.00093405
15650.0 0.00093172
15670.0 0.0009293
15690.0 0.00092696
15710.0 0.00092471
15730.0 0.00092233
15750.0 0.00091994
15770.0 0.00091766
15790.0 0.00091536
15810.0 0.00091292
15830.0 0.00091059
15850.0 0.00090834
15870.0 0.00090598
15890.0 0.00090362
15910.0 0.00090137
15930.0 0.00089906
15950.0 0.00089663
15970.0 0.00089431
15990.0 0.00089203
16010.0 0.00088964
16030.0 0.00088721
16050.0 0.00088496
16070.0 0.00088262
16090.0 0.0008802
16110.0 0.00087786
16130.0 0.00087558
16150.0 0.00087309
16170.0 0.00087066
16190.0 0.00086833
16210.0 0.00086594
16230.0 0.00086345
16250.0 0.00086107
16270.0 0.00085873
16290.0 0.00085623
16310.0 0.00085376
16330.0 0.00085138
16350.0 0.00084892
16370.0 0.00084631
16390.0 0.00084388
16410.0 0.00084144
16430.0 0.00083889
16450.0 0.00083635
16470.0 0.00083393
16490.0 0.00083136
16510.0 0.00082874
16530.0 0.00082621
16550.0 0.00082368
16570.0 0.00082101
16590.0 0.00081837
16610.0 0.00081586
16630.0 0.00081322
16650.0 0.00081053
16670.0 0.00080794
16690.0 0.00080534
16710.0 0.00080254
16730.0 0.00079985
16750.0 0.00079721
16770.0 0.00079447
16790.0 0.00079166
16810.0 0.00078899
16830.0 0.00078628
16850.0 0.00078344
16870.0 0.00078066
16890.0 0.00077795
16910.0 0.00077508
16930.0 0.00077216
16950.0 0.00076939
16970.0 0.00076656
16990.0 0.00076363
17010.0 0.00076076
17030.0 0.00075796
17050.0 0.000755
17070.0 0.00075203
17090.0 0.00074916
17110.0 0.00074623
17130.0 0.00074315
17150.0 0.00074019
17170.0 0.00073728
17190.0 0.00073425
17210.0 0.0007312
17230.0 0.00072826
17250.0 0.00072522
17270.0 0.00072207
17290.0 0.00071903
17310.0 0.00071601
17330.0 0.00071286
17350.0 0.00070969
17370.0 0.00070667
17390.0 0.00070356
17410.0 0.00070036
17430.0 0.00069724
17450.0 0.00069417
17470.0 0.00069088
17490.0 0.00068765
17510.0 0.00068453
17530.0 0.00068132
17550.0 0.00067803
17570.0 0.00067485
17590.0 0.00067168
17610.0 0.00066837
17630.0 0.00066509
17650.0 0.00066189
17670.0 0.00065861
17690.0 0.00065518
17710.0 0.00065195
17730.0 0.0006487
17750.0 0.00064533
17770.0 0.00064199
17790.0 0.00063877
17810.0 0.00063538
17830.0 0.00063197
17850.0 0.00062865
17870.0 0.00062533
17890.0 0.00062187
17910.0 0.00061846
17930.0 0.00061517
17950.0 0.00061176
17970.0 0.00060832
17990.0 0.00060498
18010.0 0.00060162
18030.0 0.00059808
18050.0 0.00059465
18070.0 0.00059129
18090.0 0.00058783
18110.0 0.00058431
18130.0 0.00058095
18150.0 0.00057754
18170.0 0.00057402
18190.0 0.00057058
18210.0 0.00056719
18230.0 0.00056366
18250.0 0.00056011
18270.0 0.00055671
18290.0 0.00055326
18310.0 0.00054972
18330.0 0.00054626
18350.0 0.00054287
18370.0 0.00053932
18390.0 0.00053579
18410.0 0.00053236
18430.0 0.00052889
18450.0 0.00052528
18470.0 0.00052181
18490.0 0.00051839
18510.0 0.00051486
18530.0 0.00051133
18550.0 0.00050793
18570.0 0.00050443
18590.0 0.00050083
18610.0 0.00049736
18630.0 0.00049392
18650.0 0.00049037
18670.0 0.00048681
18690.0 0.00048342
18710.0 0.00047993
18730.0 0.00047638
18750.0 0.00047293
18770.0 0.00046951
18790.0 0.00046591
18810.0 0.00046239
18830.0 0.00045898
18850.0 0.00045549
18870.0 0.00045194
18890.0 0.00044852
18910.0 0.00044511
18930.0 0.00044157
18950.0 0.00043809
18970.0 0.00043469
18990.0 0.00043122
19010.0 0.00042763
19030.0 0.00042425
19050.0 0.00042084
19070.0 0.00041734
19090.0 0.00041389
19110.0 0.00041055
19130.0 0.00040707
19150.0 0.00040357
19170.0 0.00040019
19190.0 0.0003968
19210.0 0.0003933
19230.0 0.00038986
19250.0 0.00038655
19270.0 0.00038312
19290.0 0.00037968
19310.0 0.00037635
19330.0 0.000373
19350.0 0.0003695
19370.0 0.00036613
19390.0 0.00036282
19410.0 0.00035942
19430.0 0.000356
19450.0 0.00035273
19470.0 0.00034941
19490.0 0.000346
19510.0 0.00034267
19530.0 0.00033941
19550.0 0.00033602
19570.0 0.00033262
19590.0 0.00032939
19610.0 0.0003261
19630.0 0.00032274
19650.0 0.00031947
19670.0 0.00031626
19690.0 0.00031292
19710.0 0.0003096
19730.0 0.0003064
19750.0 0.00030314
19770.0 0.00029978
19790.0 0.00029656
19810.0 0.00029338
19830.0 0.0002901
19850.0 0.00028682
19870.0 0.00028362
19890.0 0.00028025
19910.0 0.00027667
19930.0 0.00027299
19950.0 0.00026902
19970.0 0.00026446
19990.0 0.00025936
20010.0 0.00025394
20030.0 0.00024783
20050.0 0.00024117
20070.0 0.00023445
20090.0 0.00022773
20110.0 0.00022073
20130.0 0.00021425
20150.0 0.00020837
20170.0 0.00020283
20190.0 0.00019776
20210.0 0.00019343
20230.0 0.00018964
20250.0 0.00018625
20270.0 0.00018348
20290.0 0.00018126
20310.0 0.00017945
20330.0 0.00017807
20350.0 0.00017719
20370.0 0.00017668
20390.0 0.00017655
20410.0 0.00017679
20430.0 0.00017734
20450.0 0.00017829
20470.0 0.0001796
20490.0 0.00018119
20510.0 0.00018312
20530.0 0.00018545
20550.0 0.00018804
20570.0 0.0001908
20590.0 0.00019392
20610.0 0.00019727
20630.0 0.00020066
20650.0 0.00020419
20670.0 0.00020798
20690.0 0.0002116
20710.0 0.00021512
20730.0 0.00021867
20750.0 0.00022212
20770.0 0.00022528
20790.0 0.00022838
20810.0 0.00023145
20830.0 0.00023434
20850.0 0.00023712
20870.0 0.00024003
20890.0 0.00024296
20910.0 0.00024581
20930.0 0.00024882
20950.0 0.00025203
20970.0 0.00025524
20990.0 0.00025848
21010.0 0.00026194
21030.0 0.00026535
21050.0 0.00026858
21070.0 0.00027174
21090.0 0.00027479
21110.0 0.0002774
21130.0 0.00027966
21150.0 0.00028161
21170.0 0.00028312
21190.0 0.00028413
21210.0 0.00028473
21230.0 0.00028485
21250.0 0.00028448
21270.0 0.00028369
21290.0 0.00028242
21310.0 0.00028075
21330.0 0.00027877
21350.0 0.0002764
21370.0 0.00027366
21390.0 0.00027073
21410.0 0.0002676
21430.0 0.00026407
21450.0 0.0002605
21470.0 0.00025693
21490.0 0.00025321
21510.0 0.00024944
21530.0 0.00024586
21550.0 0.00024235
21570.0 0.00023885
21590.0 0.00023563
21610.0 0.00023271
21630.0 0.00023
21650.0 0.00022755
21670.0 0.00022562
21690.0 0.00022402
21710.0 0.0002228
21730.0 0.00022204
21750.0 0.00022171
21770.0 0.00022182
21790.0 0.00022239
21810.0 0.00022337
21830.0 0.00022477
21850.0 0.00022664
21870.0 0.00022885
21890.0 0.00023131
21910.0 0.00023421
21930.0 0.0002374
21950.0 0.00024072
21970.0 0.00024431
21990.0 0.00024827
22010.0 0.00025218
22030.0 0.00025612
22050.0 0.00026026
22070.0 0.00026442
22090.0 0.00026836
22110.0 0.00027232
22130.0 0.00027626
22150.0 0.0002799
22170.0 0.00028328
22190.0 0.00028656
22210.0 0.00028948
22230.0 0.00029191
22250.0 0.000294
22270.0 0.00029569
22290.0 0.00029684
22310.0 0.00029749
22330.0 0.00029763
22350.0 0.00029718
22370.0 0.00029618
22390.0 0.00029459
22410.0 0.00029233
22430.0 0.0002896
22450.0 0.00028637
22470.0 0.00028248
22490.0 0.00027814
22510.0 0.0002735
22530.0 0.00026825
22550.0 0.00026251
22570.0 0.0002567
22590.0 0.00025063
22610.0 0.00024413
22630.0 0.00023755
22650.0 0.00023115
22670.0 0.00022446
22690.0 0.00021769
22710.0 0.00021121
22730.0 0.00020484
22750.0 0.00019827
22770.0 0.00019215
22790.0 0.00018644
22810.0 0.00018085
22830.0 0.00017554
22850.0 0.00017082
22870.0 0.00016644
22890.0 0.00016236
22910.0 0.00015888
22930.0 0.00015597
22950.0 0.0001535
22970.0 0.00015159
22990.0 0.00015038
23010.0 0.00014972
23030.0 0.00014965
23050.0 0.00015019
23070.0 0.00015127
23090.0 0.000153
23110.0 0.00015529
23130.0 0.00015798
23150.0 0.00016114
23170.0 0.00016482
23190.0 0.00016871
23210.0 0.00017273
23230.0 0.00017708
23250.0 0.00018151
23270.0 0.00018578
23290.0 0.00019006
23310.0 0.00019435
23330.0 0.00019817
23350.0 0.00020167
23370.0 0.00020489
23390.0 0.00020768
23410.0 0.00020989
23430.0 0.00021169
23450.0 0.00021299
23470.0 0.00021372
23490.0 0.00021394
23510.0 0.00021363
23530.0 0.00021279
23550.0 0.00021153
23570.0 0.0002098
23590.0 0.0002076
23610.0 0.00020512
23630.0 0.00020235
23650.0 0.00019914
23670.0 0.00019577
23690.0 0.00019234
23710.0 0.00018873
23730.0 0.000185
23750.0 0.00018151
23770.0 0.00017816
23790.0 0.00017493
23810.0 0.00017206
23830.0 0.00016969
23850.0 0.00016769
23870.0 0.00016627
23890.0 0.00016555
23910.0 0.00016546
23930.0 0.00016608
23950.0 0.00016737
23970.0 0.00016922
23990.0 0.00017171
24010.0 0.00017473
24030.0 0.00017805
24050.0 0.00018166
24070.0 0.00018568
24090.0 0.00018966
24110.0 0.00019355
24130.0 0.00019752
24150.0 0.00020142
24170.0 0.00020502
24190.0 0.00020853
24210.0 0.00021199
24230.0 0.00021518
24250.0 0.00021815
24270.0 0.00022105
24290.0 0.00022383
24310.0 0.00022629
24330.0 0.00022864
24350.0 0.00023088
24370.0 0.00023288
24390.0 0.00023466
24410.0 0.00023634
24430.0 0.00023778
24450.0 0.00023895
24470.0 0.00023992
24490.0 0.00024067
24510.0 0.00024118
24530.0 0.00024148
24550.0 0.00024159
24570.0 0.00024152
24590.0 0.00024132
24610.0 0.00024102
24630.0 0.00024061
24650.0 0.00024021
24670.0 0.00023981
24690.0 0.00023943
24710.0 0.00023911
24730.0 0.00023889
24750.0 0.00023874
24770.0 0.00023867
24790.0 0.00023864
24810.0 0.00023857
24830.0 0.00023825
24850.0 0.00023728
24870.0 0.00023515
24890.0 0.00023078
24910.0 0.00022278
24930.0 0.0002105
24950.0 0.00019306
24970.0 0.00016896
24990.0 0.00014096
