#lamb flux
1010.0 9.5263e-06
1030.0 9.7985e-06
1050.0 9.7774e-06
1070.0 9.3639e-06
1090.0 8.4588e-06
1110.0 6.9465e-06
1130.0 4.8526e-06
1150.0 2.2232e-06
1170.0 1e-99
1190.0 1e-99
1210.0 1e-99
1230.0 1e-99
1250.0 1e-99
1270.0 1e-99
1290.0 1e-99
1310.0 1e-99
1330.0 1e-99
1350.0 1e-99
1370.0 1e-99
1390.0 1e-99
1410.0 1e-99
1430.0 1e-99
1450.0 1e-99
1470.0 1e-99
1490.0 1e-99
1510.0 1e-99
1530.0 1e-99
1550.0 1e-99
1570.0 1e-99
1590.0 1e-99
1610.0 1e-99
1630.0 1e-99
1650.0 1e-99
1670.0 1e-99
1690.0 1e-99
1710.0 9.909e-07
1730.0 2.6174e-06
1750.0 4.4007e-06
1770.0 6.2652e-06
1790.0 8.244e-06
1810.0 1.0361e-05
1830.0 1.2824e-05
1850.0 2.0467e-05
1870.0 2.8181e-05
1890.0 3.6541e-05
1910.0 4.5661e-05
1930.0 5.5638e-05
1950.0 6.6459e-05
1970.0 7.8205e-05
1990.0 9.1013e-05
2010.0 0.00010484
2030.0 0.00011965
2050.0 0.00013558
2070.0 0.00015265
2090.0 0.00017058
2110.0 0.00018944
2130.0 0.00020928
2150.0 0.00022984
2170.0 0.00025088
2190.0 0.00027255
2210.0 0.00029461
2230.0 0.00031665
2250.0 0.00033863
2270.0 0.00036061
2290.0 0.00038201
2310.0 0.00040254
2330.0 0.00042241
2350.0 0.0004413
2370.0 0.00045871
2390.0 0.00047475
2410.0 0.00048946
2430.0 0.00050213
2450.0 0.00051267
2470.0 0.00052123
2490.0 0.00052767
2510.0 0.00053191
2530.0 0.00053497
2550.0 0.00053833
2570.0 0.00054379
2590.0 0.00055369
2610.0 0.00057327
2630.0 0.00060562
2650.0 0.00065103
2670.0 0.00071302
2690.0 0.00079364
2710.0 0.00088514
2730.0 0.00098287
2750.0 0.0010903
2770.0 0.0011968
2790.0 0.0012941
2810.0 0.0013845
2830.0 0.001469
2850.0 0.0015369
2870.0 0.0015951
2890.0 0.001649
2910.0 0.0016984
2930.0 0.0017435
2950.0 0.0017908
2970.0 0.0018405
2990.0 0.0018904
3010.0 0.0019422
3030.0 0.0019986
3050.0 0.0020572
3070.0 0.002114
3090.0 0.0021721
3110.0 0.0022284
3130.0 0.0022779
3150.0 0.0023194
3170.0 0.0023521
3190.0 0.0023751
3210.0 0.0023935
3230.0 0.0024139
3250.0 0.0024468
3270.0 0.0025009
3290.0 0.0025809
3310.0 0.0026929
3330.0 0.0028339
3350.0 0.002996
3370.0 0.0031811
3390.0 0.0033761
3410.0 0.0035621
3430.0 0.0037335
3450.0 0.0038785
3470.0 0.0042341
3490.0 0.0043482
3510.0 0.0038396
3530.0 0.0036445
3550.0 0.0047474
3570.0 0.0057101
3590.0 0.0056732
3610.0 0.0061555
3630.0 0.0062561
3650.0 0.0056811
3670.0 0.0055354
3690.0 0.0061669
3710.0 0.0068252
3730.0 0.0072564
3750.0 0.0065699
3770.0 0.0064906
3790.0 0.0067967
3810.0 0.006553
3830.0 0.0056964
3850.0 0.0051036
3870.0 0.0053225
3890.0 0.0059967
3910.0 0.0064352
3930.0 0.0066206
3950.0 0.0068192
3970.0 0.0069408
3990.0 0.0070641
4010.0 0.0069249
4030.0 0.0063244
4050.0 0.0058774
4070.0 0.0059501
4090.0 0.0063505
4110.0 0.0066246
4130.0 0.0065172
4150.0 0.0063985
4170.0 0.0064143
4190.0 0.0065642
4210.0 0.0063782
4230.0 0.0058255
4250.0 0.0052079
4270.0 0.0047754
4290.0 0.0044341
4310.0 0.0041196
4330.0 0.0042488
4350.0 0.0044937
4370.0 0.0045843
4390.0 0.0047372
4410.0 0.0047394
4430.0 0.0046875
4450.0 0.004693
4470.0 0.0046716
4490.0 0.00501
4510.0 0.0051779
4530.0 0.0053061
4550.0 0.0054337
4570.0 0.0056149
4590.0 0.0057216
4610.0 0.0057932
4630.0 0.0058859
4650.0 0.0060568
4670.0 0.0057257
4690.0 0.0053091
4710.0 0.004914
4730.0 0.0047673
4750.0 0.0046016
4770.0 0.0044621
4790.0 0.0043377
4810.0 0.0041778
4830.0 0.0043848
4850.0 0.0048386
4870.0 0.0035878
4890.0 0.0035869
4910.0 0.003837
4930.0 0.003975
4950.0 0.0036199
4970.0 0.0033404
4990.0 0.0032416
5010.0 0.003019
5030.0 0.0028358
5050.0 0.0029276
5070.0 0.0031212
5090.0 0.0032257
5110.0 0.0035245
5130.0 0.0036221
5150.0 0.0037613
5170.0 0.0038843
5190.0 0.0037799
5210.0 0.0039346
5230.0 0.0040138
5250.0 0.0040522
5270.0 0.0041159
5290.0 0.00402
5310.0 0.0039071
5330.0 0.0037061
5350.0 0.0035081
5370.0 0.003337
5390.0 0.0034307
5410.0 0.0034157
5430.0 0.0034589
5450.0 0.0034536
5470.0 0.0033985
5490.0 0.0033635
5510.0 0.0032731
5530.0 0.0031908
5550.0 0.0031471
5570.0 0.0031817
5590.0 0.003223
5610.0 0.0032588
5630.0 0.0031924
5650.0 0.0031476
5670.0 0.0030207
5690.0 0.0029525
5710.0 0.0028491
5730.0 0.0028377
5750.0 0.0027888
5770.0 0.0026886
5790.0 0.002763
5810.0 0.0027493
5830.0 0.0028238
5850.0 0.0028559
5870.0 0.0028874
5890.0 0.0028409
5910.0 0.0028375
5930.0 0.0027624
5950.0 0.0027961
5970.0 0.0027289
5990.0 0.0026748
6010.0 0.0026797
6030.0 0.0027397
6050.0 0.0027084
6070.0 0.0026419
6090.0 0.0026098
6110.0 0.0026537
6130.0 0.002633
6150.0 0.0025555
6170.0 0.0024095
6190.0 0.0022458
6210.0 0.0021291
6230.0 0.0021094
6250.0 0.0021286
6270.0 0.0021761
6290.0 0.0022638
6310.0 0.0024125
6330.0 0.0024823
6350.0 0.0024865
6370.0 0.002506
6390.0 0.0024885
6410.0 0.0024308
6430.0 0.0023557
6450.0 0.0023197
6470.0 0.0023142
6490.0 0.0022999
6510.0 0.0022761
6530.0 0.0022741
6550.0 0.0022497
6570.0 0.0021607
6590.0 0.0021437
6610.0 0.0021251
6630.0 0.0020535
6650.0 0.0019858
6670.0 0.0019299
6690.0 0.0019157
6710.0 0.0018561
6730.0 0.0018272
6750.0 0.0017962
6770.0 0.0017533
6790.0 0.0017677
6810.0 0.0017465
6830.0 0.0016957
6850.0 0.0016749
6870.0 0.0016588
6890.0 0.0016296
6910.0 0.0016165
6930.0 0.0016028
6950.0 0.0015764
6970.0 0.0015419
6990.0 0.0015415
7010.0 0.0015316
7030.0 0.0015433
7050.0 0.0015016
7070.0 0.0014826
7090.0 0.001486
7110.0 0.0014337
7130.0 0.0014266
7150.0 0.0014426
7170.0 0.001467
7190.0 0.001445
7210.0 0.0014552
7230.0 0.0014887
7250.0 0.0014564
7270.0 0.0014753
7290.0 0.0014532
7310.0 0.0014116
7330.0 0.0013389
7350.0 0.001349
7370.0 0.0013545
7390.0 0.0013246
7410.0 0.0012913
7430.0 0.0012743
7450.0 0.0012608
7470.0 0.001272
7490.0 0.0012961
7510.0 0.0012674
7530.0 0.0012297
7550.0 0.0012423
7570.0 0.0011404
7590.0 0.0011071
7610.0 0.0010891
7630.0 0.0011077
7650.0 0.0010818
7670.0 0.0011184
7690.0 0.0010713
7710.0 0.0011357
7730.0 0.0011389
7750.0 0.0012449
7770.0 0.0012805
7790.0 0.0013261
7810.0 0.0013875
7830.0 0.0014136
7850.0 0.0014621
7870.0 0.0014388
7890.0 0.001428
7910.0 0.0014016
7930.0 0.0013513
7950.0 0.0013116
7970.0 0.0013057
7990.0 0.0012926
8010.0 0.0011797
8030.0 0.0011725
8050.0 0.0011499
8070.0 0.0011384
8090.0 0.0011109
8110.0 0.0011195
8130.0 0.0011301
8150.0 0.0011465
8170.0 0.0011337
8190.0 0.0011467
8210.0 0.0011297
8230.0 0.001069
8250.0 0.001046
8270.0 0.0010277
8290.0 0.0010117
8310.0 0.00098038
8330.0 0.00099443
8350.0 0.0009875
8370.0 0.00098611
8390.0 0.0010043
8410.0 0.0010029
8430.0 0.0010214
8450.0 0.0010374
8470.0 0.0010428
8490.0 0.0010543
8510.0 0.0010379
8530.0 0.0010046
8550.0 0.0010132
8570.0 0.0010153
8590.0 0.0009868
8610.0 0.0010088
8630.0 0.0009969
8650.0 0.00097626
8670.0 0.00097027
8690.0 0.00096976
8710.0 0.00093351
8730.0 0.00094501
8750.0 0.00091318
8770.0 0.00090703
8790.0 0.00088322
8810.0 0.00087348
8830.0 0.00086899
8850.0 0.00082514
8870.0 0.00078198
8890.0 0.00077086
8910.0 0.00072504
8930.0 0.00066923
8950.0 0.00066842
8970.0 0.00064816
8990.0 0.00064423
9010.0 0.00063942
9030.0 0.00063516
9050.0 0.00063064
9070.0 0.00062607
9090.0 0.00062148
9110.0 0.00061684
9130.0 0.00061221
9150.0 0.0006076
9170.0 0.00060298
9190.0 0.00059834
9210.0 0.0005937
9230.0 0.00058904
9250.0 0.0005844
9270.0 0.00057974
9290.0 0.00057509
9310.0 0.00057044
9330.0 0.0005658
9350.0 0.00056117
9370.0 0.00055655
9390.0 0.00055194
9410.0 0.00054734
9430.0 0.00054276
9450.0 0.00053819
9470.0 0.00053394
9490.0 0.00052955
9510.0 0.00052487
9530.0 0.00052026
9550.0 0.00051573
9570.0 0.00051126
9590.0 0.00050682
9610.0 0.00050241
9630.0 0.00049806
9650.0 0.00049373
9670.0 0.00048942
9690.0 0.00048515
9710.0 0.00048092
9730.0 0.00047671
9750.0 0.00047254
9770.0 0.00046842
9790.0 0.00046432
9810.0 0.00046024
9830.0 0.00045613
9850.0 0.00045144
9870.0 0.00044742
9890.0 0.00044385
9910.0 0.00044022
9930.0 0.00043587
9950.0 0.00043209
9970.0 0.00042863
9990.0 0.00042507
10010.0 0.00042146
10030.0 0.00041787
10050.0 0.00041434
10070.0 0.00041085
10090.0 0.00040742
10110.0 0.00040391
10130.0 0.00040043
10150.0 0.00039709
10170.0 0.00039376
10190.0 0.0003904
10210.0 0.00038716
10230.0 0.00038398
10250.0 0.00038077
10270.0 0.00037761
10290.0 0.00037456
10310.0 0.00037148
10330.0 0.0003684
10350.0 0.00036544
10370.0 0.00036252
10390.0 0.00035958
10410.0 0.00035667
10430.0 0.00035387
10450.0 0.0003511
10470.0 0.00034832
10490.0 0.00034563
10510.0 0.00034299
10530.0 0.00034029
10550.0 0.00033767
10570.0 0.00033514
10590.0 0.0003326
10610.0 0.00033007
10630.0 0.00032764
10650.0 0.00032524
10670.0 0.0003228
10690.0 0.00032043
10710.0 0.00031814
10730.0 0.00031582
10750.0 0.00031349
10770.0 0.0003113
10790.0 0.00030912
10810.0 0.00030692
10830.0 0.00030478
10850.0 0.00030272
10870.0 0.00030061
10890.0 0.00029853
10910.0 0.00029657
10930.0 0.00029465
10950.0 0.00029274
10970.0 0.00029095
10990.0 0.0002893
11010.0 0.00029629
11030.0 0.00029505
11050.0 0.00029387
11070.0 0.00029268
11090.0 0.00029139
11110.0 0.00029008
11130.0 0.00028871
11150.0 0.0002872
11170.0 0.00028561
11190.0 0.00028402
11210.0 0.00028233
11230.0 0.00028057
11250.0 0.00027884
11270.0 0.00027716
11290.0 0.00027543
11310.0 0.00027375
11330.0 0.00027224
11350.0 0.00027076
11370.0 0.00026933
11390.0 0.00026804
11410.0 0.00026686
11430.0 0.00026567
11450.0 0.00026456
11470.0 0.00026355
11490.0 0.00026252
11510.0 0.00026146
11530.0 0.00026045
11550.0 0.00025943
11570.0 0.00025832
11590.0 0.00025718
11610.0 0.00025606
11630.0 0.00025483
11650.0 0.00025353
11670.0 0.00025229
11690.0 0.00025105
11710.0 0.00024974
11730.0 0.00024846
11750.0 0.00024727
11770.0 0.00024604
11790.0 0.00024482
11810.0 0.00024368
11830.0 0.00024259
11850.0 0.00024143
11870.0 0.00024036
11890.0 0.00023939
11910.0 0.00023842
11930.0 0.00023748
11950.0 0.00023668
11970.0 0.00023594
11990.0 0.00023524
12010.0 0.00023469
12030.0 0.00023429
12050.0 0.000234
12070.0 0.00023385
12090.0 0.0002339
12110.0 0.0002341
12130.0 0.00023444
12150.0 0.00023495
12170.0 0.0002356
12190.0 0.00023637
12210.0 0.00023727
12230.0 0.00023826
12250.0 0.00023932
12270.0 0.00024045
12290.0 0.00024161
12310.0 0.00024278
12330.0 0.00024396
12350.0 0.00024513
12370.0 0.00024624
12390.0 0.0002473
12410.0 0.0002483
12430.0 0.00024919
12450.0 0.00024996
12470.0 0.0002506
12490.0 0.00025108
12510.0 0.00025141
12530.0 0.00025154
12550.0 0.00025146
12570.0 0.0002512
12590.0 0.00025074
12610.0 0.00025003
12630.0 0.00024911
12650.0 0.00024809
12670.0 0.00024685
12690.0 0.00024541
12710.0 0.00024391
12730.0 0.00024232
12750.0 0.0002405
12770.0 0.00023867
12790.0 0.00023687
12810.0 0.000235
12830.0 0.00023305
12850.0 0.00023125
12870.0 0.0002295
12890.0 0.00022771
12910.0 0.00022604
12930.0 0.00022451
12950.0 0.00022299
12970.0 0.00022151
12990.0 0.00022023
13010.0 0.00021901
13030.0 0.00021782
13050.0 0.00021671
13070.0 0.00021573
13090.0 0.00021473
13110.0 0.00021377
13130.0 0.00021289
13150.0 0.00021204
13170.0 0.00021116
13190.0 0.00021034
13210.0 0.00020959
13230.0 0.00020882
13250.0 0.00020806
13270.0 0.00020735
13290.0 0.00020662
13310.0 0.00020585
13330.0 0.00020509
13350.0 0.00020433
13370.0 0.0002035
13390.0 0.0002026
13410.0 0.00020173
13430.0 0.00020079
13450.0 0.00019975
13470.0 0.00019869
13490.0 0.00019762
13510.0 0.00019641
13530.0 0.00019517
13550.0 0.00019393
13570.0 0.00019264
13590.0 0.00019126
13610.0 0.00018989
13630.0 0.00018853
13650.0 0.00018708
13670.0 0.00018561
13690.0 0.00018417
13710.0 0.00018268
13730.0 0.0001811
13750.0 0.0001796
13770.0 0.0001781
13790.0 0.00017654
13810.0 0.00017498
13830.0 0.00017348
13850.0 0.00017193
13870.0 0.00017035
13890.0 0.00016882
13910.0 0.00016731
13930.0 0.00016574
13950.0 0.00016419
13970.0 0.00016272
13990.0 0.00016122
14010.0 0.0001597
14030.0 0.00015824
14050.0 0.0001568
14070.0 0.0001553
14090.0 0.00015385
14110.0 0.00015245
14130.0 0.00015103
14150.0 0.00014959
14170.0 0.00014824
14190.0 0.0001469
14210.0 0.00014553
14230.0 0.0001442
14250.0 0.00014293
14270.0 0.00014162
14290.0 0.00014032
14310.0 0.00013909
14330.0 0.00013788
14350.0 0.00013666
14370.0 0.00013548
14390.0 0.00013435
14410.0 0.00013321
14430.0 0.00013209
14450.0 0.00013103
14470.0 0.00012998
14490.0 0.00012892
14510.0 0.00012792
14530.0 0.00012695
14550.0 0.00012598
14570.0 0.00012502
14590.0 0.0001241
14610.0 0.00012319
14630.0 0.00012226
14650.0 0.00012136
14670.0 0.00012048
14690.0 0.00011959
14710.0 0.00011871
14730.0 0.00011786
14750.0 0.00011702
14770.0 0.00011617
14790.0 0.00011535
14810.0 0.00011456
14830.0 0.00011375
14850.0 0.00011297
14870.0 0.00011222
14890.0 0.00011148
14910.0 0.00011074
14930.0 0.00011003
14950.0 0.00010934
14970.0 0.00010866
14990.0 0.000108
15010.0 0.00010736
15030.0 0.00010673
15050.0 0.00010611
15070.0 0.00010551
15090.0 0.00010493
15110.0 0.00010434
15130.0 0.00010375
15150.0 0.00010317
15170.0 0.00010259
15190.0 0.000102
15210.0 0.00010142
15230.0 0.00010084
15250.0 0.00010025
15270.0 9.9668e-05
15290.0 9.9092e-05
15310.0 9.8509e-05
15330.0 9.7923e-05
15350.0 9.7345e-05
15370.0 9.6767e-05
15390.0 9.6179e-05
15410.0 9.5597e-05
15430.0 9.5022e-05
15450.0 9.4442e-05
15470.0 9.3858e-05
15490.0 9.3286e-05
15510.0 9.2713e-05
15530.0 9.2134e-05
15550.0 9.156e-05
15570.0 9.0994e-05
15590.0 9.0419e-05
15610.0 8.9843e-05
15630.0 8.9279e-05
15650.0 8.8714e-05
15670.0 8.8145e-05
15690.0 8.7581e-05
15710.0 8.7026e-05
15730.0 8.6463e-05
15750.0 8.5902e-05
15770.0 8.5349e-05
15790.0 8.4796e-05
15810.0 8.4237e-05
15830.0 8.3687e-05
15850.0 8.3143e-05
15870.0 8.2595e-05
15890.0 8.2049e-05
15910.0 8.1513e-05
15930.0 8.0974e-05
15950.0 8.0431e-05
15970.0 7.9897e-05
15990.0 7.9369e-05
16010.0 7.8836e-05
16030.0 7.8304e-05
16050.0 7.7785e-05
16070.0 7.7263e-05
16090.0 7.674e-05
16110.0 7.6225e-05
16130.0 7.5715e-05
16150.0 7.5197e-05
16170.0 7.4685e-05
16190.0 7.4183e-05
16210.0 7.368e-05
16230.0 7.3174e-05
16250.0 7.2678e-05
16270.0 7.2188e-05
16290.0 7.1692e-05
16310.0 7.1201e-05
16330.0 7.0718e-05
16350.0 7.0235e-05
16370.0 6.9746e-05
16390.0 6.9271e-05
16410.0 6.8799e-05
16430.0 6.8325e-05
16450.0 6.7854e-05
16470.0 6.7394e-05
16490.0 6.6929e-05
16510.0 6.6466e-05
16530.0 6.6011e-05
16550.0 6.5559e-05
16570.0 6.5104e-05
16590.0 6.4654e-05
16610.0 6.4214e-05
16630.0 6.3772e-05
16650.0 6.3331e-05
16670.0 6.2899e-05
16690.0 6.2469e-05
16710.0 6.2034e-05
16730.0 6.1607e-05
16750.0 6.1188e-05
16770.0 6.0767e-05
16790.0 6.0346e-05
16810.0 5.9936e-05
16830.0 5.9528e-05
16850.0 5.9117e-05
16870.0 5.8713e-05
16890.0 5.8316e-05
16910.0 5.7915e-05
16930.0 5.7515e-05
16950.0 5.7127e-05
16970.0 5.6739e-05
16990.0 5.6351e-05
17010.0 5.5969e-05
17030.0 5.5594e-05
17050.0 5.5215e-05
17070.0 5.484e-05
17090.0 5.4473e-05
17110.0 5.4107e-05
17130.0 5.3737e-05
17150.0 5.3377e-05
17170.0 5.3023e-05
17190.0 5.2667e-05
17210.0 5.2314e-05
17230.0 5.197e-05
17250.0 5.1625e-05
17270.0 5.1278e-05
17290.0 5.0939e-05
17310.0 5.0606e-05
17330.0 5.027e-05
17350.0 4.9937e-05
17370.0 4.9614e-05
17390.0 4.9291e-05
17410.0 4.8967e-05
17430.0 4.865e-05
17450.0 4.8339e-05
17470.0 4.8022e-05
17490.0 4.7711e-05
17510.0 4.7408e-05
17530.0 4.7105e-05
17550.0 4.6801e-05
17570.0 4.6506e-05
17590.0 4.6215e-05
17610.0 4.592e-05
17630.0 4.5631e-05
17650.0 4.5348e-05
17670.0 4.5065e-05
17690.0 4.4779e-05
17710.0 4.4505e-05
17730.0 4.4233e-05
17750.0 4.3959e-05
17770.0 4.369e-05
17790.0 4.3429e-05
17810.0 4.3164e-05
17830.0 4.2901e-05
17850.0 4.2646e-05
17870.0 4.2393e-05
17890.0 4.2137e-05
17910.0 4.1887e-05
17930.0 4.1645e-05
17950.0 4.14e-05
17970.0 4.1157e-05
17990.0 4.0922e-05
18010.0 4.0688e-05
18030.0 4.045e-05
18050.0 4.022e-05
18070.0 3.9995e-05
18090.0 3.9769e-05
18110.0 3.9544e-05
18130.0 3.9327e-05
18150.0 3.9112e-05
18170.0 3.8894e-05
18190.0 3.8683e-05
18210.0 3.8477e-05
18230.0 3.8267e-05
18250.0 3.8059e-05
18270.0 3.786e-05
18290.0 3.7662e-05
18310.0 3.7462e-05
18330.0 3.7268e-05
18350.0 3.708e-05
18370.0 3.6888e-05
18390.0 3.6699e-05
18410.0 3.6516e-05
18430.0 3.6334e-05
18450.0 3.615e-05
18470.0 3.5973e-05
18490.0 3.58e-05
18510.0 3.5625e-05
18530.0 3.5453e-05
18550.0 3.5288e-05
18570.0 3.5122e-05
18590.0 3.4954e-05
18610.0 3.4793e-05
18630.0 3.4635e-05
18650.0 3.4475e-05
18670.0 3.4318e-05
18690.0 3.4168e-05
18710.0 3.4017e-05
18730.0 3.3866e-05
18750.0 3.372e-05
18770.0 3.3579e-05
18790.0 3.3431e-05
18810.0 3.3289e-05
18830.0 3.3153e-05
18850.0 3.3016e-05
18870.0 3.2878e-05
18890.0 3.2747e-05
18910.0 3.2619e-05
18930.0 3.2487e-05
18950.0 3.2359e-05
18970.0 3.2236e-05
18990.0 3.2112e-05
19010.0 3.1985e-05
19030.0 3.1868e-05
19050.0 3.1751e-05
19070.0 3.1633e-05
19090.0 3.1518e-05
19110.0 3.1409e-05
19130.0 3.1295e-05
19150.0 3.1183e-05
19170.0 3.1076e-05
19190.0 3.0971e-05
19210.0 3.0863e-05
19230.0 3.0758e-05
19250.0 3.066e-05
19270.0 3.0559e-05
19290.0 3.0458e-05
19310.0 3.0363e-05
19330.0 3.0268e-05
19350.0 3.0169e-05
19370.0 3.0076e-05
19390.0 2.9986e-05
19410.0 2.9894e-05
19430.0 2.9802e-05
19450.0 2.9717e-05
19470.0 2.9631e-05
19490.0 2.9543e-05
19510.0 2.9459e-05
19530.0 2.9379e-05
19550.0 2.9293e-05
19570.0 2.9209e-05
19590.0 2.9132e-05
19610.0 2.9054e-05
19630.0 2.8973e-05
19650.0 2.8897e-05
19670.0 2.8824e-05
19690.0 2.8746e-05
19710.0 2.867e-05
19730.0 2.8599e-05
19750.0 2.8527e-05
19770.0 2.8451e-05
19790.0 2.8381e-05
19810.0 2.8314e-05
19830.0 2.8242e-05
19850.0 2.8173e-05
19870.0 2.8108e-05
19890.0 2.804e-05
19910.0 2.7969e-05
19930.0 2.7904e-05
19950.0 2.7841e-05
19970.0 2.7773e-05
19990.0 2.7706e-05
20010.0 2.7645e-05
20030.0 2.7579e-05
20050.0 2.7509e-05
20070.0 2.7441e-05
20090.0 2.7373e-05
20110.0 2.7293e-05
20130.0 2.7216e-05
20150.0 2.7141e-05
20170.0 2.706e-05
20190.0 2.6976e-05
20210.0 2.6898e-05
20230.0 2.682e-05
20250.0 2.6737e-05
20270.0 2.6659e-05
20290.0 2.6587e-05
20310.0 2.6515e-05
20330.0 2.6442e-05
20350.0 2.6383e-05
20370.0 2.6328e-05
20390.0 2.6274e-05
20410.0 2.6229e-05
20430.0 2.6195e-05
20450.0 2.6161e-05
20470.0 2.6135e-05
20490.0 2.612e-05
20510.0 2.6112e-05
20530.0 2.6109e-05
20550.0 2.6118e-05
20570.0 2.6137e-05
20590.0 2.6164e-05
20610.0 2.62e-05
20630.0 2.6246e-05
20650.0 2.6302e-05
20670.0 2.6367e-05
20690.0 2.6442e-05
20710.0 2.6525e-05
20730.0 2.6616e-05
20750.0 2.6713e-05
20770.0 2.6814e-05
20790.0 2.6918e-05
20810.0 2.7025e-05
20830.0 2.713e-05
20850.0 2.7232e-05
20870.0 2.7331e-05
20890.0 2.7422e-05
20910.0 2.7505e-05
20930.0 2.7577e-05
20950.0 2.7637e-05
20970.0 2.7685e-05
20990.0 2.7721e-05
21010.0 2.7739e-05
21030.0 2.7744e-05
21050.0 2.7737e-05
21070.0 2.7715e-05
21090.0 2.7676e-05
21110.0 2.763e-05
21130.0 2.7576e-05
21150.0 2.7508e-05
21170.0 2.7434e-05
21190.0 2.7359e-05
21210.0 2.7275e-05
21230.0 2.7184e-05
21250.0 2.7097e-05
21270.0 2.701e-05
21290.0 2.6918e-05
21310.0 2.6828e-05
21330.0 2.6745e-05
21350.0 2.6658e-05
21370.0 2.6569e-05
21390.0 2.6485e-05
21410.0 2.6401e-05
21430.0 2.6307e-05
21450.0 2.6216e-05
21470.0 2.6128e-05
21490.0 2.6032e-05
21510.0 2.593e-05
21530.0 2.5831e-05
21550.0 2.5727e-05
21570.0 2.5612e-05
21590.0 2.5498e-05
21610.0 2.5383e-05
21630.0 2.526e-05
21650.0 2.5129e-05
21670.0 2.5008e-05
21690.0 2.4882e-05
21710.0 2.475e-05
21730.0 2.4622e-05
21750.0 2.4499e-05
21770.0 2.4367e-05
21790.0 2.4236e-05
21810.0 2.4113e-05
21830.0 2.399e-05
21850.0 2.3862e-05
21870.0 2.374e-05
21890.0 2.3624e-05
21910.0 2.3503e-05
21930.0 2.3381e-05
21950.0 2.3266e-05
21970.0 2.3147e-05
21990.0 2.302e-05
22010.0 2.2899e-05
22030.0 2.2777e-05
22050.0 2.2648e-05
22070.0 2.2515e-05
22090.0 2.2386e-05
22110.0 2.225e-05
22130.0 2.2104e-05
22150.0 2.196e-05
22170.0 2.1814e-05
22190.0 2.1657e-05
22210.0 2.1496e-05
22230.0 2.1341e-05
22250.0 2.1179e-05
22270.0 2.1011e-05
22290.0 2.0847e-05
22310.0 2.0683e-05
22330.0 2.051e-05
22350.0 2.034e-05
22370.0 2.0175e-05
22390.0 2.0008e-05
22410.0 1.9836e-05
22430.0 1.9675e-05
22450.0 1.9516e-05
22470.0 1.9355e-05
22490.0 1.9199e-05
22510.0 1.9052e-05
22530.0 1.8902e-05
22550.0 1.8754e-05
22570.0 1.8617e-05
22590.0 1.8485e-05
22610.0 1.8352e-05
22630.0 1.8226e-05
22650.0 1.8109e-05
22670.0 1.7992e-05
22690.0 1.7878e-05
22710.0 1.7771e-05
22730.0 1.7668e-05
22750.0 1.7563e-05
22770.0 1.7465e-05
22790.0 1.7372e-05
22810.0 1.728e-05
22830.0 1.7191e-05
22850.0 1.7107e-05
22870.0 1.7027e-05
22890.0 1.6947e-05
22910.0 1.6873e-05
22930.0 1.6804e-05
22950.0 1.6738e-05
22970.0 1.6676e-05
22990.0 1.6622e-05
23010.0 1.6573e-05
23030.0 1.6529e-05
23050.0 1.6493e-05
23070.0 1.6463e-05
23090.0 1.6439e-05
23110.0 1.6424e-05
23130.0 1.6416e-05
23150.0 1.6415e-05
23170.0 1.6423e-05
23190.0 1.6438e-05
23210.0 1.6459e-05
23230.0 1.6488e-05
23250.0 1.6523e-05
23270.0 1.656e-05
23290.0 1.6602e-05
23310.0 1.6651e-05
23330.0 1.6696e-05
23350.0 1.674e-05
23370.0 1.6784e-05
23390.0 1.6824e-05
23410.0 1.6857e-05
23430.0 1.6886e-05
23450.0 1.6874e-05
23470.0 1.6844e-05
23490.0 1.6805e-05
23510.0 1.6762e-05
23530.0 1.6713e-05
23550.0 1.6659e-05
23570.0 1.6606e-05
23590.0 1.6557e-05
23610.0 1.6511e-05
23630.0 1.6472e-05
23650.0 1.6448e-05
23670.0 1.6434e-05
23690.0 1.6429e-05
23710.0 1.6439e-05
23730.0 1.6465e-05
23750.0 1.6496e-05
23770.0 1.6537e-05
23790.0 1.6594e-05
23810.0 1.6659e-05
23830.0 1.6727e-05
23850.0 1.6815e-05
23870.0 1.692e-05
23890.0 1.7028e-05
23910.0 1.7152e-05
23930.0 1.73e-05
23950.0 1.7458e-05
23970.0 1.7617e-05
23990.0 1.7797e-05
24010.0 1.7985e-05
24030.0 1.8161e-05
24050.0 1.833e-05
24070.0 1.8505e-05
24090.0 1.8647e-05
24110.0 1.8759e-05
24130.0 1.8854e-05
24150.0 1.8922e-05
24170.0 1.8952e-05
24190.0 1.8957e-05
24210.0 1.8943e-05
24230.0 1.8898e-05
24250.0 1.8836e-05
24270.0 1.8758e-05
24290.0 1.8666e-05
24310.0 1.8555e-05
24330.0 1.8434e-05
24350.0 1.8306e-05
24370.0 1.8168e-05
24390.0 1.8021e-05
24410.0 1.7872e-05
24430.0 1.7717e-05
24450.0 1.7556e-05
24470.0 1.7392e-05
24490.0 1.7226e-05
24510.0 1.7056e-05
24530.0 1.6882e-05
24550.0 1.6707e-05
24570.0 1.653e-05
24590.0 1.635e-05
24610.0 1.6168e-05
24630.0 1.5985e-05
24650.0 1.58e-05
24670.0 1.5614e-05
24690.0 1.5429e-05
24710.0 1.5245e-05
24730.0 1.5061e-05
24750.0 1.488e-05
24770.0 1.4702e-05
24790.0 1.4522e-05
24810.0 1.4335e-05
24830.0 1.4125e-05
24850.0 1.3856e-05
24870.0 1.3483e-05
24890.0 1.2921e-05
24910.0 1.2059e-05
24930.0 1.0849e-05
24950.0 9.2312e-06
24970.0 7.6791e-06
24990.0 6.4012e-06
