#lamb flux
1010.0 1.0329e-07
1030.0 1.1628e-07
1050.0 1.3034e-07
1070.0 1.4625e-07
1090.0 1.6468e-07
1110.0 1.837e-07
1130.0 2.0301e-07
1150.0 2.2341e-07
1170.0 2.4472e-07
1190.0 2.6534e-07
1210.0 2.8664e-07
1230.0 3.091e-07
1250.0 3.3165e-07
1270.0 3.5424e-07
1290.0 3.7863e-07
1310.0 4.0375e-07
1330.0 4.2872e-07
1350.0 4.5466e-07
1370.0 4.8201e-07
1390.0 5.0949e-07
1410.0 5.3696e-07
1430.0 5.6596e-07
1450.0 5.9549e-07
1470.0 6.2467e-07
1490.0 6.5443e-07
1510.0 6.8575e-07
1530.0 7.1598e-07
1550.0 7.4594e-07
1570.0 7.7667e-07
1590.0 8.0728e-07
1610.0 8.3653e-07
1630.0 8.6602e-07
1650.0 8.9565e-07
1670.0 9.2384e-07
1690.0 9.5096e-07
1710.0 9.7816e-07
1730.0 1.0045e-06
1750.0 1.0283e-06
1770.0 1.0516e-06
1790.0 1.0742e-06
1810.0 1.0946e-06
1830.0 1.1133e-06
1850.0 1.1319e-06
1870.0 1.1485e-06
1890.0 1.1628e-06
1910.0 1.176e-06
1930.0 1.1883e-06
1950.0 1.198e-06
1970.0 1.206e-06
1990.0 1.2132e-06
2010.0 1.2186e-06
2030.0 1.2217e-06
2050.0 1.2239e-06
2070.0 1.225e-06
2090.0 1.2233e-06
2110.0 1.22e-06
2130.0 1.2156e-06
2150.0 1.2092e-06
2170.0 1.2003e-06
2190.0 1.1905e-06
2210.0 1.1791e-06
2230.0 1.1654e-06
2250.0 1.15e-06
2270.0 1.1338e-06
2290.0 1.1156e-06
2310.0 1.0954e-06
2330.0 1.0744e-06
2350.0 1.0523e-06
2370.0 1.0284e-06
2390.0 1.0036e-06
2410.0 9.7821e-07
2430.0 9.5112e-07
2450.0 9.2239e-07
2470.0 8.9236e-07
2490.0 8.6074e-07
2510.0 8.2766e-07
2530.0 7.9493e-07
2550.0 7.6515e-07
2570.0 7.4167e-07
2590.0 7.2799e-07
2610.0 7.3097e-07
2630.0 7.526e-07
2650.0 7.892e-07
2670.0 8.4053e-07
2690.0 9.0261e-07
2710.0 9.6105e-07
2730.0 1.0085e-06
2750.0 1.0449e-06
2770.0 1.0608e-06
2790.0 1.0543e-06
2810.0 1.0294e-06
2830.0 9.8761e-07
2850.0 9.3178e-07
2870.0 8.6701e-07
2890.0 7.9522e-07
2910.0 7.1929e-07
2930.0 6.4263e-07
2950.0 5.6383e-07
2970.0 4.8382e-07
2990.0 4.0534e-07
3010.0 7.3781e-07
3030.0 5.6105e-07
3050.0 3.8457e-07
3070.0 2.1312e-07
3090.0 1.605e-07
3110.0 1.605e-07
3130.0 1.605e-07
3150.0 1.605e-07
3170.0 1.605e-07
3190.0 1.605e-07
3210.0 6.7492e-07
3230.0 3.1495e-06
3250.0 6.2892e-06
3270.0 6.838e-06
3290.0 8.4566e-06
3310.0 7.1268e-06
3330.0 7.3393e-06
3350.0 8.1192e-06
3370.0 9.188e-06
3390.0 1.042e-05
3410.0 1.1733e-05
3430.0 1.3334e-05
3450.0 1.5023e-05
3470.0 1.6805e-05
3490.0 1.8131e-05
3510.0 1.88e-05
3530.0 1.988e-05
3550.0 2.041e-05
3570.0 1.9878e-05
3590.0 2.0953e-05
3610.0 2.0036e-05
3630.0 2.4545e-05
3650.0 2.7795e-05
3670.0 2.982e-05
3690.0 2.747e-05
3710.0 2.1634e-05
3730.0 1.9619e-05
3750.0 1.7124e-05
3770.0 1.5207e-05
3790.0 1.3318e-05
3810.0 1.2994e-05
3830.0 1.5991e-05
3850.0 6.3203e-06
3870.0 1.4755e-05
3890.0 1.7949e-05
3910.0 1.9071e-05
3930.0 2.269e-05
3950.0 2.4687e-05
3970.0 2.9363e-05
3990.0 3.631e-05
4010.0 2.5425e-05
4030.0 2.0498e-05
4050.0 1.6995e-05
4070.0 1.8365e-05
4090.0 2.8602e-05
4110.0 2.6468e-05
4130.0 2.7985e-05
4150.0 2.6179e-05
4170.0 2.5068e-05
4190.0 2.3097e-05
4210.0 3.4342e-05
4230.0 3.5751e-05
4250.0 3.8442e-05
4270.0 3.5878e-05
4290.0 3.7015e-05
4310.0 4.2241e-05
4330.0 4.9385e-05
4350.0 4.8372e-05
4370.0 4.6328e-05
4390.0 4.0451e-05
4410.0 3.7553e-05
4430.0 3.0047e-05
4450.0 2.5931e-05
4470.0 2.9335e-05
4490.0 3.5488e-05
4510.0 3.6873e-05
4530.0 3.9058e-05
4550.0 4.1698e-05
4570.0 5.759e-05
4590.0 8.3713e-05
4610.0 9.9564e-05
4630.0 9.9331e-05
4650.0 0.00010037
4670.0 0.00011206
4690.0 0.00012318
4710.0 0.00010089
4730.0 7.6582e-05
4750.0 6.1449e-05
4770.0 5.5639e-05
4790.0 5.3669e-05
4810.0 5.137e-05
4830.0 5.6448e-05
4850.0 6.4678e-05
4870.0 7.1285e-05
4890.0 7.3136e-05
4910.0 6.589e-05
4930.0 6.9359e-05
4950.0 8.6618e-05
4970.0 0.00010597
4990.0 0.00011097
5010.0 0.0001018
5030.0 8.3967e-05
5050.0 6.3235e-05
5070.0 5.0029e-05
5090.0 4.4891e-05
5110.0 4.382e-05
5130.0 4.4898e-05
5150.0 4.4823e-05
5170.0 4.3898e-05
5190.0 4.1896e-05
5210.0 4.1328e-05
5230.0 4.6099e-05
5250.0 5.2183e-05
5270.0 6.2658e-05
5290.0 7.3612e-05
5310.0 7.7238e-05
5330.0 8.2788e-05
5350.0 9.2995e-05
5370.0 0.00010077
5390.0 9.3382e-05
5410.0 8.3506e-05
5430.0 8.1001e-05
5450.0 9.4317e-05
5470.0 0.00011964
5490.0 0.0001442
5510.0 0.0001568
5530.0 0.00015689
5550.0 0.00015098
5570.0 0.00014779
5590.0 0.00014515
5610.0 0.00014626
5630.0 0.00014728
5650.0 0.00014868
5670.0 0.00015087
5690.0 0.00014318
5710.0 0.00012258
5730.0 0.00010904
5750.0 0.00010234
5770.0 0.0001055
5790.0 0.0001118
5810.0 0.00011975
5830.0 0.00012472
5850.0 0.00012126
5870.0 0.00011456
5890.0 0.00010883
5910.0 0.000113
5930.0 0.00012229
5950.0 0.00011878
5970.0 0.00010813
5990.0 9.3243e-05
6010.0 7.6387e-05
6030.0 6.7966e-05
6050.0 7.1551e-05
6070.0 7.7915e-05
6090.0 7.7909e-05
6110.0 6.9015e-05
6130.0 6.8298e-05
6150.0 7.7953e-05
6170.0 9.1383e-05
6190.0 0.00010354
6210.0 0.00010541
6230.0 0.00010247
6250.0 9.4101e-05
6270.0 8.013e-05
6290.0 6.6758e-05
6310.0 5.8202e-05
6330.0 5.5912e-05
6350.0 5.7773e-05
6370.0 5.8178e-05
6390.0 6.2622e-05
6410.0 7.5993e-05
6430.0 9.6282e-05
6450.0 0.00011349
6470.0 0.00011958
6490.0 0.00011723
6510.0 0.00011939
6530.0 0.00012452
6550.0 0.00012343
6570.0 0.00012751
6590.0 0.0001292
6610.0 0.00013094
6630.0 0.00013146
6650.0 0.0001258
6670.0 0.00011581
6690.0 0.00010302
6710.0 9.4512e-05
6730.0 9.4753e-05
6750.0 9.9468e-05
6770.0 0.00010314
6790.0 0.00010564
6810.0 0.00010687
6830.0 0.00010465
6850.0 0.00010098
6870.0 9.4919e-05
6890.0 9.2349e-05
6910.0 8.7772e-05
6930.0 8.9602e-05
6950.0 9.6253e-05
6970.0 9.9677e-05
6990.0 0.00010259
7010.0 0.0001008
7030.0 9.3467e-05
7050.0 8.2246e-05
7070.0 7.0678e-05
7090.0 6.3179e-05
7110.0 6.2125e-05
7130.0 6.3525e-05
7150.0 5.9203e-05
7170.0 5.532e-05
7190.0 5.8005e-05
7210.0 6.5157e-05
7230.0 7.5611e-05
7250.0 8.2155e-05
7270.0 8.2955e-05
7290.0 7.6334e-05
7310.0 6.9392e-05
7330.0 6.5219e-05
7350.0 6.4965e-05
7370.0 6.654e-05
7390.0 6.9229e-05
7410.0 7.5489e-05
7430.0 8.7551e-05
7450.0 0.00010049
7470.0 0.00010881
7490.0 0.00010945
7510.0 0.00010328
7530.0 8.5648e-05
7550.0 7.4615e-05
7570.0 6.4322e-05
7590.0 5.904e-05
7610.0 6.1098e-05
7630.0 6.7493e-05
7650.0 7.5319e-05
7670.0 8.2419e-05
7690.0 8.6686e-05
7710.0 9.1588e-05
7730.0 9.6914e-05
7750.0 0.00010151
7770.0 0.00010023
7790.0 9.9759e-05
7810.0 0.00010153
7830.0 0.0001027
7850.0 9.9365e-05
7870.0 9.4773e-05
7890.0 9.2299e-05
7910.0 8.6983e-05
7930.0 8.4977e-05
7950.0 8.0446e-05
7970.0 7.8397e-05
7990.0 7.6052e-05
8010.0 7.8421e-05
8030.0 7.8512e-05
8050.0 7.903e-05
8070.0 7.775e-05
8090.0 7.6958e-05
8110.0 7.3323e-05
8130.0 7.2533e-05
8150.0 7.0787e-05
8170.0 6.8424e-05
8190.0 6.6827e-05
8210.0 6.6665e-05
8230.0 6.4034e-05
8250.0 6.1331e-05
8270.0 5.4177e-05
8290.0 4.3404e-05
8310.0 3.2134e-05
8330.0 2.4206e-05
8350.0 2.2071e-05
8370.0 2.609e-05
8390.0 3.1545e-05
8410.0 3.4405e-05
8430.0 3.5831e-05
8450.0 3.7386e-05
8470.0 3.9385e-05
8490.0 4.3695e-05
8510.0 4.9478e-05
8530.0 5.7129e-05
8550.0 6.5152e-05
8570.0 7.2133e-05
8590.0 7.7519e-05
8610.0 8.0953e-05
8630.0 8.1837e-05
8650.0 8.1209e-05
8670.0 8.0824e-05
8690.0 8.3795e-05
8710.0 8.7435e-05
8730.0 9.0205e-05
8750.0 8.9166e-05
8770.0 8.9654e-05
8790.0 8.849e-05
8810.0 8.2354e-05
8830.0 7.817e-05
8850.0 7.2406e-05
8870.0 6.7717e-05
8890.0 6.5496e-05
8910.0 6.5753e-05
8930.0 6.1989e-05
8950.0 5.8318e-05
8970.0 5.6686e-05
8990.0 5.5656e-05
9010.0 5.3493e-05
9030.0 5.2273e-05
9050.0 5.1889e-05
9070.0 5.171e-05
9090.0 5.1549e-05
9110.0 5.1394e-05
9130.0 5.1234e-05
9150.0 5.1075e-05
9170.0 5.0882e-05
9190.0 5.0706e-05
9210.0 5.0832e-05
9230.0 5.0573e-05
9250.0 5.0362e-05
9270.0 5.0173e-05
9290.0 4.9999e-05
9310.0 4.983e-05
9330.0 4.9665e-05
9350.0 4.9511e-05
9370.0 4.9356e-05
9390.0 4.9197e-05
9410.0 4.9043e-05
9430.0 4.8886e-05
9450.0 4.8682e-05
9470.0 4.8494e-05
9490.0 4.8385e-05
9510.0 4.8252e-05
9530.0 4.8111e-05
9550.0 4.7968e-05
9570.0 4.7822e-05
9590.0 4.7672e-05
9610.0 4.7522e-05
9630.0 4.7372e-05
9650.0 4.7222e-05
9670.0 4.7071e-05
9690.0 4.6921e-05
9710.0 4.6771e-05
9730.0 4.662e-05
9750.0 4.6469e-05
9770.0 4.6321e-05
9790.0 4.617e-05
9810.0 4.6019e-05
9830.0 4.5868e-05
9850.0 4.5719e-05
9870.0 4.5566e-05
9890.0 4.5413e-05
9910.0 4.5261e-05
9930.0 4.5102e-05
9950.0 4.458e-05
9970.0 4.4535e-05
9990.0 4.4468e-05
10010.0 4.4388e-05
10030.0 4.4277e-05
10050.0 4.4141e-05
10070.0 4.3996e-05
10090.0 4.3856e-05
10110.0 4.3691e-05
10130.0 4.354e-05
10150.0 4.3382e-05
10170.0 4.3213e-05
10190.0 4.303e-05
10210.0 4.2863e-05
10230.0 4.2699e-05
10250.0 4.252e-05
10270.0 4.2343e-05
10290.0 4.2176e-05
10310.0 4.1995e-05
10330.0 4.1801e-05
10350.0 4.1622e-05
10370.0 4.1441e-05
10390.0 4.1245e-05
10410.0 4.1049e-05
10430.0 4.0867e-05
10450.0 4.0669e-05
10470.0 4.0461e-05
10490.0 4.0263e-05
10510.0 4.0065e-05
10530.0 3.9841e-05
10550.0 3.9625e-05
10570.0 3.9419e-05
10590.0 3.9198e-05
10610.0 3.8967e-05
10630.0 3.8749e-05
10650.0 3.8525e-05
10670.0 3.8281e-05
10690.0 3.8042e-05
10710.0 3.7809e-05
10730.0 3.756e-05
10750.0 3.7295e-05
10770.0 3.7052e-05
10790.0 3.68e-05
10810.0 3.6531e-05
10830.0 3.6265e-05
10850.0 3.6008e-05
10870.0 3.5721e-05
10890.0 3.5429e-05
10910.0 3.5143e-05
10930.0 3.4842e-05
10950.0 3.451e-05
10970.0 3.417e-05
10990.0 3.3825e-05
11010.0 3.392e-05
11030.0 3.3491e-05
11050.0 3.3075e-05
11070.0 3.2654e-05
11090.0 3.2209e-05
11110.0 3.1803e-05
11130.0 3.1418e-05
11150.0 3.1028e-05
11170.0 3.065e-05
11190.0 3.0304e-05
11210.0 2.9954e-05
11230.0 2.9599e-05
11250.0 2.9263e-05
11270.0 2.8936e-05
11290.0 2.8594e-05
11310.0 2.8254e-05
11330.0 2.7938e-05
11350.0 2.7611e-05
11370.0 2.7274e-05
11390.0 2.6945e-05
11410.0 2.6618e-05
11430.0 2.6259e-05
11450.0 2.5896e-05
11470.0 2.5533e-05
11490.0 2.5146e-05
11510.0 2.4726e-05
11530.0 2.4309e-05
11550.0 2.3879e-05
11570.0 2.3412e-05
11590.0 2.2934e-05
11610.0 2.2461e-05
11630.0 2.1957e-05
11650.0 2.1432e-05
11670.0 2.0929e-05
11690.0 2.0426e-05
11710.0 1.9909e-05
11730.0 1.9405e-05
11750.0 1.8932e-05
11770.0 1.8453e-05
11790.0 1.7983e-05
11810.0 1.7547e-05
11830.0 1.7128e-05
11850.0 1.6705e-05
11870.0 1.6315e-05
11890.0 1.5956e-05
11910.0 1.5601e-05
11930.0 1.5258e-05
11950.0 1.4944e-05
11970.0 1.4641e-05
11990.0 1.4338e-05
12010.0 1.4057e-05
12030.0 1.3794e-05
12050.0 1.3536e-05
12070.0 1.3287e-05
12090.0 1.3066e-05
12110.0 1.2858e-05
12130.0 1.266e-05
12150.0 1.2485e-05
12170.0 1.2334e-05
12190.0 1.2196e-05
12210.0 1.2081e-05
12230.0 1.1995e-05
12250.0 1.1931e-05
12270.0 1.1891e-05
12290.0 1.1879e-05
12310.0 1.1891e-05
12330.0 1.193e-05
12350.0 1.1996e-05
12370.0 1.2085e-05
12390.0 1.2198e-05
12410.0 1.2344e-05
12430.0 1.2503e-05
12450.0 1.268e-05
12470.0 1.288e-05
12490.0 1.3095e-05
12510.0 1.3309e-05
12530.0 1.3536e-05
12550.0 1.3769e-05
12570.0 1.3991e-05
12590.0 1.4201e-05
12610.0 1.4405e-05
12630.0 1.4587e-05
12650.0 1.4734e-05
12670.0 1.4858e-05
12690.0 1.4952e-05
12710.0 1.5008e-05
12730.0 1.503e-05
12750.0 1.5018e-05
12770.0 1.497e-05
12790.0 1.4891e-05
12810.0 1.4783e-05
12830.0 1.4646e-05
12850.0 1.4494e-05
12870.0 1.4328e-05
12890.0 1.4144e-05
12910.0 1.3955e-05
12930.0 1.3769e-05
12950.0 1.3576e-05
12970.0 1.3382e-05
12990.0 1.32e-05
13010.0 1.3024e-05
13030.0 1.2848e-05
13050.0 1.268e-05
13070.0 1.2522e-05
13090.0 1.2361e-05
13110.0 1.2203e-05
13130.0 1.2051e-05
13150.0 1.1901e-05
13170.0 1.1745e-05
13190.0 1.1596e-05
13210.0 1.1452e-05
13230.0 1.1309e-05
13250.0 1.1169e-05
13270.0 1.1043e-05
13290.0 1.0925e-05
13310.0 1.0815e-05
13330.0 1.0724e-05
13350.0 1.0651e-05
13370.0 1.0594e-05
13390.0 1.0555e-05
13410.0 1.0534e-05
13430.0 1.0527e-05
13450.0 1.0532e-05
13470.0 1.0543e-05
13490.0 1.0556e-05
13510.0 1.0568e-05
13530.0 1.0571e-05
13550.0 1.0561e-05
13570.0 1.0534e-05
13590.0 1.0487e-05
13610.0 1.042e-05
13630.0 1.0335e-05
13650.0 1.0226e-05
13670.0 1.01e-05
13690.0 9.9638e-06
13710.0 9.8152e-06
13730.0 9.6527e-06
13750.0 9.4964e-06
13770.0 9.343e-06
13790.0 9.1901e-06
13810.0 9.0463e-06
13830.0 8.9181e-06
13850.0 8.7974e-06
13870.0 8.6875e-06
13890.0 8.5939e-06
13910.0 8.5127e-06
13930.0 8.4403e-06
13950.0 8.379e-06
13970.0 8.3289e-06
13990.0 8.2844e-06
14010.0 8.2451e-06
14030.0 8.2108e-06
14050.0 8.179e-06
14070.0 8.1469e-06
14090.0 8.1148e-06
14110.0 8.0816e-06
14130.0 8.0449e-06
14150.0 8.0035e-06
14170.0 7.9594e-06
14190.0 7.911e-06
14210.0 7.8566e-06
14230.0 7.799e-06
14250.0 7.7401e-06
14270.0 7.6771e-06
14290.0 7.6125e-06
14310.0 7.5518e-06
14330.0 7.4933e-06
14350.0 7.4371e-06
14370.0 7.3871e-06
14390.0 7.3444e-06
14410.0 7.3065e-06
14430.0 7.2756e-06
14450.0 7.2521e-06
14470.0 7.2346e-06
14490.0 7.2224e-06
14510.0 7.2156e-06
14530.0 7.2129e-06
14550.0 7.2141e-06
14570.0 7.219e-06
14590.0 7.227e-06
14610.0 7.2388e-06
14630.0 7.2557e-06
14650.0 7.2768e-06
14670.0 7.3029e-06
14690.0 7.3361e-06
14710.0 7.377e-06
14730.0 7.4222e-06
14750.0 7.4758e-06
14770.0 7.5389e-06
14790.0 7.6086e-06
14810.0 7.6848e-06
14830.0 7.7758e-06
14850.0 7.8758e-06
14870.0 7.9817e-06
14890.0 8.0986e-06
14910.0 8.2262e-06
14930.0 8.3526e-06
14950.0 8.4744e-06
14970.0 8.5936e-06
14990.0 8.6971e-06
15010.0 8.7792e-06
15030.0 8.8429e-06
15050.0 8.8883e-06
15070.0 8.9136e-06
15090.0 8.9266e-06
15110.0 8.9311e-06
15130.0 8.9298e-06
15150.0 8.9255e-06
15170.0 8.9196e-06
15190.0 8.9128e-06
15210.0 8.906e-06
15230.0 8.8991e-06
15250.0 8.892e-06
15270.0 8.885e-06
15290.0 8.8783e-06
15310.0 8.8715e-06
15330.0 8.8646e-06
15350.0 8.858e-06
15370.0 8.8513e-06
15390.0 8.8445e-06
15410.0 8.8379e-06
15430.0 8.8314e-06
15450.0 8.8248e-06
15470.0 8.8181e-06
15490.0 8.8117e-06
15510.0 8.8053e-06
15530.0 8.7988e-06
15550.0 8.7923e-06
15570.0 8.786e-06
15590.0 8.7796e-06
15610.0 8.773e-06
15630.0 8.7667e-06
15650.0 8.7604e-06
15670.0 8.754e-06
15690.0 8.7476e-06
15710.0 8.7414e-06
15730.0 8.735e-06
15750.0 8.7286e-06
15770.0 8.7223e-06
15790.0 8.716e-06
15810.0 8.7095e-06
15830.0 8.7031e-06
15850.0 8.6968e-06
15870.0 8.6904e-06
15890.0 8.6839e-06
15910.0 8.6776e-06
15930.0 8.6712e-06
15950.0 8.6646e-06
15970.0 8.6581e-06
15990.0 8.6516e-06
16010.0 8.645e-06
16030.0 8.6383e-06
16050.0 8.6318e-06
16070.0 8.6252e-06
16090.0 8.6184e-06
16110.0 8.6117e-06
16130.0 8.605e-06
16150.0 8.5981e-06
16170.0 8.5911e-06
16190.0 8.5843e-06
16210.0 8.5773e-06
16230.0 8.5701e-06
16250.0 8.5631e-06
16270.0 8.556e-06
16290.0 8.5487e-06
16310.0 8.5414e-06
16330.0 8.5341e-06
16350.0 8.5267e-06
16370.0 8.519e-06
16390.0 8.5115e-06
16410.0 8.5039e-06
16430.0 8.4961e-06
16450.0 8.4883e-06
16470.0 8.4805e-06
16490.0 8.4725e-06
16510.0 8.4643e-06
16530.0 8.4562e-06
16550.0 8.4479e-06
16570.0 8.4395e-06
16590.0 8.4309e-06
16610.0 8.4225e-06
16630.0 8.4138e-06
16650.0 8.4049e-06
16670.0 8.3961e-06
16690.0 8.3872e-06
16710.0 8.3779e-06
16730.0 8.3687e-06
16750.0 8.3594e-06
16770.0 8.3499e-06
16790.0 8.3402e-06
16810.0 8.3305e-06
16830.0 8.3207e-06
16850.0 8.3107e-06
16870.0 8.3005e-06
16890.0 8.2904e-06
16910.0 8.2799e-06
16930.0 8.2693e-06
16950.0 8.2587e-06
16970.0 8.2479e-06
16990.0 8.2369e-06
17010.0 8.2258e-06
17030.0 8.2147e-06
17050.0 8.2032e-06
17070.0 8.1916e-06
17090.0 8.18e-06
17110.0 8.1682e-06
17130.0 8.156e-06
17150.0 8.1439e-06
17170.0 8.1316e-06
17190.0 8.1191e-06
17210.0 8.1064e-06
17230.0 8.0937e-06
17250.0 8.0808e-06
17270.0 8.0675e-06
17290.0 8.0543e-06
17310.0 8.0409e-06
17330.0 8.0272e-06
17350.0 8.0133e-06
17370.0 7.9995e-06
17390.0 7.9853e-06
17410.0 7.971e-06
17430.0 7.9565e-06
17450.0 7.942e-06
17470.0 7.9271e-06
17490.0 7.912e-06
17510.0 7.897e-06
17530.0 7.8817e-06
17550.0 7.8661e-06
17570.0 7.8505e-06
17590.0 7.8347e-06
17610.0 7.8186e-06
17630.0 7.8025e-06
17650.0 7.7862e-06
17670.0 7.7697e-06
17690.0 7.7528e-06
17710.0 7.7361e-06
17730.0 7.7191e-06
17750.0 7.7019e-06
17770.0 7.6845e-06
17790.0 7.6671e-06
17810.0 7.6494e-06
17830.0 7.6315e-06
17850.0 7.6136e-06
17870.0 7.5954e-06
17890.0 7.577e-06
17910.0 7.5585e-06
17930.0 7.54e-06
17950.0 7.5212e-06
17970.0 7.5022e-06
17990.0 7.4832e-06
18010.0 7.464e-06
18030.0 7.4445e-06
18050.0 7.425e-06
18070.0 7.4054e-06
18090.0 7.3856e-06
18110.0 7.3655e-06
18130.0 7.3455e-06
18150.0 7.3254e-06
18170.0 7.3049e-06
18190.0 7.2845e-06
18210.0 7.2639e-06
18230.0 7.2431e-06
18250.0 7.2222e-06
18270.0 7.2013e-06
18290.0 7.1802e-06
18310.0 7.1589e-06
18330.0 7.1376e-06
18350.0 7.1163e-06
18370.0 7.0947e-06
18390.0 7.073e-06
18410.0 7.0513e-06
18430.0 7.0295e-06
18450.0 7.0074e-06
18470.0 6.9854e-06
18490.0 6.9634e-06
18510.0 6.9411e-06
18530.0 6.9188e-06
18550.0 6.8965e-06
18570.0 6.874e-06
18590.0 6.8514e-06
18610.0 6.8288e-06
18630.0 6.8062e-06
18650.0 6.7834e-06
18670.0 6.7605e-06
18690.0 6.7378e-06
18710.0 6.7149e-06
18730.0 6.6918e-06
18750.0 6.6689e-06
18770.0 6.6459e-06
18790.0 6.6226e-06
18810.0 6.5995e-06
18830.0 6.5764e-06
18850.0 6.5531e-06
18870.0 6.5298e-06
18890.0 6.5066e-06
18910.0 6.4833e-06
18930.0 6.4599e-06
18950.0 6.4365e-06
18970.0 6.4133e-06
18990.0 6.3899e-06
19010.0 6.3663e-06
19030.0 6.343e-06
19050.0 6.3196e-06
19070.0 6.2962e-06
19090.0 6.2728e-06
19110.0 6.2495e-06
19130.0 6.226e-06
19150.0 6.2026e-06
19170.0 6.1792e-06
19190.0 6.1559e-06
19210.0 6.1325e-06
19230.0 6.1091e-06
19250.0 6.0859e-06
19270.0 6.0627e-06
19290.0 6.0394e-06
19310.0 6.0162e-06
19330.0 5.9931e-06
19350.0 5.9698e-06
19370.0 5.9467e-06
19390.0 5.9237e-06
19410.0 5.9007e-06
19430.0 5.8776e-06
19450.0 5.8548e-06
19470.0 5.8319e-06
19490.0 5.809e-06
19510.0 5.7863e-06
19530.0 5.7636e-06
19550.0 5.7409e-06
19570.0 5.7182e-06
19590.0 5.6958e-06
19610.0 5.6733e-06
19630.0 5.6508e-06
19650.0 5.6285e-06
19670.0 5.6063e-06
19690.0 5.5841e-06
19710.0 5.5619e-06
19730.0 5.5399e-06
19750.0 5.5179e-06
19770.0 5.4959e-06
19790.0 5.4741e-06
19810.0 5.4524e-06
19830.0 5.4305e-06
19850.0 5.4086e-06
19870.0 5.3863e-06
19890.0 5.3629e-06
19910.0 5.3375e-06
19930.0 5.3092e-06
19950.0 5.2764e-06
19970.0 5.2362e-06
19990.0 5.1875e-06
20010.0 5.1312e-06
20030.0 5.0643e-06
20050.0 4.9873e-06
20070.0 4.9048e-06
20090.0 4.8177e-06
20110.0 4.7226e-06
20130.0 4.6284e-06
20150.0 4.5369e-06
20170.0 4.4446e-06
20190.0 4.3531e-06
20210.0 4.2673e-06
20230.0 4.1843e-06
20250.0 4.1016e-06
20270.0 4.0236e-06
20290.0 3.9504e-06
20310.0 3.8787e-06
20330.0 3.8083e-06
20350.0 3.7447e-06
20370.0 3.6832e-06
20390.0 3.6231e-06
20410.0 3.5668e-06
20430.0 3.5146e-06
20450.0 3.463e-06
20470.0 3.4144e-06
20490.0 3.3701e-06
20510.0 3.3285e-06
20530.0 3.2891e-06
20550.0 3.2536e-06
20570.0 3.2221e-06
20590.0 3.193e-06
20610.0 3.1672e-06
20630.0 3.1452e-06
20650.0 3.1261e-06
20670.0 3.1099e-06
20690.0 3.0969e-06
20710.0 3.0866e-06
20730.0 3.0789e-06
20750.0 3.0735e-06
20770.0 3.0698e-06
20790.0 3.0679e-06
20810.0 3.0676e-06
20830.0 3.0681e-06
20850.0 3.0691e-06
20870.0 3.0709e-06
20890.0 3.0726e-06
20910.0 3.0733e-06
20930.0 3.0736e-06
20950.0 3.073e-06
20970.0 3.0707e-06
20990.0 3.0669e-06
21010.0 3.0614e-06
21030.0 3.0539e-06
21050.0 3.0442e-06
21070.0 3.0325e-06
21090.0 3.0183e-06
21110.0 3.0022e-06
21130.0 2.9842e-06
21150.0 2.9639e-06
21170.0 2.9419e-06
21190.0 2.9188e-06
21210.0 2.8936e-06
21230.0 2.8667e-06
21250.0 2.8394e-06
21270.0 2.8113e-06
21290.0 2.7819e-06
21310.0 2.7521e-06
21330.0 2.7231e-06
21350.0 2.6932e-06
21370.0 2.6633e-06
21390.0 2.6345e-06
21410.0 2.6064e-06
21430.0 2.578e-06
21450.0 2.5516e-06
21470.0 2.5271e-06
21490.0 2.5036e-06
21510.0 2.4819e-06
21530.0 2.4627e-06
21550.0 2.4455e-06
21570.0 2.4304e-06
21590.0 2.4179e-06
21610.0 2.4079e-06
21630.0 2.4004e-06
21650.0 2.3956e-06
21670.0 2.3931e-06
21690.0 2.3928e-06
21710.0 2.3949e-06
21730.0 2.3989e-06
21750.0 2.4041e-06
21770.0 2.4116e-06
21790.0 2.4202e-06
21810.0 2.4291e-06
21830.0 2.4388e-06
21850.0 2.4492e-06
21870.0 2.4592e-06
21890.0 2.4683e-06
21910.0 2.4775e-06
21930.0 2.4859e-06
21950.0 2.4927e-06
21970.0 2.4987e-06
21990.0 2.5039e-06
22010.0 2.5072e-06
22030.0 2.5091e-06
22050.0 2.5098e-06
22070.0 2.5091e-06
22090.0 2.507e-06
22110.0 2.5037e-06
22130.0 2.4992e-06
22150.0 2.4936e-06
22170.0 2.487e-06
22190.0 2.4793e-06
22210.0 2.4707e-06
22230.0 2.4613e-06
22250.0 2.4509e-06
22270.0 2.4396e-06
22290.0 2.4275e-06
22310.0 2.4146e-06
22330.0 2.4004e-06
22350.0 2.3852e-06
22370.0 2.3693e-06
22390.0 2.352e-06
22410.0 2.3329e-06
22430.0 2.3132e-06
22450.0 2.2923e-06
22470.0 2.2695e-06
22490.0 2.2454e-06
22510.0 2.2207e-06
22530.0 2.1939e-06
22550.0 2.1654e-06
22570.0 2.1368e-06
22590.0 2.1074e-06
22610.0 2.0764e-06
22630.0 2.0452e-06
22650.0 2.015e-06
22670.0 1.9837e-06
22690.0 1.9524e-06
22710.0 1.9225e-06
22730.0 1.8935e-06
22750.0 1.8639e-06
22770.0 1.8366e-06
22790.0 1.8112e-06
22810.0 1.7865e-06
22830.0 1.7631e-06
22850.0 1.7421e-06
22870.0 1.7224e-06
22890.0 1.7037e-06
22910.0 1.6868e-06
22930.0 1.6715e-06
22950.0 1.6572e-06
22970.0 1.6437e-06
22990.0 1.6319e-06
23010.0 1.6207e-06
23030.0 1.61e-06
23050.0 1.5999e-06
23070.0 1.5904e-06
23090.0 1.5806e-06
23110.0 1.5708e-06
23130.0 1.5613e-06
23150.0 1.5514e-06
23170.0 1.541e-06
23190.0 1.5305e-06
23210.0 1.5199e-06
23230.0 1.5087e-06
23250.0 1.4973e-06
23270.0 1.4861e-06
23290.0 1.4747e-06
23310.0 1.4629e-06
23330.0 1.4519e-06
23350.0 1.4411e-06
23370.0 1.4305e-06
23390.0 1.4203e-06
23410.0 1.4108e-06
23430.0 1.4015e-06
23450.0 1.3925e-06
23470.0 1.384e-06
23490.0 1.3758e-06
23510.0 1.3677e-06
23530.0 1.3597e-06
23550.0 1.3522e-06
23570.0 1.3446e-06
23590.0 1.337e-06
23610.0 1.3296e-06
23630.0 1.3224e-06
23650.0 1.315e-06
23670.0 1.3078e-06
23690.0 1.3009e-06
23710.0 1.2942e-06
23730.0 1.2879e-06
23750.0 1.2822e-06
23770.0 1.2773e-06
23790.0 1.2732e-06
23810.0 1.2702e-06
23830.0 1.2684e-06
23850.0 1.2682e-06
23870.0 1.2699e-06
23890.0 1.2733e-06
23910.0 1.2787e-06
23930.0 1.2866e-06
23950.0 1.2965e-06
23970.0 1.3079e-06
23990.0 1.3219e-06
24010.0 1.3379e-06
24030.0 1.3549e-06
24050.0 1.3733e-06
24070.0 1.394e-06
24090.0 1.4147e-06
24110.0 1.4353e-06
24130.0 1.4571e-06
24150.0 1.4792e-06
24170.0 1.5003e-06
24190.0 1.5217e-06
24210.0 1.5437e-06
24230.0 1.5648e-06
24250.0 1.5852e-06
24270.0 1.6061e-06
24290.0 1.6273e-06
24310.0 1.6467e-06
24330.0 1.6665e-06
24350.0 1.6867e-06
24370.0 1.7062e-06
24390.0 1.7251e-06
24410.0 1.7453e-06
24430.0 1.7649e-06
24450.0 1.7836e-06
24470.0 1.8023e-06
24490.0 1.821e-06
24510.0 1.8381e-06
24530.0 1.8538e-06
24550.0 1.8688e-06
24570.0 1.8818e-06
24590.0 1.8923e-06
24610.0 1.9008e-06
24630.0 1.9069e-06
24650.0 1.9099e-06
24670.0 1.9104e-06
24690.0 1.9085e-06
24710.0 1.9044e-06
24730.0 1.8987e-06
24750.0 1.8915e-06
24770.0 1.8832e-06
24790.0 1.8742e-06
24810.0 1.8644e-06
24830.0 1.852e-06
24850.0 1.8351e-06
24870.0 1.81e-06
24890.0 1.7684e-06
24910.0 1.7002e-06
24930.0 1.6007e-06
24950.0 1.4634e-06
24970.0 1.2771e-06
24990.0 1.0651e-06
