#lamb flux
1010.0 1.7694e-07
1030.0 1.9568e-07
1050.0 2.1724e-07
1070.0 2.415e-07
1090.0 2.6906e-07
1110.0 2.9732e-07
1130.0 3.2577e-07
1150.0 3.5557e-07
1170.0 3.8631e-07
1190.0 4.1546e-07
1210.0 4.45e-07
1230.0 4.7553e-07
1250.0 5.0544e-07
1270.0 5.3448e-07
1290.0 5.6518e-07
1310.0 5.9584e-07
1330.0 6.2526e-07
1350.0 6.55e-07
1370.0 6.8571e-07
1390.0 7.1565e-07
1410.0 7.447e-07
1430.0 7.7508e-07
1450.0 8.0545e-07
1470.0 8.348e-07
1490.0 8.6447e-07
1510.0 8.9582e-07
1530.0 9.2552e-07
1550.0 9.5483e-07
1570.0 9.8516e-07
1590.0 1.0155e-06
1610.0 1.0445e-06
1630.0 1.0745e-06
1650.0 1.1052e-06
1670.0 1.1349e-06
1690.0 1.1643e-06
1710.0 1.1948e-06
1730.0 1.2256e-06
1750.0 1.2545e-06
1770.0 1.2843e-06
1790.0 1.3147e-06
1810.0 1.3442e-06
1830.0 1.3732e-06
1850.0 1.4041e-06
1870.0 1.4342e-06
1890.0 1.4633e-06
1910.0 1.4931e-06
1930.0 1.5237e-06
1950.0 1.5529e-06
1970.0 1.5818e-06
1990.0 1.612e-06
2010.0 1.6416e-06
2030.0 1.6703e-06
2050.0 1.6999e-06
2070.0 1.7304e-06
2090.0 1.7591e-06
2110.0 1.7879e-06
2130.0 1.8176e-06
2150.0 1.8467e-06
2170.0 1.8747e-06
2190.0 1.9037e-06
2210.0 1.933e-06
2230.0 1.9612e-06
2250.0 1.9892e-06
2270.0 2.0186e-06
2290.0 2.0471e-06
2310.0 2.0745e-06
2330.0 2.103e-06
2350.0 2.1322e-06
2370.0 2.1613e-06
2390.0 2.1929e-06
2410.0 2.2303e-06
2430.0 2.2733e-06
2450.0 2.3247e-06
2470.0 2.3906e-06
2490.0 2.4737e-06
2510.0 2.5681e-06
2530.0 2.6818e-06
2550.0 2.8241e-06
2570.0 3.0012e-06
2590.0 3.2315e-06
2610.0 3.5764e-06
2630.0 4.0686e-06
2650.0 4.7123e-06
2670.0 5.5444e-06
2690.0 6.5668e-06
2710.0 7.6582e-06
2730.0 8.7365e-06
2750.0 9.7984e-06
2770.0 1.0722e-05
2790.0 1.1455e-05
2810.0 1.2037e-05
2830.0 1.2492e-05
2850.0 1.2802e-05
2870.0 1.3029e-05
2890.0 1.3209e-05
2910.0 1.3352e-05
2930.0 1.347e-05
2950.0 1.3582e-05
2970.0 1.3691e-05
2990.0 1.3793e-05
3010.0 0.00039014
3030.0 0.00039304
3050.0 0.00039585
3070.0 0.00039825
3090.0 0.00040032
3110.0 0.00040159
3130.0 0.00040153
3150.0 0.00039974
3170.0 0.00039545
3190.0 0.00038871
3210.0 0.00038018
3230.0 0.00037041
3250.0 0.00036076
3270.0 0.00035371
3290.0 0.00034979
3310.0 0.00035042
3330.0 0.00035548
3350.0 0.0003643
3370.0 0.0003769
3390.0 0.00039278
3410.0 0.00041007
3430.0 0.00042948
3450.0 0.00045182
3470.0 0.00047622
3490.0 0.00050208
3510.0 0.00053131
3530.0 0.00056262
3550.0 0.00059432
3570.0 0.00062739
3590.0 0.00066336
3610.0 0.00070044
3630.0 0.0007374
3650.0 0.00077574
3670.0 0.00081075
3690.0 0.00083691
3710.0 0.0008519
3730.0 0.00085237
3750.0 0.00084044
3770.0 0.0008359
3790.0 0.00083092
3810.0 0.00080991
3830.0 0.00083489
3850.0 0.00093447
3870.0 0.00098855
3890.0 0.00098312
3910.0 0.00098694
3930.0 0.0010134
3950.0 0.00103
3970.0 0.00093909
3990.0 0.00080707
4010.0 0.0024162
4030.0 0.0029264
4050.0 0.003355
4070.0 0.0029129
4090.0 0.0026384
4110.0 0.0023275
4130.0 0.0021441
4150.0 0.0022832
4170.0 0.0022468
4190.0 0.0023934
4210.0 0.0023726
4230.0 0.002511
4250.0 0.002971
4270.0 0.003007
4290.0 0.0027701
4310.0 0.0028769
4330.0 0.0030592
4350.0 0.0034318
4370.0 0.0039067
4390.0 0.0036634
4410.0 0.0027037
4430.0 0.0022877
4450.0 0.0021024
4470.0 0.0016124
4490.0 0.0017422
4510.0 0.0026364
4530.0 0.0030415
4550.0 0.0030663
4570.0 0.0034469
4590.0 0.0039252
4610.0 0.0053034
4630.0 0.0068913
4650.0 0.0074684
4670.0 0.0069147
4690.0 0.0065993
4710.0 0.0069753
4730.0 0.0065791
4750.0 0.0049162
4770.0 0.0036049
4790.0 0.0033684
4810.0 0.0032122
4830.0 0.0029418
4850.0 0.0032278
4870.0 0.0042643
4890.0 0.0050283
4910.0 0.0044095
4930.0 0.0039036
4950.0 0.0042897
4970.0 0.005502
4990.0 0.0074564
5010.0 0.0085783
5030.0 0.0075607
5050.0 0.0051134
5070.0 0.003371
5090.0 0.0027172
5110.0 0.0027932
5130.0 0.0032246
5150.0 0.0034921
5170.0 0.0034391
5190.0 0.0032129
5210.0 0.0033592
5230.0 0.0035335
5250.0 0.0038094
5270.0 0.0041071
5290.0 0.0045507
5310.0 0.0053
5330.0 0.0058646
5350.0 0.0058268
5370.0 0.006122
5390.0 0.0070279
5410.0 0.0070163
5430.0 0.0062013
5450.0 0.0056996
5470.0 0.0060541
5490.0 0.0073966
5510.0 0.0092466
5530.0 0.010606
5550.0 0.010247
5570.0 0.0093147
5590.0 0.008097
5610.0 0.00747
5630.0 0.0072486
5650.0 0.0069019
5670.0 0.0065387
5690.0 0.0058426
5710.0 0.0056979
5730.0 0.0052498
5750.0 0.0036973
5770.0 0.0028833
5790.0 0.0032683
5810.0 0.0036892
5830.0 0.0045315
5850.0 0.0053967
5870.0 0.0059868
5890.0 0.0060865
5910.0 0.0059709
5930.0 0.0056835
5950.0 0.0057915
5970.0 0.0066043
5990.0 0.0062056
6010.0 0.0052002
6030.0 0.0043929
6050.0 0.0038261
6070.0 0.0038082
6090.0 0.0041299
6110.0 0.0046159
6130.0 0.0046848
6150.0 0.0040294
6170.0 0.0035425
6190.0 0.0039874
6210.0 0.0052753
6230.0 0.006927
6250.0 0.0075031
6270.0 0.0065527
6290.0 0.0055136
6310.0 0.0043039
6330.0 0.0032969
6350.0 0.002942
6370.0 0.0030938
6390.0 0.003577
6410.0 0.0044118
6430.0 0.0051525
6450.0 0.0058979
6470.0 0.0067501
6490.0 0.0081531
6510.0 0.0091164
6530.0 0.0089459
6550.0 0.0080903
6570.0 0.0068652
6590.0 0.0061919
6610.0 0.0053379
6630.0 0.0048395
6650.0 0.0045757
6670.0 0.0044422
6690.0 0.0040104
6710.0 0.0036469
6730.0 0.0026211
6750.0 0.0026016
6770.0 0.0028333
6790.0 0.0032595
6810.0 0.0029778
6830.0 0.0030662
6850.0 0.0028661
6870.0 0.0026183
6890.0 0.0025125
6910.0 0.0026792
6930.0 0.0025096
6950.0 0.0025839
6970.0 0.0027178
6990.0 0.0030846
7010.0 0.0031099
7030.0 0.0031617
7050.0 0.0030136
7070.0 0.0028693
7090.0 0.0028788
7110.0 0.0029628
7130.0 0.0031897
7150.0 0.003389
7170.0 0.0037399
7190.0 0.0041108
7210.0 0.0040373
7230.0 0.0041501
7250.0 0.0044597
7270.0 0.0048593
7290.0 0.0057689
7310.0 0.0062594
7330.0 0.0060496
7350.0 0.0054712
7370.0 0.0047567
7390.0 0.0046158
7410.0 0.0049085
7430.0 0.0054561
7450.0 0.0059423
7470.0 0.0058849
7490.0 0.0053616
7510.0 0.0060846
7530.0 0.0060156
7550.0 0.005409
7570.0 0.0042223
7590.0 0.0028973
7610.0 0.0024853
7630.0 0.0028266
7650.0 0.0033439
7670.0 0.0041669
7690.0 0.0045856
7710.0 0.0047754
7730.0 0.0050172
7750.0 0.005637
7770.0 0.0057263
7790.0 0.0052597
7810.0 0.0047961
7830.0 0.0049473
7850.0 0.0048126
7870.0 0.0044141
7890.0 0.0037071
7910.0 0.0030105
7930.0 0.0028759
7950.0 0.00262
7970.0 0.0024242
7990.0 0.0024094
8010.0 0.00020205
8030.0 0.00019646
8050.0 0.00019665
8070.0 0.00020432
8090.0 0.00022687
8110.0 0.00022141
8130.0 0.00017036
8150.0 0.00016877
8170.0 0.00013537
8190.0 0.00012167
8210.0 0.00017494
8230.0 0.00019786
8250.0 0.00016063
8270.0 0.00013794
8290.0 0.00014633
8310.0 0.00011567
8330.0 7.7071e-05
8350.0 5.5538e-05
8370.0 3.0416e-05
8390.0 6.3419e-05
8410.0 7.3487e-05
8430.0 9.0542e-05
8450.0 0.00010587
8470.0 0.00013892
8490.0 0.00013357
8510.0 0.00012674
8530.0 0.00012336
8550.0 0.00018582
8570.0 0.00023029
8590.0 0.00023079
8610.0 0.00029967
8630.0 0.00035607
8650.0 0.00034672
8670.0 0.00038045
8690.0 0.00040491
8710.0 0.00036291
8730.0 0.00034508
8750.0 0.00029844
8770.0 0.00028018
8790.0 0.00028017
8810.0 0.00027434
8830.0 0.00020697
8850.0 0.00014222
8870.0 0.00010763
8890.0 0.00011811
8910.0 0.00014471
8930.0 0.00017133
8950.0 0.00017744
8970.0 0.000176
8990.0 0.00014914
9010.0 0.0012821
9030.0 0.0011535
9050.0 0.0011601
9070.0 0.0011703
9090.0 0.0011793
9110.0 0.0011903
9130.0 0.0011987
9150.0 0.0012052
9170.0 0.0012121
9190.0 0.0012195
9210.0 0.0012273
9230.0 0.0012355
9250.0 0.0012438
9270.0 0.0012524
9290.0 0.0012613
9310.0 0.0012703
9330.0 0.0012794
9350.0 0.0012888
9370.0 0.0012983
9390.0 0.0013079
9410.0 0.0013178
9430.0 0.001328
9450.0 0.0013382
9470.0 0.0013485
9490.0 0.0013591
9510.0 0.0013699
9530.0 0.0013807
9550.0 0.0013919
9570.0 0.0014032
9590.0 0.0014146
9610.0 0.0014262
9630.0 0.0014381
9650.0 0.0014501
9670.0 0.0014621
9690.0 0.0014744
9710.0 0.0014869
9730.0 0.0014995
9750.0 0.0015122
9770.0 0.0015253
9790.0 0.0015384
9810.0 0.0015515
9830.0 0.0015649
9850.0 0.0015785
9870.0 0.0015921
9890.0 0.0016058
9910.0 0.0016198
9930.0 0.0016339
9950.0 0.0016479
9970.0 0.0016623
9990.0 0.0016768
10010.0 0.0014557
10030.0 0.0014682
10050.0 0.001481
10070.0 0.0014942
10090.0 0.0015067
10110.0 0.0015195
10130.0 0.0015323
10150.0 0.0015451
10170.0 0.001558
10190.0 0.0015712
10210.0 0.0015842
10230.0 0.0015972
10250.0 0.0016104
10270.0 0.0016235
10290.0 0.0016365
10310.0 0.0016497
10330.0 0.001663
10350.0 0.0016761
10370.0 0.0016891
10390.0 0.0017023
10410.0 0.0017154
10430.0 0.0017283
10450.0 0.0017413
10470.0 0.0017543
10490.0 0.0017671
10510.0 0.0017798
10530.0 0.0017928
10550.0 0.0018055
10570.0 0.0018179
10590.0 0.0018305
10610.0 0.001843
10630.0 0.0018552
10650.0 0.0018673
10670.0 0.0018795
10690.0 0.0018915
10710.0 0.0019032
10730.0 0.0019149
10750.0 0.0019267
10770.0 0.001938
10790.0 0.0019492
10810.0 0.0019604
10830.0 0.0019712
10850.0 0.0019815
10870.0 0.0019915
10890.0 0.0020003
10910.0 0.0020071
10930.0 0.0020111
10950.0 0.0020105
10970.0 0.0020039
10990.0 0.0019907
11010.0 0.0019414
11030.0 0.0019105
11050.0 0.0018729
11070.0 0.0018279
11090.0 0.0017738
11110.0 0.0017178
11130.0 0.0016595
11150.0 0.0015967
11170.0 0.0015319
11190.0 0.0014691
11210.0 0.0014042
11230.0 0.0013377
11250.0 0.0012741
11270.0 0.0012131
11290.0 0.0011519
11310.0 0.001094
11330.0 0.001043
11350.0 0.00099479
11370.0 0.00095025
11390.0 0.00091172
11410.0 0.00087801
11430.0 0.00084668
11450.0 0.00081969
11470.0 0.00079634
11490.0 0.00077461
11510.0 0.00075368
11530.0 0.00073425
11550.0 0.00071495
11570.0 0.00069436
11590.0 0.00067304
11610.0 0.00065135
11630.0 0.00062773
11650.0 0.00060245
11670.0 0.00057754
11690.0 0.00055228
11710.0 0.00052622
11730.0 0.00050097
11750.0 0.0004776
11770.0 0.00045468
11790.0 0.0004332
11810.0 0.00041429
11830.0 0.00039737
11850.0 0.00038179
11870.0 0.00036876
11890.0 0.00035792
11910.0 0.0003484
11930.0 0.00034021
11950.0 0.00033339
11970.0 0.00032729
11990.0 0.00032153
12010.0 0.0003162
12030.0 0.00031107
12050.0 0.00030576
12070.0 0.00030024
12090.0 0.00029492
12110.0 0.00028952
12130.0 0.0002841
12150.0 0.00027911
12170.0 0.00027475
12190.0 0.00027098
12210.0 0.00026835
12230.0 0.00026707
12250.0 0.00026727
12270.0 0.00026927
12290.0 0.00027307
12310.0 0.00027852
12330.0 0.00028616
12350.0 0.00029568
12370.0 0.00030654
12390.0 0.00031905
12410.0 0.00033371
12430.0 0.00034862
12450.0 0.00036405
12470.0 0.00038047
12490.0 0.00039695
12510.0 0.00041241
12530.0 0.0004278
12550.0 0.00044264
12570.0 0.00045574
12590.0 0.00046724
12610.0 0.00047749
12630.0 0.00048565
12650.0 0.00049129
12670.0 0.00049499
12690.0 0.00049647
12710.0 0.00049565
12730.0 0.00049277
12750.0 0.00048763
12770.0 0.00048059
12790.0 0.00047206
12810.0 0.00046187
12830.0 0.00045007
12850.0 0.00043774
12870.0 0.00042471
12890.0 0.0004106
12910.0 0.00039626
12930.0 0.00038213
12950.0 0.00036739
12970.0 0.00035238
12990.0 0.00033818
13010.0 0.00032416
13030.0 0.00030998
13050.0 0.00029636
13070.0 0.00028361
13090.0 0.00027081
13110.0 0.00025842
13130.0 0.000247
13150.0 0.00023619
13170.0 0.0002256
13190.0 0.00021618
13210.0 0.00020789
13230.0 0.00020031
13250.0 0.00019378
13270.0 0.00018863
13290.0 0.00018462
13310.0 0.00018186
13330.0 0.0001806
13350.0 0.00018074
13370.0 0.00018235
13390.0 0.00018553
13410.0 0.00018983
13430.0 0.00019542
13450.0 0.00020233
13470.0 0.00021
13490.0 0.00021813
13510.0 0.00022729
13530.0 0.00023658
13550.0 0.00024548
13570.0 0.00025425
13590.0 0.0002628
13610.0 0.0002704
13630.0 0.00027704
13650.0 0.0002831
13670.0 0.00028814
13690.0 0.00029203
13710.0 0.00029504
13730.0 0.00029719
13750.0 0.00029827
13770.0 0.00029852
13790.0 0.00029798
13810.0 0.00029666
13830.0 0.00029472
13850.0 0.00029209
13870.0 0.00028877
13890.0 0.00028497
13910.0 0.00028069
13930.0 0.00027573
13950.0 0.00027032
13970.0 0.00026479
13990.0 0.00025877
14010.0 0.00025236
14030.0 0.00024597
14050.0 0.00023953
14070.0 0.00023273
14090.0 0.00022622
14110.0 0.0002201
14130.0 0.00021416
14150.0 0.00020858
14170.0 0.00020381
14190.0 0.00019969
14210.0 0.00019619
14230.0 0.0001936
14250.0 0.00019193
14270.0 0.00019111
14290.0 0.00019128
14310.0 0.00019235
14330.0 0.00019426
14350.0 0.00019708
14370.0 0.00020059
14390.0 0.00020458
14410.0 0.00020927
14430.0 0.00021443
14450.0 0.0002197
14470.0 0.00022516
14490.0 0.00023097
14510.0 0.00023653
14530.0 0.00024181
14550.0 0.00024709
14570.0 0.00025215
14590.0 0.00025677
14610.0 0.00026123
14630.0 0.00026564
14650.0 0.00026975
14670.0 0.00027372
14690.0 0.00027786
14710.0 0.00028221
14730.0 0.00028656
14750.0 0.00029139
14770.0 0.00029685
14790.0 0.00030278
14810.0 0.00030921
14830.0 0.00031682
14850.0 0.00032509
14870.0 0.00033372
14890.0 0.00034303
14910.0 0.00035292
14930.0 0.00036243
14950.0 0.00037132
14970.0 0.00037974
14990.0 0.00038679
15010.0 0.00039219
15030.0 0.00039619
15050.0 0.00039883
15070.0 0.00040013
15090.0 0.00040058
15110.0 0.00040045
15130.0 0.00039995
15150.0 0.00039928
15170.0 0.00039848
15190.0 0.00039762
15210.0 0.00039678
15230.0 0.00039594
15250.0 0.00039507
15270.0 0.00039421
15290.0 0.00039339
15310.0 0.00039255
15330.0 0.00039171
15350.0 0.00039089
15370.0 0.00039009
15390.0 0.00038924
15410.0 0.00038842
15430.0 0.00038762
15450.0 0.00038681
15470.0 0.00038598
15490.0 0.0003852
15510.0 0.00038442
15530.0 0.00038361
15550.0 0.00038281
15570.0 0.00038205
15590.0 0.00038125
15610.0 0.00038044
15630.0 0.00037968
15650.0 0.00037892
15670.0 0.00037813
15690.0 0.00037735
15710.0 0.00037661
15730.0 0.00037583
15750.0 0.00037506
15770.0 0.00037431
15790.0 0.00037356
15810.0 0.00037277
15830.0 0.00037201
15850.0 0.00037128
15870.0 0.00037052
15890.0 0.00036975
15910.0 0.00036903
15930.0 0.00036828
15950.0 0.00036751
15970.0 0.00036676
15990.0 0.00036603
16010.0 0.00036527
16030.0 0.00036451
16050.0 0.00036379
16070.0 0.00036305
16090.0 0.00036229
16110.0 0.00036156
16130.0 0.00036084
16150.0 0.00036007
16170.0 0.00035931
16190.0 0.00035859
16210.0 0.00035785
16230.0 0.00035709
16250.0 0.00035635
16270.0 0.00035563
16290.0 0.00035488
16310.0 0.00035413
16330.0 0.0003534
16350.0 0.00035266
16370.0 0.00035187
16390.0 0.00035115
16410.0 0.00035042
16430.0 0.00034965
16450.0 0.0003489
16470.0 0.00034818
16490.0 0.00034742
16510.0 0.00034665
16530.0 0.00034591
16550.0 0.00034517
16570.0 0.0003444
16590.0 0.00034363
16610.0 0.0003429
16630.0 0.00034214
16650.0 0.00034137
16670.0 0.00034062
16690.0 0.00033988
16710.0 0.00033908
16730.0 0.00033831
16750.0 0.00033756
16770.0 0.00033679
16790.0 0.000336
16810.0 0.00033525
16830.0 0.00033449
16850.0 0.00033369
16870.0 0.00033292
16890.0 0.00033216
16910.0 0.00033136
16930.0 0.00033056
16950.0 0.00032979
16970.0 0.00032901
16990.0 0.0003282
17010.0 0.00032742
17030.0 0.00032665
17050.0 0.00032584
17070.0 0.00032503
17090.0 0.00032425
17110.0 0.00032346
17130.0 0.00032262
17150.0 0.00032182
17170.0 0.00032104
17190.0 0.00032022
17210.0 0.0003194
17230.0 0.00031861
17250.0 0.0003178
17270.0 0.00031695
17290.0 0.00031614
17310.0 0.00031533
17330.0 0.00031449
17350.0 0.00031365
17370.0 0.00031285
17390.0 0.00031202
17410.0 0.00031117
17430.0 0.00031035
17450.0 0.00030953
17470.0 0.00030866
17490.0 0.00030781
17510.0 0.00030699
17530.0 0.00030614
17550.0 0.00030528
17570.0 0.00030444
17590.0 0.00030361
17610.0 0.00030274
17630.0 0.00030188
17650.0 0.00030104
17670.0 0.00030018
17690.0 0.00029928
17710.0 0.00029844
17730.0 0.00029759
17750.0 0.0002967
17770.0 0.00029583
17790.0 0.00029499
17810.0 0.00029411
17830.0 0.00029321
17850.0 0.00029235
17870.0 0.00029148
17890.0 0.00029058
17910.0 0.00028969
17930.0 0.00028884
17950.0 0.00028795
17970.0 0.00028705
17990.0 0.00028618
18010.0 0.0002853
18030.0 0.00028438
18050.0 0.00028348
18070.0 0.00028261
18090.0 0.0002817
18110.0 0.00028079
18130.0 0.00027991
18150.0 0.00027902
18170.0 0.0002781
18190.0 0.0002772
18210.0 0.00027632
18230.0 0.0002754
18250.0 0.00027446
18270.0 0.00027358
18290.0 0.00027268
18310.0 0.00027175
18330.0 0.00027084
18350.0 0.00026995
18370.0 0.00026902
18390.0 0.0002681
18410.0 0.0002672
18430.0 0.00026629
18450.0 0.00026533
18470.0 0.00026442
18490.0 0.00026352
18510.0 0.00026259
18530.0 0.00026166
18550.0 0.00026077
18570.0 0.00025984
18590.0 0.00025889
18610.0 0.00025797
18630.0 0.00025706
18650.0 0.00025612
18670.0 0.00025518
18690.0 0.00025428
18710.0 0.00025335
18730.0 0.00025241
18750.0 0.00025149
18770.0 0.00025058
18790.0 0.00024962
18810.0 0.00024868
18830.0 0.00024777
18850.0 0.00024684
18870.0 0.00024589
18890.0 0.00024497
18910.0 0.00024406
18930.0 0.0002431
18950.0 0.00024217
18970.0 0.00024125
18990.0 0.00024032
19010.0 0.00023934
19030.0 0.00023843
19050.0 0.00023751
19070.0 0.00023656
19090.0 0.00023563
19110.0 0.00023472
19130.0 0.00023377
19150.0 0.00023282
19170.0 0.0002319
19190.0 0.00023097
19210.0 0.00023001
19230.0 0.00022907
19250.0 0.00022817
19270.0 0.00022723
19290.0 0.00022628
19310.0 0.00022536
19330.0 0.00022444
19350.0 0.00022347
19370.0 0.00022254
19390.0 0.00022163
19410.0 0.00022069
19430.0 0.00021973
19450.0 0.00021883
19470.0 0.0002179
19490.0 0.00021695
19510.0 0.00021602
19530.0 0.00021511
19550.0 0.00021416
19570.0 0.00021321
19590.0 0.0002123
19610.0 0.00021138
19630.0 0.00021043
19650.0 0.00020951
19670.0 0.0002086
19690.0 0.00020766
19710.0 0.00020672
19730.0 0.00020581
19750.0 0.00020488
19770.0 0.00020392
19790.0 0.00020301
19810.0 0.0002021
19830.0 0.00020116
19850.0 0.00020021
19870.0 0.00019928
19890.0 0.00019829
19910.0 0.00019719
19930.0 0.00019602
19950.0 0.00019468
19970.0 0.00019303
19990.0 0.00019105
20010.0 0.00016999
20030.0 0.00016753
20050.0 0.00016465
20070.0 0.00016153
20090.0 0.00015817
20110.0 0.00015437
20130.0 0.00015053
20150.0 0.00014672
20170.0 0.00014277
20190.0 0.00013877
20210.0 0.00013498
20230.0 0.00013129
20250.0 0.0001276
20270.0 0.00012416
20290.0 0.00012103
20310.0 0.00011805
20330.0 0.00011527
20350.0 0.00011296
20370.0 0.00011091
20390.0 0.00010911
20410.0 0.00010766
20430.0 0.00010654
20450.0 0.00010565
20470.0 0.00010506
20490.0 0.00010474
20510.0 0.00010464
20530.0 0.00010477
20550.0 0.0001051
20570.0 0.00010557
20590.0 0.0001062
20610.0 0.00010697
20630.0 0.00010782
20650.0 0.00010877
20670.0 0.00010986
20690.0 0.00011097
20710.0 0.00011211
20730.0 0.00011335
20750.0 0.00011464
20770.0 0.00011591
20790.0 0.00011724
20810.0 0.00011865
20830.0 0.00012005
20850.0 0.00012146
20870.0 0.00012297
20890.0 0.0001245
20910.0 0.00012599
20930.0 0.00012753
20950.0 0.00012912
20970.0 0.00013067
20990.0 0.00013221
21010.0 0.00013382
21030.0 0.0001354
21050.0 0.0001369
21070.0 0.0001384
21090.0 0.00013991
21110.0 0.00014128
21130.0 0.00014257
21150.0 0.00014382
21170.0 0.00014495
21190.0 0.00014593
21210.0 0.0001468
21230.0 0.00014753
21250.0 0.00014805
21270.0 0.00014838
21290.0 0.0001485
21310.0 0.00014839
21330.0 0.00014804
21350.0 0.00014742
21370.0 0.00014652
21390.0 0.00014537
21410.0 0.00014396
21430.0 0.00014219
21450.0 0.00014019
21470.0 0.00013801
21490.0 0.00013555
21510.0 0.00013285
21530.0 0.00013011
21550.0 0.00012724
21570.0 0.00012418
21590.0 0.00012116
21610.0 0.00011825
21630.0 0.00011534
21650.0 0.00011249
21670.0 0.00011003
21690.0 0.00010775
21710.0 0.0001057
21730.0 0.00010402
21750.0 0.00010273
21770.0 0.00010174
21790.0 0.00010117
21810.0 0.00010101
21830.0 0.00010124
21850.0 0.00010187
21870.0 0.00010286
21890.0 0.00010413
21910.0 0.00010577
21930.0 0.00010768
21950.0 0.00010976
21970.0 0.00011206
21990.0 0.00011464
22010.0 0.00011722
22030.0 0.00011985
22050.0 0.0001226
22070.0 0.00012537
22090.0 0.00012799
22110.0 0.00013063
22130.0 0.00013327
22150.0 0.00013573
22170.0 0.00013805
22190.0 0.00014036
22210.0 0.0001425
22230.0 0.00014438
22250.0 0.00014616
22270.0 0.00014779
22290.0 0.00014919
22310.0 0.00015039
22330.0 0.00015144
22350.0 0.00015226
22370.0 0.00015283
22390.0 0.00015319
22410.0 0.00015331
22430.0 0.00015316
22450.0 0.00015277
22470.0 0.00015208
22490.0 0.00015113
22510.0 0.00014993
22530.0 0.00014841
22550.0 0.00014655
22570.0 0.00014449
22590.0 0.00014216
22610.0 0.00013949
22630.0 0.0001366
22650.0 0.00013361
22670.0 0.0001303
22690.0 0.00012677
22710.0 0.00012321
22730.0 0.00011954
22750.0 0.00011556
22770.0 0.00011167
22790.0 0.00010787
22810.0 0.00010397
22830.0 0.00010008
22850.0 9.6444e-05
22870.0 9.2876e-05
22890.0 8.9325e-05
22910.0 8.6055e-05
22930.0 8.3058e-05
22950.0 8.0202e-05
22970.0 7.756e-05
22990.0 7.5371e-05
23010.0 7.343e-05
23030.0 7.1764e-05
23050.0 7.0475e-05
23070.0 6.9544e-05
23090.0 6.8914e-05
23110.0 6.8663e-05
23130.0 6.8763e-05
23150.0 6.9196e-05
23170.0 6.9991e-05
23190.0 7.1079e-05
23210.0 7.2413e-05
23230.0 7.4073e-05
23250.0 7.5973e-05
23270.0 7.8006e-05
23290.0 8.0244e-05
23310.0 8.2728e-05
23330.0 8.5182e-05
23350.0 8.7659e-05
23370.0 9.023e-05
23390.0 9.2765e-05
23410.0 9.5122e-05
23430.0 9.7449e-05
23450.0 9.9686e-05
23470.0 0.00010168
23490.0 0.00010347
23510.0 0.00010513
23530.0 0.00010652
23550.0 0.00010762
23570.0 0.0001085
23590.0 0.00010914
23610.0 0.0001095
23630.0 0.00010964
23650.0 0.00010953
23670.0 0.0001092
23690.0 0.00010866
23710.0 0.00010792
23730.0 0.00010698
23750.0 0.00010593
23770.0 0.00010476
23790.0 0.00010344
23810.0 0.00010206
23830.0 0.00010069
23850.0 9.9239e-05
23870.0 9.7782e-05
23890.0 9.6435e-05
23910.0 9.5153e-05
23930.0 9.393e-05
23950.0 9.2851e-05
23970.0 9.1945e-05
23990.0 9.1153e-05
24010.0 9.0523e-05
24030.0 9.0081e-05
24050.0 8.9802e-05
24070.0 8.9692e-05
24090.0 8.9761e-05
24110.0 8.9984e-05
24130.0 9.0372e-05
24150.0 9.092e-05
24170.0 9.1581e-05
24190.0 9.2383e-05
24210.0 9.3344e-05
24230.0 9.4393e-05
24250.0 9.5519e-05
24270.0 9.6775e-05
24290.0 9.8139e-05
24310.0 9.9476e-05
24330.0 0.00010089
24350.0 0.00010239
24370.0 0.00010387
24390.0 0.00010532
24410.0 0.00010687
24430.0 0.00010838
24450.0 0.00010982
24470.0 0.00011125
24490.0 0.00011267
24510.0 0.00011397
24530.0 0.00011518
24550.0 0.00011635
24570.0 0.0001174
24590.0 0.00011829
24610.0 0.00011907
24630.0 0.00011973
24650.0 0.00012018
24670.0 0.00012046
24690.0 0.00012059
24710.0 0.00012053
24730.0 0.00012033
24750.0 0.00011997
24770.0 0.00011947
24790.0 0.00011885
24810.0 0.00011811
24830.0 0.00011714
24850.0 0.00011583
24870.0 0.00011401
24890.0 0.00011113
24910.0 0.00010661
24930.0 0.00010019
24950.0 9.146e-05
24970.0 7.9716e-05
24990.0 6.6281e-05
