#lamb flux
1010.0 9.4074e-08
1030.0 1.0603e-07
1050.0 1.1977e-07
1070.0 1.3525e-07
1090.0 1.5282e-07
1110.0 1.7085e-07
1130.0 1.89e-07
1150.0 2.0801e-07
1170.0 2.2761e-07
1190.0 2.462e-07
1210.0 2.6505e-07
1230.0 2.8452e-07
1250.0 3.0359e-07
1270.0 3.2212e-07
1290.0 3.417e-07
1310.0 3.6126e-07
1330.0 3.8002e-07
1350.0 3.9899e-07
1370.0 4.1857e-07
1390.0 4.3767e-07
1410.0 4.5619e-07
1430.0 4.7556e-07
1450.0 4.9492e-07
1470.0 5.1363e-07
1490.0 5.3254e-07
1510.0 5.525e-07
1530.0 5.7142e-07
1550.0 5.9007e-07
1570.0 6.0937e-07
1590.0 6.2867e-07
1610.0 6.471e-07
1630.0 6.6609e-07
1650.0 6.8556e-07
1670.0 7.0438e-07
1690.0 7.2293e-07
1710.0 7.4218e-07
1730.0 7.615e-07
1750.0 7.7963e-07
1770.0 7.9825e-07
1790.0 8.172e-07
1810.0 8.3548e-07
1830.0 8.5336e-07
1850.0 8.723e-07
1870.0 8.9063e-07
1890.0 9.0822e-07
1910.0 9.2606e-07
1930.0 9.4422e-07
1950.0 9.6135e-07
1970.0 9.7809e-07
1990.0 9.9533e-07
2010.0 1.012e-06
2030.0 1.0278e-06
2050.0 1.0439e-06
2070.0 1.0601e-06
2090.0 1.075e-06
2110.0 1.0894e-06
2130.0 1.104e-06
2150.0 1.1178e-06
2170.0 1.1304e-06
2190.0 1.1431e-06
2210.0 1.1554e-06
2230.0 1.1665e-06
2250.0 1.1769e-06
2270.0 1.1874e-06
2290.0 1.1968e-06
2310.0 1.2048e-06
2330.0 1.2126e-06
2350.0 1.2198e-06
2370.0 1.2257e-06
2390.0 1.2312e-06
2410.0 1.2371e-06
2430.0 1.2424e-06
2450.0 1.2477e-06
2470.0 1.2544e-06
2490.0 1.2633e-06
2510.0 1.2738e-06
2530.0 1.2903e-06
2550.0 1.3189e-06
2570.0 1.3654e-06
2590.0 1.4379e-06
2610.0 1.5583e-06
2630.0 1.7318e-06
2650.0 1.9484e-06
2670.0 2.2104e-06
2690.0 2.5065e-06
2710.0 2.7913e-06
2730.0 3.0425e-06
2750.0 3.2629e-06
2770.0 3.4273e-06
2790.0 3.5338e-06
2810.0 3.6e-06
2830.0 3.6378e-06
2850.0 3.6474e-06
2870.0 3.6435e-06
2890.0 3.634e-06
2910.0 3.6203e-06
2930.0 3.6024e-06
2950.0 3.5856e-06
2970.0 3.5698e-06
2990.0 3.5527e-06
3010.0 7.352e-05
3030.0 7.3138e-05
3050.0 7.276e-05
3070.0 7.2319e-05
3090.0 7.1852e-05
3110.0 7.1285e-05
3130.0 7.0526e-05
3150.0 6.9536e-05
3170.0 6.8237e-05
3190.0 6.6661e-05
3210.0 6.4945e-05
3230.0 6.3222e-05
3250.0 6.1789e-05
3270.0 6.0842e-05
3290.0 6.0625e-05
3310.0 6.1097e-05
3330.0 6.2402e-05
3350.0 6.4338e-05
3370.0 6.695e-05
3390.0 7.0155e-05
3410.0 7.3604e-05
3430.0 7.7463e-05
3450.0 8.1876e-05
3470.0 8.665e-05
3490.0 9.1657e-05
3510.0 9.7246e-05
3530.0 0.00010317
3550.0 0.0001091
3570.0 0.00011528
3590.0 0.00012216
3610.0 0.00012924
3630.0 0.00013669
3650.0 0.00014444
3670.0 0.00015173
3690.0 0.00015742
3710.0 0.00016096
3730.0 0.00016165
3750.0 0.00015947
3770.0 0.00014671
3790.0 0.00013237
3810.0 0.00012273
3830.0 0.00010719
3850.0 7.9761e-05
3870.0 5.6704e-05
3890.0 9.4804e-05
3910.0 0.00015418
3930.0 0.00018647
3950.0 0.00018322
3970.0 0.00018728
3990.0 0.00021997
4010.0 0.00028256
4030.0 0.00028597
4050.0 0.00025344
4070.0 0.00022464
4090.0 0.00021237
4110.0 0.00025598
4130.0 0.00026756
4150.0 0.00026111
4170.0 0.00026479
4190.0 0.00026994
4210.0 0.00026646
4230.0 0.00029432
4250.0 0.00032171
4270.0 0.00032634
4290.0 0.0003304
4310.0 0.00033888
4330.0 0.00037365
4350.0 0.0004309
4370.0 0.00048922
4390.0 0.00046441
4410.0 0.00038031
4430.0 0.00031913
4450.0 0.00027336
4470.0 0.00026535
4490.0 0.00029154
4510.0 0.00032703
4530.0 0.00036135
4550.0 0.00041853
4570.0 0.00049524
4590.0 0.0006004
4610.0 0.00077102
4630.0 0.0009367
4650.0 0.00096317
4670.0 0.00093001
4690.0 0.00099115
4710.0 0.0010466
4730.0 0.00088773
4750.0 0.00063429
4770.0 0.00051678
4790.0 0.00049941
4810.0 0.00046438
4830.0 0.00043821
4850.0 0.00050183
4870.0 0.00064773
4890.0 0.00074448
4910.0 0.00063166
4930.0 0.00055895
4950.0 0.00062579
4970.0 0.00083874
4990.0 0.0010881
5010.0 0.0011576
5030.0 0.00095755
5050.0 0.00061814
5070.0 0.00042472
5090.0 0.00037691
5110.0 0.0003939
5130.0 0.00042407
5150.0 0.00044548
5170.0 0.00044497
5190.0 0.00043553
5210.0 0.00042188
5230.0 0.00043253
5250.0 0.00046244
5270.0 0.00053237
5290.0 0.0006145
5310.0 0.00067735
5330.0 0.00069525
5350.0 0.00070088
5370.0 0.00076205
5390.0 0.00082385
5410.0 0.00080167
5430.0 0.0006932
5450.0 0.0006378
5470.0 0.00071482
5490.0 0.00091732
5510.0 0.0011725
5530.0 0.0013042
5550.0 0.0012653
5570.0 0.0011473
5590.0 0.0010237
5610.0 0.00094633
5630.0 0.00089895
5650.0 0.00091973
5670.0 0.00089834
5690.0 0.00083412
5710.0 0.00079032
5730.0 0.00071749
5750.0 0.00051548
5770.0 0.00044773
5790.0 0.00050385
5810.0 0.00060927
5830.0 0.000694
5850.0 0.0007617
5870.0 0.00078462
5890.0 0.0007584
5910.0 0.0007264
5930.0 0.00072873
5950.0 0.00076372
5970.0 0.00081436
5990.0 0.0007718
6010.0 0.00064953
6030.0 0.0005395
6050.0 0.00046819
6070.0 0.00046535
6090.0 0.00052454
6110.0 0.00057621
6130.0 0.00055534
6150.0 0.00051208
6170.0 0.00055677
6190.0 0.00067114
6210.0 0.00081875
6230.0 0.00094332
6250.0 0.00094576
6270.0 0.00084677
6290.0 0.00070133
6310.0 0.00055728
6330.0 0.00044304
6350.0 0.00039886
6370.0 0.00043154
6390.0 0.00051027
6410.0 0.00058936
6430.0 0.0006833
6450.0 0.00079522
6470.0 0.00097239
6490.0 0.0011972
6510.0 0.0013243
6530.0 0.0012315
6550.0 0.0011307
6570.0 0.0010981
6590.0 0.0010555
6610.0 0.00094248
6630.0 0.0008486
6650.0 0.00078089
6670.0 0.00080934
6690.0 0.00079923
6710.0 0.00071
6730.0 0.00064519
6750.0 0.00057814
6770.0 0.00056127
6790.0 0.00061832
6810.0 0.00063634
6830.0 0.00065337
6850.0 0.00063989
6870.0 0.00061237
6890.0 0.00059774
6910.0 0.00057532
6930.0 0.00054041
6950.0 0.00054968
6970.0 0.00055783
6990.0 0.00062295
7010.0 0.00066384
7030.0 0.00060816
7050.0 0.00057032
7070.0 0.00055357
7090.0 0.00050676
7110.0 0.00047484
7130.0 0.00048516
7150.0 0.00050922
7170.0 0.00054026
7190.0 0.00054406
7210.0 0.00053977
7230.0 0.00056216
7250.0 0.00064427
7270.0 0.0007538
7290.0 0.00081734
7310.0 0.00079852
7330.0 0.00071062
7350.0 0.00063672
7370.0 0.00061401
7390.0 0.00061936
7410.0 0.00064725
7430.0 0.00070741
7450.0 0.00076599
7470.0 0.00084177
7490.0 0.00093233
7510.0 0.00090613
7530.0 0.00085765
7550.0 0.00071604
7570.0 0.00058554
7590.0 0.0004645
7610.0 0.00042138
7630.0 0.00044398
7650.0 0.00050803
7670.0 0.00056273
7690.0 0.00063688
7710.0 0.00070025
7730.0 0.00072673
7750.0 0.00073552
7770.0 0.00073148
7790.0 0.00071307
7810.0 0.00073228
7830.0 0.00071016
7850.0 0.00063403
7870.0 0.00057089
7890.0 0.00052571
7910.0 0.0004664
7930.0 0.0004
7950.0 0.0003645
7970.0 0.00036082
7990.0 0.00037588
8010.0 0.00039851
8030.0 0.00040246
8050.0 0.00040211
8070.0 0.00039174
8090.0 0.00039382
8110.0 0.00037269
8130.0 0.00033938
8150.0 0.00031842
8170.0 0.00030422
8190.0 0.00030754
8210.0 0.00031508
8230.0 0.00033207
8250.0 0.00032294
8270.0 0.00028867
8290.0 0.00022646
8310.0 0.00015398
8330.0 0.00010077
8350.0 7.2191e-05
8370.0 8.3364e-05
8390.0 9.354e-05
8410.0 0.00011957
8430.0 0.00014529
8450.0 0.00015966
8470.0 0.00016946
8490.0 0.00017099
8510.0 0.00017614
8530.0 0.00019247
8550.0 0.00021816
8570.0 0.0002605
8590.0 0.00031318
8610.0 0.00037075
8630.0 0.00043232
8650.0 0.00047663
8670.0 0.00047394
8690.0 0.00045206
8710.0 0.00042562
8730.0 0.00040377
8750.0 0.00038143
8770.0 0.00036871
8790.0 0.00036042
8810.0 0.00033846
8830.0 0.00029749
8850.0 0.00025355
8870.0 0.0002141
8890.0 0.00019804
8910.0 0.00020438
8930.0 0.00020895
8950.0 0.00023102
8970.0 0.00023598
8990.0 0.00024081
9010.0 0.00024348
9030.0 0.00024438
9050.0 0.00024591
9070.0 0.00024707
9090.0 0.00024792
9110.0 0.00024854
9130.0 0.00024921
9150.0 0.00024996
9170.0 0.00025075
9190.0 0.00025156
9210.0 0.00025253
9230.0 0.00025344
9250.0 0.00025444
9270.0 0.00025549
9290.0 0.00025658
9310.0 0.00025776
9330.0 0.00025899
9350.0 0.00026026
9370.0 0.00026159
9390.0 0.000263
9410.0 0.00026444
9430.0 0.00026591
9450.0 0.00026748
9470.0 0.00026909
9490.0 0.00027073
9510.0 0.00027243
9530.0 0.00027419
9550.0 0.00027598
9570.0 0.0002778
9590.0 0.0002797
9610.0 0.00028163
9630.0 0.00028359
9650.0 0.0002856
9670.0 0.00028767
9690.0 0.00028975
9710.0 0.00029187
9730.0 0.00029405
9750.0 0.00029626
9770.0 0.00029846
9790.0 0.00030072
9810.0 0.00030302
9830.0 0.00030533
9850.0 0.00030767
9870.0 0.00031005
9890.0 0.00031245
9910.0 0.00031484
9930.0 0.00031727
9950.0 0.00031972
9970.0 0.00032217
9990.0 0.00032462
10010.0 0.00031623
10030.0 0.00031859
10050.0 0.00032094
10070.0 0.00032326
10090.0 0.00032567
10110.0 0.00032803
10130.0 0.00033039
10150.0 0.00033277
10170.0 0.00033512
10190.0 0.00033744
10210.0 0.00033977
10230.0 0.0003421
10250.0 0.00034439
10270.0 0.00034665
10290.0 0.00034893
10310.0 0.00035116
10330.0 0.00035333
10350.0 0.00035551
10370.0 0.00035767
10390.0 0.00035976
10410.0 0.00036183
10430.0 0.00036389
10450.0 0.00036589
10470.0 0.00036782
10490.0 0.00036975
10510.0 0.00037163
10530.0 0.00037341
10550.0 0.00037516
10570.0 0.0003769
10590.0 0.00037856
10610.0 0.00038014
10630.0 0.00038171
10650.0 0.00038321
10670.0 0.0003846
10690.0 0.00038596
10710.0 0.00038728
10730.0 0.0003885
10750.0 0.00038962
10770.0 0.00039075
10790.0 0.00039178
10810.0 0.00039271
10830.0 0.00039357
10850.0 0.00039437
10870.0 0.00039495
10890.0 0.00039531
10910.0 0.00039538
10930.0 0.00039493
10950.0 0.00039362
10970.0 0.00039134
10990.0 0.000388
11010.0 0.00037438
11030.0 0.00036809
11050.0 0.00036073
11070.0 0.00035206
11090.0 0.00034171
11110.0 0.00033108
11130.0 0.00032005
11150.0 0.00030822
11170.0 0.00029615
11190.0 0.00028462
11210.0 0.00027293
11230.0 0.00026122
11250.0 0.00025035
11270.0 0.00024021
11290.0 0.00023037
11310.0 0.00022135
11330.0 0.00021365
11350.0 0.00020656
11370.0 0.00020015
11390.0 0.00019466
11410.0 0.00018985
11430.0 0.00018527
11450.0 0.00018113
11470.0 0.00017732
11490.0 0.00017348
11510.0 0.00016944
11530.0 0.0001654
11550.0 0.00016116
11570.0 0.00015649
11590.0 0.00015157
11610.0 0.00014656
11630.0 0.00014117
11650.0 0.00013552
11670.0 0.00013009
11690.0 0.00012471
11710.0 0.00011931
11730.0 0.00011422
11750.0 0.00010962
11770.0 0.00010521
11790.0 0.00010116
11810.0 9.7645e-05
11830.0 9.4524e-05
11850.0 9.1651e-05
11870.0 8.9206e-05
11890.0 8.7101e-05
11910.0 8.5154e-05
11930.0 8.3345e-05
11950.0 8.1685e-05
11970.0 8.0046e-05
11990.0 7.8334e-05
12010.0 7.6609e-05
12030.0 7.4849e-05
12050.0 7.2967e-05
12070.0 7.098e-05
12090.0 6.9059e-05
12110.0 6.7112e-05
12130.0 6.5161e-05
12150.0 6.3346e-05
12170.0 6.1719e-05
12190.0 6.0221e-05
12210.0 5.9006e-05
12230.0 5.8124e-05
12250.0 5.7562e-05
12270.0 5.7366e-05
12290.0 5.7545e-05
12310.0 5.8057e-05
12330.0 5.8954e-05
12350.0 6.0185e-05
12370.0 6.1642e-05
12390.0 6.3356e-05
12410.0 6.5379e-05
12430.0 6.7406e-05
12450.0 6.9467e-05
12470.0 7.1612e-05
12490.0 7.3696e-05
12510.0 7.5564e-05
12530.0 7.7342e-05
12550.0 7.8959e-05
12570.0 8.0269e-05
12590.0 8.13e-05
12610.0 8.2097e-05
12630.0 8.2578e-05
12650.0 8.2723e-05
12670.0 8.2606e-05
12690.0 8.2212e-05
12710.0 8.1565e-05
12730.0 8.0704e-05
12750.0 7.9606e-05
12770.0 7.8339e-05
12790.0 7.6953e-05
12810.0 7.5421e-05
12830.0 7.3749e-05
12850.0 7.2051e-05
12870.0 7.0295e-05
12890.0 6.8426e-05
12910.0 6.6527e-05
12930.0 6.4638e-05
12950.0 6.2651e-05
12970.0 6.0596e-05
12990.0 5.86e-05
13010.0 5.6585e-05
13030.0 5.4506e-05
13050.0 5.2462e-05
13070.0 5.0505e-05
13090.0 4.8517e-05
13110.0 4.6572e-05
13130.0 4.4763e-05
13150.0 4.3049e-05
13170.0 4.1385e-05
13190.0 3.9918e-05
13210.0 3.8648e-05
13230.0 3.7521e-05
13250.0 3.6589e-05
13270.0 3.5887e-05
13290.0 3.5384e-05
13310.0 3.5091e-05
13330.0 3.502e-05
13350.0 3.5143e-05
13370.0 3.5467e-05
13390.0 3.5984e-05
13410.0 3.6607e-05
13430.0 3.7362e-05
13450.0 3.8241e-05
13470.0 3.9161e-05
13490.0 4.0086e-05
13510.0 4.1088e-05
13530.0 4.2054e-05
13550.0 4.2935e-05
13570.0 4.3768e-05
13590.0 4.4545e-05
13610.0 4.5199e-05
13630.0 4.5734e-05
13650.0 4.6191e-05
13670.0 4.6532e-05
13690.0 4.675e-05
13710.0 4.6872e-05
13730.0 4.6897e-05
13750.0 4.6818e-05
13770.0 4.6655e-05
13790.0 4.6412e-05
13810.0 4.6095e-05
13830.0 4.5724e-05
13850.0 4.5288e-05
13870.0 4.4789e-05
13890.0 4.4255e-05
13910.0 4.3685e-05
13930.0 4.3056e-05
13950.0 4.2397e-05
13970.0 4.1743e-05
13990.0 4.1054e-05
14010.0 4.0343e-05
14030.0 3.9652e-05
14050.0 3.8973e-05
14070.0 3.8278e-05
14090.0 3.7629e-05
14110.0 3.7036e-05
14130.0 3.6478e-05
14150.0 3.5973e-05
14170.0 3.5557e-05
14190.0 3.5214e-05
14210.0 3.4945e-05
14230.0 3.4769e-05
14250.0 3.4683e-05
14270.0 3.4686e-05
14290.0 3.4786e-05
14310.0 3.4963e-05
14330.0 3.5219e-05
14350.0 3.5558e-05
14370.0 3.5954e-05
14390.0 3.6386e-05
14410.0 3.6883e-05
14430.0 3.7419e-05
14450.0 3.7961e-05
14470.0 3.8526e-05
14490.0 3.9137e-05
14510.0 3.974e-05
14530.0 4.034e-05
14550.0 4.0983e-05
14570.0 4.1658e-05
14590.0 4.2341e-05
14610.0 4.3082e-05
14630.0 4.3914e-05
14650.0 4.4791e-05
14670.0 4.5729e-05
14690.0 4.6789e-05
14710.0 4.7962e-05
14730.0 4.9156e-05
14750.0 5.0461e-05
14770.0 5.1885e-05
14790.0 5.3339e-05
14810.0 5.4806e-05
14830.0 5.6401e-05
14850.0 5.7977e-05
14870.0 5.9475e-05
14890.0 6.0948e-05
14910.0 6.2375e-05
14930.0 6.3632e-05
14950.0 6.4719e-05
14970.0 6.5674e-05
14990.0 6.6415e-05
15010.0 6.694e-05
15030.0 6.7292e-05
15050.0 6.7488e-05
15070.0 6.7548e-05
15090.0 6.7525e-05
15110.0 6.7442e-05
15130.0 6.7325e-05
15150.0 6.7197e-05
15170.0 6.7055e-05
15190.0 6.6906e-05
15210.0 6.6762e-05
15230.0 6.662e-05
15250.0 6.6471e-05
15270.0 6.6325e-05
15290.0 6.6188e-05
15310.0 6.6046e-05
15330.0 6.5902e-05
15350.0 6.5765e-05
15370.0 6.5629e-05
15390.0 6.5484e-05
15410.0 6.5345e-05
15430.0 6.5211e-05
15450.0 6.5072e-05
15470.0 6.493e-05
15490.0 6.4797e-05
15510.0 6.4664e-05
15530.0 6.4524e-05
15550.0 6.4387e-05
15570.0 6.4256e-05
15590.0 6.4117e-05
15610.0 6.3975e-05
15630.0 6.3843e-05
15650.0 6.3709e-05
15670.0 6.3568e-05
15690.0 6.3432e-05
15710.0 6.3301e-05
15730.0 6.3161e-05
15750.0 6.302e-05
15770.0 6.2886e-05
15790.0 6.275e-05
15810.0 6.2604e-05
15830.0 6.2465e-05
15850.0 6.233e-05
15870.0 6.2188e-05
15890.0 6.2045e-05
15910.0 6.1908e-05
15930.0 6.1767e-05
15950.0 6.1619e-05
15970.0 6.1476e-05
15990.0 6.1335e-05
16010.0 6.1187e-05
16030.0 6.1036e-05
16050.0 6.0895e-05
16070.0 6.0749e-05
16090.0 6.0596e-05
16110.0 6.0448e-05
16130.0 6.0303e-05
16150.0 6.0145e-05
16170.0 5.999e-05
16190.0 5.9841e-05
16210.0 5.9686e-05
16230.0 5.9526e-05
16250.0 5.9371e-05
16270.0 5.9218e-05
16290.0 5.9056e-05
16310.0 5.8894e-05
16330.0 5.8737e-05
16350.0 5.8575e-05
16370.0 5.8403e-05
16390.0 5.8242e-05
16410.0 5.8079e-05
16430.0 5.7909e-05
16450.0 5.7739e-05
16470.0 5.7576e-05
16490.0 5.7403e-05
16510.0 5.7226e-05
16530.0 5.7055e-05
16550.0 5.6883e-05
16570.0 5.6702e-05
16590.0 5.6522e-05
16610.0 5.635e-05
16630.0 5.617e-05
16650.0 5.5985e-05
16670.0 5.5807e-05
16690.0 5.5627e-05
16710.0 5.5435e-05
16730.0 5.5248e-05
16750.0 5.5065e-05
16770.0 5.4875e-05
16790.0 5.468e-05
16810.0 5.4493e-05
16830.0 5.4304e-05
16850.0 5.4106e-05
16870.0 5.3912e-05
16890.0 5.3721e-05
16910.0 5.352e-05
16930.0 5.3316e-05
16950.0 5.312e-05
16970.0 5.2921e-05
16990.0 5.2715e-05
17010.0 5.2512e-05
17030.0 5.2314e-05
17050.0 5.2105e-05
17070.0 5.1896e-05
17090.0 5.1691e-05
17110.0 5.1484e-05
17130.0 5.1267e-05
17150.0 5.1057e-05
17170.0 5.0849e-05
17190.0 5.0634e-05
17210.0 5.0418e-05
17230.0 5.0208e-05
17250.0 4.9993e-05
17270.0 4.977e-05
17290.0 4.9553e-05
17310.0 4.9337e-05
17330.0 4.9114e-05
17350.0 4.8889e-05
17370.0 4.8674e-05
17390.0 4.8452e-05
17410.0 4.8225e-05
17430.0 4.8003e-05
17450.0 4.7783e-05
17470.0 4.755e-05
17490.0 4.7322e-05
17510.0 4.7099e-05
17530.0 4.6871e-05
17550.0 4.6638e-05
17570.0 4.6411e-05
17590.0 4.6186e-05
17610.0 4.5951e-05
17630.0 4.5719e-05
17650.0 4.5491e-05
17670.0 4.5259e-05
17690.0 4.5018e-05
17710.0 4.4788e-05
17730.0 4.4558e-05
17750.0 4.432e-05
17770.0 4.4085e-05
17790.0 4.3856e-05
17810.0 4.3618e-05
17830.0 4.3378e-05
17850.0 4.3144e-05
17870.0 4.291e-05
17890.0 4.2668e-05
17910.0 4.2428e-05
17930.0 4.2197e-05
17950.0 4.1958e-05
17970.0 4.1717e-05
17990.0 4.1483e-05
18010.0 4.1247e-05
18030.0 4.1002e-05
18050.0 4.0763e-05
18070.0 4.0528e-05
18090.0 4.0288e-05
18110.0 4.0044e-05
18130.0 3.981e-05
18150.0 3.9573e-05
18170.0 3.933e-05
18190.0 3.9092e-05
18210.0 3.8857e-05
18230.0 3.8615e-05
18250.0 3.8371e-05
18270.0 3.8136e-05
18290.0 3.7899e-05
18310.0 3.7657e-05
18330.0 3.7419e-05
18350.0 3.7186e-05
18370.0 3.6945e-05
18390.0 3.6704e-05
18410.0 3.647e-05
18430.0 3.6234e-05
18450.0 3.599e-05
18470.0 3.5754e-05
18490.0 3.5522e-05
18510.0 3.5283e-05
18530.0 3.5046e-05
18550.0 3.4815e-05
18570.0 3.458e-05
18590.0 3.4339e-05
18610.0 3.4106e-05
18630.0 3.3875e-05
18650.0 3.3638e-05
18670.0 3.3401e-05
18690.0 3.3174e-05
18710.0 3.2942e-05
18730.0 3.2707e-05
18750.0 3.2477e-05
18770.0 3.225e-05
18790.0 3.2013e-05
18810.0 3.1782e-05
18830.0 3.1556e-05
18850.0 3.1327e-05
18870.0 3.1095e-05
18890.0 3.087e-05
18910.0 3.0646e-05
18930.0 3.0416e-05
18950.0 3.0189e-05
18970.0 2.9967e-05
18990.0 2.9742e-05
19010.0 2.951e-05
19030.0 2.9291e-05
19050.0 2.907e-05
19070.0 2.8845e-05
19090.0 2.8623e-05
19110.0 2.8408e-05
19130.0 2.8185e-05
19150.0 2.7962e-05
19170.0 2.7745e-05
19190.0 2.7529e-05
19210.0 2.7307e-05
19230.0 2.7089e-05
19250.0 2.6878e-05
19270.0 2.6661e-05
19290.0 2.6444e-05
19310.0 2.6234e-05
19330.0 2.6023e-05
19350.0 2.5804e-05
19370.0 2.5593e-05
19390.0 2.5385e-05
19410.0 2.5173e-05
19430.0 2.496e-05
19450.0 2.4756e-05
19470.0 2.4549e-05
19490.0 2.4339e-05
19510.0 2.4133e-05
19530.0 2.3931e-05
19550.0 2.3723e-05
19570.0 2.3515e-05
19590.0 2.3315e-05
19610.0 2.3114e-05
19630.0 2.2909e-05
19650.0 2.2709e-05
19670.0 2.2513e-05
19690.0 2.231e-05
19710.0 2.211e-05
19730.0 2.1915e-05
19750.0 2.1718e-05
19770.0 2.1516e-05
19790.0 2.1322e-05
19810.0 2.1131e-05
19830.0 2.0934e-05
19850.0 2.0738e-05
19870.0 2.0547e-05
19890.0 2.0348e-05
19910.0 2.0138e-05
19930.0 1.9924e-05
19950.0 1.9695e-05
19970.0 1.9435e-05
19990.0 1.9145e-05
20010.0 1.9208e-05
20030.0 1.885e-05
20050.0 1.8453e-05
20070.0 1.8042e-05
20090.0 1.7617e-05
20110.0 1.7156e-05
20130.0 1.6707e-05
20150.0 1.6274e-05
20170.0 1.584e-05
20190.0 1.5413e-05
20210.0 1.5018e-05
20230.0 1.4642e-05
20250.0 1.4273e-05
20270.0 1.3937e-05
20290.0 1.3634e-05
20310.0 1.3352e-05
20330.0 1.3093e-05
20350.0 1.2881e-05
20370.0 1.2696e-05
20390.0 1.254e-05
20410.0 1.242e-05
20430.0 1.2332e-05
20450.0 1.2272e-05
20470.0 1.2244e-05
20490.0 1.2244e-05
20510.0 1.227e-05
20530.0 1.2322e-05
20550.0 1.2396e-05
20570.0 1.2484e-05
20590.0 1.2593e-05
20610.0 1.2717e-05
20630.0 1.2847e-05
20650.0 1.2988e-05
20670.0 1.3146e-05
20690.0 1.3301e-05
20710.0 1.3458e-05
20730.0 1.3622e-05
20750.0 1.379e-05
20770.0 1.395e-05
20790.0 1.4114e-05
20810.0 1.4285e-05
20830.0 1.4451e-05
20850.0 1.4615e-05
20870.0 1.479e-05
20890.0 1.4967e-05
20910.0 1.5137e-05
20930.0 1.5314e-05
20950.0 1.5499e-05
20970.0 1.5679e-05
20990.0 1.5859e-05
21010.0 1.6049e-05
21030.0 1.6237e-05
21050.0 1.6417e-05
21070.0 1.6598e-05
21090.0 1.6782e-05
21110.0 1.6949e-05
21130.0 1.7107e-05
21150.0 1.7262e-05
21170.0 1.7404e-05
21190.0 1.7528e-05
21210.0 1.7644e-05
21230.0 1.7746e-05
21250.0 1.7826e-05
21270.0 1.7889e-05
21290.0 1.7934e-05
21310.0 1.7958e-05
21330.0 1.7959e-05
21350.0 1.7939e-05
21370.0 1.7893e-05
21390.0 1.7824e-05
21410.0 1.7731e-05
21430.0 1.7605e-05
21450.0 1.7455e-05
21470.0 1.7284e-05
21490.0 1.7084e-05
21510.0 1.6856e-05
21530.0 1.6617e-05
21550.0 1.6358e-05
21570.0 1.6073e-05
21590.0 1.5783e-05
21610.0 1.5492e-05
21630.0 1.5191e-05
21650.0 1.4884e-05
21670.0 1.4604e-05
21690.0 1.4332e-05
21710.0 1.407e-05
21730.0 1.3835e-05
21750.0 1.3632e-05
21770.0 1.3446e-05
21790.0 1.3296e-05
21810.0 1.3184e-05
21830.0 1.3105e-05
21850.0 1.3061e-05
21870.0 1.3055e-05
21890.0 1.3083e-05
21910.0 1.3146e-05
21930.0 1.3244e-05
21950.0 1.3367e-05
21970.0 1.3521e-05
21990.0 1.3711e-05
22010.0 1.3916e-05
22030.0 1.4138e-05
22050.0 1.4386e-05
22070.0 1.4649e-05
22090.0 1.4912e-05
22110.0 1.5189e-05
22130.0 1.5478e-05
22150.0 1.576e-05
22170.0 1.6036e-05
22190.0 1.6319e-05
22210.0 1.6591e-05
22230.0 1.6837e-05
22250.0 1.7074e-05
22270.0 1.7295e-05
22290.0 1.7486e-05
22310.0 1.7651e-05
22330.0 1.7796e-05
22350.0 1.7907e-05
22370.0 1.7983e-05
22390.0 1.8027e-05
22410.0 1.8035e-05
22430.0 1.8006e-05
22450.0 1.7944e-05
22470.0 1.7842e-05
22490.0 1.7704e-05
22510.0 1.7538e-05
22530.0 1.733e-05
22550.0 1.7082e-05
22570.0 1.6813e-05
22590.0 1.6514e-05
22610.0 1.6176e-05
22630.0 1.5815e-05
22650.0 1.5446e-05
22670.0 1.5042e-05
22690.0 1.4614e-05
22710.0 1.4185e-05
22730.0 1.3745e-05
22750.0 1.3269e-05
22770.0 1.2807e-05
22790.0 1.2357e-05
22810.0 1.1896e-05
22830.0 1.1437e-05
22850.0 1.101e-05
22870.0 1.0594e-05
22890.0 1.0182e-05
22910.0 9.8076e-06
22930.0 9.4689e-06
22950.0 9.1522e-06
22970.0 8.8671e-06
22990.0 8.64e-06
23010.0 8.4488e-06
23030.0 8.2981e-06
23050.0 8.1975e-06
23070.0 8.144e-06
23090.0 8.1357e-06
23110.0 8.1769e-06
23130.0 8.2612e-06
23150.0 8.3888e-06
23170.0 8.5627e-06
23190.0 8.7687e-06
23210.0 8.9997e-06
23230.0 9.268e-06
23250.0 9.5585e-06
23270.0 9.8551e-06
23290.0 1.0168e-05
23310.0 1.05e-05
23330.0 1.0814e-05
23350.0 1.1118e-05
23370.0 1.1419e-05
23390.0 1.1701e-05
23410.0 1.195e-05
23430.0 1.2179e-05
23450.0 1.2383e-05
23470.0 1.2546e-05
23490.0 1.2673e-05
23510.0 1.2767e-05
23530.0 1.2819e-05
23550.0 1.2831e-05
23570.0 1.2805e-05
23590.0 1.2738e-05
23610.0 1.2637e-05
23630.0 1.2504e-05
23650.0 1.2328e-05
23670.0 1.2125e-05
23690.0 1.1902e-05
23710.0 1.1652e-05
23730.0 1.1375e-05
23750.0 1.11e-05
23770.0 1.082e-05
23790.0 1.0528e-05
23810.0 1.0248e-05
23830.0 9.9892e-06
23850.0 9.7382e-06
23870.0 9.5113e-06
23890.0 9.3267e-06
23910.0 9.1773e-06
23930.0 9.0653e-06
23950.0 9.0005e-06
23970.0 8.9817e-06
23990.0 9.0073e-06
24010.0 9.08e-06
24030.0 9.193e-06
24050.0 9.3452e-06
24070.0 9.5454e-06
24090.0 9.7727e-06
24110.0 1.0023e-05
24130.0 1.0306e-05
24150.0 1.0615e-05
24170.0 1.093e-05
24190.0 1.1264e-05
24210.0 1.1623e-05
24230.0 1.1982e-05
24250.0 1.234e-05
24270.0 1.2713e-05
24290.0 1.3093e-05
24310.0 1.3445e-05
24330.0 1.3797e-05
24350.0 1.4146e-05
24370.0 1.447e-05
24390.0 1.4765e-05
24410.0 1.5051e-05
24430.0 1.5302e-05
24450.0 1.5509e-05
24470.0 1.5683e-05
24490.0 1.5819e-05
24510.0 1.5909e-05
24530.0 1.5959e-05
24550.0 1.597e-05
24570.0 1.5944e-05
24590.0 1.589e-05
24610.0 1.5809e-05
24630.0 1.5703e-05
24650.0 1.5592e-05
24670.0 1.5476e-05
24690.0 1.5357e-05
24710.0 1.5245e-05
24730.0 1.5147e-05
24750.0 1.5057e-05
24770.0 1.4979e-05
24790.0 1.4915e-05
24810.0 1.4858e-05
24830.0 1.4791e-05
24850.0 1.4694e-05
24870.0 1.4534e-05
24890.0 1.4242e-05
24910.0 1.3732e-05
24930.0 1.2964e-05
24950.0 1.1884e-05
24970.0 1.0397e-05
24990.0 8.673e-06
