#lamb flux
1010.0 3.1957e-05
1030.0 3.1959e-05
1050.0 3.1933e-05
1070.0 3.1869e-05
1090.0 3.176e-05
1110.0 3.1597e-05
1130.0 3.1385e-05
1150.0 3.1127e-05
1170.0 3.083e-05
1190.0 3.0512e-05
1210.0 3.0182e-05
1230.0 2.9851e-05
1250.0 2.9541e-05
1270.0 2.9266e-05
1290.0 2.9024e-05
1310.0 2.883e-05
1330.0 2.8699e-05
1350.0 2.8638e-05
1370.0 2.8699e-05
1390.0 2.8793e-05
1410.0 2.8912e-05
1430.0 2.9041e-05
1450.0 2.9182e-05
1470.0 2.9332e-05
1490.0 2.9483e-05
1510.0 2.9631e-05
1530.0 2.9785e-05
1550.0 2.9931e-05
1570.0 3.0065e-05
1590.0 3.0204e-05
1610.0 3.0376e-05
1630.0 3.054e-05
1650.0 3.0696e-05
1670.0 3.0848e-05
1690.0 3.0996e-05
1710.0 3.1136e-05
1730.0 3.1277e-05
1750.0 3.1432e-05
1770.0 3.1593e-05
1790.0 3.1762e-05
1810.0 3.1943e-05
1830.0 3.2756e-05
1850.0 6.6308e-05
1870.0 0.00010226
1890.0 0.00014106
1910.0 0.0001832
1930.0 0.00022914
1950.0 0.00027882
1970.0 0.00033261
1990.0 0.00039107
2010.0 0.00045401
2030.0 0.00052126
2050.0 0.00059339
2070.0 0.00067039
2090.0 0.00075103
2110.0 0.00083557
2130.0 0.00092412
2150.0 0.0010155
2170.0 0.0011084
2190.0 0.0012037
2210.0 0.0013001
2230.0 0.0013958
2250.0 0.0014904
2270.0 0.0015842
2290.0 0.0016746
2310.0 0.0017604
2330.0 0.0018423
2350.0 0.001919
2370.0 0.0019884
2390.0 0.0020509
2410.0 0.002107
2430.0 0.0021538
2450.0 0.002191
2470.0 0.0022198
2490.0 0.0022398
2510.0 0.0022508
2530.0 0.0022576
2550.0 0.0022665
2570.0 0.0022849
2590.0 0.0023222
2610.0 0.0024002
2630.0 0.0025304
2650.0 0.0027124
2670.0 0.0029594
2690.0 0.0032775
2710.0 0.0036333
2730.0 0.0040071
2750.0 0.0044128
2770.0 0.0048089
2790.0 0.0051659
2810.0 0.0054959
2830.0 0.0058058
2850.0 0.0060562
2870.0 0.0062752
2890.0 0.0064843
2910.0 0.0066819
2930.0 0.006867
2950.0 0.0070657
2970.0 0.0072785
2990.0 0.0074952
3010.0 0.0077229
3030.0 0.0079725
3050.0 0.0082338
3070.0 0.0084897
3090.0 0.0087531
3110.0 0.0090093
3130.0 0.0092368
3150.0 0.0094291
3170.0 0.0095802
3190.0 0.0096861
3210.0 0.0097676
3230.0 0.0098535
3250.0 0.0099899
3270.0 0.010218
3290.0 0.010561
3310.0 0.011045
3330.0 0.011658
3350.0 0.012368
3370.0 0.013182
3390.0 0.014031
3410.0 0.014845
3430.0 0.015588
3450.0 0.016219
3470.0 0.017738
3490.0 0.018331
3510.0 0.016434
3530.0 0.015621
3550.0 0.020376
3570.0 0.024524
3590.0 0.024263
3610.0 0.026179
3630.0 0.026358
3650.0 0.024114
3670.0 0.024028
3690.0 0.027189
3710.0 0.030031
3730.0 0.031583
3750.0 0.028531
3770.0 0.028164
3790.0 0.029386
3810.0 0.028369
3830.0 0.02474
3850.0 0.022345
3870.0 0.02354
3890.0 0.026351
3910.0 0.028119
3930.0 0.028906
3950.0 0.029941
3970.0 0.030535
3990.0 0.030861
4010.0 0.029969
4030.0 0.027259
4050.0 0.025527
4070.0 0.025962
4090.0 0.02759
4110.0 0.028623
4130.0 0.028221
4150.0 0.027869
4170.0 0.02814
4190.0 0.028738
4210.0 0.027779
4230.0 0.025319
4250.0 0.022686
4270.0 0.020916
4290.0 0.019564
4310.0 0.018317
4330.0 0.018845
4350.0 0.019621
4370.0 0.019845
4390.0 0.020369
4410.0 0.020227
4430.0 0.019993
4450.0 0.020207
4470.0 0.020299
4490.0 0.021843
4510.0 0.022676
4530.0 0.023417
4550.0 0.024159
4570.0 0.025093
4590.0 0.025611
4610.0 0.025949
4630.0 0.026252
4650.0 0.026811
4670.0 0.025162
4690.0 0.023287
4710.0 0.021649
4730.0 0.020974
4750.0 0.020046
4770.0 0.019347
4790.0 0.018914
4810.0 0.018339
4830.0 0.019171
4850.0 0.021098
4870.0 0.015574
4890.0 0.015639
4910.0 0.016852
4930.0 0.017402
4950.0 0.015899
4970.0 0.014734
4990.0 0.014233
5010.0 0.013298
5030.0 0.012564
5050.0 0.013004
5070.0 0.013788
5090.0 0.014223
5110.0 0.015421
5130.0 0.015842
5150.0 0.016454
5170.0 0.017042
5190.0 0.016712
5210.0 0.017467
5230.0 0.017836
5250.0 0.01803
5270.0 0.01829
5290.0 0.017861
5310.0 0.017351
5330.0 0.016485
5350.0 0.015643
5370.0 0.014962
5390.0 0.015357
5410.0 0.015253
5430.0 0.015413
5450.0 0.015356
5470.0 0.015113
5490.0 0.014972
5510.0 0.014585
5530.0 0.01424
5550.0 0.014035
5570.0 0.014167
5590.0 0.014318
5610.0 0.014463
5630.0 0.014152
5650.0 0.013898
5670.0 0.013304
5690.0 0.013005
5710.0 0.012585
5730.0 0.012532
5750.0 0.01229
5770.0 0.011852
5790.0 0.01222
5810.0 0.012194
5830.0 0.012528
5850.0 0.012658
5870.0 0.012777
5890.0 0.012551
5910.0 0.01252
5930.0 0.012154
5950.0 0.012278
5970.0 0.011993
5990.0 0.011778
6010.0 0.011771
6030.0 0.012016
6050.0 0.011896
6070.0 0.011618
6090.0 0.011499
6110.0 0.01168
6130.0 0.011531
6150.0 0.011145
6170.0 0.010532
6190.0 0.0098767
6210.0 0.0093908
6230.0 0.0093087
6250.0 0.0093952
6270.0 0.0096009
6290.0 0.0099917
6310.0 0.010654
6330.0 0.010968
6350.0 0.010987
6370.0 0.011064
6390.0 0.011
6410.0 0.010761
6430.0 0.01046
6450.0 0.010319
6470.0 0.010298
6490.0 0.010228
6510.0 0.01012
6530.0 0.010111
6550.0 0.010011
6570.0 0.0096061
6590.0 0.0095053
6610.0 0.0094163
6630.0 0.0090911
6650.0 0.0087836
6670.0 0.0085377
6690.0 0.0084794
6710.0 0.0082212
6730.0 0.0080878
6750.0 0.0079564
6770.0 0.0077698
6790.0 0.0078211
6810.0 0.0077168
6830.0 0.0074844
6850.0 0.0073985
6870.0 0.0073472
6890.0 0.0072195
6910.0 0.0071665
6930.0 0.0071154
6950.0 0.0069932
6970.0 0.0068395
6990.0 0.0068346
7010.0 0.0067898
7030.0 0.0068365
7050.0 0.0066445
7070.0 0.0065554
7090.0 0.0065788
7110.0 0.0063727
7130.0 0.0063515
7150.0 0.0064191
7170.0 0.0065241
7190.0 0.0064187
7210.0 0.0064468
7230.0 0.0065741
7250.0 0.0064209
7270.0 0.0065055
7290.0 0.0064029
7310.0 0.0062281
7330.0 0.0059235
7350.0 0.0059731
7370.0 0.0060008
7390.0 0.0058694
7410.0 0.0057176
7430.0 0.0056328
7450.0 0.0055672
7470.0 0.0056303
7490.0 0.0057474
7510.0 0.0056381
7530.0 0.0054391
7550.0 0.0054786
7570.0 0.0050316
7590.0 0.0049219
7610.0 0.0048268
7630.0 0.0049061
7650.0 0.0047964
7670.0 0.0049719
7690.0 0.004767
7710.0 0.0050641
7730.0 0.0050789
7750.0 0.0055537
7770.0 0.0057056
7790.0 0.0059008
7810.0 0.0061584
7830.0 0.006247
7850.0 0.0064507
7870.0 0.0063254
7890.0 0.0062668
7910.0 0.006154
7930.0 0.0059373
7950.0 0.0057656
7970.0 0.0057439
7990.0 0.0056832
8010.0 0.0052207
8030.0 0.005188
8050.0 0.0050889
8070.0 0.0050362
8090.0 0.0049209
8110.0 0.0049588
8130.0 0.0050019
8150.0 0.0050688
8170.0 0.0050107
8190.0 0.0050591
8210.0 0.0049795
8230.0 0.0047068
8250.0 0.0045968
8270.0 0.0045159
8290.0 0.0044478
8310.0 0.0043225
8330.0 0.0043888
8350.0 0.0043543
8370.0 0.0043425
8390.0 0.0044225
8410.0 0.0044247
8430.0 0.0045155
8450.0 0.0045931
8470.0 0.0046141
8490.0 0.0046623
8510.0 0.0045927
8530.0 0.0044532
8550.0 0.0044909
8570.0 0.0045009
8590.0 0.004381
8610.0 0.0044805
8630.0 0.004433
8650.0 0.0043399
8670.0 0.0043143
8690.0 0.0043141
8710.0 0.0041592
8730.0 0.0042038
8750.0 0.0040624
8770.0 0.0040319
8790.0 0.0039303
8810.0 0.0038884
8830.0 0.0038594
8850.0 0.003657
8870.0 0.003463
8890.0 0.0034102
8910.0 0.0032054
8930.0 0.0029595
8950.0 0.0029532
8970.0 0.0028691
8990.0 0.0028531
9010.0 0.0028326
9030.0 0.0028138
9050.0 0.0027938
9070.0 0.0027736
9090.0 0.0027533
9110.0 0.0027328
9130.0 0.0027123
9150.0 0.002692
9170.0 0.0026716
9190.0 0.0026511
9210.0 0.0026306
9230.0 0.00261
9250.0 0.0025895
9270.0 0.0025689
9290.0 0.0025484
9310.0 0.0025279
9330.0 0.0025074
9350.0 0.002487
9370.0 0.0024666
9390.0 0.0024463
9410.0 0.002426
9430.0 0.0024057
9450.0 0.0023856
9470.0 0.0023667
9490.0 0.0023474
9510.0 0.0023268
9530.0 0.0023065
9550.0 0.0022865
9570.0 0.0022668
9590.0 0.0022472
9610.0 0.0022278
9630.0 0.0022086
9650.0 0.0021895
9670.0 0.0021705
9690.0 0.0021517
9710.0 0.002133
9730.0 0.0021144
9750.0 0.002096
9770.0 0.0020778
9790.0 0.0020597
9810.0 0.0020418
9830.0 0.0020236
9850.0 0.0020028
9870.0 0.0019851
9890.0 0.0019694
9910.0 0.0019533
9930.0 0.0019342
9950.0 0.0019176
9970.0 0.0019022
9990.0 0.0018865
10010.0 0.0018704
10030.0 0.0018544
10050.0 0.0018388
10070.0 0.0018235
10090.0 0.0018083
10110.0 0.0017928
10130.0 0.0017773
10150.0 0.0017625
10170.0 0.0017478
10190.0 0.0017329
10210.0 0.0017186
10230.0 0.0017045
10250.0 0.0016902
10270.0 0.0016762
10290.0 0.0016627
10310.0 0.001649
10330.0 0.0016353
10350.0 0.0016222
10370.0 0.0016092
10390.0 0.0015961
10410.0 0.0015832
10430.0 0.0015707
10450.0 0.0015584
10470.0 0.001546
10490.0 0.001534
10510.0 0.0015222
10530.0 0.0015102
10550.0 0.0014985
10570.0 0.0014872
10590.0 0.0014758
10610.0 0.0014645
10630.0 0.0014536
10650.0 0.0014429
10670.0 0.0014319
10690.0 0.0014213
10710.0 0.001411
10730.0 0.0014007
10750.0 0.0013902
10770.0 0.0013804
10790.0 0.0013706
10810.0 0.0013606
10830.0 0.001351
10850.0 0.0013417
10870.0 0.0013322
10890.0 0.0013228
10910.0 0.001314
10930.0 0.0013053
10950.0 0.0012967
10970.0 0.0012886
10990.0 0.0012811
11010.0 0.0012935
11030.0 0.0012878
11050.0 0.0012824
11070.0 0.0012771
11090.0 0.0012713
11110.0 0.0012656
11130.0 0.0012596
11150.0 0.001253
11170.0 0.0012461
11190.0 0.0012393
11210.0 0.001232
11230.0 0.0012243
11250.0 0.0012169
11270.0 0.0012095
11290.0 0.001202
11310.0 0.0011947
11330.0 0.0011881
11350.0 0.0011817
11370.0 0.0011754
11390.0 0.0011698
11410.0 0.0011646
11430.0 0.0011594
11450.0 0.0011546
11470.0 0.0011503
11490.0 0.0011459
11510.0 0.0011413
11530.0 0.001137
11550.0 0.0011327
11570.0 0.0011281
11590.0 0.0011233
11610.0 0.0011186
11630.0 0.0011135
11650.0 0.001108
11670.0 0.0011028
11690.0 0.0010976
11710.0 0.0010922
11730.0 0.0010868
11750.0 0.0010819
11770.0 0.0010767
11790.0 0.0010716
11810.0 0.0010669
11830.0 0.0010623
11850.0 0.0010575
11870.0 0.001053
11890.0 0.001049
11910.0 0.0010449
11930.0 0.001041
11950.0 0.0010377
11970.0 0.0010346
11990.0 0.0010318
12010.0 0.0010296
12030.0 0.001028
12050.0 0.0010269
12070.0 0.0010265
12090.0 0.0010269
12110.0 0.001028
12130.0 0.0010298
12150.0 0.0010322
12170.0 0.0010354
12190.0 0.0010391
12210.0 0.0010433
12230.0 0.001048
12250.0 0.001053
12270.0 0.0010584
12290.0 0.0010638
12310.0 0.0010693
12330.0 0.001075
12350.0 0.0010805
12370.0 0.0010858
12390.0 0.0010909
12410.0 0.0010957
12430.0 0.0011
12450.0 0.0011037
12470.0 0.0011069
12490.0 0.0011094
12510.0 0.0011112
12530.0 0.0011121
12550.0 0.001112
12570.0 0.0011112
12590.0 0.0011095
12610.0 0.0011066
12630.0 0.0011028
12650.0 0.0010985
12670.0 0.0010933
12690.0 0.0010872
12710.0 0.0010807
12730.0 0.0010739
12750.0 0.0010661
12770.0 0.0010582
12790.0 0.0010504
12810.0 0.0010422
12830.0 0.0010337
12850.0 0.0010259
12870.0 0.0010182
12890.0 0.0010104
12910.0 0.0010031
12930.0 0.00099641
12950.0 0.00098973
12970.0 0.00098326
12990.0 0.0009776
13010.0 0.00097227
13030.0 0.00096701
13050.0 0.00096218
13070.0 0.00095786
13090.0 0.0009535
13110.0 0.00094929
13130.0 0.00094548
13150.0 0.00094182
13170.0 0.00093803
13190.0 0.00093457
13210.0 0.0009314
13230.0 0.00092817
13250.0 0.00092497
13270.0 0.00092203
13290.0 0.00091904
13310.0 0.00091583
13330.0 0.0009127
13350.0 0.00090955
13370.0 0.00090609
13390.0 0.00090234
13410.0 0.0008987
13430.0 0.00089473
13450.0 0.00089037
13470.0 0.00088589
13490.0 0.00088133
13510.0 0.00087617
13530.0 0.00087085
13550.0 0.00086556
13570.0 0.00085998
13590.0 0.00085403
13610.0 0.00084812
13630.0 0.00084224
13650.0 0.00083593
13670.0 0.00082954
13690.0 0.00082329
13710.0 0.00081683
13730.0 0.00080995
13750.0 0.00080341
13770.0 0.00079687
13790.0 0.00079006
13810.0 0.00078325
13830.0 0.00077671
13850.0 0.00076993
13870.0 0.00076299
13890.0 0.00075629
13910.0 0.00074964
13930.0 0.00074273
13950.0 0.00073586
13970.0 0.00072935
13990.0 0.00072266
14010.0 0.00071588
14030.0 0.00070936
14050.0 0.00070291
14070.0 0.00069617
14090.0 0.00068966
14110.0 0.00068337
14130.0 0.00067702
14150.0 0.00067061
14170.0 0.00066456
14190.0 0.0006586
14210.0 0.00065253
14230.0 0.00064665
14250.0 0.00064102
14270.0 0.00063526
14290.0 0.00062952
14310.0 0.00062409
14330.0 0.00061871
14350.0 0.00061327
14370.0 0.00060799
14390.0 0.00060293
14410.0 0.00059777
14430.0 0.00059269
14450.0 0.00058783
14470.0 0.00058305
14490.0 0.00057819
14510.0 0.00057357
14530.0 0.00056915
14550.0 0.0005647
14570.0 0.00056033
14590.0 0.00055617
14610.0 0.00055202
14630.0 0.00054783
14650.0 0.00054379
14670.0 0.00053984
14690.0 0.00053586
14710.0 0.00053188
14730.0 0.00052811
14750.0 0.00052433
14770.0 0.00052054
14790.0 0.00051689
14810.0 0.00051336
14830.0 0.00050978
14850.0 0.00050631
14870.0 0.000503
14890.0 0.00049973
14910.0 0.00049649
14930.0 0.00049339
14950.0 0.0004904
14970.0 0.00048742
14990.0 0.00048453
15010.0 0.00048175
15030.0 0.00047901
15050.0 0.00047628
15070.0 0.00047365
15090.0 0.00047105
15110.0 0.00046843
15130.0 0.00046583
15150.0 0.00046327
15170.0 0.00046067
15190.0 0.00045805
15210.0 0.00045545
15230.0 0.00045286
15250.0 0.00045022
15270.0 0.00044759
15290.0 0.00044501
15310.0 0.00044239
15330.0 0.00043975
15350.0 0.00043714
15370.0 0.00043454
15390.0 0.00043188
15410.0 0.00042925
15430.0 0.00042665
15450.0 0.00042402
15470.0 0.00042137
15490.0 0.00041877
15510.0 0.00041617
15530.0 0.00041354
15550.0 0.00041092
15570.0 0.00040834
15590.0 0.00040572
15610.0 0.00040309
15630.0 0.00040051
15650.0 0.00039792
15670.0 0.00039531
15690.0 0.00039273
15710.0 0.00039018
15730.0 0.00038759
15750.0 0.00038501
15770.0 0.00038247
15790.0 0.00037992
15810.0 0.00037734
15830.0 0.0003748
15850.0 0.00037229
15870.0 0.00036976
15890.0 0.00036723
15910.0 0.00036475
15930.0 0.00036225
15950.0 0.00035973
15970.0 0.00035725
15990.0 0.0003548
16010.0 0.00035232
16030.0 0.00034984
16050.0 0.00034743
16070.0 0.000345
16090.0 0.00034256
16110.0 0.00034015
16130.0 0.00033777
16150.0 0.00033535
16170.0 0.00033296
16190.0 0.0003306
16210.0 0.00032824
16230.0 0.00032588
16250.0 0.00032355
16270.0 0.00032125
16290.0 0.00031892
16310.0 0.00031661
16330.0 0.00031434
16350.0 0.00031206
16370.0 0.00030977
16390.0 0.00030753
16410.0 0.0003053
16430.0 0.00030306
16450.0 0.00030085
16470.0 0.00029867
16490.0 0.00029648
16510.0 0.00029429
16530.0 0.00029213
16550.0 0.00029
16570.0 0.00028784
16590.0 0.00028571
16610.0 0.00028363
16630.0 0.00028153
16650.0 0.00027944
16670.0 0.00027739
16690.0 0.00027535
16710.0 0.00027328
16730.0 0.00027126
16750.0 0.00026926
16770.0 0.00026726
16790.0 0.00026526
16810.0 0.00026331
16830.0 0.00026136
16850.0 0.00025941
16870.0 0.00025749
16890.0 0.00025559
16910.0 0.00025368
16930.0 0.00025178
16950.0 0.00024993
16970.0 0.00024808
16990.0 0.00024623
17010.0 0.00024441
17030.0 0.00024262
17050.0 0.00024081
17070.0 0.00023902
17090.0 0.00023727
17110.0 0.00023552
17130.0 0.00023376
17150.0 0.00023204
17170.0 0.00023035
17190.0 0.00022865
17210.0 0.00022696
17230.0 0.00022532
17250.0 0.00022367
17270.0 0.00022201
17290.0 0.0002204
17310.0 0.0002188
17330.0 0.0002172
17350.0 0.00021561
17370.0 0.00021407
17390.0 0.00021253
17410.0 0.00021098
17430.0 0.00020947
17450.0 0.00020798
17470.0 0.00020647
17490.0 0.00020499
17510.0 0.00020355
17530.0 0.0002021
17550.0 0.00020066
17570.0 0.00019925
17590.0 0.00019786
17610.0 0.00019646
17630.0 0.00019509
17650.0 0.00019374
17670.0 0.00019239
17690.0 0.00019104
17710.0 0.00018974
17730.0 0.00018844
17750.0 0.00018715
17770.0 0.00018587
17790.0 0.00018463
17810.0 0.00018338
17830.0 0.00018213
17850.0 0.00018092
17870.0 0.00017973
17890.0 0.00017852
17910.0 0.00017734
17930.0 0.0001762
17950.0 0.00017505
17970.0 0.00017391
17990.0 0.0001728
18010.0 0.0001717
18030.0 0.00017059
18050.0 0.00016951
18070.0 0.00016845
18090.0 0.0001674
18110.0 0.00016635
18130.0 0.00016533
18150.0 0.00016433
18170.0 0.00016332
18190.0 0.00016234
18210.0 0.00016138
18230.0 0.00016041
18250.0 0.00015945
18270.0 0.00015853
18290.0 0.00015761
18310.0 0.00015669
18330.0 0.0001558
18350.0 0.00015493
18370.0 0.00015405
18390.0 0.00015319
18410.0 0.00015236
18430.0 0.00015153
18450.0 0.00015069
18470.0 0.00014989
18490.0 0.00014911
18510.0 0.00014832
18530.0 0.00014754
18550.0 0.0001468
18570.0 0.00014605
18590.0 0.0001453
18610.0 0.00014458
18630.0 0.00014388
18650.0 0.00014317
18670.0 0.00014248
18690.0 0.00014182
18710.0 0.00014115
18730.0 0.00014049
18750.0 0.00013986
18770.0 0.00013924
18790.0 0.0001386
18810.0 0.00013798
18830.0 0.0001374
18850.0 0.00013681
18870.0 0.00013622
18890.0 0.00013566
18910.0 0.00013512
18930.0 0.00013456
18950.0 0.00013403
18970.0 0.00013351
18990.0 0.000133
19010.0 0.00013247
19030.0 0.00013199
19050.0 0.00013151
19070.0 0.00013102
19090.0 0.00013056
19110.0 0.00013012
19130.0 0.00012966
19150.0 0.00012921
19170.0 0.00012879
19190.0 0.00012838
19210.0 0.00012795
19230.0 0.00012755
19250.0 0.00012717
19270.0 0.00012678
19290.0 0.00012639
19310.0 0.00012603
19330.0 0.00012568
19350.0 0.00012531
19370.0 0.00012496
19390.0 0.00012464
19410.0 0.0001243
19430.0 0.00012397
19450.0 0.00012367
19470.0 0.00012336
19490.0 0.00012305
19510.0 0.00012276
19530.0 0.00012249
19550.0 0.00012219
19570.0 0.00012191
19590.0 0.00012165
19610.0 0.00012139
19630.0 0.00012113
19650.0 0.00012088
19670.0 0.00012065
19690.0 0.00012041
19710.0 0.00012017
19730.0 0.00011995
19750.0 0.00011973
19770.0 0.00011949
19790.0 0.00011929
19810.0 0.00011909
19830.0 0.00011888
19850.0 0.00011868
19870.0 0.0001185
19890.0 0.00011831
19910.0 0.00011811
19930.0 0.00011793
19950.0 0.00011776
19970.0 0.00011757
19990.0 0.00011738
20010.0 0.00011721
20030.0 0.00011702
20050.0 0.0001168
20070.0 0.0001166
20090.0 0.00011638
20110.0 0.00011612
20130.0 0.00011586
20150.0 0.00011562
20170.0 0.00011535
20190.0 0.00011506
20210.0 0.0001148
20230.0 0.00011454
20250.0 0.00011426
20270.0 0.000114
20290.0 0.00011377
20310.0 0.00011354
20330.0 0.0001133
20350.0 0.00011313
20370.0 0.00011297
20390.0 0.00011282
20410.0 0.00011271
20430.0 0.00011264
20450.0 0.00011257
20470.0 0.00011254
20490.0 0.00011255
20510.0 0.00011259
20530.0 0.00011266
20550.0 0.00011277
20570.0 0.00011294
20590.0 0.00011313
20610.0 0.00011337
20630.0 0.00011365
20650.0 0.00011397
20670.0 0.00011434
20690.0 0.00011474
20710.0 0.00011519
20730.0 0.00011567
20750.0 0.00011617
20770.0 0.0001167
20790.0 0.00011724
20810.0 0.00011779
20830.0 0.00011833
20850.0 0.00011886
20870.0 0.00011938
20890.0 0.00011986
20910.0 0.0001203
20930.0 0.0001207
20950.0 0.00012105
20970.0 0.00012134
20990.0 0.00012158
21010.0 0.00012174
21030.0 0.00012184
21050.0 0.00012189
21070.0 0.00012188
21090.0 0.0001218
21110.0 0.00012169
21130.0 0.00012154
21150.0 0.00012133
21170.0 0.0001211
21190.0 0.00012087
21210.0 0.00012059
21230.0 0.00012028
21250.0 0.00012
21270.0 0.00011972
21290.0 0.00011941
21310.0 0.00011911
21330.0 0.00011885
21350.0 0.00011856
21370.0 0.00011827
21390.0 0.000118
21410.0 0.00011774
21430.0 0.00011743
21450.0 0.00011713
21470.0 0.00011685
21490.0 0.00011653
21510.0 0.00011619
21530.0 0.00011586
21550.0 0.00011551
21570.0 0.00011512
21590.0 0.00011472
21610.0 0.00011433
21630.0 0.0001139
21650.0 0.00011343
21670.0 0.00011301
21690.0 0.00011257
21710.0 0.0001121
21730.0 0.00011164
21750.0 0.0001112
21770.0 0.00011072
21790.0 0.00011025
21810.0 0.00010981
21830.0 0.00010936
21850.0 0.00010889
21870.0 0.00010844
21890.0 0.00010802
21910.0 0.00010757
21930.0 0.00010712
21950.0 0.0001067
21970.0 0.00010626
21990.0 0.00010577
22010.0 0.00010532
22030.0 0.00010486
22050.0 0.00010436
22070.0 0.00010385
22090.0 0.00010336
22110.0 0.00010283
22130.0 0.00010226
22150.0 0.0001017
22170.0 0.00010113
22190.0 0.00010051
22210.0 9.9871e-05
22230.0 9.9265e-05
22250.0 9.8627e-05
22270.0 9.7963e-05
22290.0 9.732e-05
22310.0 9.6683e-05
22330.0 9.6001e-05
22350.0 9.5335e-05
22370.0 9.4698e-05
22390.0 9.4047e-05
22410.0 9.3378e-05
22430.0 9.276e-05
22450.0 9.2156e-05
22470.0 9.1539e-05
22490.0 9.0946e-05
22510.0 9.0394e-05
22530.0 8.9832e-05
22550.0 8.9278e-05
22570.0 8.8775e-05
22590.0 8.8291e-05
22610.0 8.7808e-05
22630.0 8.7355e-05
22650.0 8.6945e-05
22670.0 8.6534e-05
22690.0 8.6137e-05
22710.0 8.5774e-05
22730.0 8.5429e-05
22750.0 8.5075e-05
22770.0 8.4754e-05
22790.0 8.4459e-05
22810.0 8.4167e-05
22830.0 8.3886e-05
22850.0 8.3635e-05
22870.0 8.3396e-05
22890.0 8.3163e-05
22910.0 8.2956e-05
22930.0 8.2774e-05
22950.0 8.2606e-05
22970.0 8.2457e-05
22990.0 8.2346e-05
23010.0 8.2257e-05
23030.0 8.2195e-05
23050.0 8.2166e-05
23070.0 8.217e-05
23090.0 8.2209e-05
23110.0 8.2287e-05
23130.0 8.24e-05
23150.0 8.2553e-05
23170.0 8.2751e-05
23190.0 8.2982e-05
23210.0 8.3242e-05
23230.0 8.3547e-05
23250.0 8.3884e-05
23270.0 8.4233e-05
23290.0 8.4609e-05
23310.0 8.5019e-05
23330.0 8.5416e-05
23350.0 8.5809e-05
23370.0 8.6209e-05
23390.0 8.6596e-05
23410.0 8.6943e-05
23430.0 8.7285e-05
23450.0 8.7431e-05
23470.0 8.7495e-05
23490.0 8.7522e-05
23510.0 8.7534e-05
23530.0 8.752e-05
23550.0 8.7479e-05
23570.0 8.7446e-05
23590.0 8.7431e-05
23610.0 8.7429e-05
23630.0 8.7457e-05
23650.0 8.7552e-05
23670.0 8.769e-05
23690.0 8.7865e-05
23710.0 8.8106e-05
23730.0 8.8421e-05
23750.0 8.8748e-05
23770.0 8.9117e-05
23790.0 8.9557e-05
23810.0 9.0027e-05
23830.0 9.051e-05
23850.0 9.1082e-05
23870.0 9.1728e-05
23890.0 9.2388e-05
23910.0 9.3116e-05
23930.0 9.3955e-05
23950.0 9.4841e-05
23970.0 9.573e-05
23990.0 9.6718e-05
24010.0 9.7741e-05
24030.0 9.8709e-05
24050.0 9.9653e-05
24070.0 0.00010062
24090.0 0.00010144
24110.0 0.00010213
24130.0 0.00010274
24150.0 0.00010323
24170.0 0.00010354
24190.0 0.00010375
24210.0 0.00010386
24230.0 0.00010385
24250.0 0.00010372
24270.0 0.00010353
24290.0 0.00010328
24310.0 0.00010293
24330.0 0.00010255
24350.0 0.00010214
24370.0 0.00010168
24390.0 0.00010119
24410.0 0.00010069
24430.0 0.00010017
24450.0 9.9634e-05
24470.0 9.9085e-05
24490.0 9.8535e-05
24510.0 9.797e-05
24530.0 9.7395e-05
24550.0 9.6822e-05
24570.0 9.6243e-05
24590.0 9.5651e-05
24610.0 9.5059e-05
24630.0 9.4473e-05
24650.0 9.3874e-05
24670.0 9.3277e-05
24690.0 9.2694e-05
24710.0 9.2123e-05
24730.0 9.1558e-05
24750.0 9.1023e-05
24770.0 9.0513e-05
24790.0 8.9995e-05
24810.0 8.9439e-05
24830.0 8.8762e-05
24850.0 8.7742e-05
24870.0 8.6102e-05
24890.0 8.3338e-05
24910.0 7.8766e-05
24930.0 7.2074e-05
24950.0 6.2879e-05
24970.0 5.0453e-05
24990.0 3.8721e-05
