#lamb flux
1010.0 1.2055e-06
1030.0 1.2563e-06
1050.0 1.3151e-06
1070.0 1.3815e-06
1090.0 1.4569e-06
1110.0 1.5347e-06
1130.0 1.6133e-06
1150.0 1.6959e-06
1170.0 1.7817e-06
1190.0 1.8636e-06
1210.0 1.9471e-06
1230.0 2.0339e-06
1250.0 2.1196e-06
1270.0 2.2037e-06
1290.0 2.293e-06
1310.0 2.383e-06
1330.0 2.4703e-06
1350.0 2.5593e-06
1370.0 2.652e-06
1390.0 2.7434e-06
1410.0 2.8333e-06
1430.0 2.9278e-06
1450.0 3.0233e-06
1470.0 3.1169e-06
1490.0 3.2123e-06
1510.0 3.3134e-06
1530.0 3.4107e-06
1550.0 3.5075e-06
1570.0 3.6081e-06
1590.0 3.7093e-06
1610.0 3.807e-06
1630.0 3.9077e-06
1650.0 4.0109e-06
1670.0 4.1111e-06
1690.0 4.21e-06
1710.0 4.312e-06
1730.0 4.4138e-06
1750.0 4.5094e-06
1770.0 4.6066e-06
1790.0 4.7044e-06
1810.0 4.7978e-06
1830.0 4.888e-06
1850.0 4.9819e-06
1870.0 5.0714e-06
1890.0 5.1558e-06
1910.0 5.2398e-06
1930.0 5.3237e-06
1950.0 5.4012e-06
1970.0 5.4755e-06
1990.0 5.5509e-06
2010.0 5.6227e-06
2030.0 5.6896e-06
2050.0 5.7575e-06
2070.0 5.8263e-06
2090.0 5.889e-06
2110.0 5.9509e-06
2130.0 6.0152e-06
2150.0 6.0782e-06
2170.0 6.1384e-06
2190.0 6.2032e-06
2210.0 6.2704e-06
2230.0 6.337e-06
2250.0 6.4065e-06
2270.0 6.4836e-06
2290.0 6.5626e-06
2310.0 6.6436e-06
2330.0 6.7331e-06
2350.0 6.8298e-06
2370.0 6.9306e-06
2390.0 7.0401e-06
2410.0 7.1623e-06
2430.0 7.2909e-06
2450.0 7.4266e-06
2470.0 7.5728e-06
2490.0 7.7269e-06
2510.0 7.8841e-06
2530.0 8.0575e-06
2550.0 8.2688e-06
2570.0 8.5497e-06
2590.0 8.9452e-06
2610.0 9.556e-06
2630.0 1.0443e-05
2650.0 1.1604e-05
2670.0 1.3084e-05
2690.0 1.4881e-05
2710.0 1.6824e-05
2730.0 1.8815e-05
2750.0 2.089e-05
2770.0 2.2911e-05
2790.0 2.482e-05
2810.0 2.6708e-05
2830.0 2.8653e-05
2850.0 3.0556e-05
2870.0 3.2511e-05
2890.0 3.4594e-05
2910.0 3.6769e-05
2930.0 3.898e-05
2950.0 4.1335e-05
2970.0 4.3819e-05
2990.0 4.6342e-05
3010.0 8.3285e-05
3030.0 8.7904e-05
3050.0 9.2552e-05
3070.0 9.6902e-05
3090.0 0.00010084
3110.0 0.00010365
3130.0 0.0001044
3150.0 0.00010211
3170.0 9.4778e-05
3190.0 8.2e-05
3210.0 6.3848e-05
3230.0 4.3078e-05
3250.0 6.2559e-05
3270.0 3.1612e-05
3290.0 7.9343e-05
3310.0 2.2095e-05
3330.0 2.3266e-05
3350.0 3.1968e-05
3370.0 4.1711e-05
3390.0 5.1961e-05
3410.0 6.2162e-05
3430.0 7.2772e-05
3450.0 8.3331e-05
3470.0 9.3059e-05
3490.0 9.951e-05
3510.0 0.00012044
3530.0 0.00016057
3550.0 0.0001656
3570.0 0.00015049
3590.0 0.00020855
3610.0 0.00015016
3630.0 0.00021702
3650.0 0.00023809
3670.0 0.00029653
3690.0 0.00029161
3710.0 0.00022952
3730.0 0.00029594
3750.0 0.00030821
3770.0 0.00031505
3790.0 0.00028674
3810.0 0.00024833
3830.0 0.00030885
3850.0 0.00031432
3870.0 0.00038303
3890.0 0.00037053
3910.0 0.00035464
3930.0 0.00039369
3950.0 0.00044229
3970.0 0.00057323
3990.0 0.00049657
4010.0 0.00036775
4030.0 0.00044976
4050.0 0.00046338
4070.0 0.00051221
4090.0 0.00046905
4110.0 0.00034821
4130.0 0.0004292
4150.0 0.00039455
4170.0 0.00041815
4190.0 0.00041835
4210.0 0.00049769
4230.0 0.0003716
4250.0 0.00043738
4270.0 0.00043707
4290.0 0.00044385
4310.0 0.0005228
4330.0 0.00053767
4350.0 0.00044082
4370.0 0.00039628
4390.0 0.00045085
4410.0 0.00044435
4430.0 0.00035102
4450.0 0.00034975
4470.0 0.00039317
4490.0 0.00031201
4510.0 0.00036804
4530.0 0.00040061
4550.0 0.00052717
4570.0 0.00075564
4590.0 0.00076859
4610.0 0.00058069
4630.0 0.00083792
4650.0 0.0011329
4670.0 0.0010642
4690.0 0.0006976
4710.0 0.00072223
4730.0 0.00086275
4750.0 0.0007641
4770.0 0.00059111
4790.0 0.00043536
4810.0 0.00059118
4830.0 0.00067489
4850.0 0.00063569
4870.0 0.00031918
4890.0 0.00068284
4910.0 0.00089314
4930.0 0.000959
4950.0 0.00097711
4970.0 0.00070767
4990.0 0.00078948
5010.0 0.00085845
5030.0 0.00087584
5050.0 0.00083413
5070.0 0.00061593
5090.0 0.00051617
5110.0 0.00048648
5130.0 0.00044138
5150.0 0.00049889
5170.0 0.00044491
5190.0 0.00053243
5210.0 0.00053235
5230.0 0.0005779
5250.0 0.00072316
5270.0 0.00064989
5290.0 0.00065042
5310.0 0.00088694
5330.0 0.0010099
5350.0 0.00089142
5370.0 0.00080324
5390.0 0.00087135
5410.0 0.0010327
5430.0 0.001118
5450.0 0.0012071
5470.0 0.0012529
5490.0 0.0012661
5510.0 0.0014546
5530.0 0.0014999
5550.0 0.0015721
5570.0 0.0016307
5590.0 0.0016066
5610.0 0.0015341
5630.0 0.0014869
5650.0 0.0015031
5670.0 0.0014838
5690.0 0.001291
5710.0 0.0012163
5730.0 0.0011926
5750.0 0.0012601
5770.0 0.0011104
5790.0 0.0010344
5810.0 0.0010533
5830.0 0.0010957
5850.0 0.0010115
5870.0 0.0010004
5890.0 0.0011363
5910.0 0.0010862
5930.0 0.0009243
5950.0 0.00082096
5970.0 0.00084909
5990.0 0.00077359
6010.0 0.00071675
6030.0 0.00071952
6050.0 0.00068048
6070.0 0.00054375
6090.0 0.00050003
6110.0 0.00060834
6130.0 0.00068307
6150.0 0.00072095
6170.0 0.0007224
6190.0 0.00070544
6210.0 0.00070001
6230.0 0.0007792
6250.0 0.00071977
6270.0 0.00065406
6290.0 0.00059237
6310.0 0.00055309
6330.0 0.00052421
6350.0 0.00046856
6370.0 0.00047052
6390.0 0.00055178
6410.0 0.00067719
6430.0 0.00078163
6450.0 0.00076507
6470.0 0.00077007
6490.0 0.00092496
6510.0 0.0010316
6530.0 0.00098715
6550.0 0.00096106
6570.0 0.00097477
6590.0 0.00094685
6610.0 0.0010132
6630.0 0.0009641
6650.0 0.00087486
6670.0 0.00079605
6690.0 0.00075825
6710.0 0.00087873
6730.0 0.00081544
6750.0 0.00072891
6770.0 0.00067895
6790.0 0.00070843
6810.0 0.00076467
6830.0 0.00074601
6850.0 0.00068908
6870.0 0.0007001
6890.0 0.00068169
6910.0 0.00064529
6930.0 0.0007227
6950.0 0.0006838
6970.0 0.00065822
6990.0 0.00066456
7010.0 0.00063911
7030.0 0.00059996
7050.0 0.00056794
7070.0 0.00058617
7090.0 0.00054836
7110.0 0.00048423
7130.0 0.00040596
7150.0 0.00037224
7170.0 0.00046652
7190.0 0.00050284
7210.0 0.0004965
7230.0 0.00052384
7250.0 0.00050347
7270.0 0.00048814
7290.0 0.00052486
7310.0 0.00056419
7330.0 0.00054843
7350.0 0.0005186
7370.0 0.00050339
7390.0 0.00053028
7410.0 0.00061141
7430.0 0.00066964
7450.0 0.00072263
7470.0 0.00072588
7490.0 0.00074118
7510.0 0.00070972
7530.0 0.00070448
7550.0 0.00068087
7570.0 0.00059841
7590.0 0.00058811
7610.0 0.00057704
7630.0 0.00055562
7650.0 0.00061725
7670.0 0.0006781
7690.0 0.00073929
7710.0 0.00081798
7730.0 0.00087373
7750.0 0.000916
7770.0 0.00091893
7790.0 0.00099296
7810.0 0.0010275
7830.0 0.00097177
7850.0 0.00098022
7870.0 0.00093753
7890.0 0.00096621
7910.0 0.0009176
7930.0 0.00092062
7950.0 0.00083807
7970.0 0.00085965
7990.0 0.000832
8010.0 0.00082376
8030.0 0.0008236
8050.0 0.00086064
8070.0 0.00083663
8090.0 0.00084023
8110.0 0.00081785
8130.0 0.00081825
8150.0 0.00078856
8170.0 0.00076809
8190.0 0.00075981
8210.0 0.00076702
8230.0 0.00069321
8250.0 0.00063878
8270.0 0.00056016
8290.0 0.0004625
8310.0 0.0003869
8330.0 0.00030709
8350.0 0.00026188
8370.0 0.0002762
8390.0 0.00029199
8410.0 0.00031459
8430.0 0.00037569
8450.0 0.000401
8470.0 0.00042279
8490.0 0.00048049
8510.0 0.00052669
8530.0 0.00060954
8550.0 0.00072165
8570.0 0.0008114
8590.0 0.0008791
8610.0 0.00095799
8630.0 0.0010428
8650.0 0.0010598
8670.0 0.0010702
8690.0 0.0011111
8710.0 0.0011078
8730.0 0.0011072
8750.0 0.0010602
8770.0 0.0010627
8790.0 0.0010492
8810.0 0.00097271
8830.0 0.00096731
8850.0 0.00091313
8870.0 0.00087905
8890.0 0.00081545
8910.0 0.00086322
8930.0 0.000798
8950.0 0.00078162
8970.0 0.00078064
8990.0 0.00075746
9010.0 0.00076458
9030.0 0.00073709
9050.0 0.00073298
9070.0 0.00073174
9090.0 0.00073039
9110.0 0.00072924
9130.0 0.00072768
9150.0 0.00072592
9170.0 0.00072264
9190.0 0.00071694
9210.0 0.00072379
9230.0 0.00071994
9250.0 0.00071705
9270.0 0.00071431
9290.0 0.00071165
9310.0 0.00070906
9330.0 0.00070646
9350.0 0.00070383
9370.0 0.00070115
9390.0 0.00069843
9410.0 0.00069564
9430.0 0.00069278
9450.0 0.00068981
9470.0 0.00068681
9490.0 0.00068388
9510.0 0.00068088
9530.0 0.00067784
9550.0 0.00067473
9570.0 0.00067159
9590.0 0.00066843
9610.0 0.00066524
9630.0 0.00066201
9650.0 0.00065877
9670.0 0.00065553
9690.0 0.00065226
9710.0 0.00064898
9730.0 0.0006457
9750.0 0.00064242
9770.0 0.00063912
9790.0 0.00063584
9810.0 0.00063256
9830.0 0.00062929
9850.0 0.00062603
9870.0 0.00062278
9890.0 0.00061953
9910.0 0.0006163
9930.0 0.00061307
9950.0 0.00060763
9970.0 0.00060513
9990.0 0.00060252
10010.0 0.00059988
10030.0 0.00059707
10050.0 0.00059404
10070.0 0.00059057
10090.0 0.00058786
10110.0 0.00058501
10130.0 0.0005822
10150.0 0.00057942
10170.0 0.00057657
10190.0 0.00057364
10210.0 0.00057087
10230.0 0.00056816
10250.0 0.00056538
10270.0 0.00056266
10290.0 0.00056008
10310.0 0.00055743
10330.0 0.00055475
10350.0 0.00055223
10370.0 0.00054976
10390.0 0.00054723
10410.0 0.00054477
10430.0 0.00054245
10450.0 0.00054009
10470.0 0.00053771
10490.0 0.00053546
10510.0 0.00053327
10530.0 0.00053096
10550.0 0.00052877
10570.0 0.0005267
10590.0 0.00052459
10610.0 0.00052248
10630.0 0.00052051
10650.0 0.00051857
10670.0 0.00051654
10690.0 0.00051462
10710.0 0.00051279
10730.0 0.00051092
10750.0 0.00050901
10770.0 0.00050729
10790.0 0.00050557
10810.0 0.0005038
10830.0 0.00050209
10850.0 0.00050048
10870.0 0.00049868
10890.0 0.00049678
10910.0 0.00049479
10930.0 0.00049243
10950.0 0.00048937
10970.0 0.00048564
10990.0 0.00048118
11010.0 0.00046496
11030.0 0.00045868
11050.0 0.0004516
11070.0 0.00044359
11090.0 0.00043439
11110.0 0.00042528
11130.0 0.00041615
11150.0 0.00040667
11170.0 0.00039728
11190.0 0.00038852
11210.0 0.00037978
11230.0 0.00037108
11250.0 0.00036301
11270.0 0.00035544
11290.0 0.00034794
11310.0 0.00034088
11330.0 0.0003347
11350.0 0.00032877
11370.0 0.00032313
11390.0 0.00031809
11410.0 0.00031348
11430.0 0.00030884
11450.0 0.00030453
11470.0 0.00030051
11490.0 0.00029644
11510.0 0.00029217
11530.0 0.00028804
11550.0 0.0002838
11570.0 0.00027912
11590.0 0.00027425
11610.0 0.00026932
11630.0 0.00026389
11650.0 0.00025802
11670.0 0.00025225
11690.0 0.00024631
11710.0 0.00024002
11730.0 0.00023376
11750.0 0.00022783
11770.0 0.00022172
11790.0 0.00021569
11810.0 0.00021011
11830.0 0.0002048
11850.0 0.00019947
11870.0 0.00019467
11890.0 0.00019036
11910.0 0.0001862
11930.0 0.00018229
11950.0 0.00017884
11970.0 0.00017559
11990.0 0.00017238
12010.0 0.00016948
12030.0 0.00016682
12050.0 0.00016419
12070.0 0.00016162
12090.0 0.00015938
12110.0 0.00015722
12130.0 0.0001551
12150.0 0.00015321
12170.0 0.00015157
12190.0 0.00015
12210.0 0.00014871
12230.0 0.00014781
12250.0 0.00014723
12270.0 0.00014701
12290.0 0.00014729
12310.0 0.00014803
12330.0 0.00014927
12350.0 0.00015103
12370.0 0.00015326
12390.0 0.00015595
12410.0 0.00015921
12430.0 0.00016271
12450.0 0.00016645
12470.0 0.00017049
12490.0 0.00017466
12510.0 0.00017871
12530.0 0.00018281
12550.0 0.00018686
12570.0 0.00019062
12590.0 0.00019412
12610.0 0.00019745
12630.0 0.00020045
12650.0 0.00020304
12670.0 0.00020535
12690.0 0.00020735
12710.0 0.00020901
12730.0 0.00021036
12750.0 0.00021142
12770.0 0.00021218
12790.0 0.00021268
12810.0 0.0002129
12830.0 0.00021284
12850.0 0.00021259
12870.0 0.00021213
12890.0 0.00021138
12910.0 0.00021044
12930.0 0.00020937
12950.0 0.00020801
12970.0 0.0002064
12990.0 0.00020471
13010.0 0.00020284
13030.0 0.0002007
13050.0 0.00019843
13070.0 0.00019613
13090.0 0.00019357
13110.0 0.00019088
13130.0 0.00018823
13150.0 0.00018556
13170.0 0.00018274
13190.0 0.00018014
13210.0 0.00017778
13230.0 0.00017553
13250.0 0.00017353
13270.0 0.00017195
13290.0 0.00017068
13310.0 0.00016973
13330.0 0.0001692
13350.0 0.00016904
13370.0 0.00016916
13390.0 0.00016954
13410.0 0.00017009
13430.0 0.00017072
13450.0 0.00017133
13470.0 0.00017183
13490.0 0.00017214
13510.0 0.00017217
13530.0 0.00017186
13550.0 0.00017124
13570.0 0.00017024
13590.0 0.00016885
13610.0 0.00016719
13630.0 0.00016534
13650.0 0.00016318
13670.0 0.0001609
13690.0 0.00015863
13710.0 0.0001563
13730.0 0.00015388
13750.0 0.00015169
13770.0 0.00014961
13790.0 0.00014758
13810.0 0.00014569
13830.0 0.000144
13850.0 0.00014235
13870.0 0.00014078
13890.0 0.00013934
13910.0 0.00013799
13930.0 0.00013663
13950.0 0.00013533
13970.0 0.00013414
13990.0 0.00013295
14010.0 0.00013179
14030.0 0.00013071
14050.0 0.00012969
14070.0 0.00012869
14090.0 0.00012779
14110.0 0.00012699
14130.0 0.00012626
14150.0 0.00012561
14170.0 0.00012508
14190.0 0.00012464
14210.0 0.0001243
14230.0 0.00012405
14250.0 0.0001239
14270.0 0.00012384
14290.0 0.00012389
14310.0 0.00012402
14330.0 0.00012423
14350.0 0.00012453
14370.0 0.00012489
14390.0 0.00012527
14410.0 0.0001257
14430.0 0.00012615
14450.0 0.00012656
14470.0 0.00012694
14490.0 0.00012732
14510.0 0.00012761
14530.0 0.00012782
14550.0 0.00012801
14570.0 0.00012814
14590.0 0.00012823
14610.0 0.00012831
14630.0 0.00012843
14650.0 0.00012857
14670.0 0.00012878
14690.0 0.00012912
14710.0 0.00012961
14730.0 0.00013021
14750.0 0.000131
14770.0 0.00013202
14790.0 0.00013322
14810.0 0.00013456
14830.0 0.00013624
14850.0 0.00013808
14870.0 0.00013998
14890.0 0.00014203
14910.0 0.00014419
14930.0 0.00014619
14950.0 0.00014798
14970.0 0.0001496
14990.0 0.00015083
15010.0 0.0001516
15030.0 0.00015198
15050.0 0.000152
15070.0 0.00015165
15090.0 0.00015108
15110.0 0.00015035
15130.0 0.00014952
15150.0 0.00014865
15170.0 0.00014774
15190.0 0.00014682
15210.0 0.00014589
15230.0 0.00014497
15250.0 0.00014404
15270.0 0.00014311
15290.0 0.00014219
15310.0 0.00014126
15330.0 0.00014033
15350.0 0.00013941
15370.0 0.00013849
15390.0 0.00013757
15410.0 0.00013665
15430.0 0.00013573
15450.0 0.00013482
15470.0 0.0001339
15490.0 0.00013299
15510.0 0.00013209
15530.0 0.00013118
15550.0 0.00013028
15570.0 0.00012939
15590.0 0.00012849
15610.0 0.0001276
15630.0 0.00012671
15650.0 0.00012583
15670.0 0.00012495
15690.0 0.00012407
15710.0 0.00012321
15730.0 0.00012234
15750.0 0.00012148
15770.0 0.00012062
15790.0 0.00011977
15810.0 0.00011892
15830.0 0.00011808
15850.0 0.00011724
15870.0 0.00011641
15890.0 0.00011558
15910.0 0.00011476
15930.0 0.00011394
15950.0 0.00011313
15970.0 0.00011232
15990.0 0.00011153
16010.0 0.00011073
16030.0 0.00010994
16050.0 0.00010916
16070.0 0.00010838
16090.0 0.00010761
16110.0 0.00010684
16130.0 0.00010609
16150.0 0.00010533
16170.0 0.00010458
16190.0 0.00010384
16210.0 0.0001031
16230.0 0.00010237
16250.0 0.00010165
16270.0 0.00010093
16290.0 0.00010022
16310.0 9.9514e-05
16330.0 9.8819e-05
16350.0 9.8126e-05
16370.0 9.7433e-05
16390.0 9.6755e-05
16410.0 9.6084e-05
16430.0 9.5413e-05
16450.0 9.4751e-05
16470.0 9.4101e-05
16490.0 9.345e-05
16510.0 9.2803e-05
16530.0 9.2168e-05
16550.0 9.1539e-05
16570.0 9.0911e-05
16590.0 9.029e-05
16610.0 8.9683e-05
16630.0 8.9076e-05
16650.0 8.8473e-05
16670.0 8.7882e-05
16690.0 8.7297e-05
16710.0 8.6709e-05
16730.0 8.6133e-05
16750.0 8.5566e-05
16770.0 8.5e-05
16790.0 8.4438e-05
16810.0 8.389e-05
16830.0 8.3345e-05
16850.0 8.2802e-05
16870.0 8.2267e-05
16890.0 8.1742e-05
16910.0 8.1215e-05
16930.0 8.0694e-05
16950.0 8.0185e-05
16970.0 7.9679e-05
16990.0 7.9175e-05
17010.0 7.8681e-05
17030.0 7.8195e-05
17050.0 7.7708e-05
17070.0 7.7227e-05
17090.0 7.6756e-05
17110.0 7.6289e-05
17130.0 7.582e-05
17150.0 7.5363e-05
17170.0 7.4914e-05
17190.0 7.4465e-05
17210.0 7.4021e-05
17230.0 7.3588e-05
17250.0 7.3156e-05
17270.0 7.2725e-05
17290.0 7.2303e-05
17310.0 7.1888e-05
17330.0 7.1474e-05
17350.0 7.1063e-05
17370.0 7.0664e-05
17390.0 7.0266e-05
17410.0 6.987e-05
17430.0 6.9483e-05
17450.0 6.9102e-05
17470.0 6.8717e-05
17490.0 6.8341e-05
17510.0 6.7973e-05
17530.0 6.7606e-05
17550.0 6.7241e-05
17570.0 6.6885e-05
17590.0 6.6535e-05
17610.0 6.6183e-05
17630.0 6.5837e-05
17650.0 6.5499e-05
17670.0 6.5162e-05
17690.0 6.4823e-05
17710.0 6.4497e-05
17730.0 6.4174e-05
17750.0 6.3851e-05
17770.0 6.3534e-05
17790.0 6.3225e-05
17810.0 6.2913e-05
17830.0 6.2605e-05
17850.0 6.2305e-05
17870.0 6.2008e-05
17890.0 6.171e-05
17910.0 6.1417e-05
17930.0 6.1133e-05
17950.0 6.0848e-05
17970.0 6.0566e-05
17990.0 6.0291e-05
18010.0 6.0019e-05
18030.0 5.9744e-05
18050.0 5.9476e-05
18070.0 5.9215e-05
18090.0 5.8952e-05
18110.0 5.8692e-05
18130.0 5.844e-05
18150.0 5.819e-05
18170.0 5.7939e-05
18190.0 5.7694e-05
18210.0 5.7454e-05
18230.0 5.7212e-05
18250.0 5.6972e-05
18270.0 5.6741e-05
18290.0 5.6511e-05
18310.0 5.628e-05
18330.0 5.6055e-05
18350.0 5.5836e-05
18370.0 5.5614e-05
18390.0 5.5394e-05
18410.0 5.5182e-05
18430.0 5.497e-05
18450.0 5.4756e-05
18470.0 5.4549e-05
18490.0 5.4347e-05
18510.0 5.4143e-05
18530.0 5.3942e-05
18550.0 5.3748e-05
18570.0 5.3552e-05
18590.0 5.3356e-05
18610.0 5.3166e-05
18630.0 5.2979e-05
18650.0 5.2791e-05
18670.0 5.2604e-05
18690.0 5.2426e-05
18710.0 5.2246e-05
18730.0 5.2066e-05
18750.0 5.1892e-05
18770.0 5.1721e-05
18790.0 5.1545e-05
18810.0 5.1374e-05
18830.0 5.1208e-05
18850.0 5.1042e-05
18870.0 5.0875e-05
18890.0 5.0715e-05
18910.0 5.0557e-05
18930.0 5.0396e-05
18950.0 5.0238e-05
18970.0 5.0086e-05
18990.0 4.9932e-05
19010.0 4.9775e-05
19030.0 4.9628e-05
19050.0 4.9481e-05
19070.0 4.9332e-05
19090.0 4.9186e-05
19110.0 4.9046e-05
19130.0 4.8902e-05
19150.0 4.8759e-05
19170.0 4.8621e-05
19190.0 4.8485e-05
19210.0 4.8345e-05
19230.0 4.8209e-05
19250.0 4.8079e-05
19270.0 4.7946e-05
19290.0 4.7814e-05
19310.0 4.7686e-05
19330.0 4.7559e-05
19350.0 4.7428e-05
19370.0 4.7302e-05
19390.0 4.718e-05
19410.0 4.7055e-05
19430.0 4.6931e-05
19450.0 4.6813e-05
19470.0 4.6694e-05
19490.0 4.6573e-05
19510.0 4.6456e-05
19530.0 4.6342e-05
19550.0 4.6224e-05
19570.0 4.6106e-05
19590.0 4.5996e-05
19610.0 4.5884e-05
19630.0 4.577e-05
19650.0 4.566e-05
19670.0 4.5554e-05
19690.0 4.5443e-05
19710.0 4.5333e-05
19730.0 4.5229e-05
19750.0 4.5123e-05
19770.0 4.5014e-05
19790.0 4.491e-05
19810.0 4.4809e-05
19830.0 4.4704e-05
19850.0 4.4598e-05
19870.0 4.4494e-05
19890.0 4.4379e-05
19910.0 4.4246e-05
19930.0 4.4096e-05
19950.0 4.3912e-05
19970.0 4.3669e-05
19990.0 4.3359e-05
20010.0 4.2994e-05
20030.0 4.2538e-05
20050.0 4.1995e-05
20070.0 4.1401e-05
20090.0 4.076e-05
20110.0 4.0033e-05
20130.0 3.93e-05
20150.0 3.8575e-05
20170.0 3.7826e-05
20190.0 3.7067e-05
20210.0 3.6352e-05
20230.0 3.5655e-05
20250.0 3.4955e-05
20270.0 3.4305e-05
20290.0 3.3711e-05
20310.0 3.3145e-05
20330.0 3.2616e-05
20350.0 3.2181e-05
20370.0 3.1798e-05
20390.0 3.1469e-05
20410.0 3.1214e-05
20430.0 3.1032e-05
20450.0 3.0908e-05
20470.0 3.0855e-05
20490.0 3.0868e-05
20510.0 3.0941e-05
20530.0 3.1077e-05
20550.0 3.1264e-05
20570.0 3.1489e-05
20590.0 3.1762e-05
20610.0 3.2071e-05
20630.0 3.2394e-05
20650.0 3.2737e-05
20670.0 3.3108e-05
20690.0 3.3466e-05
20710.0 3.3811e-05
20730.0 3.4154e-05
20750.0 3.4479e-05
20770.0 3.4763e-05
20790.0 3.5024e-05
20810.0 3.5256e-05
20830.0 3.5444e-05
20850.0 3.559e-05
20870.0 3.5701e-05
20890.0 3.5768e-05
20910.0 3.5794e-05
20930.0 3.5782e-05
20950.0 3.5732e-05
20970.0 3.5651e-05
20990.0 3.5542e-05
21010.0 3.5399e-05
21030.0 3.5232e-05
21050.0 3.505e-05
21070.0 3.4847e-05
21090.0 3.4621e-05
21110.0 3.4395e-05
21130.0 3.4166e-05
21150.0 3.3923e-05
21170.0 3.3683e-05
21190.0 3.3456e-05
21210.0 3.3227e-05
21230.0 3.3004e-05
21250.0 3.2806e-05
21270.0 3.2626e-05
21290.0 3.2461e-05
21310.0 3.2322e-05
21330.0 3.2215e-05
21350.0 3.2131e-05
21370.0 3.2076e-05
21390.0 3.2054e-05
21410.0 3.2061e-05
21430.0 3.21e-05
21450.0 3.2171e-05
21470.0 3.2267e-05
21490.0 3.2392e-05
21510.0 3.2546e-05
21530.0 3.2716e-05
21550.0 3.2908e-05
21570.0 3.3126e-05
21590.0 3.3356e-05
21610.0 3.3595e-05
21630.0 3.3853e-05
21650.0 3.413e-05
21670.0 3.4398e-05
21690.0 3.4678e-05
21710.0 3.4972e-05
21730.0 3.5267e-05
21750.0 3.5557e-05
21770.0 3.5869e-05
21790.0 3.6183e-05
21810.0 3.649e-05
21830.0 3.6803e-05
21850.0 3.7129e-05
21870.0 3.745e-05
21890.0 3.7762e-05
21910.0 3.8087e-05
21930.0 3.841e-05
21950.0 3.8721e-05
21970.0 3.9031e-05
21990.0 3.9348e-05
22010.0 3.9641e-05
22030.0 3.9919e-05
22050.0 4.0189e-05
22070.0 4.044e-05
22090.0 4.0658e-05
22110.0 4.0856e-05
22130.0 4.1028e-05
22150.0 4.1163e-05
22170.0 4.1261e-05
22190.0 4.1322e-05
22210.0 4.1338e-05
22230.0 4.1312e-05
22250.0 4.1241e-05
22270.0 4.1119e-05
22290.0 4.0956e-05
22310.0 4.0751e-05
22330.0 4.0487e-05
22350.0 4.0182e-05
22370.0 3.9846e-05
22390.0 3.9463e-05
22410.0 3.9029e-05
22430.0 3.8584e-05
22450.0 3.8114e-05
22470.0 3.7601e-05
22490.0 3.7075e-05
22510.0 3.6553e-05
22530.0 3.5998e-05
22550.0 3.5428e-05
22570.0 3.4881e-05
22590.0 3.4338e-05
22610.0 3.3784e-05
22630.0 3.325e-05
22650.0 3.2752e-05
22670.0 3.2252e-05
22690.0 3.1767e-05
22710.0 3.1321e-05
22730.0 3.0898e-05
22750.0 3.0475e-05
22770.0 3.0093e-05
22790.0 2.9746e-05
22810.0 2.9411e-05
22830.0 2.9095e-05
22850.0 2.8815e-05
22870.0 2.8552e-05
22890.0 2.8298e-05
22910.0 2.8071e-05
22930.0 2.7866e-05
22950.0 2.7672e-05
22970.0 2.749e-05
22990.0 2.7335e-05
23010.0 2.7193e-05
23030.0 2.7061e-05
23050.0 2.6947e-05
23070.0 2.685e-05
23090.0 2.6761e-05
23110.0 2.6686e-05
23130.0 2.6626e-05
23150.0 2.6576e-05
23170.0 2.6536e-05
23190.0 2.6506e-05
23210.0 2.6486e-05
23230.0 2.6472e-05
23250.0 2.6466e-05
23270.0 2.6466e-05
23290.0 2.6473e-05
23310.0 2.6488e-05
23330.0 2.6508e-05
23350.0 2.6535e-05
23370.0 2.6569e-05
23390.0 2.6609e-05
23410.0 2.6653e-05
23430.0 2.6703e-05
23450.0 2.6758e-05
23470.0 2.6814e-05
23490.0 2.6871e-05
23510.0 2.6931e-05
23530.0 2.6989e-05
23550.0 2.7042e-05
23570.0 2.7093e-05
23590.0 2.7142e-05
23610.0 2.7185e-05
23630.0 2.7224e-05
23650.0 2.7263e-05
23670.0 2.7301e-05
23690.0 2.7338e-05
23710.0 2.7381e-05
23730.0 2.7434e-05
23750.0 2.7495e-05
23770.0 2.7573e-05
23790.0 2.7674e-05
23810.0 2.78e-05
23830.0 2.7949e-05
23850.0 2.8139e-05
23870.0 2.8369e-05
23890.0 2.8626e-05
23910.0 2.892e-05
23930.0 2.9259e-05
23950.0 2.9625e-05
23970.0 3.0003e-05
23990.0 3.0417e-05
24010.0 3.0848e-05
24030.0 3.127e-05
24050.0 3.1691e-05
24070.0 3.2126e-05
24090.0 3.2526e-05
24110.0 3.2894e-05
24130.0 3.3247e-05
24150.0 3.357e-05
24170.0 3.3847e-05
24190.0 3.4094e-05
24210.0 3.4313e-05
24230.0 3.4489e-05
24250.0 3.4628e-05
24270.0 3.4739e-05
24290.0 3.4819e-05
24310.0 3.4866e-05
24330.0 3.4892e-05
24350.0 3.4897e-05
24370.0 3.4887e-05
24390.0 3.4868e-05
24410.0 3.4842e-05
24430.0 3.4818e-05
24450.0 3.4803e-05
24470.0 3.4799e-05
24490.0 3.4813e-05
24510.0 3.4848e-05
24530.0 3.4904e-05
24550.0 3.4987e-05
24570.0 3.5093e-05
24590.0 3.5215e-05
24610.0 3.5355e-05
24630.0 3.5514e-05
24650.0 3.5671e-05
24670.0 3.5826e-05
24690.0 3.5981e-05
24710.0 3.6125e-05
24730.0 3.6249e-05
24750.0 3.6362e-05
24770.0 3.6456e-05
24790.0 3.6523e-05
24810.0 3.6556e-05
24830.0 3.6527e-05
24850.0 3.6377e-05
24870.0 3.6033e-05
24890.0 3.5337e-05
24910.0 3.408e-05
24930.0 3.2168e-05
24950.0 2.9472e-05
24970.0 2.5767e-05
24990.0 2.1474e-05
