#lamb flux
1010.0 3.7874e-05
1030.0 3.7881e-05
1050.0 3.7808e-05
1070.0 3.7632e-05
1090.0 3.7328e-05
1110.0 3.6878e-05
1130.0 3.6289e-05
1150.0 3.5573e-05
1170.0 3.4746e-05
1190.0 3.3864e-05
1210.0 3.295e-05
1230.0 3.2032e-05
1250.0 3.1171e-05
1270.0 3.0408e-05
1290.0 2.9734e-05
1310.0 2.9197e-05
1330.0 2.8831e-05
1350.0 2.8662e-05
1370.0 2.8833e-05
1390.0 2.9093e-05
1410.0 2.9424e-05
1430.0 2.9782e-05
1450.0 3.0171e-05
1470.0 3.0589e-05
1490.0 3.1007e-05
1510.0 3.1419e-05
1530.0 3.1846e-05
1550.0 3.2251e-05
1570.0 3.2624e-05
1590.0 3.3009e-05
1610.0 3.3486e-05
1630.0 3.3941e-05
1650.0 3.4375e-05
1670.0 3.4796e-05
1690.0 3.5206e-05
1710.0 3.5597e-05
1730.0 3.599e-05
1750.0 3.6421e-05
1770.0 3.6868e-05
1790.0 3.7339e-05
1810.0 3.784e-05
1830.0 3.9167e-05
1850.0 7.8888e-05
1870.0 0.00012119
1890.0 0.00016685
1910.0 0.00021646
1930.0 0.00027052
1950.0 0.00032901
1970.0 0.00039233
1990.0 0.00046116
2010.0 0.00053527
2030.0 0.00061445
2050.0 0.00069939
2070.0 0.00079008
2090.0 0.00088506
2110.0 0.00098465
2130.0 0.001089
2150.0 0.0011966
2170.0 0.0013062
2190.0 0.0014185
2210.0 0.0015321
2230.0 0.0016449
2250.0 0.0017565
2270.0 0.0018672
2290.0 0.0019739
2310.0 0.0020751
2330.0 0.0021718
2350.0 0.0022625
2370.0 0.0023445
2390.0 0.0024185
2410.0 0.002485
2430.0 0.0025404
2450.0 0.0025846
2470.0 0.0026187
2490.0 0.0026426
2510.0 0.0026558
2530.0 0.0026639
2550.0 0.0026746
2570.0 0.0026964
2590.0 0.0027405
2610.0 0.0028326
2630.0 0.0029864
2650.0 0.0032014
2670.0 0.0034933
2690.0 0.0038695
2710.0 0.0042903
2730.0 0.0047328
2750.0 0.0052133
2770.0 0.0056826
2790.0 0.0061059
2810.0 0.0064971
2830.0 0.0068644
2850.0 0.0071611
2870.0 0.0074204
2890.0 0.0076677
2910.0 0.007901
2930.0 0.0081194
2950.0 0.0083536
2970.0 0.0086044
2990.0 0.0088595
3010.0 0.0091277
3030.0 0.0094215
3050.0 0.0097289
3070.0 0.01003
3090.0 0.01034
3110.0 0.010641
3130.0 0.010909
3150.0 0.011135
3170.0 0.011312
3190.0 0.011437
3210.0 0.011533
3230.0 0.011634
3250.0 0.011795
3270.0 0.012065
3290.0 0.012469
3310.0 0.01304
3330.0 0.013764
3350.0 0.014601
3370.0 0.01556
3390.0 0.016562
3410.0 0.017522
3430.0 0.018399
3450.0 0.019142
3470.0 0.020935
3490.0 0.02163
3510.0 0.019379
3530.0 0.018416
3550.0 0.024024
3570.0 0.028916
3590.0 0.028608
3610.0 0.030875
3630.0 0.031097
3650.0 0.028441
3670.0 0.028316
3690.0 0.032026
3710.0 0.035378
3730.0 0.037221
3750.0 0.033621
3770.0 0.033189
3790.0 0.034636
3810.0 0.033436
3830.0 0.029155
3850.0 0.026323
3870.0 0.027722
3890.0 0.031042
3910.0 0.033131
3930.0 0.03406
3950.0 0.035273
3970.0 0.035969
3990.0 0.036362
4010.0 0.035324
4030.0 0.032133
4050.0 0.030082
4070.0 0.03059
4090.0 0.032515
4110.0 0.03374
4130.0 0.033263
4150.0 0.032841
4170.0 0.03315
4190.0 0.033857
4210.0 0.032734
4230.0 0.029837
4250.0 0.026732
4270.0 0.024641
4290.0 0.023042
4310.0 0.021567
4330.0 0.022192
4350.0 0.023119
4370.0 0.023391
4390.0 0.024016
4410.0 0.023854
4430.0 0.023577
4450.0 0.023821
4470.0 0.023921
4490.0 0.025738
4510.0 0.026716
4530.0 0.02758
4550.0 0.028445
4570.0 0.02954
4590.0 0.030147
4610.0 0.030544
4630.0 0.030905
4650.0 0.031573
4670.0 0.029639
4690.0 0.027432
4710.0 0.025499
4730.0 0.024705
4750.0 0.02362
4770.0 0.022802
4790.0 0.022287
4810.0 0.021603
4830.0 0.022588
4850.0 0.024864
4870.0 0.018352
4890.0 0.018426
4910.0 0.019852
4930.0 0.020502
4950.0 0.018729
4970.0 0.017354
4990.0 0.016767
5010.0 0.015664
5030.0 0.014796
5050.0 0.015312
5070.0 0.016239
5090.0 0.016752
5110.0 0.018169
5130.0 0.018665
5150.0 0.019386
5170.0 0.020077
5190.0 0.019682
5210.0 0.020568
5230.0 0.021002
5250.0 0.021229
5270.0 0.021537
5290.0 0.021031
5310.0 0.020431
5330.0 0.019409
5350.0 0.018416
5370.0 0.017611
5390.0 0.018077
5410.0 0.017956
5430.0 0.018147
5450.0 0.01808
5470.0 0.017794
5490.0 0.017628
5510.0 0.017171
5530.0 0.016763
5550.0 0.016523
5570.0 0.016679
5590.0 0.016858
5610.0 0.01703
5630.0 0.016665
5650.0 0.016368
5670.0 0.015669
5690.0 0.015317
5710.0 0.014821
5730.0 0.014759
5750.0 0.014476
5770.0 0.013959
5790.0 0.014391
5810.0 0.014359
5830.0 0.014752
5850.0 0.014906
5870.0 0.015047
5890.0 0.014781
5910.0 0.014746
5930.0 0.014316
5950.0 0.014463
5970.0 0.014128
5990.0 0.013873
6010.0 0.013865
6030.0 0.014156
6050.0 0.014014
6070.0 0.013684
6090.0 0.013544
6110.0 0.013758
6130.0 0.013585
6150.0 0.013132
6170.0 0.012409
6190.0 0.011634
6210.0 0.01106
6230.0 0.010963
6250.0 0.011065
6270.0 0.011307
6290.0 0.011768
6310.0 0.012548
6330.0 0.012917
6350.0 0.012939
6370.0 0.013031
6390.0 0.012955
6410.0 0.012673
6430.0 0.012317
6450.0 0.01215
6470.0 0.012125
6490.0 0.012043
6510.0 0.011916
6530.0 0.011905
6550.0 0.011787
6570.0 0.011311
6590.0 0.011193
6610.0 0.011089
6630.0 0.010706
6650.0 0.010344
6670.0 0.010054
6690.0 0.0099859
6710.0 0.0096815
6730.0 0.0095245
6750.0 0.0093696
6770.0 0.0091495
6790.0 0.0092106
6810.0 0.0090883
6830.0 0.0088148
6850.0 0.0087133
6870.0 0.0086521
6890.0 0.0085015
6910.0 0.0084389
6930.0 0.0083783
6950.0 0.0082345
6970.0 0.0080535
6990.0 0.0080479
7010.0 0.0079953
7030.0 0.0080506
7050.0 0.0078247
7070.0 0.0077201
7090.0 0.0077475
7110.0 0.0075035
7130.0 0.007478
7150.0 0.0075578
7170.0 0.0076816
7190.0 0.0075577
7210.0 0.0075915
7230.0 0.0077425
7250.0 0.0075624
7270.0 0.0076622
7290.0 0.0075415
7310.0 0.0073351
7330.0 0.0069755
7350.0 0.0070338
7370.0 0.0070665
7390.0 0.0069116
7410.0 0.0067328
7430.0 0.0066334
7450.0 0.0065564
7470.0 0.0066303
7490.0 0.006768
7510.0 0.0066388
7530.0 0.0064056
7550.0 0.0064528
7570.0 0.0059258
7590.0 0.0057951
7610.0 0.0056837
7630.0 0.0057774
7650.0 0.0056477
7670.0 0.0058539
7690.0 0.0056121
7710.0 0.0059618
7730.0 0.005979
7750.0 0.0065383
7770.0 0.0067174
7790.0 0.0069476
7810.0 0.0072518
7830.0 0.0073573
7850.0 0.007598
7870.0 0.0074512
7890.0 0.0073828
7910.0 0.0072498
7930.0 0.0069942
7950.0 0.0067917
7970.0 0.0067659
7990.0 0.0066944
8010.0 0.006148
8030.0 0.0061097
8050.0 0.0059929
8070.0 0.0059309
8090.0 0.0057948
8110.0 0.0058395
8130.0 0.0058904
8150.0 0.0059695
8170.0 0.0059011
8190.0 0.0059585
8210.0 0.0058649
8230.0 0.0055439
8250.0 0.0054147
8270.0 0.0053195
8290.0 0.0052392
8310.0 0.0050911
8330.0 0.0051689
8350.0 0.0051285
8370.0 0.0051148
8390.0 0.0052091
8410.0 0.0052113
8430.0 0.0053178
8450.0 0.0054089
8470.0 0.0054337
8490.0 0.0054906
8510.0 0.0054085
8530.0 0.0052439
8550.0 0.0052884
8570.0 0.0053001
8590.0 0.0051586
8610.0 0.0052756
8630.0 0.0052194
8650.0 0.0051099
8670.0 0.0050798
8690.0 0.0050794
8710.0 0.0048968
8730.0 0.0049495
8750.0 0.0047831
8770.0 0.0047473
8790.0 0.0046275
8810.0 0.0045781
8830.0 0.0045444
8850.0 0.0043064
8870.0 0.004078
8890.0 0.004016
8910.0 0.0037749
8930.0 0.0034852
8950.0 0.003478
8970.0 0.0033787
8990.0 0.0033598
9010.0 0.0033357
9030.0 0.0033135
9050.0 0.00329
9070.0 0.0032662
9090.0 0.0032422
9110.0 0.0032181
9130.0 0.003194
9150.0 0.00317
9170.0 0.003146
9190.0 0.0031218
9210.0 0.0030977
9230.0 0.0030735
9250.0 0.0030493
9270.0 0.0030251
9290.0 0.0030009
9310.0 0.0029768
9330.0 0.0029526
9350.0 0.0029286
9370.0 0.0029045
9390.0 0.0028806
9410.0 0.0028567
9430.0 0.0028329
9450.0 0.0028092
9470.0 0.002787
9490.0 0.0027642
9510.0 0.0027399
9530.0 0.002716
9550.0 0.0026925
9570.0 0.0026693
9590.0 0.0026462
9610.0 0.0026233
9630.0 0.0026007
9650.0 0.0025782
9670.0 0.0025558
9690.0 0.0025337
9710.0 0.0025117
9730.0 0.0024898
9750.0 0.0024681
9770.0 0.0024467
9790.0 0.0024254
9810.0 0.0024042
9830.0 0.0023828
9850.0 0.0023583
9870.0 0.0023375
9890.0 0.002319
9910.0 0.0023001
9930.0 0.0022776
9950.0 0.0022579
9970.0 0.0022399
9990.0 0.0022213
10010.0 0.0022024
10030.0 0.0021836
10050.0 0.0021652
10070.0 0.0021471
10090.0 0.0021293
10110.0 0.002111
10130.0 0.0020928
10150.0 0.0020754
10170.0 0.002058
10190.0 0.0020405
10210.0 0.0020236
10230.0 0.002007
10250.0 0.0019902
10270.0 0.0019737
10290.0 0.0019578
10310.0 0.0019417
10330.0 0.0019256
10350.0 0.0019101
10370.0 0.0018948
10390.0 0.0018794
10410.0 0.0018642
10430.0 0.0018495
10450.0 0.001835
10470.0 0.0018204
10490.0 0.0018063
10510.0 0.0017924
10530.0 0.0017782
10550.0 0.0017644
10570.0 0.0017511
10590.0 0.0017378
10610.0 0.0017245
10630.0 0.0017117
10650.0 0.001699
10670.0 0.0016861
10690.0 0.0016736
10710.0 0.0016615
10730.0 0.0016493
10750.0 0.001637
10770.0 0.0016254
10790.0 0.0016139
10810.0 0.0016022
10830.0 0.0015909
10850.0 0.00158
10870.0 0.0015687
10890.0 0.0015577
10910.0 0.0015473
10930.0 0.0015371
10950.0 0.001527
10970.0 0.0015174
10990.0 0.0015087
11010.0 0.0015241
11030.0 0.0015173
11050.0 0.001511
11070.0 0.0015047
11090.0 0.0014979
11110.0 0.0014911
11130.0 0.0014841
11150.0 0.0014764
11170.0 0.0014683
11190.0 0.0014601
11210.0 0.0014516
11230.0 0.0014425
11250.0 0.0014337
11270.0 0.0014251
11290.0 0.0014163
11310.0 0.0014076
11330.0 0.0013999
11350.0 0.0013923
11370.0 0.0013849
11390.0 0.0013783
11410.0 0.0013722
11430.0 0.0013661
11450.0 0.0013604
11470.0 0.0013553
11490.0 0.0013501
11510.0 0.0013447
11530.0 0.0013397
11550.0 0.0013346
11570.0 0.0013291
11590.0 0.0013234
11610.0 0.0013179
11630.0 0.0013118
11650.0 0.0013054
11670.0 0.0012993
11690.0 0.0012932
11710.0 0.0012867
11730.0 0.0012804
11750.0 0.0012746
11770.0 0.0012685
11790.0 0.0012625
11810.0 0.0012569
11830.0 0.0012515
11850.0 0.0012458
11870.0 0.0012405
11890.0 0.0012358
11910.0 0.001231
11930.0 0.0012264
11950.0 0.0012224
11970.0 0.0012188
11990.0 0.0012154
12010.0 0.0012128
12030.0 0.001211
12050.0 0.0012097
12070.0 0.0012092
12090.0 0.0012097
12110.0 0.001211
12130.0 0.001213
12150.0 0.0012159
12170.0 0.0012196
12190.0 0.0012239
12210.0 0.0012289
12230.0 0.0012344
12250.0 0.0012403
12270.0 0.0012466
12290.0 0.001253
12310.0 0.0012595
12330.0 0.0012661
12350.0 0.0012726
12370.0 0.0012788
12390.0 0.0012848
12410.0 0.0012904
12430.0 0.0012955
12450.0 0.0012999
12470.0 0.0013036
12490.0 0.0013065
12510.0 0.0013086
12530.0 0.0013097
12550.0 0.0013096
12570.0 0.0013086
12590.0 0.0013066
12610.0 0.0013032
12630.0 0.0012987
12650.0 0.0012937
12670.0 0.0012875
12690.0 0.0012803
12710.0 0.0012727
12730.0 0.0012646
12750.0 0.0012554
12770.0 0.0012461
12790.0 0.0012369
12810.0 0.0012272
12830.0 0.0012173
12850.0 0.001208
12870.0 0.001199
12890.0 0.0011898
12910.0 0.0011812
12930.0 0.0011733
12950.0 0.0011654
12970.0 0.0011578
12990.0 0.0011512
13010.0 0.0011449
13030.0 0.0011387
13050.0 0.001133
13070.0 0.0011279
13090.0 0.0011228
13110.0 0.0011178
13130.0 0.0011133
13150.0 0.001109
13170.0 0.0011045
13190.0 0.0011005
13210.0 0.0010967
13230.0 0.0010929
13250.0 0.0010891
13270.0 0.0010857
13290.0 0.0010821
13310.0 0.0010783
13330.0 0.0010746
13350.0 0.0010709
13370.0 0.0010668
13390.0 0.0010624
13410.0 0.0010581
13430.0 0.0010534
13450.0 0.0010483
13470.0 0.001043
13490.0 0.0010376
13510.0 0.0010315
13530.0 0.0010253
13550.0 0.001019
13570.0 0.0010125
13590.0 0.0010054
13610.0 0.00099847
13630.0 0.00099154
13650.0 0.0009841
13670.0 0.00097657
13690.0 0.00096921
13710.0 0.0009616
13730.0 0.00095348
13750.0 0.00094578
13770.0 0.00093808
13790.0 0.00093005
13810.0 0.00092203
13830.0 0.00091433
13850.0 0.00090633
13870.0 0.00089816
13890.0 0.00089026
13910.0 0.00088244
13930.0 0.00087429
13950.0 0.0008662
13970.0 0.00085854
13990.0 0.00085066
14010.0 0.00084269
14030.0 0.000835
14050.0 0.00082742
14070.0 0.00081948
14090.0 0.00081181
14110.0 0.00080442
14130.0 0.00079694
14150.0 0.00078939
14170.0 0.00078227
14190.0 0.00077526
14210.0 0.00076811
14230.0 0.00076119
14250.0 0.00075455
14270.0 0.00074777
14290.0 0.000741
14310.0 0.00073461
14330.0 0.00072828
14350.0 0.00072187
14370.0 0.00071565
14390.0 0.0007097
14410.0 0.00070363
14430.0 0.00069765
14450.0 0.00069193
14470.0 0.00068631
14490.0 0.0006806
14510.0 0.00067517
14530.0 0.00066996
14550.0 0.00066473
14570.0 0.00065959
14590.0 0.00065469
14610.0 0.00064981
14630.0 0.00064488
14650.0 0.00064013
14670.0 0.00063548
14690.0 0.00063079
14710.0 0.00062611
14730.0 0.00062166
14750.0 0.00061721
14770.0 0.00061276
14790.0 0.00060846
14810.0 0.00060431
14830.0 0.00060008
14850.0 0.000596
14870.0 0.0005921
14890.0 0.00058825
14910.0 0.00058444
14930.0 0.00058078
14950.0 0.00057726
14970.0 0.00057374
14990.0 0.00057033
15010.0 0.00056706
15030.0 0.00056384
15050.0 0.00056061
15070.0 0.00055752
15090.0 0.00055446
15110.0 0.00055138
15130.0 0.00054831
15150.0 0.00054529
15170.0 0.00054223
15190.0 0.00053914
15210.0 0.00053609
15230.0 0.00053304
15250.0 0.00052993
15270.0 0.00052684
15290.0 0.00052379
15310.0 0.00052071
15330.0 0.0005176
15350.0 0.00051453
15370.0 0.00051147
15390.0 0.00050834
15410.0 0.00050525
15430.0 0.00050218
15450.0 0.00049909
15470.0 0.00049598
15490.0 0.00049292
15510.0 0.00048985
15530.0 0.00048675
15550.0 0.00048368
15570.0 0.00048064
15590.0 0.00047755
15610.0 0.00047446
15630.0 0.00047142
15650.0 0.00046838
15670.0 0.00046531
15690.0 0.00046227
15710.0 0.00045927
15730.0 0.00045623
15750.0 0.0004532
15770.0 0.0004502
15790.0 0.00044721
15810.0 0.00044417
15830.0 0.00044119
15850.0 0.00043824
15870.0 0.00043526
15890.0 0.00043228
15910.0 0.00042936
15930.0 0.00042643
15950.0 0.00042347
15970.0 0.00042055
15990.0 0.00041766
16010.0 0.00041475
16030.0 0.00041184
16050.0 0.000409
16070.0 0.00040614
16090.0 0.00040327
16110.0 0.00040044
16130.0 0.00039764
16150.0 0.0003948
16170.0 0.00039199
16190.0 0.00038922
16210.0 0.00038645
16230.0 0.00038366
16250.0 0.00038093
16270.0 0.00037822
16290.0 0.00037548
16310.0 0.00037277
16330.0 0.0003701
16350.0 0.00036743
16370.0 0.00036473
16390.0 0.0003621
16410.0 0.00035948
16430.0 0.00035685
16450.0 0.00035425
16470.0 0.00035169
16490.0 0.00034911
16510.0 0.00034653
16530.0 0.00034401
16550.0 0.00034149
16570.0 0.00033896
16590.0 0.00033646
16610.0 0.00033401
16630.0 0.00033155
16650.0 0.00032909
16670.0 0.00032668
16690.0 0.00032428
16710.0 0.00032186
16730.0 0.00031948
16750.0 0.00031713
16770.0 0.00031478
16790.0 0.00031243
16810.0 0.00031014
16830.0 0.00030785
16850.0 0.00030556
16870.0 0.0003033
16890.0 0.00030107
16910.0 0.00029883
16930.0 0.0002966
16950.0 0.00029442
16970.0 0.00029225
16990.0 0.00029007
17010.0 0.00028793
17030.0 0.00028583
17050.0 0.00028371
17070.0 0.0002816
17090.0 0.00027954
17110.0 0.00027749
17130.0 0.00027542
17150.0 0.0002734
17170.0 0.00027141
17190.0 0.00026942
17210.0 0.00026744
17230.0 0.0002655
17250.0 0.00026357
17270.0 0.00026163
17290.0 0.00025973
17310.0 0.00025785
17330.0 0.00025597
17350.0 0.00025411
17370.0 0.00025229
17390.0 0.00025048
17410.0 0.00024867
17430.0 0.00024689
17450.0 0.00024514
17470.0 0.00024337
17490.0 0.00024163
17510.0 0.00023993
17530.0 0.00023823
17550.0 0.00023653
17570.0 0.00023488
17590.0 0.00023325
17610.0 0.00023161
17630.0 0.00022999
17650.0 0.00022841
17670.0 0.00022683
17690.0 0.00022523
17710.0 0.0002237
17730.0 0.00022218
17750.0 0.00022066
17770.0 0.00021916
17790.0 0.0002177
17810.0 0.00021623
17830.0 0.00021477
17850.0 0.00021335
17870.0 0.00021194
17890.0 0.00021053
17910.0 0.00020914
17930.0 0.0002078
17950.0 0.00020645
17970.0 0.0002051
17990.0 0.0002038
18010.0 0.00020251
18030.0 0.0002012
18050.0 0.00019993
18070.0 0.00019869
18090.0 0.00019745
18110.0 0.00019622
18130.0 0.00019503
18150.0 0.00019384
18170.0 0.00019266
18190.0 0.0001915
18210.0 0.00019037
18230.0 0.00018923
18250.0 0.0001881
18270.0 0.00018702
18290.0 0.00018594
18310.0 0.00018486
18330.0 0.00018381
18350.0 0.0001828
18370.0 0.00018176
18390.0 0.00018075
18410.0 0.00017976
18430.0 0.00017879
18450.0 0.0001778
18470.0 0.00017686
18490.0 0.00017594
18510.0 0.00017501
18530.0 0.0001741
18550.0 0.00017322
18570.0 0.00017235
18590.0 0.00017146
18610.0 0.00017062
18630.0 0.00016979
18650.0 0.00016896
18670.0 0.00016814
18690.0 0.00016736
18710.0 0.00016658
18730.0 0.0001658
18750.0 0.00016505
18770.0 0.00016432
18790.0 0.00016357
18810.0 0.00016284
18830.0 0.00016215
18850.0 0.00016146
18870.0 0.00016077
18890.0 0.00016011
18910.0 0.00015946
18930.0 0.00015881
18950.0 0.00015817
18970.0 0.00015757
18990.0 0.00015696
19010.0 0.00015634
19030.0 0.00015577
19050.0 0.0001552
19070.0 0.00015463
19090.0 0.00015408
19110.0 0.00015356
19130.0 0.00015302
19150.0 0.00015249
19170.0 0.00015199
19190.0 0.0001515
19210.0 0.000151
19230.0 0.00015052
19250.0 0.00015007
19270.0 0.00014961
19290.0 0.00014916
19310.0 0.00014873
19330.0 0.00014831
19350.0 0.00014787
19370.0 0.00014746
19390.0 0.00014707
19410.0 0.00014668
19430.0 0.00014628
19450.0 0.00014592
19470.0 0.00014556
19490.0 0.0001452
19510.0 0.00014485
19530.0 0.00014452
19550.0 0.00014417
19570.0 0.00014383
19590.0 0.00014353
19610.0 0.00014322
19630.0 0.00014291
19650.0 0.00014261
19670.0 0.00014234
19690.0 0.00014204
19710.0 0.00014176
19730.0 0.0001415
19750.0 0.00014124
19770.0 0.00014096
19790.0 0.00014071
19810.0 0.00014047
19830.0 0.00014022
19850.0 0.00013998
19870.0 0.00013977
19890.0 0.00013954
19910.0 0.0001393
19930.0 0.00013908
19950.0 0.00013888
19970.0 0.00013865
19990.0 0.00013842
20010.0 0.00013822
20030.0 0.00013798
20050.0 0.00013773
20070.0 0.00013748
20090.0 0.00013723
20110.0 0.00013691
20130.0 0.00013661
20150.0 0.00013631
20170.0 0.00013599
20190.0 0.00013565
20210.0 0.00013534
20230.0 0.00013503
20250.0 0.0001347
20270.0 0.00013439
20290.0 0.00013412
20310.0 0.00013384
20330.0 0.00013356
20350.0 0.00013335
20370.0 0.00013316
20390.0 0.00013298
20410.0 0.00013285
20430.0 0.00013276
20450.0 0.00013268
20470.0 0.00013263
20490.0 0.00013265
20510.0 0.00013269
20530.0 0.00013277
20550.0 0.0001329
20570.0 0.00013309
20590.0 0.00013332
20610.0 0.00013359
20630.0 0.00013392
20650.0 0.0001343
20670.0 0.00013473
20690.0 0.0001352
20710.0 0.00013572
20730.0 0.00013628
20750.0 0.00013688
20770.0 0.00013749
20790.0 0.00013813
20810.0 0.00013877
20830.0 0.00013941
20850.0 0.00014003
20870.0 0.00014063
20890.0 0.0001412
20910.0 0.00014172
20930.0 0.00014219
20950.0 0.00014259
20970.0 0.00014293
20990.0 0.00014321
21010.0 0.0001434
21030.0 0.00014351
21050.0 0.00014357
21070.0 0.00014356
21090.0 0.00014345
21110.0 0.00014332
21130.0 0.00014314
21150.0 0.00014289
21170.0 0.00014261
21190.0 0.00014234
21210.0 0.00014201
21230.0 0.00014164
21250.0 0.00014131
21270.0 0.00014097
21290.0 0.00014061
21310.0 0.00014025
21330.0 0.00013994
21350.0 0.0001396
21370.0 0.00013925
21390.0 0.00013893
21410.0 0.00013861
21430.0 0.00013824
21450.0 0.00013789
21470.0 0.00013755
21490.0 0.00013717
21510.0 0.00013677
21530.0 0.00013638
21550.0 0.00013596
21570.0 0.00013549
21590.0 0.00013502
21610.0 0.00013456
21630.0 0.00013405
21650.0 0.00013349
21670.0 0.00013299
21690.0 0.00013246
21710.0 0.0001319
21730.0 0.00013136
21750.0 0.00013084
21770.0 0.00013027
21790.0 0.00012971
21810.0 0.00012918
21830.0 0.00012865
21850.0 0.0001281
21870.0 0.00012757
21890.0 0.00012707
21910.0 0.00012654
21930.0 0.000126
21950.0 0.0001255
21970.0 0.00012497
21990.0 0.0001244
22010.0 0.00012386
22030.0 0.00012332
22050.0 0.00012273
22070.0 0.00012213
22090.0 0.00012154
22110.0 0.00012091
22130.0 0.00012024
22150.0 0.00011958
22170.0 0.0001189
22190.0 0.00011817
22210.0 0.00011742
22230.0 0.0001167
22250.0 0.00011594
22270.0 0.00011516
22290.0 0.0001144
22310.0 0.00011364
22330.0 0.00011284
22350.0 0.00011205
22370.0 0.00011129
22390.0 0.00011052
22410.0 0.00010973
22430.0 0.000109
22450.0 0.00010828
22470.0 0.00010755
22490.0 0.00010685
22510.0 0.0001062
22530.0 0.00010553
22550.0 0.00010487
22570.0 0.00010428
22590.0 0.0001037
22610.0 0.00010313
22630.0 0.00010259
22650.0 0.0001021
22670.0 0.00010161
22690.0 0.00010114
22710.0 0.00010071
22730.0 0.0001003
22750.0 9.9875e-05
22770.0 9.9492e-05
22790.0 9.9139e-05
22810.0 9.8789e-05
22830.0 9.8453e-05
22850.0 9.8153e-05
22870.0 9.7866e-05
22890.0 9.7586e-05
22910.0 9.7337e-05
22930.0 9.7117e-05
22950.0 9.6913e-05
22970.0 9.6732e-05
22990.0 9.6595e-05
23010.0 9.6485e-05
23030.0 9.6405e-05
23050.0 9.6366e-05
23070.0 9.6364e-05
23090.0 9.6403e-05
23110.0 9.6488e-05
23130.0 9.6615e-05
23150.0 9.6787e-05
23170.0 9.7013e-05
23190.0 9.7278e-05
23210.0 9.7576e-05
23230.0 9.7928e-05
23250.0 9.8315e-05
23270.0 9.8718e-05
23290.0 9.9153e-05
23310.0 9.9627e-05
23330.0 0.00010009
23350.0 0.00010054
23370.0 0.000101
23390.0 0.00010145
23410.0 0.00010185
23430.0 0.00010224
23450.0 0.0001024
23470.0 0.00010247
23490.0 0.00010249
23510.0 0.00010249
23530.0 0.00010247
23550.0 0.00010241
23570.0 0.00010236
23590.0 0.00010233
23610.0 0.00010232
23630.0 0.00010234
23650.0 0.00010245
23670.0 0.0001026
23690.0 0.00010279
23710.0 0.00010307
23730.0 0.00010343
23750.0 0.00010381
23770.0 0.00010423
23790.0 0.00010474
23810.0 0.00010529
23830.0 0.00010585
23850.0 0.00010651
23870.0 0.00010727
23890.0 0.00010803
23910.0 0.00010888
23930.0 0.00010986
23950.0 0.0001109
23970.0 0.00011194
23990.0 0.00011309
24010.0 0.00011429
24030.0 0.00011542
24050.0 0.00011652
24070.0 0.00011765
24090.0 0.00011861
24110.0 0.00011941
24130.0 0.00012012
24150.0 0.00012069
24170.0 0.00012105
24190.0 0.00012128
24210.0 0.00012141
24230.0 0.00012138
24250.0 0.00012123
24270.0 0.00012099
24290.0 0.00012068
24310.0 0.00012027
24330.0 0.00011982
24350.0 0.00011932
24370.0 0.00011877
24390.0 0.00011819
24410.0 0.00011759
24430.0 0.00011697
24450.0 0.00011632
24470.0 0.00011567
24490.0 0.00011501
24510.0 0.00011433
24530.0 0.00011365
24550.0 0.00011296
24570.0 0.00011227
24590.0 0.00011156
24610.0 0.00011085
24630.0 0.00011015
24650.0 0.00010943
24670.0 0.00010871
24690.0 0.00010802
24710.0 0.00010733
24730.0 0.00010665
24750.0 0.00010601
24770.0 0.00010539
24790.0 0.00010477
24810.0 0.0001041
24830.0 0.00010329
24850.0 0.00010207
24870.0 0.00010014
24890.0 9.6894e-05
24910.0 9.1542e-05
24930.0 8.3719e-05
24950.0 7.2981e-05
24970.0 5.856e-05
24990.0 4.4987e-05
