#lamb flux
1010.0 1.9178e-09
1030.0 2.1116e-09
1050.0 2.3346e-09
1070.0 2.5855e-09
1090.0 2.8706e-09
1110.0 3.163e-09
1130.0 3.4573e-09
1150.0 3.7655e-09
1170.0 4.0835e-09
1190.0 4.385e-09
1210.0 4.6906e-09
1230.0 5.0063e-09
1250.0 5.3157e-09
1270.0 5.6162e-09
1290.0 5.9336e-09
1310.0 6.2509e-09
1330.0 6.5551e-09
1350.0 6.8628e-09
1370.0 7.1804e-09
1390.0 7.4901e-09
1410.0 7.7906e-09
1430.0 8.1047e-09
1450.0 8.4188e-09
1470.0 8.7224e-09
1490.0 9.0293e-09
1510.0 9.3534e-09
1530.0 9.6606e-09
1550.0 9.9636e-09
1570.0 1.0277e-08
1590.0 1.0591e-08
1610.0 1.0891e-08
1630.0 1.12e-08
1650.0 1.1518e-08
1670.0 1.1825e-08
1690.0 1.2128e-08
1710.0 1.2444e-08
1730.0 1.2761e-08
1750.0 1.3059e-08
1770.0 1.3366e-08
1790.0 1.368e-08
1810.0 1.3984e-08
1830.0 1.4282e-08
1850.0 1.46e-08
1870.0 1.4909e-08
1890.0 1.5208e-08
1910.0 1.5513e-08
1930.0 1.5826e-08
1950.0 1.6125e-08
1970.0 1.642e-08
1990.0 1.6727e-08
2010.0 1.7028e-08
2030.0 1.7319e-08
2050.0 1.7619e-08
2070.0 1.7926e-08
2090.0 1.8215e-08
2110.0 1.8503e-08
2130.0 1.88e-08
2150.0 1.909e-08
2170.0 1.9367e-08
2190.0 1.9654e-08
2210.0 1.9942e-08
2230.0 2.0217e-08
2250.0 2.0489e-08
2270.0 2.0774e-08
2290.0 2.1048e-08
2310.0 2.1309e-08
2330.0 2.158e-08
2350.0 2.1857e-08
2370.0 2.2132e-08
2390.0 2.2431e-08
2410.0 2.279e-08
2430.0 2.3208e-08
2450.0 2.3715e-08
2470.0 2.4373e-08
2490.0 2.5213e-08
2510.0 2.6171e-08
2530.0 2.7332e-08
2550.0 2.8793e-08
2570.0 3.0612e-08
2590.0 3.2979e-08
2610.0 3.652e-08
2630.0 4.156e-08
2650.0 4.8122e-08
2670.0 5.6574e-08
2690.0 6.6921e-08
2710.0 7.7911e-08
2730.0 8.8712e-08
2750.0 9.9294e-08
2770.0 1.0842e-07
2790.0 1.1559e-07
2810.0 1.212e-07
2830.0 1.255e-07
2850.0 1.2834e-07
2870.0 1.3034e-07
2890.0 1.3187e-07
2910.0 1.3302e-07
2930.0 1.3392e-07
2950.0 1.3477e-07
2970.0 1.356e-07
2990.0 1.3636e-07
3010.0 3.987e-06
3030.0 4.0089e-06
3050.0 4.03e-06
3070.0 4.0473e-06
3090.0 4.0614e-06
3110.0 4.0678e-06
3130.0 4.0609e-06
3150.0 4.0367e-06
3170.0 3.9876e-06
3190.0 3.914e-06
3210.0 3.8225e-06
3230.0 3.7186e-06
3250.0 3.6147e-06
3270.0 3.5382e-06
3290.0 3.4913e-06
3310.0 3.4928e-06
3330.0 3.5376e-06
3350.0 3.6202e-06
3370.0 3.7407e-06
3390.0 3.894e-06
3410.0 4.0616e-06
3430.0 4.2504e-06
3450.0 4.4681e-06
3470.0 4.7064e-06
3490.0 4.9596e-06
3510.0 5.2461e-06
3530.0 5.5542e-06
3550.0 5.8696e-06
3570.0 6.2021e-06
3590.0 6.5653e-06
3610.0 6.9456e-06
3630.0 7.3235e-06
3650.0 7.7172e-06
3670.0 8.0748e-06
3690.0 8.3414e-06
3710.0 8.4896e-06
3730.0 8.4753e-06
3750.0 8.3185e-06
3770.0 8.3352e-06
3790.0 8.2774e-06
3810.0 7.7435e-06
3830.0 7.9242e-06
3850.0 9.3825e-06
3870.0 9.8446e-06
3890.0 9.3016e-06
3910.0 9.1632e-06
3930.0 9.6776e-06
3950.0 1.0165e-05
3970.0 9.6475e-06
3990.0 7.7878e-06
4010.0 2.1932e-05
4030.0 2.5914e-05
4050.0 2.9673e-05
4070.0 2.6679e-05
4090.0 2.43e-05
4110.0 2.1191e-05
4130.0 2.0467e-05
4150.0 2.3002e-05
4170.0 2.1541e-05
4190.0 2.2176e-05
4210.0 2.2524e-05
4230.0 2.4575e-05
4250.0 2.9249e-05
4270.0 3.0094e-05
4290.0 2.7375e-05
4310.0 2.774e-05
4330.0 2.9012e-05
4350.0 3.3411e-05
4370.0 3.8635e-05
4390.0 3.4931e-05
4410.0 2.4382e-05
4430.0 2.0076e-05
4450.0 1.8546e-05
4470.0 1.3641e-05
4490.0 1.5845e-05
4510.0 2.6201e-05
4530.0 3.068e-05
4550.0 3.0237e-05
4570.0 3.2287e-05
4590.0 3.6238e-05
4610.0 5.3434e-05
4630.0 7.1013e-05
4650.0 7.445e-05
4670.0 6.8041e-05
4690.0 6.5746e-05
4710.0 6.9225e-05
4730.0 6.3444e-05
4750.0 4.6145e-05
4770.0 3.3245e-05
4790.0 3.2106e-05
4810.0 3.1367e-05
4830.0 2.9248e-05
4850.0 3.1964e-05
4870.0 4.2252e-05
4890.0 4.9585e-05
4910.0 4.2372e-05
4930.0 3.8373e-05
4950.0 4.2659e-05
4970.0 5.5114e-05
4990.0 7.4659e-05
5010.0 8.6156e-05
5030.0 7.4278e-05
5050.0 4.9244e-05
5070.0 3.2996e-05
5090.0 2.6138e-05
5110.0 2.6297e-05
5130.0 3.0702e-05
5150.0 3.2527e-05
5170.0 3.1721e-05
5190.0 2.9304e-05
5210.0 3.1112e-05
5230.0 3.3906e-05
5250.0 3.7232e-05
5270.0 3.8753e-05
5290.0 4.2631e-05
5310.0 5.1287e-05
5330.0 5.6505e-05
5350.0 5.6048e-05
5370.0 5.9748e-05
5390.0 7.0048e-05
5410.0 6.7492e-05
5430.0 5.7981e-05
5450.0 5.4364e-05
5470.0 5.887e-05
5490.0 7.2222e-05
5510.0 8.9607e-05
5530.0 0.00010309
5550.0 9.8139e-05
5570.0 8.8995e-05
5590.0 7.6418e-05
5610.0 7.1969e-05
5630.0 7.2384e-05
5650.0 6.8223e-05
5670.0 6.4121e-05
5690.0 5.5944e-05
5710.0 5.5262e-05
5730.0 5.1545e-05
5750.0 3.4359e-05
5770.0 2.6265e-05
5790.0 3.0289e-05
5810.0 3.364e-05
5830.0 4.3511e-05
5850.0 5.3054e-05
5870.0 5.852e-05
5890.0 5.8689e-05
5910.0 5.7514e-05
5930.0 5.4814e-05
5950.0 5.5984e-05
5970.0 6.5216e-05
5990.0 5.9371e-05
6010.0 4.8862e-05
6030.0 4.1001e-05
6050.0 3.5908e-05
6070.0 3.7213e-05
6090.0 4.0655e-05
6110.0 4.4454e-05
6130.0 4.4232e-05
6150.0 3.732e-05
6170.0 3.1858e-05
6190.0 3.6305e-05
6210.0 4.9966e-05
6230.0 6.7636e-05
6250.0 7.3318e-05
6270.0 6.2068e-05
6290.0 5.2459e-05
6310.0 4.0731e-05
6330.0 3.0848e-05
6350.0 2.8131e-05
6370.0 2.9569e-05
6390.0 3.4413e-05
6410.0 4.2997e-05
6430.0 5.0595e-05
6450.0 5.892e-05
6470.0 6.5982e-05
6490.0 7.9452e-05
6510.0 8.8887e-05
6530.0 8.825e-05
6550.0 8.016e-05
6570.0 6.6829e-05
6590.0 6.0963e-05
6610.0 5.2017e-05
6630.0 4.8897e-05
6650.0 4.6657e-05
6670.0 4.3909e-05
6690.0 3.8039e-05
6710.0 3.5224e-05
6730.0 2.2612e-05
6750.0 2.3913e-05
6770.0 2.8688e-05
6790.0 3.4415e-05
6810.0 2.9179e-05
6830.0 2.9972e-05
6850.0 2.7159e-05
6870.0 2.4916e-05
6890.0 2.3185e-05
6910.0 2.5588e-05
6930.0 2.4012e-05
6950.0 2.5706e-05
6970.0 2.7004e-05
6990.0 3.0472e-05
7010.0 3.0293e-05
7030.0 3.1931e-05
7050.0 2.9649e-05
7070.0 2.7239e-05
7090.0 2.7844e-05
7110.0 2.8969e-05
7130.0 3.1797e-05
7150.0 3.4384e-05
7170.0 3.8149e-05
7190.0 4.168e-05
7210.0 3.9884e-05
7230.0 4.085e-05
7250.0 4.38e-05
7270.0 4.7431e-05
7290.0 5.6977e-05
7310.0 6.1553e-05
7330.0 5.912e-05
7350.0 5.3359e-05
7370.0 4.4603e-05
7390.0 4.3845e-05
7410.0 4.8284e-05
7430.0 5.4059e-05
7450.0 5.8715e-05
7470.0 5.684e-05
7490.0 4.9824e-05
7510.0 6.1987e-05
7530.0 6.0017e-05
7550.0 5.4849e-05
7570.0 4.1254e-05
7590.0 2.5686e-05
7610.0 2.1294e-05
7630.0 2.5539e-05
7650.0 3.1069e-05
7670.0 4.1152e-05
7690.0 4.5389e-05
7710.0 4.5577e-05
7730.0 4.7293e-05
7750.0 5.5299e-05
7770.0 5.6383e-05
7790.0 5.1691e-05
7810.0 4.5642e-05
7830.0 4.7711e-05
7850.0 4.7949e-05
7870.0 4.4782e-05
7890.0 3.6827e-05
7910.0 2.8504e-05
7930.0 2.783e-05
7950.0 2.5314e-05
7970.0 2.2879e-05
7990.0 2.2253e-05
8010.0 4.2272e-06
8030.0 3.8681e-06
8050.0 4.1318e-06
8070.0 4.6958e-06
8090.0 5.7812e-06
8110.0 5.4919e-06
8130.0 3.2697e-06
8150.0 3.4487e-06
8170.0 1.946e-06
8190.0 1.2015e-06
8210.0 3.2036e-06
8230.0 3.8751e-06
8250.0 1.6791e-06
8270.0 1.3173e-06
8290.0 2.4303e-06
8310.0 2.1634e-06
8330.0 1.359e-06
8350.0 1.0581e-06
8370.0 2.5122e-07
8390.0 1.1534e-06
8410.0 1.3104e-06
8430.0 1.6173e-06
8450.0 1.8483e-06
8470.0 3.0396e-06
8490.0 2.5574e-06
8510.0 2.0369e-06
8530.0 1.2206e-06
8550.0 3.5899e-06
8570.0 5.3296e-06
8590.0 3.9301e-06
8610.0 5.7895e-06
8630.0 6.4484e-06
8650.0 4.0667e-06
8670.0 5.5485e-06
8690.0 7.8957e-06
8710.0 6.7808e-06
8730.0 7.0961e-06
8750.0 5.6375e-06
8770.0 5.0465e-06
8790.0 5.476e-06
8810.0 5.8499e-06
8830.0 3.4005e-06
8850.0 1.5553e-06
8870.0 1.0872e-06
8890.0 2.3833e-06
8910.0 3.7001e-06
8930.0 4.8909e-06
8950.0 5.3223e-06
8970.0 5.1189e-06
8990.0 3.7842e-06
9010.0 1.0723e-05
9030.0 9.0407e-06
9050.0 9.1776e-06
9070.0 9.3452e-06
9090.0 9.486e-06
9110.0 9.66e-06
9130.0 9.788e-06
9150.0 9.8814e-06
9170.0 9.9808e-06
9190.0 1.0087e-05
9210.0 1.0199e-05
9230.0 1.0317e-05
9250.0 1.0436e-05
9270.0 1.0559e-05
9290.0 1.0685e-05
9310.0 1.0811e-05
9330.0 1.0939e-05
9350.0 1.1072e-05
9370.0 1.1205e-05
9390.0 1.1339e-05
9410.0 1.1476e-05
9430.0 1.1618e-05
9450.0 1.1757e-05
9470.0 1.1899e-05
9490.0 1.2045e-05
9510.0 1.2193e-05
9530.0 1.234e-05
9550.0 1.2492e-05
9570.0 1.2647e-05
9590.0 1.2802e-05
9610.0 1.2959e-05
9630.0 1.312e-05
9650.0 1.3282e-05
9670.0 1.3444e-05
9690.0 1.361e-05
9710.0 1.3779e-05
9730.0 1.3947e-05
9750.0 1.4118e-05
9770.0 1.4295e-05
9790.0 1.447e-05
9810.0 1.4647e-05
9830.0 1.4827e-05
9850.0 1.5009e-05
9870.0 1.519e-05
9890.0 1.5374e-05
9910.0 1.5562e-05
9930.0 1.575e-05
9950.0 1.5938e-05
9970.0 1.6131e-05
9990.0 1.6325e-05
10010.0 1.4254e-05
10030.0 1.4422e-05
10050.0 1.4593e-05
10070.0 1.4766e-05
10090.0 1.4934e-05
10110.0 1.5108e-05
10130.0 1.5281e-05
10150.0 1.5453e-05
10170.0 1.5627e-05
10190.0 1.5805e-05
10210.0 1.5979e-05
10230.0 1.6153e-05
10250.0 1.6331e-05
10270.0 1.6507e-05
10290.0 1.6682e-05
10310.0 1.6859e-05
10330.0 1.7037e-05
10350.0 1.7213e-05
10370.0 1.7388e-05
10390.0 1.7565e-05
10410.0 1.7741e-05
10430.0 1.7913e-05
10450.0 1.8087e-05
10470.0 1.8262e-05
10490.0 1.8434e-05
10510.0 1.8604e-05
10530.0 1.8778e-05
10550.0 1.8948e-05
10570.0 1.9114e-05
10590.0 1.9282e-05
10610.0 1.9449e-05
10630.0 1.9612e-05
10650.0 1.9773e-05
10670.0 1.9936e-05
10690.0 2.0096e-05
10710.0 2.0252e-05
10730.0 2.0408e-05
10750.0 2.0565e-05
10770.0 2.0714e-05
10790.0 2.0862e-05
10810.0 2.1011e-05
10830.0 2.1154e-05
10850.0 2.129e-05
10870.0 2.1424e-05
10890.0 2.1543e-05
10910.0 2.164e-05
10930.0 2.1703e-05
10950.0 2.1716e-05
10970.0 2.166e-05
10990.0 2.1529e-05
11010.0 2.0089e-05
11030.0 1.9773e-05
11050.0 1.9384e-05
11070.0 1.8917e-05
11090.0 1.8354e-05
11110.0 1.7772e-05
11130.0 1.7165e-05
11150.0 1.6512e-05
11170.0 1.584e-05
11190.0 1.5189e-05
11210.0 1.4518e-05
11230.0 1.3831e-05
11250.0 1.3176e-05
11270.0 1.2547e-05
11290.0 1.1918e-05
11310.0 1.1323e-05
11330.0 1.0798e-05
11350.0 1.0302e-05
11370.0 9.8434e-06
11390.0 9.4452e-06
11410.0 9.0956e-06
11430.0 8.7695e-06
11450.0 8.4868e-06
11470.0 8.2407e-06
11490.0 8.0106e-06
11510.0 7.7882e-06
11530.0 7.581e-06
11550.0 7.3753e-06
11570.0 7.1565e-06
11590.0 6.9308e-06
11610.0 6.7017e-06
11630.0 6.4536e-06
11650.0 6.1892e-06
11670.0 5.9291e-06
11690.0 5.6659e-06
11710.0 5.3951e-06
11730.0 5.1327e-06
11750.0 4.8897e-06
11770.0 4.6514e-06
11790.0 4.4277e-06
11810.0 4.2301e-06
11830.0 4.0527e-06
11850.0 3.8887e-06
11870.0 3.7505e-06
11890.0 3.6346e-06
11910.0 3.532e-06
11930.0 3.4431e-06
11950.0 3.3682e-06
11970.0 3.3008e-06
11990.0 3.2369e-06
12010.0 3.1778e-06
12030.0 3.1208e-06
12050.0 3.0624e-06
12070.0 3.002e-06
12090.0 2.9439e-06
12110.0 2.8851e-06
12130.0 2.8262e-06
12150.0 2.7715e-06
12170.0 2.7231e-06
12190.0 2.6804e-06
12210.0 2.6488e-06
12230.0 2.6305e-06
12250.0 2.6267e-06
12270.0 2.6404e-06
12290.0 2.6717e-06
12310.0 2.7192e-06
12330.0 2.7879e-06
12350.0 2.8751e-06
12370.0 2.9752e-06
12390.0 3.0914e-06
12410.0 3.2284e-06
12430.0 3.3678e-06
12450.0 3.5124e-06
12470.0 3.6663e-06
12490.0 3.821e-06
12510.0 3.9659e-06
12530.0 4.11e-06
12550.0 4.2489e-06
12570.0 4.3711e-06
12590.0 4.478e-06
12610.0 4.573e-06
12630.0 4.6481e-06
12650.0 4.6989e-06
12670.0 4.7313e-06
12690.0 4.7425e-06
12710.0 4.7317e-06
12730.0 4.7013e-06
12750.0 4.6494e-06
12770.0 4.5793e-06
12790.0 4.495e-06
12810.0 4.395e-06
12830.0 4.2798e-06
12850.0 4.1596e-06
12870.0 4.0328e-06
12890.0 3.8961e-06
12910.0 3.7574e-06
12930.0 3.6209e-06
12950.0 3.4789e-06
12970.0 3.3346e-06
12990.0 3.1982e-06
13010.0 3.0637e-06
13030.0 2.928e-06
13050.0 2.7977e-06
13070.0 2.6756e-06
13090.0 2.5532e-06
13110.0 2.4347e-06
13130.0 2.3254e-06
13150.0 2.2217e-06
13170.0 2.1201e-06
13190.0 2.0294e-06
13210.0 1.9493e-06
13230.0 1.8758e-06
13250.0 1.812e-06
13270.0 1.7612e-06
13290.0 1.721e-06
13310.0 1.6923e-06
13330.0 1.6778e-06
13350.0 1.6765e-06
13370.0 1.6889e-06
13390.0 1.7162e-06
13410.0 1.7541e-06
13430.0 1.8044e-06
13450.0 1.8672e-06
13470.0 1.9376e-06
13490.0 2.0125e-06
13510.0 2.0975e-06
13530.0 2.1842e-06
13550.0 2.2675e-06
13570.0 2.35e-06
13590.0 2.4308e-06
13610.0 2.503e-06
13630.0 2.5663e-06
13650.0 2.6244e-06
13670.0 2.673e-06
13690.0 2.7108e-06
13710.0 2.7404e-06
13730.0 2.762e-06
13750.0 2.7732e-06
13770.0 2.7765e-06
13790.0 2.7723e-06
13810.0 2.7607e-06
13830.0 2.7431e-06
13850.0 2.7188e-06
13870.0 2.688e-06
13890.0 2.6526e-06
13910.0 2.6126e-06
13930.0 2.5663e-06
13950.0 2.5157e-06
13970.0 2.4639e-06
13990.0 2.4075e-06
14010.0 2.3476e-06
14030.0 2.2878e-06
14050.0 2.2277e-06
14070.0 2.1641e-06
14090.0 2.1033e-06
14110.0 2.0461e-06
14130.0 1.9906e-06
14150.0 1.9384e-06
14170.0 1.8937e-06
14190.0 1.855e-06
14210.0 1.822e-06
14230.0 1.7974e-06
14250.0 1.7814e-06
14270.0 1.7733e-06
14290.0 1.7743e-06
14310.0 1.7837e-06
14330.0 1.801e-06
14350.0 1.8268e-06
14370.0 1.8591e-06
14390.0 1.896e-06
14410.0 1.9397e-06
14430.0 1.9878e-06
14450.0 2.0371e-06
14470.0 2.0885e-06
14490.0 2.1432e-06
14510.0 2.1958e-06
14530.0 2.2459e-06
14550.0 2.2961e-06
14570.0 2.3445e-06
14590.0 2.3886e-06
14610.0 2.4313e-06
14630.0 2.4736e-06
14650.0 2.513e-06
14670.0 2.551e-06
14690.0 2.5905e-06
14710.0 2.632e-06
14730.0 2.6734e-06
14750.0 2.7192e-06
14770.0 2.7712e-06
14790.0 2.8275e-06
14810.0 2.8886e-06
14830.0 2.9609e-06
14850.0 3.0397e-06
14870.0 3.122e-06
14890.0 3.2109e-06
14910.0 3.3054e-06
14930.0 3.3965e-06
14950.0 3.4818e-06
14970.0 3.5627e-06
14990.0 3.6308e-06
15010.0 3.6832e-06
15030.0 3.7223e-06
15050.0 3.7486e-06
15070.0 3.7621e-06
15090.0 3.7676e-06
15110.0 3.7676e-06
15130.0 3.764e-06
15150.0 3.7589e-06
15170.0 3.7525e-06
15190.0 3.7456e-06
15210.0 3.7389e-06
15230.0 3.7322e-06
15250.0 3.7251e-06
15270.0 3.7182e-06
15290.0 3.7117e-06
15310.0 3.705e-06
15330.0 3.6983e-06
15350.0 3.6918e-06
15370.0 3.6855e-06
15390.0 3.6787e-06
15410.0 3.6722e-06
15430.0 3.666e-06
15450.0 3.6596e-06
15470.0 3.653e-06
15490.0 3.6469e-06
15510.0 3.6408e-06
15530.0 3.6344e-06
15550.0 3.6282e-06
15570.0 3.6222e-06
15590.0 3.616e-06
15610.0 3.6096e-06
15630.0 3.6037e-06
15650.0 3.5977e-06
15670.0 3.5915e-06
15690.0 3.5855e-06
15710.0 3.5797e-06
15730.0 3.5736e-06
15750.0 3.5675e-06
15770.0 3.5617e-06
15790.0 3.5558e-06
15810.0 3.5496e-06
15830.0 3.5437e-06
15850.0 3.538e-06
15870.0 3.532e-06
15890.0 3.526e-06
15910.0 3.5203e-06
15930.0 3.5145e-06
15950.0 3.5083e-06
15970.0 3.5025e-06
15990.0 3.4967e-06
16010.0 3.4907e-06
16030.0 3.4846e-06
16050.0 3.479e-06
16070.0 3.4731e-06
16090.0 3.467e-06
16110.0 3.4612e-06
16130.0 3.4555e-06
16150.0 3.4493e-06
16170.0 3.4432e-06
16190.0 3.4375e-06
16210.0 3.4315e-06
16230.0 3.4253e-06
16250.0 3.4194e-06
16270.0 3.4136e-06
16290.0 3.4074e-06
16310.0 3.4013e-06
16330.0 3.3954e-06
16350.0 3.3893e-06
16370.0 3.3828e-06
16390.0 3.3768e-06
16410.0 3.3708e-06
16430.0 3.3645e-06
16450.0 3.3583e-06
16470.0 3.3523e-06
16490.0 3.346e-06
16510.0 3.3395e-06
16530.0 3.3333e-06
16550.0 3.3271e-06
16570.0 3.3205e-06
16590.0 3.314e-06
16610.0 3.3078e-06
16630.0 3.3013e-06
16650.0 3.2947e-06
16670.0 3.2883e-06
16690.0 3.2819e-06
16710.0 3.275e-06
16730.0 3.2684e-06
16750.0 3.2619e-06
16770.0 3.2552e-06
16790.0 3.2482e-06
16810.0 3.2417e-06
16830.0 3.235e-06
16850.0 3.228e-06
16870.0 3.2212e-06
16890.0 3.2145e-06
16910.0 3.2074e-06
16930.0 3.2002e-06
16950.0 3.1934e-06
16970.0 3.1864e-06
16990.0 3.1791e-06
17010.0 3.172e-06
17030.0 3.1651e-06
17050.0 3.1578e-06
17070.0 3.1504e-06
17090.0 3.1433e-06
17110.0 3.136e-06
17130.0 3.1284e-06
17150.0 3.121e-06
17170.0 3.1138e-06
17190.0 3.1062e-06
17210.0 3.0986e-06
17230.0 3.0913e-06
17250.0 3.0837e-06
17270.0 3.0758e-06
17290.0 3.0682e-06
17310.0 3.0607e-06
17330.0 3.0528e-06
17350.0 3.0448e-06
17370.0 3.0373e-06
17390.0 3.0295e-06
17410.0 3.0214e-06
17430.0 3.0136e-06
17450.0 3.0058e-06
17470.0 2.9975e-06
17490.0 2.9893e-06
17510.0 2.9815e-06
17530.0 2.9733e-06
17550.0 2.965e-06
17570.0 2.9569e-06
17590.0 2.9489e-06
17610.0 2.9404e-06
17630.0 2.9321e-06
17650.0 2.924e-06
17670.0 2.9156e-06
17690.0 2.9068e-06
17710.0 2.8985e-06
17730.0 2.8902e-06
17750.0 2.8816e-06
17770.0 2.873e-06
17790.0 2.8647e-06
17810.0 2.856e-06
17830.0 2.8472e-06
17850.0 2.8387e-06
17870.0 2.8301e-06
17890.0 2.8211e-06
17910.0 2.8123e-06
17930.0 2.8038e-06
17950.0 2.7949e-06
17970.0 2.786e-06
17990.0 2.7773e-06
18010.0 2.7685e-06
18030.0 2.7593e-06
18050.0 2.7503e-06
18070.0 2.7415e-06
18090.0 2.7325e-06
18110.0 2.7232e-06
18130.0 2.7144e-06
18150.0 2.7055e-06
18170.0 2.6962e-06
18190.0 2.6871e-06
18210.0 2.6782e-06
18230.0 2.6688e-06
18250.0 2.6594e-06
18270.0 2.6504e-06
18290.0 2.6413e-06
18310.0 2.6319e-06
18330.0 2.6227e-06
18350.0 2.6136e-06
18370.0 2.6042e-06
18390.0 2.5947e-06
18410.0 2.5856e-06
18430.0 2.5763e-06
18450.0 2.5666e-06
18470.0 2.5573e-06
18490.0 2.5481e-06
18510.0 2.5386e-06
18530.0 2.5291e-06
18550.0 2.5199e-06
18570.0 2.5105e-06
18590.0 2.5007e-06
18610.0 2.4913e-06
18630.0 2.482e-06
18650.0 2.4723e-06
18670.0 2.4627e-06
18690.0 2.4534e-06
18710.0 2.4439e-06
18730.0 2.4342e-06
18750.0 2.4248e-06
18770.0 2.4155e-06
18790.0 2.4056e-06
18810.0 2.3959e-06
18830.0 2.3866e-06
18850.0 2.377e-06
18870.0 2.3672e-06
18890.0 2.3578e-06
18910.0 2.3484e-06
18930.0 2.3386e-06
18950.0 2.3289e-06
18970.0 2.3195e-06
18990.0 2.3099e-06
19010.0 2.2999e-06
19030.0 2.2905e-06
19050.0 2.281e-06
19070.0 2.2712e-06
19090.0 2.2616e-06
19110.0 2.2523e-06
19130.0 2.2425e-06
19150.0 2.2327e-06
19170.0 2.2232e-06
19190.0 2.2137e-06
19210.0 2.2039e-06
19230.0 2.1942e-06
19250.0 2.1848e-06
19270.0 2.1752e-06
19290.0 2.1654e-06
19310.0 2.156e-06
19330.0 2.1465e-06
19350.0 2.1366e-06
19370.0 2.127e-06
19390.0 2.1176e-06
19410.0 2.1079e-06
19430.0 2.0982e-06
19450.0 2.0888e-06
19470.0 2.0793e-06
19490.0 2.0696e-06
19510.0 2.0601e-06
19530.0 2.0507e-06
19550.0 2.041e-06
19570.0 2.0312e-06
19590.0 2.0219e-06
19610.0 2.0124e-06
19630.0 2.0027e-06
19650.0 1.9933e-06
19670.0 1.984e-06
19690.0 1.9744e-06
19710.0 1.9648e-06
19730.0 1.9554e-06
19750.0 1.946e-06
19770.0 1.9362e-06
19790.0 1.9269e-06
19810.0 1.9176e-06
19830.0 1.908e-06
19850.0 1.8984e-06
19870.0 1.8889e-06
19890.0 1.8788e-06
19910.0 1.8678e-06
19930.0 1.8561e-06
19950.0 1.8427e-06
19970.0 1.8265e-06
19990.0 1.8071e-06
20010.0 1.6165e-06
20030.0 1.5926e-06
20050.0 1.5648e-06
20070.0 1.5347e-06
20090.0 1.5024e-06
20110.0 1.4659e-06
20130.0 1.4291e-06
20150.0 1.3927e-06
20170.0 1.355e-06
20190.0 1.3167e-06
20210.0 1.2807e-06
20230.0 1.2455e-06
20250.0 1.2103e-06
20270.0 1.1776e-06
20290.0 1.1478e-06
20310.0 1.1194e-06
20330.0 1.0929e-06
20350.0 1.0708e-06
20370.0 1.0512e-06
20390.0 1.0339e-06
20410.0 1.0199e-06
20430.0 1.0089e-06
20450.0 1.0002e-06
20470.0 9.9425e-07
20490.0 9.9089e-07
20510.0 9.8968e-07
20530.0 9.9057e-07
20550.0 9.9332e-07
20570.0 9.9749e-07
20590.0 1.0033e-06
20610.0 1.0104e-06
20630.0 1.0182e-06
20650.0 1.0271e-06
20670.0 1.0372e-06
20690.0 1.0477e-06
20710.0 1.0584e-06
20730.0 1.0701e-06
20750.0 1.0822e-06
20770.0 1.0942e-06
20790.0 1.1067e-06
20810.0 1.12e-06
20830.0 1.1331e-06
20850.0 1.1463e-06
20870.0 1.1604e-06
20890.0 1.1748e-06
20910.0 1.1886e-06
20930.0 1.2029e-06
20950.0 1.2177e-06
20970.0 1.2321e-06
20990.0 1.2463e-06
21010.0 1.2612e-06
21030.0 1.2757e-06
21050.0 1.2896e-06
21070.0 1.3034e-06
21090.0 1.3173e-06
21110.0 1.3299e-06
21130.0 1.3417e-06
21150.0 1.3532e-06
21170.0 1.3635e-06
21190.0 1.3724e-06
21210.0 1.3804e-06
21230.0 1.387e-06
21250.0 1.3916e-06
21270.0 1.3945e-06
21290.0 1.3955e-06
21310.0 1.3943e-06
21330.0 1.3909e-06
21350.0 1.385e-06
21370.0 1.3765e-06
21390.0 1.3657e-06
21410.0 1.3525e-06
21430.0 1.3358e-06
21450.0 1.317e-06
21470.0 1.2966e-06
21490.0 1.2736e-06
21510.0 1.2483e-06
21530.0 1.2226e-06
21550.0 1.1957e-06
21570.0 1.167e-06
21590.0 1.1388e-06
21610.0 1.1116e-06
21630.0 1.0843e-06
21650.0 1.0576e-06
21670.0 1.0345e-06
21690.0 1.0131e-06
21710.0 9.9389e-07
21730.0 9.781e-07
21750.0 9.6587e-07
21770.0 9.5651e-07
21790.0 9.5104e-07
21810.0 9.4938e-07
21830.0 9.5125e-07
21850.0 9.5691e-07
21870.0 9.6586e-07
21890.0 9.7747e-07
21910.0 9.9242e-07
21930.0 1.01e-06
21950.0 1.029e-06
21970.0 1.0502e-06
21990.0 1.0739e-06
22010.0 1.0977e-06
22030.0 1.1218e-06
22050.0 1.1471e-06
22070.0 1.1726e-06
22090.0 1.1968e-06
22110.0 1.2211e-06
22130.0 1.2455e-06
22150.0 1.2682e-06
22170.0 1.2896e-06
22190.0 1.3109e-06
22210.0 1.3307e-06
22230.0 1.348e-06
22250.0 1.3644e-06
22270.0 1.3795e-06
22290.0 1.3923e-06
22310.0 1.4034e-06
22330.0 1.4131e-06
22350.0 1.4205e-06
22370.0 1.4258e-06
22390.0 1.429e-06
22410.0 1.4299e-06
22430.0 1.4285e-06
22450.0 1.4247e-06
22470.0 1.4183e-06
22490.0 1.4093e-06
22510.0 1.3981e-06
22530.0 1.3839e-06
22550.0 1.3666e-06
22570.0 1.3474e-06
22590.0 1.3258e-06
22610.0 1.3009e-06
22630.0 1.274e-06
22650.0 1.2462e-06
22670.0 1.2155e-06
22690.0 1.1827e-06
22710.0 1.1497e-06
22730.0 1.1156e-06
22750.0 1.0787e-06
22770.0 1.0426e-06
22790.0 1.0074e-06
22810.0 9.7121e-07
22830.0 9.3514e-07
22850.0 9.0138e-07
22870.0 8.6828e-07
22890.0 8.3535e-07
22910.0 8.0501e-07
22930.0 7.7721e-07
22950.0 7.5071e-07
22970.0 7.2618e-07
22990.0 7.0584e-07
23010.0 6.8779e-07
23030.0 6.7226e-07
23050.0 6.602e-07
23070.0 6.5143e-07
23090.0 6.4543e-07
23110.0 6.429e-07
23130.0 6.4359e-07
23150.0 6.4733e-07
23170.0 6.5438e-07
23190.0 6.6411e-07
23210.0 6.7611e-07
23230.0 6.9108e-07
23250.0 7.0825e-07
23270.0 7.2665e-07
23290.0 7.4693e-07
23310.0 7.6946e-07
23330.0 7.9174e-07
23350.0 8.1424e-07
23370.0 8.3763e-07
23390.0 8.607e-07
23410.0 8.8215e-07
23430.0 9.0334e-07
23450.0 9.2374e-07
23470.0 9.4196e-07
23490.0 9.5831e-07
23510.0 9.7341e-07
23530.0 9.8616e-07
23550.0 9.9614e-07
23570.0 1.0042e-06
23590.0 1.01e-06
23610.0 1.0134e-06
23630.0 1.0146e-06
23650.0 1.0136e-06
23670.0 1.0105e-06
23690.0 1.0056e-06
23710.0 9.9876e-07
23730.0 9.9007e-07
23750.0 9.8042e-07
23770.0 9.6968e-07
23790.0 9.5761e-07
23810.0 9.4505e-07
23830.0 9.3252e-07
23850.0 9.1933e-07
23870.0 9.0614e-07
23890.0 8.9399e-07
23910.0 8.8247e-07
23930.0 8.7154e-07
23950.0 8.6196e-07
23970.0 8.5395e-07
23990.0 8.47e-07
24010.0 8.4152e-07
24030.0 8.377e-07
24050.0 8.3532e-07
24070.0 8.3441e-07
24090.0 8.3503e-07
24110.0 8.3696e-07
24130.0 8.4027e-07
24150.0 8.4492e-07
24170.0 8.5051e-07
24190.0 8.5725e-07
24210.0 8.6531e-07
24230.0 8.7409e-07
24250.0 8.835e-07
24270.0 8.9399e-07
24290.0 9.0539e-07
24310.0 9.1656e-07
24330.0 9.2842e-07
24350.0 9.4097e-07
24370.0 9.5344e-07
24390.0 9.6572e-07
24410.0 9.7892e-07
24430.0 9.919e-07
24450.0 1.0043e-06
24470.0 1.0168e-06
24490.0 1.0294e-06
24510.0 1.0411e-06
24530.0 1.0521e-06
24550.0 1.0629e-06
24570.0 1.0728e-06
24590.0 1.0813e-06
24610.0 1.089e-06
24630.0 1.0955e-06
24650.0 1.1003e-06
24670.0 1.1035e-06
24690.0 1.1053e-06
24710.0 1.1054e-06
24730.0 1.104e-06
24750.0 1.1012e-06
24770.0 1.097e-06
24790.0 1.0917e-06
24810.0 1.0852e-06
24830.0 1.0765e-06
24850.0 1.0646e-06
24870.0 1.048e-06
24890.0 1.0216e-06
24910.0 9.801e-07
24930.0 9.211e-07
24950.0 8.4084e-07
24970.0 7.3286e-07
24990.0 6.0933e-07
