#lamb flux
1010.0 4.2796e-10
1030.0 5.3812e-10
1050.0 6.6468e-10
1070.0 8.0698e-10
1090.0 9.6843e-10
1110.0 1.1337e-09
1130.0 1.2998e-09
1150.0 1.4734e-09
1170.0 1.6522e-09
1190.0 1.8214e-09
1210.0 1.9926e-09
1230.0 2.1693e-09
1250.0 2.3423e-09
1270.0 2.5102e-09
1290.0 2.6878e-09
1310.0 2.8655e-09
1330.0 3.0361e-09
1350.0 3.2092e-09
1370.0 3.3885e-09
1390.0 3.564e-09
1410.0 3.7349e-09
1430.0 3.9143e-09
1450.0 4.0944e-09
1470.0 4.2693e-09
1490.0 4.4465e-09
1510.0 4.6341e-09
1530.0 4.8126e-09
1550.0 4.989e-09
1570.0 5.1716e-09
1590.0 5.3545e-09
1610.0 5.5296e-09
1630.0 5.71e-09
1650.0 5.895e-09
1670.0 6.0741e-09
1690.0 6.2509e-09
1710.0 6.4344e-09
1730.0 6.6189e-09
1750.0 6.7925e-09
1770.0 6.9712e-09
1790.0 7.1536e-09
1810.0 7.3303e-09
1830.0 7.5041e-09
1850.0 7.6878e-09
1870.0 7.8664e-09
1890.0 8.0396e-09
1910.0 8.2167e-09
1930.0 8.3988e-09
1950.0 8.5734e-09
1970.0 8.7466e-09
1990.0 8.927e-09
2010.0 9.1051e-09
2030.0 9.2778e-09
2050.0 9.4564e-09
2070.0 9.6404e-09
2090.0 9.8151e-09
2110.0 9.9903e-09
2130.0 1.0172e-08
2150.0 1.0351e-08
2170.0 1.0523e-08
2190.0 1.0703e-08
2210.0 1.0885e-08
2230.0 1.1061e-08
2250.0 1.1236e-08
2270.0 1.1421e-08
2290.0 1.1602e-08
2310.0 1.1777e-08
2330.0 1.1958e-08
2350.0 1.2142e-08
2370.0 1.2321e-08
2390.0 1.2501e-08
2410.0 1.2691e-08
2430.0 1.2879e-08
2450.0 1.307e-08
2470.0 1.3282e-08
2490.0 1.3529e-08
2510.0 1.3815e-08
2530.0 1.4185e-08
2550.0 1.4698e-08
2570.0 1.5387e-08
2590.0 1.6299e-08
2610.0 1.7604e-08
2630.0 1.9333e-08
2650.0 2.1448e-08
2670.0 2.4059e-08
2690.0 2.722e-08
2710.0 3.0685e-08
2730.0 3.4328e-08
2750.0 3.8271e-08
2770.0 4.2184e-08
2790.0 4.5824e-08
2810.0 4.9244e-08
2830.0 5.2446e-08
2850.0 5.5138e-08
2870.0 5.7521e-08
2890.0 5.9741e-08
2910.0 6.1817e-08
2930.0 6.3786e-08
2950.0 6.581e-08
2970.0 6.7914e-08
2990.0 7.0064e-08
3010.0 7.2302e-08
3030.0 7.4693e-08
3050.0 7.7197e-08
3070.0 7.9745e-08
3090.0 8.2445e-08
3110.0 8.5317e-08
3130.0 8.8399e-08
3150.0 9.1906e-08
3170.0 9.6376e-08
3190.0 1.022e-07
3210.0 1.0981e-07
3230.0 1.1995e-07
3250.0 1.3281e-07
3270.0 1.4503e-07
3290.0 1.6445e-07
3310.0 2.0428e-07
3330.0 2.1751e-07
3350.0 2.2401e-07
3370.0 2.3026e-07
3390.0 2.3661e-07
3410.0 2.4304e-07
3430.0 2.4952e-07
3450.0 2.5599e-07
3470.0 2.6235e-07
3490.0 2.6849e-07
3510.0 2.7406e-07
3530.0 2.7163e-07
3550.0 2.6413e-07
3570.0 2.6799e-07
3590.0 2.8484e-07
3610.0 3.1043e-07
3630.0 3.2054e-07
3650.0 3.0785e-07
3670.0 2.8277e-07
3690.0 2.6822e-07
3710.0 2.7164e-07
3730.0 2.8058e-07
3750.0 2.8538e-07
3770.0 2.95e-07
3790.0 3.0573e-07
3810.0 3.0137e-07
3830.0 2.8087e-07
3850.0 2.6254e-07
3870.0 2.5385e-07
3890.0 2.5092e-07
3910.0 2.4528e-07
3930.0 2.4244e-07
3950.0 2.4927e-07
3970.0 2.5725e-07
3990.0 2.5959e-07
4010.0 2.5004e-07
4030.0 2.3643e-07
4050.0 2.2769e-07
4070.0 2.2029e-07
4090.0 2.143e-07
4110.0 2.0646e-07
4130.0 1.9411e-07
4150.0 1.8169e-07
4170.0 1.7433e-07
4190.0 1.6255e-07
4210.0 1.4715e-07
4230.0 1.3157e-07
4250.0 1.1678e-07
4270.0 1.0574e-07
4290.0 9.7572e-08
4310.0 9.3248e-08
4330.0 9.3095e-08
4350.0 9.3535e-08
4370.0 9.4429e-08
4390.0 9.7908e-08
4410.0 1.0031e-07
4430.0 9.6825e-08
4450.0 8.7918e-08
4470.0 8.0138e-08
4490.0 7.5903e-08
4510.0 7.3185e-08
4530.0 7.1827e-08
4550.0 7.0664e-08
4570.0 7.0367e-08
4590.0 7.1333e-08
4610.0 7.3534e-08
4630.0 7.4846e-08
4650.0 7.5498e-08
4670.0 7.3663e-08
4690.0 6.9285e-08
4710.0 6.4921e-08
4730.0 6.2099e-08
4750.0 6.0365e-08
4770.0 6.0578e-08
4790.0 6.0342e-08
4810.0 5.9048e-08
4830.0 5.9161e-08
4850.0 6.1008e-08
4870.0 6.1615e-08
4890.0 6.0505e-08
4910.0 5.9107e-08
4930.0 5.5743e-08
4950.0 5.0882e-08
4970.0 4.7558e-08
4990.0 4.483e-08
5010.0 4.4245e-08
5030.0 4.5736e-08
5050.0 4.6909e-08
5070.0 4.8662e-08
5090.0 5.1604e-08
5110.0 5.239e-08
5130.0 5.2847e-08
5150.0 5.3823e-08
5170.0 5.4273e-08
5190.0 5.5697e-08
5210.0 5.5987e-08
5230.0 5.5409e-08
5250.0 5.5858e-08
5270.0 5.6638e-08
5290.0 5.6792e-08
5310.0 5.6368e-08
5330.0 5.5297e-08
5350.0 5.4542e-08
5370.0 5.3962e-08
5390.0 5.3248e-08
5410.0 5.2656e-08
5430.0 5.264e-08
5450.0 5.3409e-08
5470.0 5.4402e-08
5490.0 5.5937e-08
5510.0 5.7632e-08
5530.0 5.8342e-08
5550.0 5.9214e-08
5570.0 5.9336e-08
5590.0 5.81e-08
5610.0 5.7678e-08
5630.0 5.8115e-08
5650.0 5.7411e-08
5670.0 5.614e-08
5690.0 5.4456e-08
5710.0 5.4316e-08
5730.0 5.4887e-08
5750.0 5.2548e-08
5770.0 4.9852e-08
5790.0 4.5823e-08
5810.0 4.0077e-08
5830.0 4.3207e-08
5850.0 4.7844e-08
5870.0 4.8886e-08
5890.0 4.9148e-08
5910.0 4.9544e-08
5930.0 4.9442e-08
5950.0 4.8621e-08
5970.0 4.804e-08
5990.0 4.7344e-08
6010.0 4.5904e-08
6030.0 4.4329e-08
6050.0 4.3637e-08
6070.0 4.3444e-08
6090.0 4.2782e-08
6110.0 4.1354e-08
6130.0 3.9949e-08
6150.0 3.8345e-08
6170.0 3.674e-08
6190.0 3.51e-08
6210.0 3.386e-08
6230.0 3.3366e-08
6250.0 3.2659e-08
6270.0 3.1976e-08
6290.0 3.1725e-08
6310.0 3.1515e-08
6330.0 3.0822e-08
6350.0 2.982e-08
6370.0 2.9248e-08
6390.0 2.8676e-08
6410.0 2.7875e-08
6430.0 2.712e-08
6450.0 2.6522e-08
6470.0 2.5953e-08
6490.0 2.5557e-08
6510.0 2.5118e-08
6530.0 2.4479e-08
6550.0 2.3937e-08
6570.0 2.357e-08
6590.0 2.3529e-08
6610.0 2.338e-08
6630.0 2.2598e-08
6650.0 2.196e-08
6670.0 2.1734e-08
6690.0 2.1392e-08
6710.0 2.088e-08
6730.0 2.0696e-08
6750.0 2.0857e-08
6770.0 2.21e-08
6790.0 2.4709e-08
6810.0 2.3461e-08
6830.0 2.06e-08
6850.0 1.9789e-08
6870.0 1.9486e-08
6890.0 1.9488e-08
6910.0 1.953e-08
6930.0 1.9575e-08
6950.0 1.9513e-08
6970.0 1.9018e-08
6990.0 1.8847e-08
7010.0 1.9127e-08
7030.0 1.9216e-08
7050.0 1.8937e-08
7070.0 1.8749e-08
7090.0 1.8875e-08
7110.0 1.9314e-08
7130.0 1.9377e-08
7150.0 1.9448e-08
7170.0 1.9552e-08
7190.0 1.9823e-08
7210.0 2.0036e-08
7230.0 2.0248e-08
7250.0 2.0518e-08
7270.0 2.071e-08
7290.0 2.1035e-08
7310.0 2.1426e-08
7330.0 2.1261e-08
7350.0 2.0815e-08
7370.0 2.0529e-08
7390.0 2.0476e-08
7410.0 2.0566e-08
7430.0 2.0822e-08
7450.0 2.0951e-08
7470.0 2.1245e-08
7490.0 2.1123e-08
7510.0 2.0895e-08
7530.0 2.1139e-08
7550.0 2.1801e-08
7570.0 2.1745e-08
7590.0 2.0621e-08
7610.0 2.0445e-08
7630.0 2.1607e-08
7650.0 2.2038e-08
7670.0 2.2192e-08
7690.0 2.3178e-08
7710.0 2.3928e-08
7730.0 2.4157e-08
7750.0 2.5418e-08
7770.0 2.4765e-08
7790.0 2.4174e-08
7810.0 2.5615e-08
7830.0 2.6594e-08
7850.0 2.7265e-08
7870.0 2.7797e-08
7890.0 2.8014e-08
7910.0 2.7808e-08
7930.0 2.8001e-08
7950.0 2.9263e-08
7970.0 2.9258e-08
7990.0 2.7251e-08
8010.0 2.6195e-08
8030.0 2.6715e-08
8050.0 2.7285e-08
8070.0 2.4688e-08
8090.0 1.617e-08
8110.0 1.688e-08
8130.0 2.4085e-08
8150.0 2.5939e-08
8170.0 2.697e-08
8190.0 2.7559e-08
8210.0 2.7208e-08
8230.0 2.9491e-08
8250.0 3.0132e-08
8270.0 2.85e-08
8290.0 2.7377e-08
8310.0 2.6975e-08
8330.0 2.844e-08
8350.0 2.9785e-08
8370.0 2.9226e-08
8390.0 2.7871e-08
8410.0 2.7844e-08
8430.0 2.6089e-08
8450.0 2.6657e-08
8470.0 2.913e-08
8490.0 2.9218e-08
8510.0 2.7093e-08
8530.0 2.5397e-08
8550.0 2.4347e-08
8570.0 2.2943e-08
8590.0 2.3599e-08
8610.0 2.5037e-08
8630.0 2.571e-08
8650.0 2.6155e-08
8670.0 2.544e-08
8690.0 2.4847e-08
8710.0 2.3114e-08
8730.0 2.2283e-08
8750.0 2.3189e-08
8770.0 2.355e-08
8790.0 2.3482e-08
8810.0 2.3365e-08
8830.0 2.386e-08
8850.0 2.5057e-08
8870.0 2.3398e-08
8890.0 2.2066e-08
8910.0 2.1741e-08
8930.0 2.0442e-08
8950.0 1.969e-08
8970.0 1.9679e-08
8990.0 1.8838e-08
9010.0 1.7685e-08
9030.0 1.7283e-08
9050.0 1.714e-08
9070.0 1.7012e-08
9090.0 1.6883e-08
9110.0 1.6753e-08
9130.0 1.6622e-08
9150.0 1.6492e-08
9170.0 1.636e-08
9190.0 1.6229e-08
9210.0 1.6097e-08
9230.0 1.5965e-08
9250.0 1.5833e-08
9270.0 1.5701e-08
9290.0 1.557e-08
9310.0 1.5439e-08
9330.0 1.5308e-08
9350.0 1.5178e-08
9370.0 1.5048e-08
9390.0 1.4919e-08
9410.0 1.479e-08
9430.0 1.4663e-08
9450.0 1.4536e-08
9470.0 1.441e-08
9490.0 1.4284e-08
9510.0 1.416e-08
9530.0 1.4037e-08
9550.0 1.3914e-08
9570.0 1.3793e-08
9590.0 1.3673e-08
9610.0 1.3553e-08
9630.0 1.3436e-08
9650.0 1.3319e-08
9670.0 1.3203e-08
9690.0 1.3089e-08
9710.0 1.2975e-08
9730.0 1.2863e-08
9750.0 1.2752e-08
9770.0 1.2643e-08
9790.0 1.2535e-08
9810.0 1.2427e-08
9830.0 1.2322e-08
9850.0 1.2217e-08
9870.0 1.2114e-08
9890.0 1.2011e-08
9910.0 1.1911e-08
9930.0 1.1811e-08
9950.0 1.1713e-08
9970.0 1.1616e-08
9990.0 1.152e-08
10010.0 1.1425e-08
10030.0 1.1331e-08
10050.0 1.1239e-08
10070.0 1.1148e-08
10090.0 1.1058e-08
10110.0 1.0969e-08
10130.0 1.0882e-08
10150.0 1.0795e-08
10170.0 1.071e-08
10190.0 1.0626e-08
10210.0 1.0542e-08
10230.0 1.046e-08
10250.0 1.0379e-08
10270.0 1.0299e-08
10290.0 1.0221e-08
10310.0 1.0143e-08
10330.0 1.0066e-08
10350.0 9.9898e-09
10370.0 9.9149e-09
10390.0 9.8398e-09
10410.0 9.7516e-09
10430.0 9.6595e-09
10450.0 9.605e-09
10470.0 9.5423e-09
10490.0 9.4785e-09
10510.0 9.4138e-09
10530.0 9.3465e-09
10550.0 9.28e-09
10570.0 9.2154e-09
10590.0 9.1501e-09
10610.0 9.0849e-09
10630.0 9.0219e-09
10650.0 8.9596e-09
10670.0 8.8962e-09
10690.0 8.8345e-09
10710.0 8.7745e-09
10730.0 8.7139e-09
10750.0 8.653e-09
10770.0 8.5951e-09
10790.0 8.5374e-09
10810.0 8.479e-09
10830.0 8.4221e-09
10850.0 8.3669e-09
10870.0 8.31e-09
10890.0 8.2537e-09
10910.0 8.1992e-09
10930.0 8.1445e-09
10950.0 8.0884e-09
10970.0 8.033e-09
10990.0 7.9785e-09
11010.0 7.8878e-09
11030.0 7.8302e-09
11050.0 7.7734e-09
11070.0 7.7153e-09
11090.0 7.654e-09
11110.0 7.5944e-09
11130.0 7.5348e-09
11150.0 7.473e-09
11170.0 7.4105e-09
11190.0 7.3499e-09
11210.0 7.2878e-09
11230.0 7.2243e-09
11250.0 7.1629e-09
11270.0 7.1031e-09
11290.0 7.0424e-09
11310.0 6.9834e-09
11330.0 6.9291e-09
11350.0 6.8758e-09
11370.0 6.824e-09
11390.0 6.776e-09
11410.0 6.7309e-09
11430.0 6.686e-09
11450.0 6.6437e-09
11470.0 6.604e-09
11490.0 6.5648e-09
11510.0 6.5255e-09
11530.0 6.488e-09
11550.0 6.4509e-09
11570.0 6.4123e-09
11590.0 6.3735e-09
11610.0 6.3353e-09
11630.0 6.2951e-09
11650.0 6.2531e-09
11670.0 6.2119e-09
11690.0 6.1699e-09
11710.0 6.1259e-09
11730.0 6.0817e-09
11750.0 6.0386e-09
11770.0 5.9937e-09
11790.0 5.9481e-09
11810.0 5.904e-09
11830.0 5.8603e-09
11850.0 5.8151e-09
11870.0 5.7719e-09
11890.0 5.7311e-09
11910.0 5.6904e-09
11930.0 5.6508e-09
11950.0 5.6144e-09
11970.0 5.5793e-09
11990.0 5.545e-09
12010.0 5.5136e-09
12030.0 5.4849e-09
12050.0 5.4574e-09
12070.0 5.4317e-09
12090.0 5.4093e-09
12110.0 5.3885e-09
12130.0 5.3689e-09
12150.0 5.3512e-09
12170.0 5.3352e-09
12190.0 5.3194e-09
12210.0 5.3044e-09
12230.0 5.2901e-09
12250.0 5.2755e-09
12270.0 5.2599e-09
12290.0 5.2436e-09
12310.0 5.2265e-09
12330.0 5.207e-09
12350.0 5.1855e-09
12370.0 5.1626e-09
12390.0 5.137e-09
12410.0 5.1075e-09
12430.0 5.0771e-09
12450.0 5.0447e-09
12470.0 5.0089e-09
12490.0 4.9711e-09
12510.0 4.933e-09
12530.0 4.8922e-09
12550.0 4.8489e-09
12570.0 4.8057e-09
12590.0 4.7622e-09
12610.0 4.7163e-09
12630.0 4.67e-09
12650.0 4.6261e-09
12670.0 4.5812e-09
12690.0 4.536e-09
12710.0 4.4929e-09
12730.0 4.4513e-09
12750.0 4.4087e-09
12770.0 4.3685e-09
12790.0 4.3312e-09
12810.0 4.2947e-09
12830.0 4.2594e-09
12850.0 4.2277e-09
12870.0 4.1983e-09
12890.0 4.17e-09
12910.0 4.1445e-09
12930.0 4.1221e-09
12950.0 4.1013e-09
12970.0 4.0828e-09
12990.0 4.0677e-09
13010.0 4.0551e-09
13030.0 4.0445e-09
13050.0 4.0365e-09
13070.0 4.0308e-09
13090.0 4.0267e-09
13110.0 4.0241e-09
13130.0 4.0226e-09
13150.0 4.0216e-09
13170.0 4.0208e-09
13190.0 4.0195e-09
13210.0 4.0173e-09
13230.0 4.0136e-09
13250.0 4.0082e-09
13270.0 4.0009e-09
13290.0 3.9914e-09
13310.0 3.979e-09
13330.0 3.9644e-09
13350.0 3.9478e-09
13370.0 3.9281e-09
13390.0 3.9056e-09
13410.0 3.8823e-09
13430.0 3.8566e-09
13450.0 3.8282e-09
13470.0 3.7987e-09
13490.0 3.7685e-09
13510.0 3.7349e-09
13530.0 3.7003e-09
13550.0 3.666e-09
13570.0 3.6302e-09
13590.0 3.5925e-09
13610.0 3.5553e-09
13630.0 3.5186e-09
13650.0 3.4799e-09
13670.0 3.4411e-09
13690.0 3.4036e-09
13710.0 3.3654e-09
13730.0 3.3255e-09
13750.0 3.2882e-09
13770.0 3.2517e-09
13790.0 3.2145e-09
13810.0 3.1783e-09
13830.0 3.1445e-09
13850.0 3.1105e-09
13870.0 3.0769e-09
13890.0 3.0456e-09
13910.0 3.0155e-09
13930.0 2.9854e-09
13950.0 2.9567e-09
13970.0 2.9305e-09
13990.0 2.9045e-09
14010.0 2.8791e-09
14030.0 2.8557e-09
14050.0 2.8334e-09
14070.0 2.811e-09
14090.0 2.7902e-09
14110.0 2.771e-09
14130.0 2.7522e-09
14150.0 2.734e-09
14170.0 2.7175e-09
14190.0 2.7018e-09
14210.0 2.6862e-09
14230.0 2.6716e-09
14250.0 2.6579e-09
14270.0 2.6441e-09
14290.0 2.6306e-09
14310.0 2.618e-09
14330.0 2.6057e-09
14350.0 2.5932e-09
14370.0 2.5811e-09
14390.0 2.5697e-09
14410.0 2.558e-09
14430.0 2.5464e-09
14450.0 2.5354e-09
14470.0 2.5244e-09
14490.0 2.513e-09
14510.0 2.5021e-09
14530.0 2.4915e-09
14550.0 2.4806e-09
14570.0 2.4695e-09
14590.0 2.4589e-09
14610.0 2.448e-09
14630.0 2.4366e-09
14650.0 2.4255e-09
14670.0 2.4144e-09
14690.0 2.4028e-09
14710.0 2.3909e-09
14730.0 2.3796e-09
14750.0 2.3678e-09
14770.0 2.3555e-09
14790.0 2.3433e-09
14810.0 2.3312e-09
14830.0 2.3181e-09
14850.0 2.305e-09
14870.0 2.2921e-09
14890.0 2.279e-09
14910.0 2.2655e-09
14930.0 2.2528e-09
14950.0 2.2407e-09
14970.0 2.2288e-09
14990.0 2.218e-09
15010.0 2.2086e-09
15030.0 2.2e-09
15050.0 2.1921e-09
15070.0 2.1854e-09
15090.0 2.1794e-09
15110.0 2.1735e-09
15130.0 2.1679e-09
15150.0 2.1627e-09
15170.0 2.1573e-09
15190.0 2.1519e-09
15210.0 2.1467e-09
15230.0 2.1415e-09
15250.0 2.1361e-09
15270.0 2.1308e-09
15290.0 2.1257e-09
15310.0 2.1204e-09
15330.0 2.115e-09
15350.0 2.1098e-09
15370.0 2.1047e-09
15390.0 2.0992e-09
15410.0 2.0939e-09
15430.0 2.0888e-09
15450.0 2.0835e-09
15470.0 2.0781e-09
15490.0 2.0729e-09
15510.0 2.0678e-09
15530.0 2.0624e-09
15550.0 2.0571e-09
15570.0 2.052e-09
15590.0 2.0467e-09
15610.0 2.0412e-09
15630.0 2.0361e-09
15650.0 2.0309e-09
15670.0 2.0255e-09
15690.0 2.0202e-09
15710.0 2.0151e-09
15730.0 2.0098e-09
15750.0 2.0045e-09
15770.0 1.9993e-09
15790.0 1.9941e-09
15810.0 1.9886e-09
15830.0 1.9834e-09
15850.0 1.9783e-09
15870.0 1.973e-09
15890.0 1.9676e-09
15910.0 1.9625e-09
15930.0 1.9573e-09
15950.0 1.9519e-09
15970.0 1.9466e-09
15990.0 1.9415e-09
16010.0 1.9361e-09
16030.0 1.9307e-09
16050.0 1.9256e-09
16070.0 1.9204e-09
16090.0 1.9151e-09
16110.0 1.9099e-09
16130.0 1.9048e-09
16150.0 1.8993e-09
16170.0 1.894e-09
16190.0 1.8889e-09
16210.0 1.8836e-09
16230.0 1.8782e-09
16250.0 1.873e-09
16270.0 1.8679e-09
16290.0 1.8626e-09
16310.0 1.8573e-09
16330.0 1.8521e-09
16350.0 1.8469e-09
16370.0 1.8414e-09
16390.0 1.8362e-09
16410.0 1.8311e-09
16430.0 1.8257e-09
16450.0 1.8205e-09
16470.0 1.8154e-09
16490.0 1.8101e-09
16510.0 1.8047e-09
16530.0 1.7995e-09
16550.0 1.7943e-09
16570.0 1.789e-09
16590.0 1.7836e-09
16610.0 1.7786e-09
16630.0 1.7733e-09
16650.0 1.7679e-09
16670.0 1.7628e-09
16690.0 1.7576e-09
16710.0 1.7522e-09
16730.0 1.7469e-09
16750.0 1.7418e-09
16770.0 1.7365e-09
16790.0 1.7311e-09
16810.0 1.726e-09
16830.0 1.7208e-09
16850.0 1.7155e-09
16870.0 1.7102e-09
16890.0 1.7051e-09
16910.0 1.6998e-09
16930.0 1.6944e-09
16950.0 1.6892e-09
16970.0 1.684e-09
16990.0 1.6787e-09
17010.0 1.6734e-09
17030.0 1.6684e-09
17050.0 1.663e-09
17070.0 1.6577e-09
17090.0 1.6525e-09
17110.0 1.6473e-09
17130.0 1.6419e-09
17150.0 1.6367e-09
17170.0 1.6316e-09
17190.0 1.6262e-09
17210.0 1.6209e-09
17230.0 1.6158e-09
17250.0 1.6106e-09
17270.0 1.6052e-09
17290.0 1.6e-09
17310.0 1.5948e-09
17330.0 1.5895e-09
17350.0 1.5841e-09
17370.0 1.579e-09
17390.0 1.5738e-09
17410.0 1.5685e-09
17430.0 1.5633e-09
17450.0 1.5582e-09
17470.0 1.5527e-09
17490.0 1.5474e-09
17510.0 1.5423e-09
17530.0 1.537e-09
17550.0 1.5317e-09
17570.0 1.5265e-09
17590.0 1.5214e-09
17610.0 1.516e-09
17630.0 1.5107e-09
17650.0 1.5056e-09
17670.0 1.5004e-09
17690.0 1.4949e-09
17710.0 1.4897e-09
17730.0 1.4846e-09
17750.0 1.4792e-09
17770.0 1.474e-09
17790.0 1.4689e-09
17810.0 1.4636e-09
17830.0 1.4582e-09
17850.0 1.4531e-09
17870.0 1.4479e-09
17890.0 1.4425e-09
17910.0 1.4372e-09
17930.0 1.4321e-09
17950.0 1.4268e-09
17970.0 1.4215e-09
17990.0 1.4164e-09
18010.0 1.4112e-09
18030.0 1.4057e-09
18050.0 1.4005e-09
18070.0 1.3954e-09
18090.0 1.3901e-09
18110.0 1.3847e-09
18130.0 1.3796e-09
18150.0 1.3744e-09
18170.0 1.369e-09
18190.0 1.3638e-09
18210.0 1.3587e-09
18230.0 1.3533e-09
18250.0 1.3479e-09
18270.0 1.3428e-09
18290.0 1.3376e-09
18310.0 1.3322e-09
18330.0 1.327e-09
18350.0 1.3219e-09
18370.0 1.3166e-09
18390.0 1.3113e-09
18410.0 1.3061e-09
18430.0 1.3009e-09
18450.0 1.2954e-09
18470.0 1.2902e-09
18490.0 1.2851e-09
18510.0 1.2798e-09
18530.0 1.2745e-09
18550.0 1.2694e-09
18570.0 1.2641e-09
18590.0 1.2587e-09
18610.0 1.2535e-09
18630.0 1.2484e-09
18650.0 1.243e-09
18670.0 1.2377e-09
18690.0 1.2326e-09
18710.0 1.2273e-09
18730.0 1.222e-09
18750.0 1.2168e-09
18770.0 1.2117e-09
18790.0 1.2062e-09
18810.0 1.2009e-09
18830.0 1.1958e-09
18850.0 1.1906e-09
18870.0 1.1852e-09
18890.0 1.18e-09
18910.0 1.1749e-09
18930.0 1.1695e-09
18950.0 1.1642e-09
18970.0 1.1591e-09
18990.0 1.1538e-09
19010.0 1.1484e-09
19030.0 1.1432e-09
19050.0 1.1381e-09
19070.0 1.1327e-09
19090.0 1.1275e-09
19110.0 1.1224e-09
19130.0 1.117e-09
19150.0 1.1117e-09
19170.0 1.1065e-09
19190.0 1.1013e-09
19210.0 1.0959e-09
19230.0 1.0906e-09
19250.0 1.0855e-09
19270.0 1.0803e-09
19290.0 1.0749e-09
19310.0 1.0698e-09
19330.0 1.0646e-09
19350.0 1.0591e-09
19370.0 1.0539e-09
19390.0 1.0488e-09
19410.0 1.0434e-09
19430.0 1.0381e-09
19450.0 1.033e-09
19470.0 1.0278e-09
19490.0 1.0224e-09
19510.0 1.0172e-09
19530.0 1.0121e-09
19550.0 1.0067e-09
19570.0 1.0013e-09
19590.0 9.9618e-10
19610.0 9.9095e-10
19630.0 9.8559e-10
19650.0 9.8039e-10
19670.0 9.7528e-10
19690.0 9.6991e-10
19710.0 9.6459e-10
19730.0 9.5945e-10
19750.0 9.5421e-10
19770.0 9.4876e-10
19790.0 9.4356e-10
19810.0 9.3844e-10
19830.0 9.3312e-10
19850.0 9.2785e-10
19870.0 9.2279e-10
19890.0 9.1761e-10
19910.0 9.1241e-10
19930.0 9.0758e-10
19950.0 9.0302e-10
19970.0 8.9866e-10
19990.0 8.9479e-10
20010.0 8.9159e-10
20030.0 8.888e-10
20050.0 8.8648e-10
20070.0 8.8467e-10
20090.0 8.8321e-10
20110.0 8.8192e-10
20130.0 8.8082e-10
20150.0 8.7985e-10
20170.0 8.7888e-10
20190.0 8.7788e-10
20210.0 8.7691e-10
20230.0 8.7589e-10
20250.0 8.7478e-10
20270.0 8.7363e-10
20290.0 8.7245e-10
20310.0 8.7117e-10
20330.0 8.6977e-10
20350.0 8.6839e-10
20370.0 8.6693e-10
20390.0 8.6535e-10
20410.0 8.6373e-10
20430.0 8.6212e-10
20450.0 8.6037e-10
20470.0 8.5859e-10
20490.0 8.5686e-10
20510.0 8.5511e-10
20530.0 8.5329e-10
20550.0 8.5155e-10
20570.0 8.4989e-10
20590.0 8.482e-10
20610.0 8.4654e-10
20630.0 8.4498e-10
20650.0 8.4344e-10
20670.0 8.4184e-10
20690.0 8.4032e-10
20710.0 8.3882e-10
20730.0 8.3724e-10
20750.0 8.356e-10
20770.0 8.3397e-10
20790.0 8.3221e-10
20810.0 8.3028e-10
20830.0 8.2828e-10
20850.0 8.2617e-10
20870.0 8.2381e-10
20890.0 8.2129e-10
20910.0 8.1875e-10
20930.0 8.1602e-10
20950.0 8.1309e-10
20970.0 8.1015e-10
20990.0 8.0716e-10
21010.0 8.0395e-10
21030.0 8.0074e-10
21050.0 7.9761e-10
21070.0 7.9441e-10
21090.0 7.9111e-10
21110.0 7.8799e-10
21130.0 7.8493e-10
21150.0 7.8179e-10
21170.0 7.7871e-10
21190.0 7.7578e-10
21210.0 7.7275e-10
21230.0 7.6966e-10
21250.0 7.667e-10
21270.0 7.6372e-10
21290.0 7.6061e-10
21310.0 7.5747e-10
21330.0 7.5442e-10
21350.0 7.5119e-10
21370.0 7.4784e-10
21390.0 7.4451e-10
21410.0 7.4111e-10
21430.0 7.3742e-10
21450.0 7.3375e-10
21470.0 7.3012e-10
21490.0 7.263e-10
21510.0 7.2235e-10
21530.0 7.185e-10
21550.0 7.1458e-10
21570.0 7.1044e-10
21590.0 7.0636e-10
21610.0 7.0236e-10
21630.0 6.9821e-10
21650.0 6.9393e-10
21670.0 6.8993e-10
21690.0 6.8588e-10
21710.0 6.8171e-10
21730.0 6.7764e-10
21750.0 6.7371e-10
21770.0 6.6955e-10
21790.0 6.6543e-10
21810.0 6.6147e-10
21830.0 6.5747e-10
21850.0 6.5333e-10
21870.0 6.4931e-10
21890.0 6.4542e-10
21910.0 6.4138e-10
21930.0 6.3735e-10
21950.0 6.3349e-10
21970.0 6.296e-10
21990.0 6.2557e-10
22010.0 6.218e-10
22030.0 6.1816e-10
22050.0 6.1448e-10
22070.0 6.1092e-10
22090.0 6.0763e-10
22110.0 6.0438e-10
22130.0 6.0119e-10
22150.0 5.9824e-10
22170.0 5.9547e-10
22190.0 5.9272e-10
22210.0 5.9013e-10
22230.0 5.8779e-10
22250.0 5.8551e-10
22270.0 5.8329e-10
22290.0 5.8123e-10
22310.0 5.7928e-10
22330.0 5.7728e-10
22350.0 5.7537e-10
22370.0 5.7355e-10
22390.0 5.7171e-10
22410.0 5.6982e-10
22430.0 5.6802e-10
22450.0 5.6621e-10
22470.0 5.6432e-10
22490.0 5.6244e-10
22510.0 5.606e-10
22530.0 5.5866e-10
22550.0 5.5667e-10
22570.0 5.5476e-10
22590.0 5.5284e-10
22610.0 5.5087e-10
22630.0 5.4894e-10
22650.0 5.4711e-10
22670.0 5.4525e-10
22690.0 5.4342e-10
22710.0 5.4171e-10
22730.0 5.4007e-10
22750.0 5.3842e-10
22770.0 5.3692e-10
22790.0 5.3554e-10
22810.0 5.3422e-10
22830.0 5.3298e-10
22850.0 5.3189e-10
22870.0 5.3088e-10
22890.0 5.2992e-10
22910.0 5.2907e-10
22930.0 5.2831e-10
22950.0 5.2761e-10
22970.0 5.2695e-10
22990.0 5.2639e-10
23010.0 5.2587e-10
23030.0 5.2539e-10
23050.0 5.2497e-10
23070.0 5.246e-10
23090.0 5.2427e-10
23110.0 5.2401e-10
23130.0 5.2383e-10
23150.0 5.2372e-10
23170.0 5.2371e-10
23190.0 5.238e-10
23210.0 5.24e-10
23230.0 5.2432e-10
23250.0 5.2477e-10
23270.0 5.2532e-10
23290.0 5.26e-10
23310.0 5.2683e-10
23330.0 5.2771e-10
23350.0 5.2866e-10
23370.0 5.297e-10
23390.0 5.3077e-10
23410.0 5.3181e-10
23430.0 5.3288e-10
23450.0 5.3394e-10
23470.0 5.3492e-10
23490.0 5.3583e-10
23510.0 5.3672e-10
23530.0 5.3752e-10
23550.0 5.3821e-10
23570.0 5.3885e-10
23590.0 5.3943e-10
23610.0 5.3995e-10
23630.0 5.4043e-10
23650.0 5.409e-10
23670.0 5.4136e-10
23690.0 5.418e-10
23710.0 5.4227e-10
23730.0 5.4279e-10
23750.0 5.4332e-10
23770.0 5.4389e-10
23790.0 5.4453e-10
23810.0 5.4522e-10
23830.0 5.4594e-10
23850.0 5.4676e-10
23870.0 5.4765e-10
23890.0 5.4856e-10
23910.0 5.4952e-10
23930.0 5.5056e-10
23950.0 5.5161e-10
23970.0 5.5264e-10
23990.0 5.5371e-10
24010.0 5.5475e-10
24030.0 5.5573e-10
24050.0 5.5665e-10
24070.0 5.5756e-10
24090.0 5.5835e-10
24110.0 5.5906e-10
24130.0 5.5973e-10
24150.0 5.6037e-10
24170.0 5.6097e-10
24190.0 5.6159e-10
24210.0 5.6229e-10
24230.0 5.6306e-10
24250.0 5.6394e-10
24270.0 5.6503e-10
24290.0 5.6635e-10
24310.0 5.6783e-10
24330.0 5.696e-10
24350.0 5.7174e-10
24370.0 5.7415e-10
24390.0 5.7682e-10
24410.0 5.8005e-10
24430.0 5.8362e-10
24450.0 5.8743e-10
24470.0 5.9165e-10
24490.0 5.9635e-10
24510.0 6.012e-10
24530.0 6.0618e-10
24550.0 6.1157e-10
24570.0 6.1705e-10
24590.0 6.2239e-10
24610.0 6.2781e-10
24630.0 6.3333e-10
24650.0 6.3837e-10
24670.0 6.4312e-10
24690.0 6.4772e-10
24710.0 6.5193e-10
24730.0 6.556e-10
24750.0 6.5902e-10
24770.0 6.6206e-10
24790.0 6.6451e-10
24810.0 6.6628e-10
24830.0 6.6692e-10
24850.0 6.6527e-10
24870.0 6.5994e-10
24890.0 6.4805e-10
24910.0 6.2576e-10
24930.0 5.9125e-10
24950.0 5.4215e-10
24970.0 4.7434e-10
24990.0 3.9555e-10
