#lamb flux
1010.0 0.00023216
1030.0 0.00031027
1050.0 0.00041371
1070.0 0.00054778
1090.0 0.00072128
1110.0 0.00093034
1130.0 0.0011755
1150.0 0.0014661
1170.0 0.0018012
1190.0 0.0021629
1210.0 0.0025574
1230.0 0.0029839
1250.0 0.0034216
1270.0 0.0038553
1290.0 0.0042937
1310.0 0.0047091
1330.0 0.005075
1350.0 0.0053926
1370.0 0.0056566
1390.0 0.0058412
1410.0 0.0059405
1430.0 0.0059725
1450.0 0.0059258
1470.0 0.0057975
1490.0 0.0056066
1510.0 0.0053692
1530.0 0.0050739
1550.0 0.0047441
1570.0 0.0044036
1590.0 0.0040504
1610.0 0.0036887
1630.0 0.0033363
1650.0 0.0029974
1670.0 0.0026714
1690.0 0.002365
1710.0 0.0020834
1730.0 0.0018253
1750.0 0.0015889
1770.0 0.0013783
1790.0 0.0011921
1810.0 0.001028
1830.0 0.00088585
1850.0 0.00075639
1870.0 0.0006386
1890.0 0.000542
1910.0 0.00046617
1930.0 0.00040993
1950.0 0.00039178
1970.0 0.00039154
1990.0 0.00039618
2010.0 0.00040509
2030.0 0.00041797
2050.0 0.00043511
2070.0 0.0004874
2090.0 0.00055745
2110.0 0.00064025
2130.0 0.00073554
2150.0 0.00084207
2170.0 0.00095855
2190.0 0.0010853
2210.0 0.0012143
2230.0 0.0013417
2250.0 0.0014752
2270.0 0.001615
2290.0 0.0017585
2310.0 0.0019044
2330.0 0.0020535
2350.0 0.0022045
2370.0 0.0023546
2390.0 0.0025043
2410.0 0.0026538
2430.0 0.0027991
2450.0 0.0029395
2470.0 0.003076
2490.0 0.0032082
2510.0 0.0033345
2530.0 0.0034618
2550.0 0.0036002
2570.0 0.00376
2590.0 0.0039564
2610.0 0.0042299
2630.0 0.0046046
2650.0 0.0050869
2670.0 0.0057156
2690.0 0.0065237
2710.0 0.0074559
2730.0 0.008472
2750.0 0.0096037
2770.0 0.010732
2790.0 0.011746
2810.0 0.012646
2830.0 0.013424
2850.0 0.013956
2870.0 0.014315
2890.0 0.014558
2910.0 0.014687
2930.0 0.014707
2950.0 0.014688
2970.0 0.014635
2990.0 0.014527
3010.0 0.014389
3030.0 0.01425
3050.0 0.014098
3070.0 0.013911
3090.0 0.013735
3110.0 0.013572
3130.0 0.01342
3150.0 0.012792
3170.0 0.012352
3190.0 0.011948
3210.0 0.011685
3230.0 0.011825
3250.0 0.013267
3270.0 0.016316
3290.0 0.01839
3310.0 0.017092
3330.0 0.017179
3350.0 0.017553
3370.0 0.018003
3390.0 0.018422
3410.0 0.018611
3430.0 0.018618
3450.0 0.018575
3470.0 0.018624
3490.0 0.018336
3510.0 0.016612
3530.0 0.012861
3550.0 0.01131
3570.0 0.016747
3590.0 0.023786
3610.0 0.028083
3630.0 0.037021
3650.0 0.038009
3670.0 0.031801
3690.0 0.024794
3710.0 0.021163
3730.0 0.021881
3750.0 0.022762
3770.0 0.023615
3790.0 0.024485
3810.0 0.027257
3830.0 0.025116
3850.0 0.021138
3870.0 0.019029
3890.0 0.021684
3910.0 0.023563
3930.0 0.023757
3950.0 0.025625
3970.0 0.027747
3990.0 0.027458
4010.0 0.028625
4030.0 0.027484
4050.0 0.026319
4070.0 0.025418
4090.0 0.025666
4110.0 0.026359
4130.0 0.025741
4150.0 0.024402
4170.0 0.02372
4190.0 0.023677
4210.0 0.021486
4230.0 0.019468
4250.0 0.016971
4270.0 0.014492
4290.0 0.014107
4310.0 0.013709
4330.0 0.013837
4350.0 0.01625
4370.0 0.016609
4390.0 0.018757
4410.0 0.020214
4430.0 0.021107
4450.0 0.018801
4470.0 0.01612
4490.0 0.015328
4510.0 0.014438
4530.0 0.013892
4550.0 0.013277
4570.0 0.013139
4590.0 0.013386
4610.0 0.012598
4630.0 0.012102
4650.0 0.01134
4670.0 0.011064
4690.0 0.0097616
4710.0 0.0087819
4730.0 0.0076255
4750.0 0.0069773
4770.0 0.0051393
4790.0 0.0051979
4810.0 0.0049214
4830.0 0.0024368
4850.0 0.0037046
4870.0 0.0021174
4890.0 0.0025662
4910.0 0.0043451
4930.0 0.0044955
4950.0 0.0020499
4970.0 0.002198
4990.0 0.0022918
5010.0 0.0014981
5030.0 0.00137
5050.0 0.002228
5070.0 0.0021224
5090.0 0.0022549
5110.0 0.0024935
5130.0 0.0023068
5150.0 0.0027618
5170.0 0.001725
5190.0 0.0015968
5210.0 0.0020937
5230.0 0.0016558
5250.0 0.0024508
5270.0 0.0041853
5290.0 0.0040609
5310.0 0.0029766
5330.0 0.003114
5350.0 0.0020697
5370.0 0.0022609
5390.0 0.0027791
5410.0 0.0025173
5430.0 0.0034386
5450.0 0.0023943
5470.0 0.0024003
5490.0 0.0047497
5510.0 0.0048133
5530.0 0.0049404
5550.0 0.0047419
5570.0 0.0053547
5590.0 0.0060797
5610.0 0.0061486
5630.0 0.0059212
5650.0 0.0060223
5670.0 0.005976
5690.0 0.0061965
5710.0 0.0056961
5730.0 0.0061179
5750.0 0.0060594
5770.0 0.0057256
5790.0 0.0062466
5810.0 0.0063764
5830.0 0.0063411
5850.0 0.0058249
5870.0 0.0054975
5890.0 0.0055802
5910.0 0.0063519
5930.0 0.0062328
5950.0 0.006551
5970.0 0.0066656
5990.0 0.0070543
6010.0 0.0068566
6030.0 0.0069697
6050.0 0.0069379
6070.0 0.0065081
6090.0 0.0069008
6110.0 0.0070516
6130.0 0.0067272
6150.0 0.0067129
6170.0 0.0067749
6190.0 0.0057748
6210.0 0.0058352
6230.0 0.0061474
6250.0 0.0061141
6270.0 0.006092
6290.0 0.0064998
6310.0 0.0070109
6330.0 0.0070674
6350.0 0.0068814
6370.0 0.0070251
6390.0 0.0064961
6410.0 0.0066157
6430.0 0.0063038
6450.0 0.0063927
6470.0 0.0064907
6490.0 0.0065597
6510.0 0.0060644
6530.0 0.0060929
6550.0 0.0060005
6570.0 0.005692
6590.0 0.0059815
6610.0 0.0059997
6630.0 0.0059131
6650.0 0.005553
6670.0 0.0053604
6690.0 0.0052023
6710.0 0.0049761
6730.0 0.0048292
6750.0 0.0048484
6770.0 0.0047312
6790.0 0.0037488
6810.0 0.004076
6830.0 0.0044101
6850.0 0.003968
6870.0 0.0038846
6890.0 0.0038067
6910.0 0.0037521
6930.0 0.0036081
6950.0 0.003748
6970.0 0.0035929
6990.0 0.0035159
7010.0 0.0034793
7030.0 0.0036197
7050.0 0.0035337
7070.0 0.0029693
7090.0 0.0024972
7110.0 0.0023289
7130.0 0.0024941
7150.0 0.0025455
7170.0 0.0024925
7190.0 0.0021555
7210.0 0.0025964
7230.0 0.0029529
7250.0 0.0028857
7270.0 0.0029082
7290.0 0.0030675
7310.0 0.0027283
7330.0 0.002577
7350.0 0.002405
7370.0 0.0026292
7390.0 0.0029516
7410.0 0.0023476
7430.0 0.0024117
7450.0 0.0023445
7470.0 0.0026705
7490.0 0.0027035
7510.0 0.0023624
7530.0 0.0025492
7550.0 0.0015605
7570.0 0.001299
7590.0 0.00182
7610.0 0.0022609
7630.0 0.001997
7650.0 0.0022735
7670.0 0.0015843
7690.0 0.00096846
7710.0 0.0012843
7730.0 0.0018454
7750.0 0.0013055
7770.0 0.0019865
7790.0 0.0022046
7810.0 0.0018416
7830.0 0.0022163
7850.0 0.0016596
7870.0 0.0021209
7890.0 0.0018024
7910.0 0.0017864
7930.0 0.001362
7950.0 0.00091124
7970.0 0.001261
7990.0 0.0016028
8010.0 0.0045697
8030.0 0.0044338
8050.0 0.0043616
8070.0 0.0042374
8090.0 0.003895
8110.0 0.0037988
8130.0 0.0042074
8150.0 0.0044826
8170.0 0.0046377
8190.0 0.0048687
8210.0 0.0046518
8230.0 0.0046604
8250.0 0.0046223
8270.0 0.0046583
8290.0 0.0046148
8310.0 0.0043757
8330.0 0.0042166
8350.0 0.0043624
8370.0 0.004441
8390.0 0.0043184
8410.0 0.0042699
8430.0 0.004113
8450.0 0.0039881
8470.0 0.0043079
8490.0 0.0043283
8510.0 0.0040388
8530.0 0.0040481
8550.0 0.0039992
8570.0 0.0036904
8590.0 0.0037486
8610.0 0.0037561
8630.0 0.0039269
8650.0 0.0039466
8670.0 0.0039819
8690.0 0.0038936
8710.0 0.0038134
8730.0 0.003654
8750.0 0.0035688
8770.0 0.0035429
8790.0 0.0037342
8810.0 0.0034873
8830.0 0.0034248
8850.0 0.003631
8870.0 0.0034364
8890.0 0.0031572
8910.0 0.0031181
8930.0 0.0031871
8950.0 0.0029219
8970.0 0.0027966
8990.0 0.0027305
9010.0 0.0025605
9030.0 0.0025206
9050.0 0.002509
9070.0 0.0024988
9090.0 0.0024885
9110.0 0.0024781
9130.0 0.0024676
9150.0 0.002457
9170.0 0.0024463
9190.0 0.0024355
9210.0 0.0024246
9230.0 0.0024137
9250.0 0.0024026
9270.0 0.0023915
9290.0 0.0023804
9310.0 0.0023708
9330.0 0.0023635
9350.0 0.0023563
9370.0 0.0023489
9390.0 0.0023414
9410.0 0.0023339
9430.0 0.0023262
9450.0 0.0023185
9470.0 0.0023118
9490.0 0.0023045
9510.0 0.0022959
9530.0 0.0022872
9550.0 0.0022789
9570.0 0.0022706
9590.0 0.0022623
9610.0 0.0022564
9630.0 0.0022509
9650.0 0.0022452
9670.0 0.0022392
9690.0 0.0022333
9710.0 0.0022274
9730.0 0.0022212
9750.0 0.0022149
9770.0 0.0022089
9790.0 0.0022026
9810.0 0.0021961
9830.0 0.0021897
9850.0 0.0021819
9870.0 0.002173
9890.0 0.0021678
9910.0 0.002162
9930.0 0.0021548
9950.0 0.0021482
9970.0 0.0021419
9990.0 0.0021354
10010.0 0.0021286
10030.0 0.0021218
10050.0 0.0021148
10070.0 0.0021078
10090.0 0.0021007
10110.0 0.0020937
10130.0 0.0020865
10150.0 0.0020794
10170.0 0.0020723
10190.0 0.0020651
10210.0 0.0020579
10230.0 0.0020508
10250.0 0.0020436
10270.0 0.0020364
10290.0 0.0020292
10310.0 0.002022
10330.0 0.0020148
10350.0 0.0020076
10370.0 0.0020005
10390.0 0.0019932
10410.0 0.0019845
10430.0 0.0019754
10450.0 0.0019699
10470.0 0.0019636
10490.0 0.001957
10510.0 0.0019504
10530.0 0.0019434
10550.0 0.0019364
10570.0 0.0019296
10590.0 0.0019226
10610.0 0.0019156
10630.0 0.0019088
10650.0 0.001902
10670.0 0.001895
10690.0 0.0018882
10710.0 0.0018815
10730.0 0.0018747
10750.0 0.0018679
10770.0 0.0018613
10790.0 0.0018547
10810.0 0.0018481
10830.0 0.0018415
10850.0 0.0018352
10870.0 0.0018285
10890.0 0.0018219
10910.0 0.0018153
10930.0 0.0018085
10950.0 0.0018012
10970.0 0.0017936
10990.0 0.0017857
11010.0 0.0017123
11030.0 0.0017027
11050.0 0.0016914
11070.0 0.0016785
11090.0 0.0016638
11110.0 0.0016485
11130.0 0.0016328
11150.0 0.0016162
11170.0 0.0015992
11190.0 0.0015824
11210.0 0.0015653
11230.0 0.0015477
11250.0 0.0015305
11270.0 0.0015135
11290.0 0.0014962
11310.0 0.0014792
11330.0 0.0014632
11350.0 0.0014473
11370.0 0.0014317
11390.0 0.0014169
11410.0 0.0014027
11430.0 0.0013885
11450.0 0.001375
11470.0 0.001362
11490.0 0.0013492
11510.0 0.0013365
11530.0 0.0013242
11550.0 0.001312
11570.0 0.0012996
11590.0 0.0012873
11610.0 0.0012751
11630.0 0.0012627
11650.0 0.0012499
11670.0 0.0012373
11690.0 0.0012245
11710.0 0.0012114
11730.0 0.0011982
11750.0 0.0011852
11770.0 0.0011718
11790.0 0.0011582
11810.0 0.0011449
11830.0 0.0011316
11850.0 0.0011179
11870.0 0.0011047
11890.0 0.0010919
11910.0 0.0010791
11930.0 0.0010665
11950.0 0.0010547
11970.0 0.0010432
11990.0 0.001032
12010.0 0.0010215
12030.0 0.0010116
12050.0 0.0010022
12070.0 0.00099335
12090.0 0.00098533
12110.0 0.00097783
12130.0 0.00097084
12150.0 0.00096445
12170.0 0.00095857
12190.0 0.00095306
12210.0 0.00094795
12230.0 0.00094312
12250.0 0.00093848
12270.0 0.00093395
12290.0 0.00092943
12310.0 0.00092485
12330.0 0.00092011
12350.0 0.00091515
12370.0 0.00090994
12390.0 0.0009044
12410.0 0.00089838
12430.0 0.00089206
12450.0 0.00088538
12470.0 0.00087817
12490.0 0.00087053
12510.0 0.00086268
12530.0 0.00085432
12550.0 0.00084544
12570.0 0.00083639
12590.0 0.00082711
12610.0 0.00081729
12630.0 0.00080721
12650.0 0.00079733
12670.0 0.00078711
12690.0 0.00077665
12710.0 0.00076639
12730.0 0.00075624
12750.0 0.0007457
12770.0 0.00073546
12790.0 0.0007256
12810.0 0.00071575
12830.0 0.00070595
12850.0 0.00069678
12870.0 0.00068794
12890.0 0.00067921
12910.0 0.00067097
12930.0 0.00066337
12950.0 0.00065601
12970.0 0.0006491
12990.0 0.000643
13010.0 0.00063746
13030.0 0.00063241
13050.0 0.00062806
13070.0 0.0006244
13090.0 0.00062123
13110.0 0.00061862
13130.0 0.00061656
13150.0 0.00061493
13170.0 0.00061366
13190.0 0.00061271
13210.0 0.00061198
13230.0 0.00061141
13250.0 0.00061093
13270.0 0.00061048
13290.0 0.00061002
13310.0 0.00060948
13330.0 0.00060884
13350.0 0.00060805
13370.0 0.00060707
13390.0 0.00060583
13410.0 0.0006044
13430.0 0.00060268
13450.0 0.00060061
13470.0 0.00059828
13490.0 0.00059573
13510.0 0.00059272
13530.0 0.00058945
13550.0 0.00058607
13570.0 0.00058244
13590.0 0.00057851
13610.0 0.00057455
13630.0 0.00057058
13650.0 0.00056631
13670.0 0.00056197
13690.0 0.00055771
13710.0 0.00055329
13730.0 0.00054852
13750.0 0.00054396
13770.0 0.00053936
13790.0 0.0005345
13810.0 0.00052959
13830.0 0.00052486
13850.0 0.0005199
13870.0 0.00051481
13890.0 0.00050991
13910.0 0.0005051
13930.0 0.00050011
13950.0 0.00049525
13970.0 0.0004908
13990.0 0.00048633
14010.0 0.00048195
14030.0 0.00047794
14050.0 0.00047417
14070.0 0.00047037
14090.0 0.00046694
14110.0 0.00046386
14130.0 0.00046091
14150.0 0.00045809
14170.0 0.00045566
14190.0 0.00045342
14210.0 0.00045121
14230.0 0.00044922
14250.0 0.00044744
14270.0 0.00044566
14290.0 0.00044394
14310.0 0.00044247
14330.0 0.00044106
14350.0 0.00043967
14370.0 0.00043842
14390.0 0.00043736
14410.0 0.00043628
14430.0 0.00043529
14450.0 0.00043448
14470.0 0.00043375
14490.0 0.00043299
14510.0 0.00043239
14530.0 0.00043189
14550.0 0.00043138
14570.0 0.00043087
14590.0 0.00043046
14610.0 0.00043002
14630.0 0.0004295
14650.0 0.00042903
14670.0 0.00042857
14690.0 0.00042801
14710.0 0.00042739
14730.0 0.00042686
14750.0 0.00042623
14770.0 0.0004255
14790.0 0.00042477
14810.0 0.00042402
14830.0 0.00042306
14850.0 0.00042206
14870.0 0.00042108
14890.0 0.00042001
14910.0 0.00041884
14930.0 0.00041777
14950.0 0.00041682
14970.0 0.00041588
14990.0 0.00041513
15010.0 0.00041465
15030.0 0.00041432
15050.0 0.00041412
15070.0 0.00041416
15090.0 0.0004143
15110.0 0.00041448
15130.0 0.0004147
15150.0 0.00041498
15170.0 0.00041522
15190.0 0.00041543
15210.0 0.00041566
15230.0 0.00041588
15250.0 0.00041604
15270.0 0.00041619
15290.0 0.00041637
15310.0 0.0004165
15330.0 0.00041659
15350.0 0.0004167
15370.0 0.00041679
15390.0 0.00041679
15410.0 0.00041681
15430.0 0.00041684
15450.0 0.00041681
15470.0 0.00041674
15490.0 0.0004167
15510.0 0.00041662
15530.0 0.00041649
15550.0 0.00041635
15570.0 0.00041622
15590.0 0.00041602
15610.0 0.00041577
15630.0 0.00041556
15650.0 0.00041531
15670.0 0.00041501
15690.0 0.0004147
15710.0 0.0004144
15730.0 0.00041402
15750.0 0.00041362
15770.0 0.00041322
15790.0 0.0004128
15810.0 0.00041229
15830.0 0.00041181
15850.0 0.00041132
15870.0 0.00041077
15890.0 0.00041019
15910.0 0.00040964
15930.0 0.00040903
15950.0 0.00040835
15970.0 0.00040769
15990.0 0.00040702
16010.0 0.00040629
16030.0 0.00040552
16050.0 0.0004048
16070.0 0.00040401
16090.0 0.00040318
16110.0 0.00040236
16130.0 0.00040153
16150.0 0.00040061
16170.0 0.00039969
16190.0 0.00039878
16210.0 0.00039783
16230.0 0.00039683
16250.0 0.00039585
16270.0 0.00039486
16290.0 0.0003938
16310.0 0.00039273
16330.0 0.00039167
16350.0 0.00039057
16370.0 0.0003894
16390.0 0.00038828
16410.0 0.00038714
16430.0 0.00038594
16450.0 0.00038473
16470.0 0.00038355
16490.0 0.0003823
16510.0 0.00038102
16530.0 0.00037977
16550.0 0.00037849
16570.0 0.00037716
16590.0 0.00037582
16610.0 0.00037452
16630.0 0.00037316
16650.0 0.00037177
16670.0 0.00037041
16690.0 0.00036904
16710.0 0.00036758
16730.0 0.00036615
16750.0 0.00036474
16770.0 0.00036328
16790.0 0.00036178
16810.0 0.00036033
16830.0 0.00035886
16850.0 0.00035734
16870.0 0.00035583
16890.0 0.00035434
16910.0 0.00035279
16930.0 0.00035121
16950.0 0.00034968
16970.0 0.00034813
16990.0 0.00034654
17010.0 0.00034497
17030.0 0.00034341
17050.0 0.0003418
17070.0 0.00034018
17090.0 0.0003386
17110.0 0.00033699
17130.0 0.00033533
17150.0 0.00033371
17170.0 0.0003321
17190.0 0.00033045
17210.0 0.0003288
17230.0 0.00032718
17250.0 0.00032553
17270.0 0.00032384
17290.0 0.00032219
17310.0 0.00032054
17330.0 0.00031886
17350.0 0.00031716
17370.0 0.00031553
17390.0 0.00031386
17410.0 0.00031216
17430.0 0.00031049
17450.0 0.00030884
17470.0 0.00030712
17490.0 0.00030543
17510.0 0.00030377
17530.0 0.00030209
17550.0 0.00030038
17570.0 0.00029872
17590.0 0.00029706
17610.0 0.00029536
17630.0 0.00029367
17650.0 0.00029201
17670.0 0.00029033
17690.0 0.00028861
17710.0 0.00028696
17730.0 0.00028531
17750.0 0.00028362
17770.0 0.00028195
17790.0 0.00028032
17810.0 0.00027864
17830.0 0.00027696
17850.0 0.00027532
17870.0 0.00027368
17890.0 0.000272
17910.0 0.00027034
17930.0 0.00026873
17950.0 0.00026709
17970.0 0.00026544
17990.0 0.00026383
18010.0 0.00026222
18030.0 0.00026056
18050.0 0.00025895
18070.0 0.00025736
18090.0 0.00025574
18110.0 0.00025412
18130.0 0.00025255
18150.0 0.00025097
18170.0 0.00024937
18190.0 0.00024779
18210.0 0.00024625
18230.0 0.00024466
18250.0 0.00024307
18270.0 0.00024154
18290.0 0.00024
18310.0 0.00023844
18330.0 0.00023691
18350.0 0.00023541
18370.0 0.00023386
18390.0 0.00023233
18410.0 0.00023084
18430.0 0.00022934
18450.0 0.00022781
18470.0 0.00022633
18490.0 0.00022487
18510.0 0.00022338
18530.0 0.00022191
18550.0 0.00022047
18570.0 0.00021902
18590.0 0.00021754
18610.0 0.00021611
18630.0 0.00021469
18650.0 0.00021325
18670.0 0.00021181
18690.0 0.00021043
18710.0 0.00020903
18730.0 0.00020762
18750.0 0.00020624
18770.0 0.00020488
18790.0 0.00020347
18810.0 0.0002021
18830.0 0.00020076
18850.0 0.00019941
18870.0 0.00019804
18890.0 0.00019672
18910.0 0.00019541
18930.0 0.00019407
18950.0 0.00019275
18970.0 0.00019146
18990.0 0.00019016
19010.0 0.00018883
19030.0 0.00018757
19050.0 0.0001863
19070.0 0.00018502
19090.0 0.00018375
19110.0 0.00018253
19130.0 0.00018126
19150.0 0.00018
19170.0 0.00017878
19190.0 0.00017757
19210.0 0.00017632
19230.0 0.0001751
19250.0 0.00017393
19270.0 0.00017272
19290.0 0.00017152
19310.0 0.00017035
19330.0 0.00016919
19350.0 0.00016798
19370.0 0.00016682
19390.0 0.00016568
19410.0 0.00016452
19430.0 0.00016336
19450.0 0.00016224
19470.0 0.00016112
19490.0 0.00015997
19510.0 0.00015886
19530.0 0.00015777
19550.0 0.00015664
19570.0 0.00015552
19590.0 0.00015444
19610.0 0.00015336
19630.0 0.00015226
19650.0 0.00015119
19670.0 0.00015014
19690.0 0.00014905
19710.0 0.00014798
19730.0 0.00014694
19750.0 0.00014589
19770.0 0.00014482
19790.0 0.00014379
19810.0 0.00014277
19830.0 0.00014173
19850.0 0.0001407
19870.0 0.00013971
19890.0 0.0001387
19910.0 0.00013769
19930.0 0.00013674
19950.0 0.00013583
19970.0 0.00013495
19990.0 0.00013413
20010.0 0.00013343
20030.0 0.00013278
20050.0 0.00013221
20070.0 0.00013172
20090.0 0.00013131
20110.0 0.00013093
20130.0 0.00013062
20150.0 0.00013034
20170.0 0.00013009
20190.0 0.00012986
20210.0 0.00012966
20230.0 0.00012947
20250.0 0.00012928
20270.0 0.00012911
20290.0 0.00012893
20310.0 0.00012875
20330.0 0.00012857
20350.0 0.00012838
20370.0 0.00012818
20390.0 0.00012797
20410.0 0.00012775
20430.0 0.00012751
20450.0 0.00012726
20470.0 0.000127
20490.0 0.00012674
20510.0 0.00012647
20530.0 0.00012619
20550.0 0.00012591
20570.0 0.00012564
20590.0 0.00012537
20610.0 0.0001251
20630.0 0.00012484
20650.0 0.00012458
20670.0 0.00012432
20690.0 0.00012407
20710.0 0.00012381
20730.0 0.00012355
20750.0 0.00012327
20770.0 0.00012299
20790.0 0.00012269
20810.0 0.00012237
20830.0 0.00012203
20850.0 0.00012166
20870.0 0.00012126
20890.0 0.00012082
20910.0 0.00012037
20930.0 0.00011988
20950.0 0.00011935
20970.0 0.00011881
20990.0 0.00011825
21010.0 0.00011764
21030.0 0.00011703
21050.0 0.00011641
21070.0 0.00011577
21090.0 0.0001151
21110.0 0.00011444
21130.0 0.00011379
21150.0 0.00011311
21170.0 0.00011242
21190.0 0.00011175
21210.0 0.00011105
21230.0 0.00011033
21250.0 0.00010962
21270.0 0.00010889
21290.0 0.00010814
21310.0 0.00010736
21330.0 0.00010659
21350.0 0.00010577
21370.0 0.00010492
21390.0 0.00010399
21410.0 0.00010304
21430.0 0.00010203
21450.0 0.000101
21470.0 9.9961e-05
21490.0 9.8877e-05
21510.0 9.7756e-05
21530.0 9.6635e-05
21550.0 9.5485e-05
21570.0 9.4285e-05
21590.0 9.3077e-05
21610.0 9.1863e-05
21630.0 9.0608e-05
21650.0 8.9312e-05
21670.0 8.8042e-05
21690.0 8.6743e-05
21710.0 8.5404e-05
21730.0 8.4061e-05
21750.0 8.272e-05
21770.0 8.132e-05
21790.0 7.9906e-05
21810.0 7.8497e-05
21830.0 7.7063e-05
21850.0 7.5585e-05
21870.0 7.4108e-05
21890.0 7.2634e-05
21910.0 7.1115e-05
21930.0 6.958e-05
21950.0 6.8056e-05
21970.0 6.6508e-05
21990.0 6.4917e-05
22010.0 6.3352e-05
22030.0 6.1789e-05
22050.0 6.0202e-05
22070.0 5.8983e-05
22090.0 5.8451e-05
22110.0 5.7918e-05
22130.0 5.7385e-05
22150.0 5.6866e-05
22170.0 5.6356e-05
22190.0 5.5844e-05
22210.0 5.5341e-05
22230.0 5.4854e-05
22250.0 5.4368e-05
22270.0 5.3884e-05
22290.0 5.341e-05
22310.0 5.2941e-05
22330.0 5.2467e-05
22350.0 5.1998e-05
22370.0 5.1532e-05
22390.0 5.1063e-05
22410.0 5.0589e-05
22430.0 5.0117e-05
22450.0 4.9642e-05
22470.0 4.9159e-05
22490.0 4.8673e-05
22510.0 4.8184e-05
22530.0 4.7686e-05
22550.0 4.7181e-05
22570.0 4.6673e-05
22590.0 4.6159e-05
22610.0 4.5637e-05
22630.0 4.511e-05
22650.0 4.458e-05
22670.0 4.4042e-05
22690.0 4.3499e-05
22710.0 4.2951e-05
22730.0 4.2399e-05
22750.0 4.1839e-05
22770.0 4.1277e-05
22790.0 4.071e-05
22810.0 4.0136e-05
22830.0 3.9558e-05
22850.0 3.8974e-05
22870.0 3.8383e-05
22890.0 3.7785e-05
22910.0 3.718e-05
22930.0 3.6566e-05
22950.0 3.5942e-05
22970.0 3.5307e-05
22990.0 3.4661e-05
23010.0 3.4002e-05
23030.0 3.3328e-05
23050.0 3.2641e-05
23070.0 3.1937e-05
23090.0 3.1217e-05
23110.0 3.1198e-05
23130.0 3.1229e-05
23150.0 3.1259e-05
23170.0 3.1288e-05
23190.0 3.1315e-05
23210.0 3.134e-05
23230.0 3.1364e-05
23250.0 3.1385e-05
23270.0 3.1404e-05
23290.0 3.1422e-05
23310.0 3.1436e-05
23330.0 3.145e-05
23350.0 3.1464e-05
23370.0 3.1476e-05
23390.0 3.1487e-05
23410.0 3.1501e-05
23430.0 3.1514e-05
23450.0 3.1528e-05
23470.0 3.1545e-05
23490.0 3.1563e-05
23510.0 3.1584e-05
23530.0 3.1607e-05
23550.0 3.1634e-05
23570.0 3.1662e-05
23590.0 3.1693e-05
23610.0 3.1727e-05
23630.0 3.1763e-05
23650.0 3.18e-05
23670.0 3.1839e-05
23690.0 3.188e-05
23710.0 3.1921e-05
23730.0 3.1964e-05
23750.0 3.2007e-05
23770.0 3.2051e-05
23790.0 3.2096e-05
23810.0 3.2141e-05
23830.0 3.2188e-05
23850.0 3.2235e-05
23870.0 3.2283e-05
23890.0 3.2333e-05
23910.0 3.2385e-05
23930.0 3.2437e-05
23950.0 3.249e-05
23970.0 3.2546e-05
23990.0 3.2604e-05
24010.0 3.2666e-05
24030.0 3.273e-05
24050.0 3.2798e-05
24070.0 3.2869e-05
24090.0 3.2943e-05
24110.0 3.3019e-05
24130.0 3.3096e-05
24150.0 3.3175e-05
24170.0 3.3254e-05
24190.0 3.3333e-05
24210.0 3.3411e-05
24230.0 3.3487e-05
24250.0 3.3562e-05
24270.0 3.3633e-05
24290.0 3.3701e-05
24310.0 3.3766e-05
24330.0 3.3826e-05
24350.0 3.3881e-05
24370.0 3.3931e-05
24390.0 3.3977e-05
24410.0 3.4015e-05
24430.0 3.4048e-05
24450.0 3.4077e-05
24470.0 3.41e-05
24490.0 3.4116e-05
24510.0 3.4131e-05
24530.0 3.4146e-05
24550.0 3.4155e-05
24570.0 3.4166e-05
24590.0 3.4181e-05
24610.0 3.4198e-05
24630.0 3.4216e-05
24650.0 3.4246e-05
24670.0 3.4285e-05
24690.0 3.433e-05
24710.0 3.4385e-05
24730.0 3.4452e-05
24750.0 3.4528e-05
24770.0 3.4613e-05
24790.0 3.471e-05
24810.0 3.4827e-05
24830.0 3.4964e-05
24850.0 3.5132e-05
24870.0 3.5345e-05
24890.0 3.5634e-05
24910.0 3.6037e-05
24930.0 3.6567e-05
24950.0 3.7242e-05
24970.0 3.8095e-05
24990.0 3.903e-05
