#lamb flux
1010.0 3.1783e-07
1030.0 3.5803e-07
1050.0 4.0428e-07
1070.0 4.5633e-07
1090.0 5.1546e-07
1110.0 5.761e-07
1130.0 6.3714e-07
1150.0 7.0107e-07
1170.0 7.6702e-07
1190.0 8.2956e-07
1210.0 8.9294e-07
1230.0 9.5844e-07
1250.0 1.0226e-06
1270.0 1.0849e-06
1290.0 1.1508e-06
1310.0 1.2166e-06
1330.0 1.2797e-06
1350.0 1.3435e-06
1370.0 1.4094e-06
1390.0 1.4736e-06
1410.0 1.5359e-06
1430.0 1.601e-06
1450.0 1.6662e-06
1470.0 1.7291e-06
1490.0 1.7927e-06
1510.0 1.8598e-06
1530.0 1.9235e-06
1550.0 1.9862e-06
1570.0 2.0511e-06
1590.0 2.116e-06
1610.0 2.178e-06
1630.0 2.2419e-06
1650.0 2.3073e-06
1670.0 2.3706e-06
1690.0 2.433e-06
1710.0 2.4977e-06
1730.0 2.5627e-06
1750.0 2.6236e-06
1770.0 2.6863e-06
1790.0 2.75e-06
1810.0 2.8114e-06
1830.0 2.8715e-06
1850.0 2.9351e-06
1870.0 2.9968e-06
1890.0 3.0559e-06
1910.0 3.1158e-06
1930.0 3.1768e-06
1950.0 3.2343e-06
1970.0 3.2905e-06
1990.0 3.3483e-06
2010.0 3.4044e-06
2030.0 3.4573e-06
2050.0 3.5112e-06
2070.0 3.5656e-06
2090.0 3.6153e-06
2110.0 3.6636e-06
2130.0 3.7123e-06
2150.0 3.7584e-06
2170.0 3.8004e-06
2190.0 3.8429e-06
2210.0 3.8839e-06
2230.0 3.9207e-06
2250.0 3.9552e-06
2270.0 3.9902e-06
2290.0 4.021e-06
2310.0 4.0473e-06
2330.0 4.0729e-06
2350.0 4.0967e-06
2370.0 4.1161e-06
2390.0 4.1344e-06
2410.0 4.1548e-06
2430.0 4.1742e-06
2450.0 4.1944e-06
2470.0 4.2211e-06
2490.0 4.2566e-06
2510.0 4.2977e-06
2530.0 4.3584e-06
2550.0 4.4582e-06
2570.0 4.615e-06
2590.0 4.8556e-06
2610.0 5.2553e-06
2630.0 5.8356e-06
2650.0 6.5682e-06
2670.0 7.4655e-06
2690.0 8.4937e-06
2710.0 9.4974e-06
2730.0 1.0396e-05
2750.0 1.1196e-05
2770.0 1.1802e-05
2790.0 1.2201e-05
2810.0 1.2452e-05
2830.0 1.2593e-05
2850.0 1.2626e-05
2870.0 1.2603e-05
2890.0 1.2555e-05
2910.0 1.2487e-05
2930.0 1.2405e-05
2950.0 1.2324e-05
2970.0 1.2246e-05
2990.0 1.2165e-05
3010.0 0.00028428
3030.0 0.00028239
3050.0 0.00028051
3070.0 0.00027844
3090.0 0.00027628
3110.0 0.00027374
3130.0 0.00027049
3150.0 0.00026637
3170.0 0.00026104
3190.0 0.00025462
3210.0 0.00024761
3230.0 0.00024049
3250.0 0.00023421
3270.0 0.00022988
3290.0 0.00022804
3310.0 0.0002291
3330.0 0.00023316
3350.0 0.00023962
3370.0 0.00024862
3390.0 0.00025986
3410.0 0.00027207
3430.0 0.00028582
3450.0 0.00030166
3470.0 0.0003189
3490.0 0.00033712
3510.0 0.00035756
3530.0 0.00037942
3550.0 0.00040167
3570.0 0.00042523
3590.0 0.0004516
3610.0 0.00047945
3630.0 0.00050853
3650.0 0.00053908
3670.0 0.00056766
3690.0 0.00058988
3710.0 0.00060317
3730.0 0.00060366
3750.0 0.00059108
3770.0 0.00055355
3790.0 0.00050565
3810.0 0.00045554
3830.0 0.00040355
3850.0 0.0003374
3870.0 0.00024129
3890.0 0.00034938
3910.0 0.00055439
3930.0 0.00067738
3950.0 0.00067137
3970.0 0.00070988
3990.0 0.00079351
4010.0 0.0010559
4030.0 0.0010451
4050.0 0.00092073
4070.0 0.00085247
4090.0 0.0008106
4110.0 0.00095949
4130.0 0.0010316
4150.0 0.001061
4170.0 0.0010317
4190.0 0.0010287
4210.0 0.0010325
4230.0 0.0011706
4250.0 0.0012917
4270.0 0.0013262
4290.0 0.0013213
4310.0 0.0013263
4330.0 0.001445
4350.0 0.0016996
4370.0 0.001948
4390.0 0.0017961
4410.0 0.0014038
4430.0 0.0011608
4450.0 0.0010024
4470.0 0.00095027
4490.0 0.0010814
4510.0 0.0013015
4530.0 0.0014633
4550.0 0.0016527
4570.0 0.0018846
4590.0 0.0022498
4610.0 0.003052
4630.0 0.0038016
4650.0 0.0038458
4670.0 0.0036399
4690.0 0.0038777
4710.0 0.0041192
4730.0 0.0034632
4750.0 0.0024164
4770.0 0.0019356
4790.0 0.0019124
4810.0 0.0018
4830.0 0.0017049
4850.0 0.0019362
4870.0 0.002522
4890.0 0.0029249
4910.0 0.0024344
4930.0 0.0021627
4950.0 0.0024235
4970.0 0.0032628
4990.0 0.004283
5010.0 0.004635
5030.0 0.0038068
5050.0 0.0024064
5070.0 0.0016556
5090.0 0.0014474
5110.0 0.0014965
5130.0 0.0016288
5150.0 0.0016918
5170.0 0.0016797
5190.0 0.0016292
5210.0 0.0015931
5230.0 0.0016739
5250.0 0.0018106
5270.0 0.0020158
5290.0 0.0023128
5310.0 0.0026209
5330.0 0.0026943
5350.0 0.0026945
5370.0 0.0029437
5390.0 0.0032661
5410.0 0.0031217
5430.0 0.0026358
5450.0 0.0024381
5470.0 0.0027386
5490.0 0.0035132
5510.0 0.0044896
5530.0 0.0050364
5550.0 0.0048198
5570.0 0.004343
5590.0 0.0038186
5610.0 0.0035699
5630.0 0.0034614
5650.0 0.0034939
5670.0 0.0033828
5690.0 0.0030708
5710.0 0.0029416
5730.0 0.0027102
5750.0 0.0018428
5770.0 0.0015682
5790.0 0.0017874
5810.0 0.0021441
5830.0 0.0025324
5850.0 0.0028552
5870.0 0.0029572
5890.0 0.0028515
5910.0 0.0027306
5930.0 0.0027228
5950.0 0.0028451
5970.0 0.0031173
5990.0 0.0028975
6010.0 0.002404
6030.0 0.0019905
6050.0 0.0017268
6070.0 0.0017561
6090.0 0.0019889
6110.0 0.0021746
6130.0 0.0020809
6150.0 0.0018694
6170.0 0.001966
6190.0 0.0023818
6210.0 0.0029968
6230.0 0.0035788
6250.0 0.0036221
6270.0 0.0031729
6290.0 0.0026361
6310.0 0.0020813
6330.0 0.0016326
6350.0 0.0014757
6370.0 0.0015839
6390.0 0.0018864
6410.0 0.0022132
6430.0 0.0025816
6450.0 0.0030294
6470.0 0.0036238
6490.0 0.004464
6510.0 0.0049677
6530.0 0.0046582
6550.0 0.0042664
6570.0 0.0040445
6590.0 0.0038946
6610.0 0.0034265
6630.0 0.0031369
6650.0 0.0028913
6670.0 0.0029456
6690.0 0.0028417
6710.0 0.0025475
6730.0 0.0021911
6750.0 0.0020125
6770.0 0.0020382
6790.0 0.0023235
6810.0 0.002275
6830.0 0.0023384
6850.0 0.0022576
6870.0 0.0021571
6890.0 0.0020807
6910.0 0.0020488
6930.0 0.001917
6950.0 0.0019928
6970.0 0.0020143
6990.0 0.0022512
7010.0 0.0023867
7030.0 0.0022359
7050.0 0.0020811
7070.0 0.0020066
7090.0 0.0018782
7110.0 0.0017811
7130.0 0.0018446
7150.0 0.0019684
7170.0 0.0021084
7190.0 0.0021377
7210.0 0.0020738
7230.0 0.002139
7250.0 0.0024312
7270.0 0.0028277
7290.0 0.0031213
7310.0 0.0030793
7330.0 0.0027473
7350.0 0.0024553
7370.0 0.0022761
7390.0 0.0023052
7410.0 0.0024668
7430.0 0.0027045
7450.0 0.0029253
7470.0 0.003144
7490.0 0.003414
7510.0 0.0036067
7530.0 0.0033657
7550.0 0.0028344
7570.0 0.0022286
7590.0 0.0016416
7610.0 0.001458
7630.0 0.001578
7650.0 0.0018279
7670.0 0.0021211
7690.0 0.0024059
7710.0 0.0025698
7730.0 0.0026409
7750.0 0.0027602
7770.0 0.0027511
7790.0 0.0026489
7810.0 0.0026417
7830.0 0.0025921
7850.0 0.0023676
7870.0 0.002152
7890.0 0.0019319
7910.0 0.0016489
7930.0 0.0014401
7950.0 0.0013056
7970.0 0.0012705
7990.0 0.0013045
8010.0 0.0013754
8030.0 0.0013784
8050.0 0.0013886
8070.0 0.0013662
8090.0 0.0013998
8110.0 0.0013205
8130.0 0.0011559
8150.0 0.0010862
8170.0 0.0010012
8190.0 0.0009911
8210.0 0.0010627
8230.0 0.001137
8250.0 0.0010539
8270.0 0.00093958
8290.0 0.00077208
8310.0 0.00053222
8330.0 0.00034548
8350.0 0.00025168
8370.0 0.00026755
8390.0 0.0003169
8410.0 0.00040261
8430.0 0.00049205
8450.0 0.00054337
8470.0 0.00060296
8490.0 0.00059282
8510.0 0.00059597
8530.0 0.00062253
8550.0 0.00075374
8570.0 0.00092866
8590.0 0.0010613
8610.0 0.001283
8630.0 0.0014874
8650.0 0.0015653
8670.0 0.0015915
8690.0 0.0015823
8710.0 0.0014798
8730.0 0.0014206
8750.0 0.0013148
8770.0 0.0012627
8790.0 0.0012529
8810.0 0.0011946
8830.0 0.0010051
8850.0 0.00082836
8870.0 0.00069089
8890.0 0.00067541
8910.0 0.00072961
8930.0 0.00077446
8950.0 0.0008693
8970.0 0.0008831
8990.0 0.00086954
9010.0 0.00083623
9030.0 0.00082745
9050.0 0.00083557
9070.0 0.00084202
9090.0 0.00084685
9110.0 0.00085119
9130.0 0.00085503
9150.0 0.00085867
9170.0 0.00086252
9190.0 0.00086658
9210.0 0.00087099
9230.0 0.00087551
9250.0 0.00088033
9270.0 0.00088535
9290.0 0.00089056
9310.0 0.00089605
9330.0 0.00090176
9350.0 0.00090762
9370.0 0.00091373
9390.0 0.00092007
9410.0 0.00092659
9430.0 0.00093326
9450.0 0.00094022
9470.0 0.00094737
9490.0 0.00095467
9510.0 0.00096218
9530.0 0.00096993
9550.0 0.00097779
9570.0 0.00098582
9590.0 0.00099409
9610.0 0.0010025
9630.0 0.0010111
9650.0 0.0010198
9670.0 0.0010288
9690.0 0.0010378
9710.0 0.001047
9730.0 0.0010564
9750.0 0.001066
9770.0 0.0010755
9790.0 0.0010853
9810.0 0.0010953
9830.0 0.0011053
9850.0 0.0011153
9870.0 0.0011256
9890.0 0.001136
9910.0 0.0011463
9930.0 0.0011568
9950.0 0.0011674
9970.0 0.001178
9990.0 0.0011887
10010.0 0.0011447
10030.0 0.0011548
10050.0 0.0011648
10070.0 0.0011748
10090.0 0.0011851
10110.0 0.0011952
10130.0 0.0012053
10150.0 0.0012155
10170.0 0.0012256
10190.0 0.0012356
10210.0 0.0012457
10230.0 0.0012557
10250.0 0.0012656
10270.0 0.0012755
10290.0 0.0012853
10310.0 0.001295
10330.0 0.0013046
10350.0 0.0013141
10370.0 0.0013236
10390.0 0.0013328
10410.0 0.001342
10430.0 0.0013511
10450.0 0.00136
10470.0 0.0013686
10490.0 0.0013772
10510.0 0.0013857
10530.0 0.0013938
10550.0 0.0014018
10570.0 0.0014097
10590.0 0.0014173
10610.0 0.0014247
10630.0 0.0014319
10650.0 0.0014389
10670.0 0.0014456
10690.0 0.0014521
10710.0 0.0014584
10730.0 0.0014643
10750.0 0.00147
10770.0 0.0014755
10790.0 0.0014807
10810.0 0.0014856
10830.0 0.0014902
10850.0 0.0014944
10870.0 0.0014979
10890.0 0.0015006
10910.0 0.0015021
10930.0 0.0015015
10950.0 0.0014977
10970.0 0.0014901
10990.0 0.0014784
11010.0 0.0014358
11030.0 0.0014127
11050.0 0.0013853
11070.0 0.0013528
11090.0 0.0013138
11110.0 0.0012736
11130.0 0.0012317
11150.0 0.0011865
11170.0 0.0011402
11190.0 0.0010958
11210.0 0.0010504
11230.0 0.0010046
11250.0 0.00096181
11270.0 0.00092156
11290.0 0.00088214
11310.0 0.0008457
11330.0 0.00081435
11350.0 0.00078527
11370.0 0.00075881
11390.0 0.0007361
11410.0 0.00071619
11430.0 0.00069738
11450.0 0.0006806
11470.0 0.00066535
11490.0 0.00065027
11510.0 0.00063473
11530.0 0.00061939
11550.0 0.00060346
11570.0 0.00058596
11590.0 0.00056759
11610.0 0.00054886
11630.0 0.00052865
11650.0 0.00050733
11670.0 0.00048669
11690.0 0.00046615
11710.0 0.0004454
11730.0 0.00042568
11750.0 0.00040774
11770.0 0.00039044
11790.0 0.00037446
11810.0 0.00036052
11830.0 0.00034811
11850.0 0.00033668
11870.0 0.00032697
11890.0 0.00031867
11910.0 0.00031107
11930.0 0.00030413
11950.0 0.00029788
11970.0 0.00029181
11990.0 0.00028557
12010.0 0.00027937
12030.0 0.00027307
12050.0 0.00026636
12070.0 0.00025926
12090.0 0.00025235
12110.0 0.00024532
12130.0 0.00023821
12150.0 0.00023153
12170.0 0.00022548
12190.0 0.00021982
12210.0 0.00021514
12230.0 0.00021164
12250.0 0.00020926
12270.0 0.0002082
12290.0 0.0002085
12310.0 0.00021005
12330.0 0.00021301
12350.0 0.00021724
12370.0 0.00022235
12390.0 0.00022845
12410.0 0.00023576
12430.0 0.00024316
12450.0 0.00025075
12470.0 0.00025873
12490.0 0.00026657
12510.0 0.00027367
12530.0 0.0002805
12550.0 0.00028681
12570.0 0.00029202
12590.0 0.00029623
12610.0 0.00029962
12630.0 0.00030184
12650.0 0.00030279
12670.0 0.00030275
12690.0 0.00030167
12710.0 0.0002996
12730.0 0.00029668
12750.0 0.00029283
12770.0 0.00028829
12790.0 0.00028324
12810.0 0.0002776
12830.0 0.00027138
12850.0 0.00026502
12870.0 0.00025841
12890.0 0.00025136
12910.0 0.00024418
12930.0 0.00023705
12950.0 0.00022955
12970.0 0.00022181
12990.0 0.00021431
13010.0 0.00020676
13030.0 0.00019898
13050.0 0.00019134
13070.0 0.00018403
13090.0 0.0001766
13110.0 0.00016932
13130.0 0.00016252
13150.0 0.00015606
13170.0 0.00014974
13190.0 0.00014413
13210.0 0.00013921
13230.0 0.00013479
13250.0 0.00013105
13270.0 0.00012816
13290.0 0.00012598
13310.0 0.00012456
13330.0 0.00012397
13350.0 0.00012412
13370.0 0.00012502
13390.0 0.00012667
13410.0 0.00012877
13430.0 0.0001314
13450.0 0.00013454
13470.0 0.0001379
13490.0 0.00014133
13510.0 0.0001451
13530.0 0.0001488
13550.0 0.00015222
13570.0 0.0001555
13590.0 0.0001586
13610.0 0.00016125
13630.0 0.00016346
13650.0 0.00016539
13670.0 0.00016688
13690.0 0.00016788
13710.0 0.00016851
13730.0 0.00016876
13750.0 0.00016859
13770.0 0.00016808
13790.0 0.00016725
13810.0 0.00016612
13830.0 0.00016476
13850.0 0.00016315
13870.0 0.00016129
13890.0 0.00015929
13910.0 0.00015715
13930.0 0.00015478
13950.0 0.00015228
13970.0 0.00014981
13990.0 0.00014719
14010.0 0.00014449
14030.0 0.00014186
14050.0 0.00013927
14070.0 0.00013661
14090.0 0.00013412
14110.0 0.00013182
14130.0 0.00012966
14150.0 0.00012768
14170.0 0.00012603
14190.0 0.00012466
14210.0 0.00012356
14230.0 0.0001228
14250.0 0.00012239
14270.0 0.00012232
14290.0 0.00012261
14310.0 0.0001232
14330.0 0.00012409
14350.0 0.00012532
14370.0 0.00012677
14390.0 0.00012837
14410.0 0.00013023
14430.0 0.00013226
14450.0 0.00013433
14470.0 0.00013649
14490.0 0.00013884
14510.0 0.00014117
14530.0 0.00014349
14550.0 0.00014595
14570.0 0.00014852
14590.0 0.00015109
14610.0 0.00015385
14630.0 0.0001569
14650.0 0.00016007
14670.0 0.00016343
14690.0 0.0001672
14710.0 0.00017134
14730.0 0.00017554
14750.0 0.00018013
14770.0 0.00018515
14790.0 0.0001903
14810.0 0.00019553
14830.0 0.00020126
14850.0 0.00020699
14870.0 0.00021249
14890.0 0.00021798
14910.0 0.00022337
14930.0 0.00022819
14950.0 0.00023243
14970.0 0.0002362
14990.0 0.0002392
15010.0 0.00024136
15030.0 0.00024287
15050.0 0.00024377
15070.0 0.00024412
15090.0 0.00024415
15110.0 0.00024393
15130.0 0.00024358
15150.0 0.00024318
15170.0 0.00024272
15190.0 0.00024223
15210.0 0.00024177
15230.0 0.00024131
15250.0 0.00024083
15270.0 0.00024035
15290.0 0.00023991
15310.0 0.00023945
15330.0 0.00023899
15350.0 0.00023855
15370.0 0.00023811
15390.0 0.00023764
15410.0 0.0002372
15430.0 0.00023677
15450.0 0.00023632
15470.0 0.00023587
15490.0 0.00023544
15510.0 0.00023502
15530.0 0.00023457
15550.0 0.00023413
15570.0 0.00023371
15590.0 0.00023327
15610.0 0.00023281
15630.0 0.00023239
15650.0 0.00023196
15670.0 0.00023151
15690.0 0.00023107
15710.0 0.00023066
15730.0 0.00023021
15750.0 0.00022976
15770.0 0.00022933
15790.0 0.00022889
15810.0 0.00022842
15830.0 0.00022797
15850.0 0.00022754
15870.0 0.00022708
15890.0 0.00022662
15910.0 0.00022618
15930.0 0.00022573
15950.0 0.00022525
15970.0 0.00022478
15990.0 0.00022433
16010.0 0.00022385
16030.0 0.00022336
16050.0 0.0002229
16070.0 0.00022242
16090.0 0.00022192
16110.0 0.00022144
16130.0 0.00022097
16150.0 0.00022045
16170.0 0.00021994
16190.0 0.00021945
16210.0 0.00021894
16230.0 0.00021841
16250.0 0.00021791
16270.0 0.0002174
16290.0 0.00021686
16310.0 0.00021633
16330.0 0.00021581
16350.0 0.00021527
16370.0 0.00021469
16390.0 0.00021416
16410.0 0.00021361
16430.0 0.00021304
16450.0 0.00021248
16470.0 0.00021193
16490.0 0.00021135
16510.0 0.00021075
16530.0 0.00021018
16550.0 0.0002096
16570.0 0.00020899
16590.0 0.00020838
16610.0 0.00020779
16630.0 0.00020718
16650.0 0.00020656
16670.0 0.00020595
16690.0 0.00020534
16710.0 0.00020468
16730.0 0.00020404
16750.0 0.00020342
16770.0 0.00020276
16790.0 0.0002021
16810.0 0.00020145
16830.0 0.0002008
16850.0 0.00020012
16870.0 0.00019945
16890.0 0.00019879
16910.0 0.0001981
16930.0 0.00019739
16950.0 0.00019671
16970.0 0.00019602
16990.0 0.00019531
17010.0 0.0001946
17030.0 0.00019391
17050.0 0.00019318
17070.0 0.00019245
17090.0 0.00019174
17110.0 0.00019101
17130.0 0.00019025
17150.0 0.00018952
17170.0 0.00018879
17190.0 0.00018803
17210.0 0.00018727
17230.0 0.00018653
17250.0 0.00018577
17270.0 0.00018499
17290.0 0.00018422
17310.0 0.00018346
17330.0 0.00018267
17350.0 0.00018188
17370.0 0.00018111
17390.0 0.00018033
17410.0 0.00017952
17430.0 0.00017873
17450.0 0.00017795
17470.0 0.00017712
17490.0 0.00017631
17510.0 0.00017551
17530.0 0.0001747
17550.0 0.00017387
17570.0 0.00017306
17590.0 0.00017225
17610.0 0.00017141
17630.0 0.00017058
17650.0 0.00016977
17670.0 0.00016893
17690.0 0.00016807
17710.0 0.00016725
17730.0 0.00016642
17750.0 0.00016556
17770.0 0.00016472
17790.0 0.00016389
17810.0 0.00016303
17830.0 0.00016217
17850.0 0.00016133
17870.0 0.00016048
17890.0 0.00015961
17910.0 0.00015874
17930.0 0.0001579
17950.0 0.00015704
17970.0 0.00015617
17990.0 0.00015532
18010.0 0.00015447
18030.0 0.00015358
18050.0 0.00015271
18070.0 0.00015186
18090.0 0.00015099
18110.0 0.0001501
18130.0 0.00014925
18150.0 0.00014839
18170.0 0.00014751
18190.0 0.00014664
18210.0 0.00014579
18230.0 0.0001449
18250.0 0.00014402
18270.0 0.00014316
18290.0 0.0001423
18310.0 0.00014141
18330.0 0.00014055
18350.0 0.00013969
18370.0 0.00013881
18390.0 0.00013794
18410.0 0.00013708
18430.0 0.00013621
18450.0 0.00013532
18470.0 0.00013446
18490.0 0.00013361
18510.0 0.00013274
18530.0 0.00013187
18550.0 0.00013103
18570.0 0.00013016
18590.0 0.00012928
18610.0 0.00012843
18630.0 0.00012758
18650.0 0.00012671
18670.0 0.00012584
18690.0 0.00012501
18710.0 0.00012416
18730.0 0.0001233
18750.0 0.00012245
18770.0 0.00012162
18790.0 0.00012075
18810.0 0.0001199
18830.0 0.00011907
18850.0 0.00011823
18870.0 0.00011738
18890.0 0.00011655
18910.0 0.00011573
18930.0 0.00011488
18950.0 0.00011405
18970.0 0.00011323
18990.0 0.0001124
19010.0 0.00011155
19030.0 0.00011075
19050.0 0.00010993
19070.0 0.00010911
19090.0 0.00010829
19110.0 0.0001075
19130.0 0.00010668
19150.0 0.00010586
19170.0 0.00010506
19190.0 0.00010426
19210.0 0.00010345
19230.0 0.00010264
19250.0 0.00010187
19270.0 0.00010107
19290.0 0.00010027
19310.0 9.9496e-05
19330.0 9.8719e-05
19350.0 9.7914e-05
19370.0 9.7135e-05
19390.0 9.6371e-05
19410.0 9.5591e-05
19430.0 9.4808e-05
19450.0 9.4055e-05
19470.0 9.3295e-05
19490.0 9.252e-05
19510.0 9.1763e-05
19530.0 9.102e-05
19550.0 9.0253e-05
19570.0 8.9487e-05
19590.0 8.8753e-05
19610.0 8.8011e-05
19630.0 8.7257e-05
19650.0 8.6523e-05
19670.0 8.5802e-05
19690.0 8.5056e-05
19710.0 8.4319e-05
19730.0 8.3602e-05
19750.0 8.2879e-05
19770.0 8.2137e-05
19790.0 8.1423e-05
19810.0 8.072e-05
19830.0 7.9997e-05
19850.0 7.9277e-05
19870.0 7.8575e-05
19890.0 7.7842e-05
19910.0 7.7069e-05
19930.0 7.6278e-05
19950.0 7.543e-05
19970.0 7.4464e-05
19990.0 7.3382e-05
20010.0 7.3671e-05
20030.0 7.232e-05
20050.0 7.0816e-05
20070.0 6.925e-05
20090.0 6.7623e-05
20110.0 6.5852e-05
20130.0 6.4111e-05
20150.0 6.2428e-05
20170.0 6.0728e-05
20190.0 5.9044e-05
20210.0 5.748e-05
20230.0 5.5979e-05
20250.0 5.45e-05
20270.0 5.3141e-05
20290.0 5.1909e-05
20310.0 5.075e-05
20330.0 4.9677e-05
20350.0 4.8786e-05
20370.0 4.8002e-05
20390.0 4.7323e-05
20410.0 4.6781e-05
20430.0 4.6369e-05
20450.0 4.6061e-05
20470.0 4.5875e-05
20490.0 4.58e-05
20510.0 4.5825e-05
20530.0 4.5951e-05
20550.0 4.616e-05
20570.0 4.6431e-05
20590.0 4.6782e-05
20610.0 4.7194e-05
20630.0 4.7635e-05
20650.0 4.8121e-05
20670.0 4.8671e-05
20690.0 4.922e-05
20710.0 4.9776e-05
20730.0 5.0368e-05
20750.0 5.0975e-05
20770.0 5.1557e-05
20790.0 5.2159e-05
20810.0 5.2787e-05
20830.0 5.3399e-05
20850.0 5.4005e-05
20870.0 5.4649e-05
20890.0 5.5301e-05
20910.0 5.5923e-05
20930.0 5.6568e-05
20950.0 5.7239e-05
20970.0 5.7892e-05
20990.0 5.8538e-05
21010.0 5.9225e-05
21030.0 5.99e-05
21050.0 6.0545e-05
21070.0 6.1196e-05
21090.0 6.1857e-05
21110.0 6.2462e-05
21130.0 6.3037e-05
21150.0 6.3606e-05
21170.0 6.4132e-05
21190.0 6.4597e-05
21210.0 6.5038e-05
21230.0 6.5436e-05
21250.0 6.5757e-05
21270.0 6.6017e-05
21290.0 6.6219e-05
21310.0 6.6343e-05
21330.0 6.6382e-05
21350.0 6.6342e-05
21370.0 6.621e-05
21390.0 6.5984e-05
21410.0 6.5665e-05
21430.0 6.5222e-05
21450.0 6.4682e-05
21470.0 6.4057e-05
21490.0 6.3315e-05
21510.0 6.2463e-05
21530.0 6.1557e-05
21550.0 6.0572e-05
21570.0 5.9481e-05
21590.0 5.8363e-05
21610.0 5.7238e-05
21630.0 5.6064e-05
21650.0 5.4863e-05
21670.0 5.3763e-05
21690.0 5.2688e-05
21710.0 5.1648e-05
21730.0 5.0712e-05
21750.0 4.9894e-05
21770.0 4.9141e-05
21790.0 4.8521e-05
21810.0 4.805e-05
21830.0 4.7705e-05
21850.0 4.7493e-05
21870.0 4.7428e-05
21890.0 4.7492e-05
21910.0 4.7691e-05
21930.0 4.802e-05
21950.0 4.8452e-05
21970.0 4.8996e-05
21990.0 4.9678e-05
22010.0 5.0419e-05
22030.0 5.1225e-05
22050.0 5.2127e-05
22070.0 5.3091e-05
22090.0 5.4051e-05
22110.0 5.5068e-05
22130.0 5.6133e-05
22150.0 5.7172e-05
22170.0 5.819e-05
22190.0 5.924e-05
22210.0 6.0251e-05
22230.0 6.1167e-05
22250.0 6.2053e-05
22270.0 6.2889e-05
22290.0 6.3617e-05
22310.0 6.4252e-05
22330.0 6.4821e-05
22350.0 6.5268e-05
22370.0 6.559e-05
22390.0 6.58e-05
22410.0 6.5885e-05
22430.0 6.5835e-05
22450.0 6.5661e-05
22470.0 6.5349e-05
22490.0 6.4905e-05
22510.0 6.4352e-05
22530.0 6.3648e-05
22550.0 6.2798e-05
22570.0 6.1863e-05
22590.0 6.0816e-05
22610.0 5.962e-05
22630.0 5.8332e-05
22650.0 5.7008e-05
22670.0 5.5547e-05
22690.0 5.3991e-05
22710.0 5.2423e-05
22730.0 5.0806e-05
22750.0 4.9052e-05
22770.0 4.7335e-05
22790.0 4.5656e-05
22810.0 4.393e-05
22830.0 4.2206e-05
22850.0 4.0592e-05
22870.0 3.9011e-05
22890.0 3.7442e-05
22910.0 3.6003e-05
22930.0 3.4695e-05
22950.0 3.3462e-05
22970.0 3.234e-05
22990.0 3.1433e-05
23010.0 3.0656e-05
23030.0 3.0023e-05
23050.0 2.9575e-05
23070.0 2.9302e-05
23090.0 2.9191e-05
23110.0 2.9264e-05
23130.0 2.9499e-05
23150.0 2.9895e-05
23170.0 3.0462e-05
23190.0 3.1153e-05
23210.0 3.1943e-05
23230.0 3.2873e-05
23250.0 3.3893e-05
23270.0 3.4943e-05
23290.0 3.606e-05
23310.0 3.7257e-05
23330.0 3.84e-05
23350.0 3.9514e-05
23370.0 4.0629e-05
23390.0 4.1684e-05
23410.0 4.2621e-05
23430.0 4.35e-05
23450.0 4.4291e-05
23470.0 4.4941e-05
23490.0 4.5464e-05
23510.0 4.5873e-05
23530.0 4.6132e-05
23550.0 4.6242e-05
23570.0 4.6217e-05
23590.0 4.6045e-05
23610.0 4.5743e-05
23630.0 4.5319e-05
23650.0 4.4744e-05
23670.0 4.4063e-05
23690.0 4.3303e-05
23710.0 4.2439e-05
23730.0 4.1475e-05
23750.0 4.051e-05
23770.0 3.9519e-05
23790.0 3.8484e-05
23810.0 3.7481e-05
23830.0 3.6552e-05
23850.0 3.5645e-05
23870.0 3.4822e-05
23890.0 3.4146e-05
23910.0 3.3594e-05
23930.0 3.3173e-05
23950.0 3.2919e-05
23970.0 3.2829e-05
23990.0 3.2896e-05
24010.0 3.313e-05
24030.0 3.3507e-05
24050.0 3.4022e-05
24070.0 3.4706e-05
24090.0 3.5486e-05
24110.0 3.6347e-05
24130.0 3.7324e-05
24150.0 3.839e-05
24170.0 3.9473e-05
24190.0 4.0626e-05
24210.0 4.1865e-05
24230.0 4.3102e-05
24250.0 4.4335e-05
24270.0 4.562e-05
24290.0 4.6929e-05
24310.0 4.8141e-05
24330.0 4.9355e-05
24350.0 5.0558e-05
24370.0 5.1674e-05
24390.0 5.2694e-05
24410.0 5.3688e-05
24430.0 5.4559e-05
24450.0 5.5286e-05
24470.0 5.5899e-05
24490.0 5.6388e-05
24510.0 5.672e-05
24530.0 5.6914e-05
24550.0 5.698e-05
24570.0 5.692e-05
24590.0 5.6759e-05
24610.0 5.6506e-05
24630.0 5.6168e-05
24650.0 5.5803e-05
24670.0 5.5418e-05
24690.0 5.5015e-05
24710.0 5.4628e-05
24730.0 5.4284e-05
24750.0 5.3962e-05
24770.0 5.3671e-05
24790.0 5.3423e-05
24810.0 5.3194e-05
24830.0 5.2926e-05
24850.0 5.2546e-05
24870.0 5.1943e-05
24890.0 5.0867e-05
24910.0 4.9018e-05
24930.0 4.6256e-05
24950.0 4.2382e-05
24970.0 3.7065e-05
24990.0 3.0908e-05
