#lamb flux
1010.0 2.0793e-05
1030.0 2.292e-05
1050.0 2.5899e-05
1070.0 3.0495e-05
1090.0 3.6243e-05
1110.0 4.2306e-05
1130.0 4.8563e-05
1150.0 5.5219e-05
1170.0 6.2083e-05
1190.0 6.8449e-05
1210.0 7.4581e-05
1230.0 8.0403e-05
1250.0 8.6038e-05
1270.0 9.0655e-05
1290.0 9.4532e-05
1310.0 9.7253e-05
1330.0 9.8579e-05
1350.0 9.8812e-05
1370.0 9.8104e-05
1390.0 9.631e-05
1410.0 9.36e-05
1430.0 9.0414e-05
1450.0 8.6736e-05
1470.0 8.2641e-05
1490.0 7.8422e-05
1510.0 7.429e-05
1530.0 7.0085e-05
1550.0 6.601e-05
1570.0 6.22e-05
1590.0 5.8636e-05
1610.0 5.5526e-05
1630.0 5.3827e-05
1650.0 5.2627e-05
1670.0 5.1907e-05
1690.0 5.1729e-05
1710.0 5.2192e-05
1730.0 5.3278e-05
1750.0 5.4927e-05
1770.0 5.7304e-05
1790.0 6.0443e-05
1810.0 6.4312e-05
1830.0 6.8975e-05
1850.0 7.4608e-05
1870.0 8.1118e-05
1890.0 8.852e-05
1910.0 9.6939e-05
1930.0 0.00010642
1950.0 0.0001168
1970.0 0.00012813
1990.0 0.0001405
2010.0 0.00015373
2030.0 0.00016766
2050.0 0.00018241
2070.0 0.00019785
2090.0 0.00021357
2110.0 0.00022961
2130.0 0.00024594
2150.0 0.00026225
2170.0 0.00027826
2190.0 0.00029418
2210.0 0.0003098
2230.0 0.00032477
2250.0 0.00033918
2270.0 0.00035325
2290.0 0.00036656
2310.0 0.00037905
2330.0 0.00039115
2350.0 0.00040281
2370.0 0.00041389
2390.0 0.00042488
2410.0 0.00043639
2430.0 0.00044833
2450.0 0.0004612
2470.0 0.00047603
2490.0 0.00049339
2510.0 0.00051259
2530.0 0.00053519
2550.0 0.0005628
2570.0 0.00059589
2590.0 0.0006361
2610.0 0.00069009
2630.0 0.00075874
2650.0 0.00083985
2670.0 0.00093595
2690.0 0.0010459
2710.0 0.0011583
2730.0 0.0012681
2750.0 0.0013786
2770.0 0.0014835
2790.0 0.0015819
2810.0 0.0016814
2830.0 0.0017889
2850.0 0.0018983
2870.0 0.0020147
2890.0 0.0021427
2910.0 0.0022784
2930.0 0.0024163
2950.0 0.0025641
2970.0 0.0027205
2990.0 0.0028787
3010.0 0.0030413
3030.0 0.0032137
3050.0 0.003391
3070.0 0.0035642
3090.0 0.0037407
3110.0 0.0039133
3130.0 0.0040702
3150.0 0.0042075
3170.0 0.00432
3190.0 0.0044
3210.0 0.0044534
3230.0 0.0044845
3250.0 0.0044969
3270.0 0.0045041
3290.0 0.0045121
3310.0 0.0045237
3330.0 0.0045423
3350.0 0.0045664
3370.0 0.0045934
3390.0 0.004576
3410.0 0.0045691
3430.0 0.0046089
3450.0 0.0046379
3470.0 0.0046205
3490.0 0.004869
3510.0 0.0058182
3530.0 0.0071971
3550.0 0.0081274
3570.0 0.0089697
3590.0 0.010096
3610.0 0.010089
3630.0 0.0092831
3650.0 0.0095491
3670.0 0.011087
3690.0 0.012493
3710.0 0.013003
3730.0 0.013076
3750.0 0.013804
3770.0 0.013856
3790.0 0.013252
3810.0 0.01253
3830.0 0.011868
3850.0 0.011895
3870.0 0.012411
3890.0 0.012771
3910.0 0.012877
3930.0 0.012877
3950.0 0.013797
3970.0 0.014855
3990.0 0.01451
4010.0 0.01299
4030.0 0.01175
4050.0 0.011742
4070.0 0.01226
4090.0 0.012134
4110.0 0.011707
4130.0 0.011665
4150.0 0.012227
4170.0 0.013412
4190.0 0.013901
4210.0 0.01299
4230.0 0.011878
4250.0 0.011133
4270.0 0.010674
4290.0 0.010675
4310.0 0.0109
4330.0 0.010428
4350.0 0.0093524
4370.0 0.0084414
4390.0 0.0078159
4410.0 0.0075122
4430.0 0.0077739
4450.0 0.00854
4470.0 0.009367
4490.0 0.0099626
4510.0 0.010885
4530.0 0.012506
4550.0 0.014174
4570.0 0.015226
4590.0 0.016141
4610.0 0.016855
4630.0 0.016861
4650.0 0.015714
4670.0 0.013928
4690.0 0.012501
4710.0 0.011983
4730.0 0.011413
4750.0 0.010052
4770.0 0.0090119
4790.0 0.009237
4810.0 0.0099304
4830.0 0.0096946
4850.0 0.0086515
4870.0 0.0087335
4890.0 0.0089113
4910.0 0.0089932
4930.0 0.0088231
4950.0 0.0086358
4970.0 0.0082288
4990.0 0.0076196
5010.0 0.0072437
5030.0 0.0072105
5050.0 0.0072593
5070.0 0.0073197
5090.0 0.0073602
5110.0 0.0073867
5130.0 0.0075482
5150.0 0.0078861
5170.0 0.0085076
5190.0 0.0093261
5210.0 0.0099424
5230.0 0.010306
5250.0 0.01052
5270.0 0.010756
5290.0 0.010888
5310.0 0.010746
5330.0 0.010379
5350.0 0.010038
5370.0 0.010034
5390.0 0.01019
5410.0 0.010261
5430.0 0.010118
5450.0 0.0099586
5470.0 0.0097929
5490.0 0.0096474
5510.0 0.0095945
5530.0 0.0096148
5550.0 0.0096659
5570.0 0.0096661
5590.0 0.0094606
5610.0 0.0090828
5630.0 0.0086893
5650.0 0.0082713
5670.0 0.0079485
5690.0 0.0076673
5710.0 0.0075406
5730.0 0.0075243
5750.0 0.0074008
5770.0 0.0072735
5790.0 0.0073548
5810.0 0.0075613
5830.0 0.0077219
5850.0 0.0077685
5870.0 0.0075826
5890.0 0.0073038
5910.0 0.0070944
5930.0 0.0068139
5950.0 0.0065535
5970.0 0.0065804
5990.0 0.0067094
6010.0 0.0066827
6030.0 0.0064864
6050.0 0.0064502
6070.0 0.0066314
6090.0 0.0068207
6110.0 0.0067725
6130.0 0.0064035
6150.0 0.0059381
6170.0 0.0056841
6190.0 0.0055948
6210.0 0.0055274
6230.0 0.0054415
6250.0 0.0054545
6270.0 0.0056138
6290.0 0.0058228
6310.0 0.0060569
6330.0 0.0062972
6350.0 0.0064199
6370.0 0.0064108
6390.0 0.0063577
6410.0 0.0063827
6430.0 0.0064416
6450.0 0.0064295
6470.0 0.0064127
6490.0 0.0064175
6510.0 0.0064083
6530.0 0.0063441
6550.0 0.0062164
6570.0 0.0060317
6590.0 0.0058411
6610.0 0.005693
6630.0 0.0055758
6650.0 0.0054035
6670.0 0.0052191
6690.0 0.0050745
6710.0 0.0049903
6730.0 0.0049261
6750.0 0.0048808
6770.0 0.0048302
6790.0 0.0047416
6810.0 0.004636
6830.0 0.0045834
6850.0 0.0045594
6870.0 0.0045389
6890.0 0.0045357
6910.0 0.0044934
6930.0 0.0044398
6950.0 0.0044195
6970.0 0.0043794
6990.0 0.0043118
7010.0 0.004241
7030.0 0.0041644
7050.0 0.0040846
7070.0 0.0039852
7090.0 0.0039055
7110.0 0.0039695
7130.0 0.0040703
7150.0 0.0041273
7170.0 0.0041615
7190.0 0.0041608
7210.0 0.0041064
7230.0 0.0040282
7250.0 0.0039956
7270.0 0.0039206
7290.0 0.0038618
7310.0 0.0038325
7330.0 0.0038532
7350.0 0.0038466
7370.0 0.0038185
7390.0 0.0037862
7410.0 0.0037427
7430.0 0.00369
7450.0 0.0036314
7470.0 0.00357
7490.0 0.003476
7510.0 0.0033473
7530.0 0.0032295
7550.0 0.003154
7570.0 0.0031766
7590.0 0.0031653
7610.0 0.0031287
7630.0 0.0030915
7650.0 0.003123
7670.0 0.0031988
7690.0 0.0033128
7710.0 0.0033805
7730.0 0.0035076
7750.0 0.003594
7770.0 0.0036739
7790.0 0.0037069
7810.0 0.0036563
7830.0 0.0036448
7850.0 0.0035945
7870.0 0.0035084
7890.0 0.0033911
7910.0 0.003297
7930.0 0.0032425
7950.0 0.0032091
7970.0 0.0032123
7990.0 0.0032218
8010.0 0.003194
8030.0 0.0031633
8050.0 0.0031048
8070.0 0.0030525
8090.0 0.0029913
8110.0 0.0030063
8130.0 0.0030324
8150.0 0.0030437
8170.0 0.0030153
8190.0 0.0029882
8210.0 0.0028889
8230.0 0.0027083
8250.0 0.0026008
8270.0 0.0025398
8290.0 0.0025098
8310.0 0.0025107
8330.0 0.0025681
8350.0 0.002528
8370.0 0.0024812
8390.0 0.0025161
8410.0 0.0025775
8430.0 0.0026927
8450.0 0.0027959
8470.0 0.0028175
8490.0 0.002839
8510.0 0.0028155
8530.0 0.0027844
8550.0 0.002804
8570.0 0.0028059
8590.0 0.0027844
8610.0 0.0028591
8630.0 0.002872
8650.0 0.0028092
8670.0 0.0028013
8690.0 0.0028092
8710.0 0.0027565
8730.0 0.0027391
8750.0 0.002653
8770.0 0.0026192
8790.0 0.0025849
8810.0 0.0025604
8830.0 0.0024674
8850.0 0.0022992
8870.0 0.0021643
8890.0 0.0020955
8910.0 0.0019664
8930.0 0.0018289
8950.0 0.001791
8970.0 0.0017725
8990.0 0.0017715
9010.0 0.0017574
9030.0 0.0017449
9050.0 0.0017332
9070.0 0.0017216
9090.0 0.00171
9110.0 0.0016984
9130.0 0.0016868
9150.0 0.0016752
9170.0 0.0016637
9190.0 0.0016521
9210.0 0.0016405
9230.0 0.001629
9250.0 0.0016176
9270.0 0.0016061
9290.0 0.0015946
9310.0 0.0015832
9330.0 0.0015718
9350.0 0.0015605
9370.0 0.0015492
9390.0 0.0015379
9410.0 0.0015267
9430.0 0.0015155
9450.0 0.0015042
9470.0 0.0014933
9490.0 0.0014825
9510.0 0.0014714
9530.0 0.0014604
9550.0 0.0014494
9570.0 0.0014386
9590.0 0.0014278
9610.0 0.001417
9630.0 0.0014064
9650.0 0.0013958
9670.0 0.0013853
9690.0 0.0013748
9710.0 0.0013644
9730.0 0.0013541
9750.0 0.0013438
9770.0 0.0013336
9790.0 0.0013235
9810.0 0.0013134
9830.0 0.0013031
9850.0 0.0012913
9870.0 0.0012817
9890.0 0.0012727
9910.0 0.0012634
9930.0 0.0012534
9950.0 0.0012441
9970.0 0.0012349
9990.0 0.0012254
10010.0 0.0012152
10030.0 0.0012055
10050.0 0.0011969
10070.0 0.0011882
10090.0 0.0011795
10110.0 0.0011704
10130.0 0.0011607
10150.0 0.0011521
10170.0 0.0011436
10190.0 0.0011348
10210.0 0.0011263
10230.0 0.0011179
10250.0 0.0011093
10270.0 0.0011007
10290.0 0.0010925
10310.0 0.0010841
10330.0 0.0010755
10350.0 0.0010673
10370.0 0.0010592
10390.0 0.0010509
10410.0 0.0010428
10430.0 0.0010349
10450.0 0.0010269
10470.0 0.0010188
10490.0 0.0010111
10510.0 0.0010033
10530.0 0.00099532
10550.0 0.00098752
10570.0 0.00098
10590.0 0.00097234
10610.0 0.00096461
10630.0 0.0009572
10650.0 0.0009498
10670.0 0.00094216
10690.0 0.00093471
10710.0 0.00092747
10730.0 0.00092007
10750.0 0.00091252
10770.0 0.00090543
10790.0 0.00089829
10810.0 0.00089097
10830.0 0.00088382
10850.0 0.00087694
10870.0 0.00086971
10890.0 0.00086257
10910.0 0.00085578
10930.0 0.00084905
10950.0 0.00084227
10970.0 0.00083586
10990.0 0.00082989
11010.0 0.00079913
11030.0 0.00079385
11050.0 0.00078899
11070.0 0.00078429
11090.0 0.00077947
11110.0 0.00077492
11130.0 0.0007704
11150.0 0.00076569
11170.0 0.00076089
11190.0 0.00075622
11210.0 0.00075138
11230.0 0.00074636
11250.0 0.00074149
11270.0 0.00073672
11290.0 0.00073182
11310.0 0.00072703
11330.0 0.00072263
11350.0 0.00071828
11370.0 0.00071402
11390.0 0.00071007
11410.0 0.00070635
11430.0 0.00070258
11450.0 0.00069901
11470.0 0.00069566
11490.0 0.00069229
11510.0 0.00068885
11530.0 0.00068555
11550.0 0.00068224
11570.0 0.00067872
11590.0 0.00067514
11610.0 0.00067159
11630.0 0.0006678
11650.0 0.00066378
11670.0 0.00065988
11690.0 0.00065592
11710.0 0.00065177
11730.0 0.00064766
11750.0 0.00064375
11770.0 0.00063971
11790.0 0.00063569
11810.0 0.00063191
11830.0 0.00062825
11850.0 0.00062448
11870.0 0.00062099
11890.0 0.00061777
11910.0 0.00061459
11930.0 0.00061154
11950.0 0.00060882
11970.0 0.00060627
11990.0 0.00060382
12010.0 0.00060172
12030.0 0.00059996
12050.0 0.00059842
12070.0 0.00059719
12090.0 0.00059643
12110.0 0.000596
12130.0 0.00059593
12150.0 0.00059625
12170.0 0.00059695
12190.0 0.00059802
12210.0 0.00059945
12230.0 0.00060118
12250.0 0.0006032
12270.0 0.00060552
12290.0 0.00060801
12310.0 0.00061062
12330.0 0.0006134
12350.0 0.00061624
12370.0 0.00061903
12390.0 0.00062177
12410.0 0.00062448
12430.0 0.00062692
12450.0 0.00062911
12470.0 0.00063104
12490.0 0.00063259
12510.0 0.00063375
12530.0 0.00063446
12550.0 0.00063466
12570.0 0.00063436
12590.0 0.00063357
12610.0 0.00063213
12630.0 0.00063011
12650.0 0.00062774
12670.0 0.00062478
12690.0 0.00062125
12710.0 0.00061744
12730.0 0.00061335
12750.0 0.00060862
12770.0 0.00060375
12790.0 0.00059888
12810.0 0.00059373
12830.0 0.00058833
12850.0 0.00058321
12870.0 0.00057814
12890.0 0.00057289
12910.0 0.00056782
12930.0 0.00056305
12950.0 0.00055817
12970.0 0.00055332
12990.0 0.00054888
13010.0 0.00054457
13030.0 0.00054024
13050.0 0.00053615
13070.0 0.0005324
13090.0 0.00052863
13110.0 0.000525
13130.0 0.00052172
13150.0 0.00051863
13170.0 0.00051557
13190.0 0.00051285
13210.0 0.00051044
13230.0 0.00050812
13250.0 0.00050595
13270.0 0.00050405
13290.0 0.00050224
13310.0 0.00050041
13330.0 0.00049872
13350.0 0.0004971
13370.0 0.00049538
13390.0 0.00049357
13410.0 0.00049184
13430.0 0.00048998
13450.0 0.00048794
13470.0 0.00048584
13490.0 0.00048371
13510.0 0.00048126
13530.0 0.00047872
13550.0 0.00047619
13570.0 0.00047349
13590.0 0.00047059
13610.0 0.00046771
13630.0 0.00046483
13650.0 0.00046172
13670.0 0.00045856
13690.0 0.00045547
13710.0 0.00045228
13730.0 0.00044885
13750.0 0.0004456
13770.0 0.00044235
13790.0 0.00043892
13810.0 0.00043548
13830.0 0.00043216
13850.0 0.00042867
13870.0 0.00042503
13890.0 0.00042148
13910.0 0.00041789
13930.0 0.00041406
13950.0 0.00041018
13970.0 0.00040645
13990.0 0.00040252
14010.0 0.00039845
14030.0 0.00039448
14050.0 0.00039051
14070.0 0.00038629
14090.0 0.0003822
14110.0 0.00037827
14130.0 0.00037429
14150.0 0.00037031
14170.0 0.00036664
14190.0 0.00036308
14210.0 0.00035952
14230.0 0.00035616
14250.0 0.00035303
14270.0 0.00034987
14290.0 0.00034676
14310.0 0.00034388
14330.0 0.00034103
14350.0 0.00033811
14370.0 0.00033527
14390.0 0.00033253
14410.0 0.00032968
14430.0 0.00032683
14450.0 0.0003241
14470.0 0.0003214
14490.0 0.00031863
14510.0 0.00031603
14530.0 0.00031358
14550.0 0.00031114
14570.0 0.0003088
14590.0 0.00030664
14610.0 0.00030453
14630.0 0.00030244
14650.0 0.0003005
14670.0 0.00029865
14690.0 0.00029681
14710.0 0.00029501
14730.0 0.00029336
14750.0 0.00029174
14770.0 0.00029015
14790.0 0.00028868
14810.0 0.00028731
14830.0 0.00028597
14850.0 0.00028477
14870.0 0.00028371
14890.0 0.00028276
14910.0 0.00028191
14930.0 0.00028117
14950.0 0.00028053
14970.0 0.00027991
14990.0 0.00027932
15010.0 0.00027873
15030.0 0.00027811
15050.0 0.00027743
15070.0 0.00027674
15090.0 0.000276
15110.0 0.00027523
15130.0 0.00027443
15150.0 0.00027364
15170.0 0.00027283
15190.0 0.00027199
15210.0 0.00027117
15230.0 0.00027034
15250.0 0.00026949
15270.0 0.00026863
15290.0 0.00026779
15310.0 0.00026694
15330.0 0.00026607
15350.0 0.00026521
15370.0 0.00026435
15390.0 0.00026346
15410.0 0.00026258
15430.0 0.00026171
15450.0 0.00026082
15470.0 0.00025992
15490.0 0.00025904
15510.0 0.00025815
15530.0 0.00025724
15550.0 0.00025634
15570.0 0.00025545
15590.0 0.00025454
15610.0 0.00025362
15630.0 0.00025272
15650.0 0.00025181
15670.0 0.00025089
15690.0 0.00024998
15710.0 0.00024908
15730.0 0.00024816
15750.0 0.00024723
15770.0 0.00024632
15790.0 0.00024541
15810.0 0.00024448
15830.0 0.00024356
15850.0 0.00024265
15870.0 0.00024173
15890.0 0.00024081
15910.0 0.0002399
15930.0 0.00023898
15950.0 0.00023806
15970.0 0.00023714
15990.0 0.00023623
16010.0 0.00023531
16030.0 0.00023439
16050.0 0.00023349
16070.0 0.00023259
16090.0 0.00023167
16110.0 0.00023077
16130.0 0.00022988
16150.0 0.00022896
16170.0 0.00022806
16190.0 0.00022717
16210.0 0.00022627
16230.0 0.00022537
16250.0 0.00022449
16270.0 0.00022361
16290.0 0.00022272
16310.0 0.00022183
16330.0 0.00022096
16350.0 0.00022009
16370.0 0.0002192
16390.0 0.00021834
16410.0 0.00021748
16430.0 0.00021661
16450.0 0.00021575
16470.0 0.0002149
16490.0 0.00021405
16510.0 0.00021319
16530.0 0.00021235
16550.0 0.00021152
16570.0 0.00021067
16590.0 0.00020983
16610.0 0.00020901
16630.0 0.00020819
16650.0 0.00020736
16670.0 0.00020655
16690.0 0.00020574
16710.0 0.00020492
16730.0 0.00020412
16750.0 0.00020332
16770.0 0.00020252
16790.0 0.00020172
16810.0 0.00020094
16830.0 0.00020017
16850.0 0.00019938
16870.0 0.00019861
16890.0 0.00019784
16910.0 0.00019707
16930.0 0.0001963
16950.0 0.00019555
16970.0 0.0001948
16990.0 0.00019405
17010.0 0.0001933
17030.0 0.00019258
17050.0 0.00019183
17070.0 0.0001911
17090.0 0.00019038
17110.0 0.00018966
17130.0 0.00018893
17150.0 0.00018822
17170.0 0.00018752
17190.0 0.00018681
17210.0 0.00018611
17230.0 0.00018542
17250.0 0.00018473
17270.0 0.00018403
17290.0 0.00018335
17310.0 0.00018268
17330.0 0.000182
17350.0 0.00018132
17370.0 0.00018067
17390.0 0.00018001
17410.0 0.00017934
17430.0 0.00017869
17450.0 0.00017805
17470.0 0.00017739
17490.0 0.00017675
17510.0 0.00017612
17530.0 0.00017548
17550.0 0.00017484
17570.0 0.00017422
17590.0 0.00017361
17610.0 0.00017298
17630.0 0.00017237
17650.0 0.00017176
17670.0 0.00017115
17690.0 0.00017054
17710.0 0.00016994
17730.0 0.00016935
17750.0 0.00016875
17770.0 0.00016816
17790.0 0.00016758
17810.0 0.000167
17830.0 0.00016641
17850.0 0.00016584
17870.0 0.00016527
17890.0 0.00016469
17910.0 0.00016412
17930.0 0.00016356
17950.0 0.000163
17970.0 0.00016244
17990.0 0.00016189
18010.0 0.00016134
18030.0 0.00016078
18050.0 0.00016024
18070.0 0.0001597
18090.0 0.00015916
18110.0 0.00015861
18130.0 0.00015808
18150.0 0.00015755
18170.0 0.00015702
18190.0 0.00015649
18210.0 0.00015598
18230.0 0.00015545
18250.0 0.00015492
18270.0 0.00015441
18290.0 0.0001539
18310.0 0.00015338
18330.0 0.00015287
18350.0 0.00015237
18370.0 0.00015186
18390.0 0.00015135
18410.0 0.00015086
18430.0 0.00015036
18450.0 0.00014985
18470.0 0.00014936
18490.0 0.00014888
18510.0 0.00014838
18530.0 0.00014789
18550.0 0.00014742
18570.0 0.00014693
18590.0 0.00014644
18610.0 0.00014596
18630.0 0.00014549
18650.0 0.00014501
18670.0 0.00014453
18690.0 0.00014407
18710.0 0.0001436
18730.0 0.00014312
18750.0 0.00014266
18770.0 0.0001422
18790.0 0.00014173
18810.0 0.00014126
18830.0 0.00014081
18850.0 0.00014035
18870.0 0.00013989
18890.0 0.00013944
18910.0 0.000139
18930.0 0.00013854
18950.0 0.00013809
18970.0 0.00013765
18990.0 0.0001372
19010.0 0.00013674
19030.0 0.00013631
19050.0 0.00013587
19070.0 0.00013543
19090.0 0.00013499
19110.0 0.00013457
19130.0 0.00013413
19150.0 0.00013369
19170.0 0.00013326
19190.0 0.00013284
19210.0 0.0001324
19230.0 0.00013198
19250.0 0.00013156
19270.0 0.00013114
19290.0 0.00013071
19310.0 0.0001303
19330.0 0.00012989
19350.0 0.00012946
19370.0 0.00012905
19390.0 0.00012865
19410.0 0.00012823
19430.0 0.00012782
19450.0 0.00012742
19470.0 0.00012702
19490.0 0.00012661
19510.0 0.00012621
19530.0 0.00012582
19550.0 0.00012542
19570.0 0.00012501
19590.0 0.00012463
19610.0 0.00012424
19630.0 0.00012384
19650.0 0.00012346
19670.0 0.00012308
19690.0 0.00012269
19710.0 0.00012231
19730.0 0.00012193
19750.0 0.00012155
19770.0 0.00012117
19790.0 0.0001208
19810.0 0.00012043
19830.0 0.00012006
19850.0 0.00011968
19870.0 0.00011932
19890.0 0.00011894
19910.0 0.00011853
19930.0 0.00011811
19950.0 0.00011764
19970.0 0.0001171
19990.0 0.00011648
20010.0 0.00011579
20030.0 0.00011498
20050.0 0.00011407
20070.0 0.0001131
20090.0 0.00011207
20110.0 0.00011093
20130.0 0.0001098
20150.0 0.00010869
20170.0 0.00010755
20190.0 0.00010641
20210.0 0.00010534
20230.0 0.00010429
20250.0 0.00010324
20270.0 0.00010225
20290.0 0.00010133
20310.0 0.00010042
20330.0 9.9542e-05
20350.0 9.8765e-05
20370.0 9.8026e-05
20390.0 9.7312e-05
20410.0 9.666e-05
20430.0 9.6073e-05
20450.0 9.5498e-05
20470.0 9.4971e-05
20490.0 9.4505e-05
20510.0 9.4077e-05
20530.0 9.3675e-05
20550.0 9.3323e-05
20570.0 9.3021e-05
20590.0 9.2743e-05
20610.0 9.2499e-05
20630.0 9.2298e-05
20650.0 9.2123e-05
20670.0 9.1968e-05
20690.0 9.1845e-05
20710.0 9.1743e-05
20730.0 9.1651e-05
20750.0 9.1569e-05
20770.0 9.1495e-05
20790.0 9.1416e-05
20810.0 9.1325e-05
20830.0 9.1223e-05
20850.0 9.1103e-05
20870.0 9.0949e-05
20890.0 9.0761e-05
20910.0 9.0553e-05
20930.0 9.0302e-05
20950.0 9.0004e-05
20970.0 8.9679e-05
20990.0 8.9325e-05
21010.0 8.8912e-05
21030.0 8.8471e-05
21050.0 8.8018e-05
21070.0 8.7529e-05
21090.0 8.6997e-05
21110.0 8.6479e-05
21130.0 8.5954e-05
21150.0 8.5398e-05
21170.0 8.4844e-05
21190.0 8.4313e-05
21210.0 8.376e-05
21230.0 8.3199e-05
21250.0 8.2673e-05
21270.0 8.216e-05
21290.0 8.1638e-05
21310.0 8.1135e-05
21330.0 8.0675e-05
21350.0 8.0208e-05
21370.0 7.975e-05
21390.0 7.9326e-05
21410.0 7.892e-05
21430.0 7.8497e-05
21450.0 7.8106e-05
21470.0 7.7744e-05
21490.0 7.7378e-05
21510.0 7.7014e-05
21530.0 7.668e-05
21550.0 7.635e-05
21570.0 7.6006e-05
21590.0 7.5678e-05
21610.0 7.5365e-05
21630.0 7.504e-05
21650.0 7.4702e-05
21670.0 7.4397e-05
21690.0 7.4084e-05
21710.0 7.3755e-05
21730.0 7.3436e-05
21750.0 7.313e-05
21770.0 7.2793e-05
21790.0 7.2455e-05
21810.0 7.2133e-05
21830.0 7.1802e-05
21850.0 7.1449e-05
21870.0 7.1106e-05
21890.0 7.0777e-05
21910.0 7.0423e-05
21930.0 7.0065e-05
21950.0 6.9723e-05
21970.0 6.937e-05
21990.0 6.8988e-05
22010.0 6.8631e-05
22030.0 6.8281e-05
22050.0 6.7913e-05
22070.0 6.7544e-05
22090.0 6.7204e-05
22110.0 6.6854e-05
22130.0 6.6493e-05
22150.0 6.6157e-05
22170.0 6.5837e-05
22190.0 6.5502e-05
22210.0 6.5182e-05
22230.0 6.4902e-05
22250.0 6.4623e-05
22270.0 6.435e-05
22290.0 6.411e-05
22310.0 6.3892e-05
22330.0 6.3668e-05
22350.0 6.347e-05
22370.0 6.3302e-05
22390.0 6.3141e-05
22410.0 6.2983e-05
22430.0 6.286e-05
22450.0 6.2752e-05
22470.0 6.2644e-05
22490.0 6.2554e-05
22510.0 6.2486e-05
22530.0 6.2416e-05
22550.0 6.2352e-05
22570.0 6.2312e-05
22590.0 6.2282e-05
22610.0 6.2254e-05
22630.0 6.224e-05
22650.0 6.2249e-05
22670.0 6.2259e-05
22690.0 6.2279e-05
22710.0 6.2319e-05
22730.0 6.2373e-05
22750.0 6.2427e-05
22770.0 6.2505e-05
22790.0 6.2602e-05
22810.0 6.271e-05
22830.0 6.2832e-05
22850.0 6.2978e-05
22870.0 6.3141e-05
22890.0 6.332e-05
22910.0 6.3523e-05
22930.0 6.3752e-05
22950.0 6.4003e-05
22970.0 6.4282e-05
22990.0 6.4591e-05
23010.0 6.493e-05
23030.0 6.5302e-05
23050.0 6.5706e-05
23070.0 6.6139e-05
23090.0 6.6615e-05
23110.0 6.7124e-05
23130.0 6.7661e-05
23150.0 6.8233e-05
23170.0 6.8846e-05
23190.0 6.9481e-05
23210.0 7.0137e-05
23230.0 7.0832e-05
23250.0 7.1551e-05
23270.0 7.2279e-05
23290.0 7.3034e-05
23310.0 7.3823e-05
23330.0 7.4607e-05
23350.0 7.5397e-05
23370.0 7.6209e-05
23390.0 7.7027e-05
23410.0 7.7831e-05
23430.0 7.865e-05
23450.0 7.9498e-05
23470.0 8.0338e-05
23490.0 8.1177e-05
23510.0 8.2036e-05
23530.0 8.2894e-05
23550.0 8.3737e-05
23570.0 8.4593e-05
23590.0 8.546e-05
23610.0 8.6319e-05
23630.0 8.7178e-05
23650.0 8.8061e-05
23670.0 8.894e-05
23690.0 8.9814e-05
23710.0 9.0702e-05
23730.0 9.1606e-05
23750.0 9.2498e-05
23770.0 9.3398e-05
23790.0 9.4318e-05
23810.0 9.5243e-05
23830.0 9.6166e-05
23850.0 9.7118e-05
23870.0 9.8088e-05
23890.0 9.9056e-05
23910.0 0.00010004
23930.0 0.00010105
23950.0 0.00010207
23970.0 0.00010309
23990.0 0.00010413
24010.0 0.00010518
24030.0 0.00010622
24050.0 0.00010726
24070.0 0.0001083
24090.0 0.00010932
24110.0 0.00011031
24130.0 0.0001113
24150.0 0.00011226
24170.0 0.00011318
24190.0 0.00011409
24210.0 0.00011498
24230.0 0.00011584
24250.0 0.00011669
24270.0 0.00011753
24290.0 0.00011837
24310.0 0.0001192
24330.0 0.00012003
24350.0 0.00012088
24370.0 0.00012174
24390.0 0.00012261
24410.0 0.00012351
24430.0 0.00012444
24450.0 0.00012539
24470.0 0.00012637
24490.0 0.00012739
24510.0 0.00012843
24530.0 0.00012949
24550.0 0.0001306
24570.0 0.00013173
24590.0 0.00013288
24610.0 0.00013405
24630.0 0.00013527
24650.0 0.0001365
24670.0 0.00013775
24690.0 0.00013906
24710.0 0.0001404
24730.0 0.00014178
24750.0 0.00014322
24770.0 0.00014472
24790.0 0.00014624
24810.0 0.00014772
24830.0 0.00014909
24850.0 0.00015004
24870.0 0.0001502
24890.0 0.00014889
24910.0 0.00014517
24930.0 0.00013853
24950.0 0.00012834
24970.0 0.00011363
24990.0 9.6412e-05
