#lamb flux
1010.0 0.00013549
1030.0 0.00016654
1050.0 0.00019932
1070.0 0.00023239
1090.0 0.00026537
1110.0 0.00029243
1130.0 0.00031172
1150.0 0.00031986
1170.0 0.00031903
1190.0 0.00030949
1210.0 0.00033918
1230.0 0.00037023
1250.0 0.00040101
1270.0 0.00043105
1290.0 0.00046233
1310.0 0.00049308
1330.0 0.00052184
1350.0 0.00054982
1370.0 0.00057735
1390.0 0.00060265
1410.0 0.00062552
1430.0 0.00064793
1450.0 0.00066869
1470.0 0.000687
1490.0 0.00070423
1510.0 0.00082047
1530.0 0.00098131
1550.0 0.0011464
1570.0 0.0012982
1590.0 0.0014529
1610.0 0.0016059
1630.0 0.0017591
1650.0 0.0019115
1670.0 0.0020584
1690.0 0.0022001
1710.0 0.0023393
1730.0 0.0024738
1750.0 0.0025991
1770.0 0.0027209
1790.0 0.0028391
1810.0 0.00295
1830.0 0.0030549
1850.0 0.0031597
1870.0 0.0032583
1890.0 0.0033504
1910.0 0.0034403
1930.0 0.0035285
1950.0 0.00361
1970.0 0.0036874
1990.0 0.0037647
2010.0 0.0038379
2030.0 0.0039058
2050.0 0.0039735
2070.0 0.0040407
2090.0 0.0041015
2110.0 0.0041601
2130.0 0.004219
2150.0 0.0042748
2170.0 0.0043261
2190.0 0.0043788
2210.0 0.0044309
2230.0 0.0044792
2250.0 0.0045266
2270.0 0.0045767
2290.0 0.0046244
2310.0 0.0046693
2330.0 0.0047165
2350.0 0.0047646
2370.0 0.0048103
2390.0 0.0048572
2410.0 0.0049081
2430.0 0.0049588
2450.0 0.0050118
2470.0 0.0050745
2490.0 0.0051527
2510.0 0.005248
2530.0 0.0053788
2550.0 0.0055675
2570.0 0.0058262
2590.0 0.0061706
2610.0 0.0066641
2630.0 0.007314
2650.0 0.0080998
2670.0 0.0090585
2690.0 0.010203
2710.0 0.011435
2730.0 0.012707
2750.0 0.014061
2770.0 0.015377
2790.0 0.016576
2810.0 0.017678
2830.0 0.018683
2850.0 0.019499
2870.0 0.020193
2890.0 0.020811
2910.0 0.021362
2930.0 0.021858
2950.0 0.022348
2970.0 0.022838
2990.0 0.023315
3010.0 0.023791
3030.0 0.02428
3050.0 0.024766
3070.0 0.025228
3090.0 0.025694
3110.0 0.026165
3130.0 0.026653
3150.0 0.027334
3170.0 0.028223
3190.0 0.029457
3210.0 0.031122
3230.0 0.03334
3250.0 0.035922
3270.0 0.037791
3290.0 0.041712
3310.0 0.051669
3330.0 0.053787
3350.0 0.053969
3370.0 0.054026
3390.0 0.054084
3410.0 0.054191
3430.0 0.054336
3450.0 0.054496
3470.0 0.054631
3490.0 0.054797
3510.0 0.055174
3530.0 0.054375
3550.0 0.052171
3570.0 0.051048
3590.0 0.052056
3610.0 0.055391
3630.0 0.054643
3650.0 0.051284
3670.0 0.047287
3690.0 0.045653
3710.0 0.046807
3730.0 0.048136
3750.0 0.048746
3770.0 0.050377
3790.0 0.052329
3810.0 0.051165
3830.0 0.048099
3850.0 0.045895
3870.0 0.04521
3890.0 0.044676
3910.0 0.043855
3930.0 0.044044
3950.0 0.045948
3970.0 0.04821
3990.0 0.049971
4010.0 0.048932
4030.0 0.047496
4050.0 0.047159
4070.0 0.047074
4090.0 0.047087
4110.0 0.046541
4130.0 0.045095
4150.0 0.043674
4170.0 0.043387
4190.0 0.041624
4210.0 0.039103
4230.0 0.036246
4250.0 0.033475
4270.0 0.031656
4290.0 0.030151
4310.0 0.029838
4330.0 0.030856
4350.0 0.031603
4370.0 0.033
4390.0 0.035072
4410.0 0.03693
4430.0 0.036461
4450.0 0.034227
4470.0 0.032353
4490.0 0.031491
4510.0 0.031233
4530.0 0.031461
4550.0 0.031736
4570.0 0.03228
4590.0 0.033323
4610.0 0.035192
4630.0 0.036509
4650.0 0.037487
4670.0 0.036971
4690.0 0.035223
4710.0 0.033322
4730.0 0.032207
4750.0 0.031499
4770.0 0.032022
4790.0 0.031874
4810.0 0.031163
4830.0 0.031783
4850.0 0.032188
4870.0 0.032957
4890.0 0.031706
4910.0 0.03028
4930.0 0.028182
4950.0 0.025855
4970.0 0.023777
4990.0 0.02207
5010.0 0.021721
5030.0 0.022229
5050.0 0.022071
5070.0 0.022568
5090.0 0.023519
5110.0 0.023434
5130.0 0.023273
5150.0 0.023202
5170.0 0.023222
5190.0 0.023525
5210.0 0.023033
5230.0 0.02252
5250.0 0.022133
5270.0 0.021741
5290.0 0.021474
5310.0 0.021196
5330.0 0.020445
5350.0 0.020076
5370.0 0.019552
5390.0 0.018932
5410.0 0.018561
5430.0 0.018165
5450.0 0.018467
5470.0 0.018652
5490.0 0.018563
5510.0 0.019029
5530.0 0.019136
5550.0 0.019404
5570.0 0.019251
5590.0 0.018631
5610.0 0.018451
5630.0 0.018656
5650.0 0.018418
5670.0 0.018054
5690.0 0.017489
5710.0 0.01765
5730.0 0.017863
5750.0 0.017189
5770.0 0.01646
5790.0 0.015055
5810.0 0.013112
5830.0 0.014413
5850.0 0.016417
5870.0 0.017096
5890.0 0.017416
5910.0 0.017653
5930.0 0.017918
5950.0 0.017806
5970.0 0.017851
5990.0 0.017786
6010.0 0.017549
6030.0 0.017175
6050.0 0.017192
6070.0 0.017527
6090.0 0.017473
6110.0 0.017116
6130.0 0.016861
6150.0 0.016428
6170.0 0.015954
6190.0 0.015675
6210.0 0.015341
6230.0 0.015296
6250.0 0.015211
6270.0 0.015129
6290.0 0.015158
6310.0 0.015175
6330.0 0.015032
6350.0 0.01476
6370.0 0.014627
6390.0 0.014621
6410.0 0.014335
6430.0 0.014152
6450.0 0.013947
6470.0 0.013744
6490.0 0.013637
6510.0 0.013613
6530.0 0.013341
6550.0 0.013134
6570.0 0.013067
6590.0 0.013052
6610.0 0.013019
6630.0 0.012612
6650.0 0.01234
6670.0 0.012268
6690.0 0.0121
6710.0 0.011835
6730.0 0.011749
6750.0 0.011829
6770.0 0.012595
6790.0 0.014361
6810.0 0.013478
6830.0 0.011602
6850.0 0.011146
6870.0 0.010909
6890.0 0.01085
6910.0 0.010807
6930.0 0.010771
6950.0 0.01061
6970.0 0.010255
6990.0 0.010067
7010.0 0.010119
7030.0 0.010022
7050.0 0.0097658
7070.0 0.009662
7090.0 0.0097034
7110.0 0.0098439
7130.0 0.0097127
7150.0 0.009601
7170.0 0.0095298
7190.0 0.0095971
7210.0 0.0094714
7230.0 0.0093504
7250.0 0.0093546
7270.0 0.0092874
7290.0 0.0092598
7310.0 0.0093647
7330.0 0.0091733
7350.0 0.0088601
7370.0 0.0085374
7390.0 0.0083043
7410.0 0.008337
7430.0 0.0082981
7450.0 0.0082257
7470.0 0.0081385
7490.0 0.0079399
7510.0 0.0077868
7530.0 0.0077188
7550.0 0.0080597
7570.0 0.0079762
7590.0 0.0073202
7610.0 0.0070519
7630.0 0.0074181
7650.0 0.0074017
7670.0 0.0074933
7690.0 0.0078534
7710.0 0.0079306
7730.0 0.0077863
7750.0 0.0082027
7770.0 0.00774
7790.0 0.0073984
7810.0 0.0078424
7830.0 0.0079771
7850.0 0.0082052
7870.0 0.0081813
7890.0 0.0082203
7910.0 0.0080702
7930.0 0.0081305
7950.0 0.0085096
7970.0 0.008358
7990.0 0.0076251
8010.0 0.0076806
8030.0 0.0075812
8050.0 0.007441
8070.0 0.0072569
8090.0 0.0065875
8110.0 0.0065915
8130.0 0.0071567
8150.0 0.0074641
8170.0 0.0075673
8190.0 0.0078074
8210.0 0.0076292
8230.0 0.0075447
8250.0 0.0075337
8270.0 0.0074025
8290.0 0.0072534
8310.0 0.0069065
8330.0 0.0068861
8350.0 0.007016
8370.0 0.0070642
8390.0 0.0070001
8410.0 0.0069053
8430.0 0.0067636
8450.0 0.0067314
8470.0 0.0070388
8490.0 0.0071067
8510.0 0.0067905
8530.0 0.0065737
8550.0 0.0065292
8570.0 0.0063032
8590.0 0.0062275
8610.0 0.0063371
8630.0 0.0063804
8650.0 0.0063441
8670.0 0.0063074
8690.0 0.0062213
8710.0 0.0059597
8730.0 0.0059193
8750.0 0.0057956
8770.0 0.0058124
8790.0 0.0057953
8810.0 0.0056164
8830.0 0.0056229
8850.0 0.0057017
8870.0 0.0054273
8890.0 0.0051845
8910.0 0.0050309
8930.0 0.0048381
8950.0 0.0046739
8970.0 0.0044793
8990.0 0.0044013
9010.0 0.0042253
9030.0 0.0041742
9050.0 0.0041495
9070.0 0.004126
9090.0 0.0041022
9110.0 0.0040778
9130.0 0.0040535
9150.0 0.0040296
9170.0 0.0040054
9190.0 0.003981
9210.0 0.0039564
9230.0 0.0039316
9250.0 0.0039068
9270.0 0.0038818
9290.0 0.0038567
9310.0 0.0038323
9330.0 0.0038087
9350.0 0.0037851
9370.0 0.0037614
9390.0 0.0037378
9410.0 0.003714
9430.0 0.0036903
9450.0 0.0036665
9470.0 0.003645
9490.0 0.0036223
9510.0 0.0035974
9530.0 0.0035728
9550.0 0.0035487
9570.0 0.0035249
9590.0 0.0035011
9610.0 0.0034784
9630.0 0.0034559
9650.0 0.0034335
9670.0 0.003411
9690.0 0.0033888
9710.0 0.0033667
9730.0 0.0033445
9750.0 0.0033225
9770.0 0.0033008
9790.0 0.0032791
9810.0 0.0032574
9830.0 0.003236
9850.0 0.0032128
9870.0 0.0031891
9890.0 0.00317
9910.0 0.0031504
9930.0 0.0031272
9950.0 0.0031067
9970.0 0.0030879
9990.0 0.0030686
10010.0 0.0030495
10030.0 0.0030301
10050.0 0.0030105
10070.0 0.0029912
10090.0 0.0029721
10110.0 0.0029529
10130.0 0.002934
10150.0 0.0029154
10170.0 0.002897
10190.0 0.0028786
10210.0 0.0028606
10230.0 0.0028429
10250.0 0.0028252
10270.0 0.0028077
10290.0 0.0027907
10310.0 0.0027736
10330.0 0.0027567
10350.0 0.0027401
10370.0 0.0027238
10390.0 0.0027074
10410.0 0.0026898
10430.0 0.0026721
10450.0 0.0026583
10470.0 0.0026437
10490.0 0.0026292
10510.0 0.0026147
10530.0 0.0025999
10550.0 0.0025854
10570.0 0.0025713
10590.0 0.0025572
10610.0 0.0025431
10630.0 0.0025296
10650.0 0.0025163
10670.0 0.0025027
10690.0 0.0024896
10710.0 0.0024768
10730.0 0.002464
10750.0 0.0024511
10770.0 0.002439
10790.0 0.0024269
10810.0 0.0024148
10830.0 0.002403
10850.0 0.0023916
10870.0 0.00238
10890.0 0.0023685
10910.0 0.0023574
10930.0 0.0023463
10950.0 0.002335
10970.0 0.0023238
10990.0 0.0023128
11010.0 0.0023289
11030.0 0.002317
11050.0 0.0023057
11070.0 0.0022943
11090.0 0.002282
11110.0 0.0022703
11130.0 0.0022588
11150.0 0.0022465
11170.0 0.002234
11190.0 0.002222
11210.0 0.0022095
11230.0 0.0021965
11250.0 0.0021841
11270.0 0.0021722
11290.0 0.0021598
11310.0 0.002148
11330.0 0.0021375
11350.0 0.0021273
11370.0 0.0021174
11390.0 0.0021087
11410.0 0.0021008
11430.0 0.0020929
11450.0 0.0020858
11470.0 0.0020794
11490.0 0.002073
11510.0 0.0020666
11530.0 0.0020606
11550.0 0.0020548
11570.0 0.0020483
11590.0 0.0020418
11610.0 0.0020353
11630.0 0.0020281
11650.0 0.0020202
11670.0 0.0020125
11690.0 0.0020046
11710.0 0.0019958
11730.0 0.0019869
11750.0 0.0019783
11770.0 0.0019691
11790.0 0.0019595
11810.0 0.0019504
11830.0 0.0019414
11850.0 0.0019317
11870.0 0.0019227
11890.0 0.0019143
11910.0 0.001906
11930.0 0.0018978
11950.0 0.0018907
11970.0 0.0018839
11990.0 0.0018773
12010.0 0.0018715
12030.0 0.0018666
12050.0 0.001862
12070.0 0.0018578
12090.0 0.0018547
12110.0 0.001852
12130.0 0.0018495
12150.0 0.0018477
12170.0 0.0018463
12190.0 0.0018449
12210.0 0.0018436
12230.0 0.0018425
12250.0 0.0018411
12270.0 0.0018393
12290.0 0.0018372
12310.0 0.0018347
12330.0 0.0018312
12350.0 0.0018269
12370.0 0.001822
12390.0 0.0018162
12410.0 0.0018088
12430.0 0.001801
12450.0 0.0017924
12470.0 0.0017826
12490.0 0.0017719
12510.0 0.0017611
12530.0 0.0017492
12550.0 0.0017364
12570.0 0.0017236
12590.0 0.0017106
12610.0 0.0016966
12630.0 0.0016825
12650.0 0.0016692
12670.0 0.0016555
12690.0 0.0016416
12710.0 0.0016284
12730.0 0.0016157
12750.0 0.0016026
12770.0 0.0015904
12790.0 0.0015791
12810.0 0.0015681
12830.0 0.0015574
12850.0 0.001548
12870.0 0.0015394
12890.0 0.0015311
12910.0 0.0015238
12930.0 0.0015176
12950.0 0.0015118
12970.0 0.0015069
12990.0 0.001503
13010.0 0.0015
13030.0 0.0014977
13050.0 0.0014962
13070.0 0.0014954
13090.0 0.0014951
13110.0 0.0014952
13130.0 0.0014956
13150.0 0.0014961
13170.0 0.0014965
13190.0 0.0014967
13210.0 0.0014963
13230.0 0.0014953
13250.0 0.0014935
13270.0 0.0014908
13290.0 0.0014873
13310.0 0.0014825
13330.0 0.0014768
13350.0 0.0014702
13370.0 0.0014624
13390.0 0.0014535
13410.0 0.0014443
13430.0 0.001434
13450.0 0.0014228
13470.0 0.0014111
13490.0 0.0013991
13510.0 0.0013858
13530.0 0.0013721
13550.0 0.0013585
13570.0 0.0013444
13590.0 0.0013295
13610.0 0.0013148
13630.0 0.0013003
13650.0 0.001285
13670.0 0.0012696
13690.0 0.0012547
13710.0 0.0012396
13730.0 0.0012239
13750.0 0.0012091
13770.0 0.0011947
13790.0 0.00118
13810.0 0.0011657
13830.0 0.0011523
13850.0 0.0011389
13870.0 0.0011257
13890.0 0.0011133
13910.0 0.0011014
13930.0 0.0010895
13950.0 0.0010782
13970.0 0.0010677
13990.0 0.0010574
14010.0 0.0010473
14030.0 0.0010378
14050.0 0.0010288
14070.0 0.0010197
14090.0 0.0010112
14110.0 0.0010032
14130.0 0.00099537
14150.0 0.00098773
14170.0 0.00098069
14190.0 0.00097392
14210.0 0.00096719
14230.0 0.00096078
14250.0 0.00095471
14270.0 0.0009486
14290.0 0.00094256
14310.0 0.00093686
14330.0 0.00093122
14350.0 0.00092553
14370.0 0.00091999
14390.0 0.00091465
14410.0 0.0009092
14430.0 0.00090377
14450.0 0.00089852
14470.0 0.00089328
14490.0 0.00088789
14510.0 0.00088265
14530.0 0.00087753
14550.0 0.00087228
14570.0 0.000867
14590.0 0.00086185
14610.0 0.00085662
14630.0 0.00085121
14650.0 0.00084589
14670.0 0.00084061
14690.0 0.00083515
14710.0 0.0008296
14730.0 0.00082424
14750.0 0.00081875
14770.0 0.0008131
14790.0 0.00080751
14810.0 0.00080196
14830.0 0.00079607
14850.0 0.0007902
14870.0 0.00078446
14890.0 0.00077862
14910.0 0.0007727
14930.0 0.00076703
14950.0 0.00076163
14970.0 0.0007563
14990.0 0.00075135
15010.0 0.00074687
15030.0 0.0007427
15050.0 0.00073876
15070.0 0.00073525
15090.0 0.00073196
15110.0 0.00072874
15130.0 0.00072563
15150.0 0.00072265
15170.0 0.00071964
15190.0 0.00071662
15210.0 0.00071368
15230.0 0.00071076
15250.0 0.00070779
15270.0 0.00070484
15290.0 0.00070199
15310.0 0.0006991
15330.0 0.0006962
15350.0 0.00069338
15370.0 0.00069057
15390.0 0.00068768
15410.0 0.00068487
15430.0 0.00068211
15450.0 0.00067932
15470.0 0.00067651
15490.0 0.0006738
15510.0 0.0006711
15530.0 0.00066836
15550.0 0.00066567
15570.0 0.00066303
15590.0 0.00066035
15610.0 0.00065765
15630.0 0.00065506
15650.0 0.00065247
15670.0 0.00064984
15690.0 0.00064727
15710.0 0.00064477
15730.0 0.00064221
15750.0 0.00063966
15770.0 0.00063719
15790.0 0.00063472
15810.0 0.00063219
15830.0 0.00062974
15850.0 0.00062735
15870.0 0.00062492
15890.0 0.00062251
15910.0 0.00062017
15930.0 0.00061782
15950.0 0.00061543
15970.0 0.00061311
15990.0 0.00061083
16010.0 0.00060852
16030.0 0.0006062
16050.0 0.000604
16070.0 0.00060177
16090.0 0.00059952
16110.0 0.00059733
16130.0 0.00059519
16150.0 0.00059296
16170.0 0.00059078
16190.0 0.00058868
16210.0 0.00058656
16230.0 0.00058442
16250.0 0.00058235
16270.0 0.00058032
16290.0 0.00057823
16310.0 0.00057618
16330.0 0.0005742
16350.0 0.00057219
16370.0 0.00057012
16390.0 0.00056818
16410.0 0.00056624
16430.0 0.00056427
16450.0 0.00056233
16470.0 0.00056047
16490.0 0.00055855
16510.0 0.00055662
16530.0 0.00055477
16550.0 0.00055293
16570.0 0.00055104
16590.0 0.00054919
16610.0 0.00054742
16630.0 0.00054561
16650.0 0.00054379
16670.0 0.00054204
16690.0 0.0005403
16710.0 0.00053849
16730.0 0.00053674
16750.0 0.00053505
16770.0 0.00053332
16790.0 0.00053157
16810.0 0.00052992
16830.0 0.00052826
16850.0 0.00052656
16870.0 0.0005249
16890.0 0.00052329
16910.0 0.00052163
16930.0 0.00051995
16950.0 0.00051837
16970.0 0.00051678
16990.0 0.00051515
17010.0 0.00051357
17030.0 0.00051204
17050.0 0.00051044
17070.0 0.00050886
17090.0 0.00050734
17110.0 0.00050581
17130.0 0.00050422
17150.0 0.00050271
17170.0 0.00050123
17190.0 0.00049971
17210.0 0.00049819
17230.0 0.00049675
17250.0 0.00049527
17270.0 0.00049374
17290.0 0.00049228
17310.0 0.00049085
17330.0 0.00048937
17350.0 0.00048788
17370.0 0.0004865
17390.0 0.00048507
17410.0 0.00048361
17430.0 0.0004822
17450.0 0.00048083
17470.0 0.00047936
17490.0 0.00047794
17510.0 0.00047657
17530.0 0.00047518
17550.0 0.00047375
17570.0 0.00047239
17590.0 0.00047105
17610.0 0.00046964
17630.0 0.00046826
17650.0 0.00046693
17670.0 0.00046557
17690.0 0.00046414
17710.0 0.00046282
17730.0 0.00046149
17750.0 0.00046012
17770.0 0.00045877
17790.0 0.00045748
17810.0 0.00045613
17830.0 0.00045475
17850.0 0.00045345
17870.0 0.00045214
17890.0 0.00045077
17910.0 0.00044943
17930.0 0.00044816
17950.0 0.00044683
17970.0 0.00044549
17990.0 0.00044421
18010.0 0.00044292
18030.0 0.00044154
18050.0 0.00044023
18070.0 0.00043896
18090.0 0.00043764
18110.0 0.00043629
18130.0 0.00043503
18150.0 0.00043374
18170.0 0.00043241
18190.0 0.00043111
18210.0 0.00042985
18230.0 0.00042851
18250.0 0.00042716
18270.0 0.0004259
18290.0 0.00042461
18310.0 0.00042328
18330.0 0.00042199
18350.0 0.00042074
18370.0 0.0004194
18390.0 0.00041808
18410.0 0.00041681
18430.0 0.00041552
18450.0 0.00041415
18470.0 0.00041286
18490.0 0.0004116
18510.0 0.00041027
18530.0 0.00040895
18550.0 0.00040769
18570.0 0.00040638
18590.0 0.00040502
18610.0 0.00040372
18630.0 0.00040244
18650.0 0.00040109
18670.0 0.00039974
18690.0 0.00039848
18710.0 0.00039717
18730.0 0.00039581
18750.0 0.00039451
18770.0 0.00039323
18790.0 0.00039184
18810.0 0.00039049
18830.0 0.0003892
18850.0 0.00038787
18870.0 0.0003865
18890.0 0.00038519
18910.0 0.00038389
18930.0 0.00038251
18950.0 0.00038115
18970.0 0.00037985
18990.0 0.00037849
19010.0 0.00037707
19030.0 0.00037575
19050.0 0.00037442
19070.0 0.00037303
19090.0 0.00037167
19110.0 0.00037036
19130.0 0.00036896
19150.0 0.00036756
19170.0 0.00036621
19190.0 0.00036485
19210.0 0.00036342
19230.0 0.00036202
19250.0 0.00036069
19270.0 0.00035929
19290.0 0.00035787
19310.0 0.00035652
19330.0 0.00035514
19350.0 0.00035367
19370.0 0.00035227
19390.0 0.00035089
19410.0 0.00034946
19430.0 0.00034801
19450.0 0.00034664
19470.0 0.00034523
19490.0 0.00034377
19510.0 0.00034235
19530.0 0.00034095
19550.0 0.00033948
19570.0 0.00033799
19590.0 0.00033659
19610.0 0.00033516
19630.0 0.00033367
19650.0 0.00033223
19670.0 0.00033082
19690.0 0.00032932
19710.0 0.00032783
19730.0 0.0003264
19750.0 0.00032493
19770.0 0.00032339
19790.0 0.00032193
19810.0 0.00032048
19830.0 0.00031898
19850.0 0.00031748
19870.0 0.00031605
19890.0 0.00031458
19910.0 0.00031309
19930.0 0.00031173
19950.0 0.00031047
19970.0 0.00030926
19990.0 0.00030823
20010.0 0.00030742
20030.0 0.00030676
20050.0 0.00030625
20070.0 0.00030592
20090.0 0.0003057
20110.0 0.00030553
20130.0 0.00030543
20150.0 0.00030537
20170.0 0.00030529
20190.0 0.00030521
20210.0 0.00030513
20230.0 0.00030502
20250.0 0.00030488
20270.0 0.00030472
20290.0 0.00030455
20310.0 0.00030434
20330.0 0.00030409
20350.0 0.00030384
20370.0 0.00030356
20390.0 0.00030324
20410.0 0.00030291
20430.0 0.00030258
20450.0 0.0003022
20470.0 0.00030181
20490.0 0.00030144
20510.0 0.00030105
20530.0 0.00030065
20550.0 0.00030027
20570.0 0.00029992
20590.0 0.00029956
20610.0 0.00029921
20630.0 0.00029889
20650.0 0.00029858
20670.0 0.00029825
20690.0 0.00029794
20710.0 0.00029764
20730.0 0.00029731
20750.0 0.00029696
20770.0 0.00029661
20790.0 0.00029621
20810.0 0.00029576
20830.0 0.00029527
20850.0 0.00029475
20870.0 0.00029414
20890.0 0.00029347
20910.0 0.00029279
20930.0 0.00029205
20950.0 0.00029123
20970.0 0.00029041
20990.0 0.00028958
21010.0 0.00028867
21030.0 0.00028775
21050.0 0.00028687
21070.0 0.00028596
21090.0 0.00028501
21110.0 0.00028413
21130.0 0.00028328
21150.0 0.00028239
21170.0 0.00028153
21190.0 0.00028072
21210.0 0.00027988
21230.0 0.00027901
21250.0 0.00027819
21270.0 0.00027737
21290.0 0.0002765
21310.0 0.00027562
21330.0 0.00027477
21350.0 0.00027385
21370.0 0.0002729
21390.0 0.00027195
21410.0 0.00027098
21430.0 0.00026991
21450.0 0.00026884
21470.0 0.00026779
21490.0 0.00026667
21510.0 0.0002655
21530.0 0.00026438
21550.0 0.00026322
21570.0 0.00026199
21590.0 0.00026078
21610.0 0.00025959
21630.0 0.00025836
21650.0 0.00025708
21670.0 0.0002559
21690.0 0.00025471
21710.0 0.00025347
21730.0 0.00025227
21750.0 0.00025113
21770.0 0.0002499
21790.0 0.00024869
21810.0 0.00024753
21830.0 0.00024637
21850.0 0.00024516
21870.0 0.00024399
21890.0 0.00024286
21910.0 0.00024169
21930.0 0.00024052
21950.0 0.00023941
21970.0 0.0002383
21990.0 0.00023713
22010.0 0.00023606
22030.0 0.00023504
22050.0 0.00023401
22070.0 0.00023302
22090.0 0.00023213
22110.0 0.00023127
22130.0 0.00023042
22150.0 0.00022966
22170.0 0.00022898
22190.0 0.0002283
22210.0 0.00022767
22230.0 0.00022715
22250.0 0.00022664
22270.0 0.00022616
22290.0 0.00022575
22310.0 0.00022537
22330.0 0.00022497
22350.0 0.00022461
22370.0 0.00022428
22390.0 0.00022394
22410.0 0.00022359
22430.0 0.00022326
22450.0 0.00022294
22470.0 0.00022259
22490.0 0.00022224
22510.0 0.00022191
22530.0 0.00022155
22550.0 0.00022116
22570.0 0.00022081
22590.0 0.00022046
22610.0 0.0002201
22630.0 0.00021975
22650.0 0.00021944
22670.0 0.00021913
22690.0 0.00021884
22710.0 0.00021859
22730.0 0.00021838
22750.0 0.00021817
22770.0 0.00021802
22790.0 0.00021793
22810.0 0.00021787
22830.0 0.00021785
22850.0 0.00021789
22870.0 0.00021797
22890.0 0.00021808
22910.0 0.00021824
22930.0 0.00021844
22950.0 0.00021868
22970.0 0.00021894
22990.0 0.00021925
23010.0 0.00021959
23030.0 0.00021995
23050.0 0.00022035
23070.0 0.00022078
23090.0 0.00022125
23110.0 0.00022174
23130.0 0.00022228
23150.0 0.00022286
23170.0 0.00022349
23190.0 0.00022419
23210.0 0.00022494
23230.0 0.00022576
23250.0 0.00022665
23270.0 0.00022759
23290.0 0.0002286
23310.0 0.00022969
23330.0 0.00023081
23350.0 0.00023197
23370.0 0.00023319
23390.0 0.00023443
23410.0 0.00023568
23430.0 0.00023694
23450.0 0.00023822
23470.0 0.00023948
23490.0 0.00024073
23510.0 0.00024198
23530.0 0.0002432
23550.0 0.00024441
23570.0 0.0002456
23590.0 0.0002468
23610.0 0.00024799
23630.0 0.00024919
23650.0 0.00025041
23670.0 0.00025166
23690.0 0.00025292
23710.0 0.00025423
23730.0 0.00025558
23750.0 0.00025698
23770.0 0.00025842
23790.0 0.00025993
23810.0 0.0002615
23830.0 0.00026312
23850.0 0.00026483
23870.0 0.00026663
23890.0 0.00026849
23910.0 0.00027042
23930.0 0.00027224
23950.0 0.00027399
23970.0 0.00027576
23990.0 0.00027761
24010.0 0.00027949
24030.0 0.00028136
24050.0 0.00028323
24070.0 0.00028514
24090.0 0.000287
24110.0 0.00028882
24130.0 0.00029064
24150.0 0.00029245
24170.0 0.00029423
24190.0 0.00029603
24210.0 0.00029788
24230.0 0.00029976
24250.0 0.0003017
24270.0 0.00030375
24290.0 0.00030594
24310.0 0.00030821
24330.0 0.00031065
24350.0 0.0003133
24370.0 0.0003161
24390.0 0.00031905
24410.0 0.00032231
24430.0 0.00032577
24450.0 0.00032938
24470.0 0.00033322
24490.0 0.00033734
24510.0 0.00034157
24530.0 0.0003459
24550.0 0.00035048
24570.0 0.00035514
24590.0 0.00035977
24610.0 0.0003645
24630.0 0.00036933
24650.0 0.00037395
24670.0 0.00037848
24690.0 0.00038298
24710.0 0.00038733
24730.0 0.00039144
24750.0 0.00039547
24770.0 0.00039935
24790.0 0.00040293
24810.0 0.00040703
24830.0 0.0004108
24850.0 0.00041327
24870.0 0.00041355
24890.0 0.00040983
24910.0 0.00039962
24930.0 0.00038162
24950.0 0.00035417
24970.0 0.00031438
24990.0 0.00026688
