#lamb flux
1010.0 5.8192e-06
1030.0 6.3734e-06
1050.0 7.0111e-06
1070.0 7.7289e-06
1090.0 8.5442e-06
1110.0 9.3806e-06
1130.0 1.0223e-05
1150.0 1.1104e-05
1170.0 1.2014e-05
1190.0 1.2877e-05
1210.0 1.3752e-05
1230.0 1.4656e-05
1250.0 1.5542e-05
1270.0 1.6403e-05
1290.0 1.7312e-05
1310.0 1.8221e-05
1330.0 1.9093e-05
1350.0 1.9975e-05
1370.0 2.0886e-05
1390.0 2.1775e-05
1410.0 2.2637e-05
1430.0 2.3538e-05
1450.0 2.444e-05
1470.0 2.5311e-05
1490.0 2.6192e-05
1510.0 2.7123e-05
1530.0 2.8005e-05
1550.0 2.8875e-05
1570.0 2.9775e-05
1590.0 3.0676e-05
1610.0 3.1537e-05
1630.0 3.2424e-05
1650.0 3.3333e-05
1670.0 3.4213e-05
1690.0 3.508e-05
1710.0 3.598e-05
1730.0 3.6884e-05
1750.0 3.7732e-05
1770.0 3.8604e-05
1790.0 3.9491e-05
1810.0 4.0348e-05
1830.0 4.1186e-05
1850.0 4.2074e-05
1870.0 4.2934e-05
1890.0 4.3761e-05
1910.0 4.46e-05
1930.0 4.5455e-05
1950.0 4.6264e-05
1970.0 4.7055e-05
1990.0 4.7871e-05
2010.0 4.8664e-05
2030.0 4.9417e-05
2050.0 5.0185e-05
2070.0 5.0964e-05
2090.0 5.1681e-05
2110.0 5.2382e-05
2130.0 5.3093e-05
2150.0 5.3773e-05
2170.0 5.44e-05
2190.0 5.504e-05
2210.0 5.5666e-05
2230.0 5.6238e-05
2250.0 5.6786e-05
2270.0 5.7346e-05
2290.0 5.7857e-05
2310.0 5.831e-05
2330.0 5.8763e-05
2350.0 5.9196e-05
2370.0 5.957e-05
2390.0 5.9929e-05
2410.0 6.0308e-05
2430.0 6.0653e-05
2450.0 6.0986e-05
2470.0 6.1377e-05
2490.0 6.1873e-05
2510.0 6.2494e-05
2530.0 6.3508e-05
2550.0 6.5339e-05
2570.0 6.8385e-05
2590.0 7.3114e-05
2610.0 8.0792e-05
2630.0 9.1615e-05
2650.0 0.00010487
2670.0 0.00012059
2690.0 0.00013808
2710.0 0.00015476
2730.0 0.00016949
2750.0 0.00018253
2770.0 0.00019262
2790.0 0.00019975
2810.0 0.00020502
2830.0 0.00020919
2850.0 0.00021214
2870.0 0.00021464
2890.0 0.00021716
2910.0 0.00021959
2930.0 0.00022175
2950.0 0.00022408
2970.0 0.0002265
2990.0 0.0002287
3010.0 0.0021005
3030.0 0.002121
3050.0 0.0021404
3070.0 0.002155
3090.0 0.0021669
3110.0 0.0021719
3130.0 0.0021646
3150.0 0.0021426
3170.0 0.0021008
3190.0 0.0020397
3210.0 0.0019648
3230.0 0.001885
3250.0 0.0018775
3270.0 0.0018174
3290.0 0.001889
3310.0 0.0018207
3330.0 0.0018557
3350.0 0.0019183
3370.0 0.0020001
3390.0 0.0020972
3410.0 0.0021977
3430.0 0.0023052
3450.0 0.0024207
3470.0 0.0025371
3490.0 0.0026489
3510.0 0.0027903
3530.0 0.0029593
3550.0 0.0030662
3570.0 0.003145
3590.0 0.0033519
3610.0 0.0034035
3630.0 0.003659
3650.0 0.0038472
3670.0 0.0040469
3690.0 0.0040784
3710.0 0.003965
3730.0 0.0040232
3750.0 0.0040236
3770.0 0.0041894
3790.0 0.0044365
3810.0 0.0049352
3830.0 0.0059714
3850.0 0.0071124
3870.0 0.0081889
3890.0 0.0088972
3910.0 0.0092276
3930.0 0.0095984
3950.0 0.0099771
3970.0 0.0087494
3990.0 0.0059428
4010.0 0.0051389
4030.0 0.0070213
4050.0 0.008852
4070.0 0.0078678
4090.0 0.0048502
4110.0 0.004719
4130.0 0.0067107
4150.0 0.0076073
4170.0 0.0064044
4190.0 0.0054643
4210.0 0.0071689
4230.0 0.0075287
4250.0 0.0071508
4270.0 0.0072042
4290.0 0.0065688
4310.0 0.0073741
4330.0 0.0085943
4350.0 0.0098718
4370.0 0.0098295
4390.0 0.0095816
4410.0 0.0084569
4430.0 0.0066709
4450.0 0.0050777
4470.0 0.0055084
4490.0 0.0059623
4510.0 0.0081669
4530.0 0.0085165
4550.0 0.0083836
4570.0 0.0097406
4590.0 0.012422
4610.0 0.016994
4630.0 0.020845
4650.0 0.021045
4670.0 0.021727
4690.0 0.023416
4710.0 0.022931
4730.0 0.018482
4750.0 0.013177
4770.0 0.011003
4790.0 0.0097017
4810.0 0.0091946
4830.0 0.010047
4850.0 0.011284
4870.0 0.013247
4890.0 0.014545
4910.0 0.012949
4930.0 0.013476
4950.0 0.016754
4970.0 0.020754
4990.0 0.02385
5010.0 0.02384
5030.0 0.02019
5050.0 0.014617
5070.0 0.01071
5090.0 0.0092644
5110.0 0.009509
5130.0 0.010357
5150.0 0.0097515
5170.0 0.0097139
5190.0 0.0096719
5210.0 0.009843
5230.0 0.010641
5250.0 0.010974
5270.0 0.011811
5290.0 0.014159
5310.0 0.016033
5330.0 0.016917
5350.0 0.017238
5370.0 0.018391
5390.0 0.019105
5410.0 0.017541
5430.0 0.015962
5450.0 0.016291
5470.0 0.019278
5490.0 0.024691
5510.0 0.029636
5530.0 0.031163
5550.0 0.030219
5570.0 0.028528
5590.0 0.026675
5610.0 0.025484
5630.0 0.025891
5650.0 0.026707
5670.0 0.025817
5690.0 0.024273
5710.0 0.02365
5730.0 0.02089
5750.0 0.016653
5770.0 0.015146
5790.0 0.017039
5810.0 0.01894
5830.0 0.021117
5850.0 0.02167
5870.0 0.02107
5890.0 0.019938
5910.0 0.018553
5930.0 0.018481
5950.0 0.019486
5970.0 0.019873
5990.0 0.01753
6010.0 0.014267
6030.0 0.011555
6050.0 0.010456
6070.0 0.011085
6090.0 0.012449
6110.0 0.012756
6130.0 0.011948
6150.0 0.011842
6170.0 0.013091
6190.0 0.015278
6210.0 0.018299
6230.0 0.020658
6250.0 0.019599
6270.0 0.017111
6290.0 0.014291
6310.0 0.011333
6330.0 0.0096003
6350.0 0.0094786
6370.0 0.010403
6390.0 0.011477
6410.0 0.013428
6430.0 0.016525
6450.0 0.020347
6470.0 0.023872
6490.0 0.026984
6510.0 0.028599
6530.0 0.027594
6550.0 0.026508
6570.0 0.026635
6590.0 0.026478
6610.0 0.025201
6630.0 0.023737
6650.0 0.022083
6670.0 0.021875
6690.0 0.021323
6710.0 0.019717
6730.0 0.017154
6750.0 0.015288
6770.0 0.015768
6790.0 0.016835
6810.0 0.018291
6830.0 0.018647
6850.0 0.017525
6870.0 0.01701
6890.0 0.016667
6910.0 0.015749
6930.0 0.01521
6950.0 0.015324
6970.0 0.015652
6990.0 0.016553
7010.0 0.017819
7030.0 0.017469
7050.0 0.015831
7070.0 0.014223
7090.0 0.012154
7110.0 0.010826
7130.0 0.011376
7150.0 0.012324
7170.0 0.012557
7190.0 0.012271
7210.0 0.012143
7230.0 0.013634
7250.0 0.015528
7270.0 0.016713
7290.0 0.016867
7310.0 0.01604
7330.0 0.014732
7350.0 0.013625
7370.0 0.012941
7390.0 0.012798
7410.0 0.01368
7430.0 0.015759
7450.0 0.017594
7470.0 0.019806
7490.0 0.022644
7510.0 0.021661
7530.0 0.018264
7550.0 0.015416
7570.0 0.012833
7590.0 0.010631
7610.0 0.010304
7630.0 0.010834
7650.0 0.01197
7670.0 0.01373
7690.0 0.015134
7710.0 0.017089
7730.0 0.017885
7750.0 0.018524
7770.0 0.019617
7790.0 0.019827
7810.0 0.019553
7830.0 0.018539
7850.0 0.018139
7870.0 0.017572
7890.0 0.016167
7910.0 0.01475
7930.0 0.013427
7950.0 0.011542
7970.0 0.010986
7990.0 0.011361
8010.0 0.013181
8030.0 0.013273
8050.0 0.013796
8070.0 0.01358
8090.0 0.013593
8110.0 0.013271
8130.0 0.012543
8150.0 0.01167
8170.0 0.011581
8190.0 0.011746
8210.0 0.011881
8230.0 0.011138
8250.0 0.010476
8270.0 0.0092315
8290.0 0.0075925
8310.0 0.0060164
8330.0 0.0043129
8350.0 0.0032451
8370.0 0.0030525
8390.0 0.0033701
8410.0 0.0039816
8430.0 0.0050004
8450.0 0.0055274
8470.0 0.0059292
8490.0 0.0065242
8510.0 0.0070028
8530.0 0.0077758
8550.0 0.0091935
8570.0 0.010501
8590.0 0.011522
8610.0 0.013267
8630.0 0.01536
8650.0 0.016195
8670.0 0.016448
8690.0 0.016384
8710.0 0.015832
8730.0 0.015191
8750.0 0.014256
8770.0 0.014023
8790.0 0.013573
8810.0 0.012562
8830.0 0.011881
8850.0 0.010362
8870.0 0.0095014
8890.0 0.0087549
8910.0 0.0096103
8930.0 0.009099
8950.0 0.0092709
8970.0 0.0094529
8990.0 0.009398
9010.0 0.0095233
9030.0 0.0091894
9050.0 0.009166
9070.0 0.0091753
9090.0 0.0091846
9110.0 0.0091976
9130.0 0.0092073
9150.0 0.009216
9170.0 0.0092117
9190.0 0.0091898
9210.0 0.0092859
9230.0 0.0092769
9250.0 0.0092791
9270.0 0.0092847
9290.0 0.0092926
9310.0 0.0093023
9330.0 0.009313
9350.0 0.0093249
9370.0 0.0093374
9390.0 0.00935
9410.0 0.0093633
9430.0 0.0093773
9450.0 0.0093913
9470.0 0.0094057
9490.0 0.0094207
9510.0 0.009436
9530.0 0.0094515
9550.0 0.0094679
9570.0 0.0094847
9590.0 0.0095017
9610.0 0.0095193
9630.0 0.0095375
9650.0 0.0095562
9670.0 0.0095749
9690.0 0.0095945
9710.0 0.0096147
9730.0 0.0096349
9750.0 0.0096557
9770.0 0.0096776
9790.0 0.0096993
9810.0 0.0097214
9830.0 0.0097443
9850.0 0.0097676
9870.0 0.0097909
9890.0 0.0098148
9910.0 0.0098394
9930.0 0.009864
9950.0 0.0098825
9970.0 0.00991
9990.0 0.0099375
10010.0 0.0099628
10030.0 0.0099896
10050.0 0.010013
10070.0 0.010018
10090.0 0.010052
10110.0 0.010086
10130.0 0.010118
10150.0 0.010148
10170.0 0.010178
10190.0 0.010205
10210.0 0.010233
10230.0 0.010261
10250.0 0.010288
10270.0 0.010315
10290.0 0.010343
10310.0 0.01037
10330.0 0.010395
10350.0 0.010422
10370.0 0.010449
10390.0 0.010474
10410.0 0.010499
10430.0 0.010525
10450.0 0.01055
10470.0 0.010574
10490.0 0.010598
10510.0 0.010621
10530.0 0.010643
10550.0 0.010665
10570.0 0.010688
10590.0 0.010709
10610.0 0.010729
10630.0 0.010749
10650.0 0.010768
10670.0 0.010786
10690.0 0.010803
10710.0 0.010821
10730.0 0.010837
10750.0 0.010851
10770.0 0.010866
10790.0 0.01088
10810.0 0.010892
10830.0 0.010903
10850.0 0.010913
10870.0 0.010918
10890.0 0.010918
10910.0 0.010909
10930.0 0.010885
10950.0 0.010836
10970.0 0.010757
10990.0 0.010646
11010.0 0.010724
11030.0 0.010501
11050.0 0.010246
11070.0 0.0099536
11090.0 0.0096164
11110.0 0.0092821
11130.0 0.0089484
11150.0 0.0086071
11170.0 0.0082768
11190.0 0.0079784
11210.0 0.0076934
11230.0 0.0074262
11250.0 0.0071947
11270.0 0.0069932
11290.0 0.0068106
11310.0 0.0066538
11330.0 0.0065265
11350.0 0.0064124
11370.0 0.0063085
11390.0 0.0062152
11410.0 0.0061258
11430.0 0.0060296
11450.0 0.0059293
11470.0 0.0058238
11490.0 0.0057062
11510.0 0.0055737
11530.0 0.0054365
11550.0 0.005292
11570.0 0.0051349
11590.0 0.0049746
11610.0 0.0048176
11630.0 0.0046555
11650.0 0.0044929
11670.0 0.0043427
11690.0 0.0041992
11710.0 0.0040593
11730.0 0.0039298
11750.0 0.0038135
11770.0 0.0037014
11790.0 0.003596
11810.0 0.0035006
11830.0 0.0034109
11850.0 0.0033215
11870.0 0.0032379
11890.0 0.0031585
11910.0 0.0030776
11930.0 0.0029958
11950.0 0.0029162
11970.0 0.0028348
11990.0 0.0027491
12010.0 0.0026644
12030.0 0.002581
12050.0 0.0024958
12070.0 0.0024104
12090.0 0.0023327
12110.0 0.0022581
12130.0 0.0021876
12150.0 0.0021261
12170.0 0.0020746
12190.0 0.0020309
12210.0 0.0019998
12230.0 0.0019817
12250.0 0.0019761
12270.0 0.0019843
12290.0 0.0020053
12310.0 0.002037
12330.0 0.0020817
12350.0 0.0021365
12370.0 0.0021969
12390.0 0.002264
12410.0 0.0023392
12430.0 0.0024111
12450.0 0.002481
12470.0 0.0025506
12490.0 0.002615
12510.0 0.0026697
12530.0 0.0027189
12550.0 0.0027606
12570.0 0.0027913
12590.0 0.0028125
12610.0 0.0028254
12630.0 0.0028286
12650.0 0.0028226
12670.0 0.0028091
12690.0 0.0027881
12710.0 0.002761
12730.0 0.0027288
12750.0 0.0026905
12770.0 0.0026486
12790.0 0.0026044
12810.0 0.0025567
12830.0 0.0025056
12850.0 0.0024542
12870.0 0.0024011
12890.0 0.0023443
12910.0 0.002286
12930.0 0.0022271
12950.0 0.002164
12970.0 0.0020971
12990.0 0.0020309
13010.0 0.0019627
13030.0 0.001891
13050.0 0.0018197
13070.0 0.001751
13090.0 0.0016809
13110.0 0.0016127
13130.0 0.0015499
13150.0 0.0014915
13170.0 0.0014361
13190.0 0.001389
13210.0 0.0013498
13230.0 0.0013167
13250.0 0.001291
13270.0 0.0012733
13290.0 0.0012619
13310.0 0.0012569
13330.0 0.0012575
13350.0 0.0012624
13370.0 0.0012712
13390.0 0.0012829
13410.0 0.001295
13430.0 0.0013078
13450.0 0.0013208
13470.0 0.0013324
13490.0 0.0013421
13510.0 0.0013508
13530.0 0.0013573
13550.0 0.0013615
13570.0 0.0013643
13590.0 0.0013658
13610.0 0.0013661
13630.0 0.0013657
13650.0 0.001365
13670.0 0.0013642
13690.0 0.0013633
13710.0 0.0013626
13730.0 0.0013622
13750.0 0.0013616
13770.0 0.0013609
13790.0 0.0013599
13810.0 0.0013582
13830.0 0.0013556
13850.0 0.001352
13870.0 0.0013468
13890.0 0.0013402
13910.0 0.0013321
13930.0 0.0013222
13950.0 0.0013108
13970.0 0.0012987
13990.0 0.0012856
14010.0 0.0012717
14030.0 0.0012583
14050.0 0.0012452
14070.0 0.0012322
14090.0 0.0012206
14110.0 0.0012103
14130.0 0.0012011
14150.0 0.0011932
14170.0 0.001187
14190.0 0.0011819
14210.0 0.0011781
14230.0 0.0011757
14250.0 0.0011745
14270.0 0.0011747
14290.0 0.0011764
14310.0 0.0011795
14330.0 0.001184
14350.0 0.0011903
14370.0 0.001198
14390.0 0.0012068
14410.0 0.0012172
14430.0 0.001229
14450.0 0.0012413
14470.0 0.0012545
14490.0 0.0012693
14510.0 0.0012844
14530.0 0.0012999
14550.0 0.0013173
14570.0 0.0013363
14590.0 0.0013563
14610.0 0.0013789
14630.0 0.0014051
14650.0 0.0014337
14670.0 0.0014649
14690.0 0.0015007
14710.0 0.0015408
14730.0 0.0015816
14750.0 0.0016262
14770.0 0.0016743
14790.0 0.0017229
14810.0 0.001771
14830.0 0.0018221
14850.0 0.0018711
14870.0 0.0019162
14890.0 0.0019588
14910.0 0.0019983
14930.0 0.0020314
14950.0 0.0020585
14970.0 0.0020809
14990.0 0.002097
15010.0 0.0021072
15030.0 0.0021129
15050.0 0.0021146
15070.0 0.0021133
15090.0 0.0021102
15110.0 0.0021057
15130.0 0.0021005
15150.0 0.0020952
15170.0 0.0020895
15190.0 0.0020837
15210.0 0.0020781
15230.0 0.0020726
15250.0 0.0020668
15270.0 0.0020612
15290.0 0.0020559
15310.0 0.0020504
15330.0 0.0020448
15350.0 0.0020396
15370.0 0.0020343
15390.0 0.0020288
15410.0 0.0020235
15430.0 0.0020183
15450.0 0.0020131
15470.0 0.0020077
15490.0 0.0020026
15510.0 0.0019976
15530.0 0.0019923
15550.0 0.0019872
15570.0 0.0019823
15590.0 0.0019771
15610.0 0.0019719
15630.0 0.0019669
15650.0 0.001962
15670.0 0.0019568
15690.0 0.0019518
15710.0 0.001947
15730.0 0.001942
15750.0 0.0019369
15770.0 0.0019321
15790.0 0.0019272
15810.0 0.001922
15830.0 0.001917
15850.0 0.0019123
15870.0 0.0019073
15890.0 0.0019022
15910.0 0.0018975
15930.0 0.0018925
15950.0 0.0018874
15970.0 0.0018825
15990.0 0.0018777
16010.0 0.0018726
16030.0 0.0018675
16050.0 0.0018627
16070.0 0.0018577
16090.0 0.0018526
16110.0 0.0018477
16130.0 0.0018429
16150.0 0.0018376
16170.0 0.0018325
16190.0 0.0018276
16210.0 0.0018225
16230.0 0.0018173
16250.0 0.0018123
16270.0 0.0018073
16290.0 0.0018021
16310.0 0.0017969
16330.0 0.0017919
16350.0 0.0017867
16370.0 0.0017812
16390.0 0.0017761
16410.0 0.001771
16430.0 0.0017656
16450.0 0.0017603
16470.0 0.0017552
16490.0 0.0017498
16510.0 0.0017443
16530.0 0.0017391
16550.0 0.0017337
16570.0 0.0017282
16590.0 0.0017226
16610.0 0.0017174
16630.0 0.0017118
16650.0 0.0017062
16670.0 0.0017008
16690.0 0.0016953
16710.0 0.0016895
16730.0 0.0016839
16750.0 0.0016783
16770.0 0.0016726
16790.0 0.0016667
16810.0 0.0016612
16830.0 0.0016555
16850.0 0.0016496
16870.0 0.0016438
16890.0 0.0016381
16910.0 0.0016321
16930.0 0.001626
16950.0 0.0016202
16970.0 0.0016143
16990.0 0.0016082
17010.0 0.0016022
17030.0 0.0015964
17050.0 0.0015902
17070.0 0.001584
17090.0 0.001578
17110.0 0.0015719
17130.0 0.0015654
17150.0 0.0015593
17170.0 0.0015532
17190.0 0.0015469
17210.0 0.0015405
17230.0 0.0015344
17250.0 0.001528
17270.0 0.0015215
17290.0 0.0015151
17310.0 0.0015088
17330.0 0.0015022
17350.0 0.0014956
17370.0 0.0014893
17390.0 0.0014828
17410.0 0.0014761
17430.0 0.0014696
17450.0 0.0014632
17470.0 0.0014564
17490.0 0.0014496
17510.0 0.0014431
17530.0 0.0014364
17550.0 0.0014295
17570.0 0.0014229
17590.0 0.0014163
17610.0 0.0014094
17630.0 0.0014025
17650.0 0.0013959
17670.0 0.001389
17690.0 0.0013818
17710.0 0.0013751
17730.0 0.0013683
17750.0 0.0013613
17770.0 0.0013543
17790.0 0.0013476
17810.0 0.0013405
17830.0 0.0013334
17850.0 0.0013265
17870.0 0.0013195
17890.0 0.0013123
17910.0 0.0013052
17930.0 0.0012983
17950.0 0.0012912
17970.0 0.001284
17990.0 0.001277
18010.0 0.00127
18030.0 0.0012626
18050.0 0.0012554
18070.0 0.0012484
18090.0 0.0012412
18110.0 0.0012339
18130.0 0.0012268
18150.0 0.0012197
18170.0 0.0012124
18190.0 0.0012051
18210.0 0.0011981
18230.0 0.0011907
18250.0 0.0011833
18270.0 0.0011762
18290.0 0.001169
18310.0 0.0011616
18330.0 0.0011543
18350.0 0.0011473
18370.0 0.0011399
18390.0 0.0011325
18410.0 0.0011253
18430.0 0.0011181
18450.0 0.0011105
18470.0 0.0011033
18490.0 0.0010961
18510.0 0.0010888
18530.0 0.0010814
18550.0 0.0010743
18570.0 0.001067
18590.0 0.0010595
18610.0 0.0010522
18630.0 0.001045
18650.0 0.0010376
18670.0 0.0010302
18690.0 0.0010231
18710.0 0.0010158
18730.0 0.0010084
18750.0 0.0010012
18770.0 0.00099408
18790.0 0.00098656
18810.0 0.00097922
18830.0 0.0009721
18850.0 0.00096483
18870.0 0.00095742
18890.0 0.00095028
18910.0 0.00094317
18930.0 0.00093578
18950.0 0.00092852
18970.0 0.00092144
18990.0 0.00091419
19010.0 0.0009067
19030.0 0.00089965
19050.0 0.00089255
19070.0 0.00088525
19090.0 0.00087806
19110.0 0.00087111
19130.0 0.00086384
19150.0 0.00085656
19170.0 0.00084951
19190.0 0.00084245
19210.0 0.00083516
19230.0 0.000828
19250.0 0.0008211
19270.0 0.00081397
19290.0 0.00080681
19310.0 0.00079988
19330.0 0.00079291
19350.0 0.00078562
19370.0 0.00077861
19390.0 0.00077172
19410.0 0.00076465
19430.0 0.00075753
19450.0 0.00075072
19470.0 0.00074382
19490.0 0.00073673
19510.0 0.00072982
19530.0 0.00072305
19550.0 0.000716
19570.0 0.00070894
19590.0 0.00070221
19610.0 0.00069538
19630.0 0.0006884
19650.0 0.00068162
19670.0 0.00067496
19690.0 0.00066802
19710.0 0.00066115
19730.0 0.00065449
19750.0 0.00064774
19770.0 0.00064076
19790.0 0.00063409
19810.0 0.0006275
19830.0 0.00062069
19850.0 0.00061388
19870.0 0.00060724
19890.0 0.00060023
19910.0 0.00059273
19930.0 0.000585
19950.0 0.00057658
19970.0 0.00056683
19990.0 0.00055582
20010.0 0.00054406
20030.0 0.0005307
20050.0 0.00051609
20070.0 0.00050132
20090.0 0.00048653
20110.0 0.00047114
20130.0 0.00045689
20150.0 0.000444
20170.0 0.00043187
20190.0 0.00042081
20210.0 0.00041141
20230.0 0.00040318
20250.0 0.00039587
20270.0 0.00038991
20290.0 0.00038515
20310.0 0.00038129
20330.0 0.00037838
20350.0 0.00037653
20370.0 0.00037548
20390.0 0.00037525
20410.0 0.00037582
20430.0 0.00037708
20450.0 0.0003792
20470.0 0.00038211
20490.0 0.00038565
20510.0 0.00038995
20530.0 0.00039517
20550.0 0.00040097
20570.0 0.00040717
20590.0 0.0004142
20610.0 0.00042176
20630.0 0.0004294
20650.0 0.00043738
20670.0 0.00044593
20690.0 0.00045409
20710.0 0.00046198
20730.0 0.00046992
20750.0 0.00047759
20770.0 0.00048455
20790.0 0.00049133
20810.0 0.00049798
20830.0 0.00050415
20850.0 0.00051003
20870.0 0.00051612
20890.0 0.00052222
20910.0 0.00052809
20930.0 0.00053429
20950.0 0.00054086
20970.0 0.00054743
20990.0 0.00055405
21010.0 0.00056113
21030.0 0.00056808
21050.0 0.00057463
21070.0 0.00058101
21090.0 0.00058712
21110.0 0.00059229
21130.0 0.00059669
21150.0 0.00060043
21170.0 0.00060318
21190.0 0.00060491
21210.0 0.00060575
21230.0 0.00060558
21250.0 0.00060444
21270.0 0.00060242
21290.0 0.00059946
21310.0 0.00059569
21330.0 0.00059137
21350.0 0.00058627
21370.0 0.00058049
21390.0 0.0005744
21410.0 0.00056795
21430.0 0.00056078
21450.0 0.00055359
21470.0 0.00054648
21490.0 0.00053912
21510.0 0.00053171
21530.0 0.00052474
21550.0 0.00051795
21570.0 0.00051124
21590.0 0.00050511
21610.0 0.00049961
21630.0 0.00049454
21650.0 0.00049004
21670.0 0.00048654
21690.0 0.00048373
21710.0 0.0004817
21730.0 0.00048057
21750.0 0.00048029
21770.0 0.00048091
21790.0 0.00048247
21810.0 0.00048481
21830.0 0.000488
21850.0 0.00049215
21870.0 0.00049696
21890.0 0.00050227
21910.0 0.00050846
21930.0 0.00051524
21950.0 0.00052226
21970.0 0.0005298
21990.0 0.0005381
22010.0 0.00054625
22030.0 0.00055446
22050.0 0.00056303
22070.0 0.00057161
22090.0 0.00057968
22110.0 0.00058777
22130.0 0.00059577
22150.0 0.00060312
22170.0 0.00060988
22190.0 0.00061636
22210.0 0.00062208
22230.0 0.00062672
22250.0 0.00063064
22270.0 0.00063365
22290.0 0.00063552
22310.0 0.00063634
22330.0 0.00063603
22350.0 0.00063447
22370.0 0.00063179
22390.0 0.00062785
22410.0 0.00062249
22430.0 0.00061621
22450.0 0.00060889
22470.0 0.0006002
22490.0 0.00059059
22510.0 0.00058043
22530.0 0.00056903
22550.0 0.00055664
22570.0 0.00054416
22590.0 0.00053119
22610.0 0.00051739
22630.0 0.00050347
22650.0 0.00048998
22670.0 0.00047593
22690.0 0.00046178
22710.0 0.00044826
22730.0 0.00043502
22750.0 0.00042139
22770.0 0.00040872
22790.0 0.00039694
22810.0 0.00038541
22830.0 0.00037448
22850.0 0.00036478
22870.0 0.00035579
22890.0 0.00034741
22910.0 0.00034028
22930.0 0.00033431
22950.0 0.00032927
22970.0 0.00032536
22990.0 0.00032289
23010.0 0.00032153
23030.0 0.0003214
23050.0 0.00032251
23070.0 0.00032472
23090.0 0.00032827
23110.0 0.00033294
23130.0 0.00033845
23150.0 0.00034491
23170.0 0.00035241
23190.0 0.00036035
23210.0 0.00036853
23230.0 0.00037739
23250.0 0.00038639
23270.0 0.00039506
23290.0 0.00040372
23310.0 0.0004124
23330.0 0.00042013
23350.0 0.00042717
23370.0 0.00043366
23390.0 0.00043924
23410.0 0.00044367
23430.0 0.00044725
23450.0 0.00044982
23470.0 0.00045124
23490.0 0.00045163
23510.0 0.00045096
23530.0 0.00044924
23550.0 0.00044667
23570.0 0.00044318
23590.0 0.00043877
23610.0 0.0004338
23630.0 0.00042827
23650.0 0.00042189
23670.0 0.00041523
23690.0 0.00040849
23710.0 0.00040143
23730.0 0.00039419
23750.0 0.00038749
23770.0 0.00038115
23790.0 0.00037514
23810.0 0.00036997
23830.0 0.00036585
23850.0 0.00036266
23870.0 0.00036076
23890.0 0.00036033
23910.0 0.00036129
23930.0 0.0003638
23950.0 0.00036772
23970.0 0.00037275
23990.0 0.00037914
24010.0 0.00038658
24030.0 0.0003945
24050.0 0.00040292
24070.0 0.00041209
24090.0 0.00042094
24110.0 0.00042943
24130.0 0.0004379
24150.0 0.00044601
24170.0 0.00045332
24190.0 0.00046025
24210.0 0.00046689
24230.0 0.00047283
24250.0 0.00047818
24270.0 0.00048325
24290.0 0.00048796
24310.0 0.00049199
24330.0 0.00049574
24350.0 0.00049921
24370.0 0.00050222
24390.0 0.00050482
24410.0 0.0005072
24430.0 0.00050916
24450.0 0.0005107
24470.0 0.0005119
24490.0 0.00051276
24510.0 0.00051327
24530.0 0.00051347
24550.0 0.00051341
24570.0 0.00051311
24590.0 0.00051265
24610.0 0.00051206
24630.0 0.00051136
24650.0 0.0005107
24670.0 0.00051007
24690.0 0.0005095
24710.0 0.00050904
24730.0 0.00050873
24750.0 0.00050853
24770.0 0.00050842
24790.0 0.00050835
24810.0 0.00050814
24830.0 0.00050733
24850.0 0.00050512
24870.0 0.00050041
24890.0 0.00049092
24910.0 0.00047372
24930.0 0.00044744
24950.0 0.00041024
24970.0 0.00035893
24990.0 0.00029937
