#lamb flux
1010.0 2.2312e-06
1030.0 2.4216e-06
1050.0 2.6409e-06
1070.0 2.8879e-06
1090.0 3.1684e-06
1110.0 3.4564e-06
1130.0 3.7464e-06
1150.0 4.0504e-06
1170.0 4.3643e-06
1190.0 4.6623e-06
1210.0 4.9646e-06
1230.0 5.2772e-06
1250.0 5.584e-06
1270.0 5.8824e-06
1290.0 6.198e-06
1310.0 6.5138e-06
1330.0 6.8172e-06
1350.0 7.1246e-06
1370.0 7.4422e-06
1390.0 7.7526e-06
1410.0 8.0544e-06
1430.0 8.3703e-06
1450.0 8.6867e-06
1470.0 8.9932e-06
1490.0 9.3034e-06
1510.0 9.6313e-06
1530.0 9.9428e-06
1550.0 1.025e-05
1570.0 1.0569e-05
1590.0 1.0888e-05
1610.0 1.1193e-05
1630.0 1.1508e-05
1650.0 1.183e-05
1670.0 1.2142e-05
1690.0 1.2449e-05
1710.0 1.2768e-05
1730.0 1.3088e-05
1750.0 1.3387e-05
1770.0 1.3695e-05
1790.0 1.4007e-05
1810.0 1.4307e-05
1830.0 1.4601e-05
1850.0 1.491e-05
1870.0 1.5209e-05
1890.0 1.5495e-05
1910.0 1.5784e-05
1930.0 1.6077e-05
1950.0 1.6352e-05
1970.0 1.6621e-05
1990.0 1.6896e-05
2010.0 1.7162e-05
2030.0 1.7413e-05
2050.0 1.7668e-05
2070.0 1.7926e-05
2090.0 1.8162e-05
2110.0 1.8391e-05
2130.0 1.8623e-05
2150.0 1.8844e-05
2170.0 1.9047e-05
2190.0 1.9255e-05
2210.0 1.9458e-05
2230.0 1.9643e-05
2250.0 1.9821e-05
2270.0 2.0005e-05
2290.0 2.0174e-05
2310.0 2.0324e-05
2330.0 2.0477e-05
2350.0 2.0625e-05
2370.0 2.0755e-05
2390.0 2.0881e-05
2410.0 2.1015e-05
2430.0 2.1137e-05
2450.0 2.1252e-05
2470.0 2.138e-05
2490.0 2.1534e-05
2510.0 2.1721e-05
2530.0 2.2027e-05
2550.0 2.2592e-05
2570.0 2.3555e-05
2590.0 2.5083e-05
2610.0 2.7606e-05
2630.0 3.1218e-05
2650.0 3.5707e-05
2670.0 4.1107e-05
2690.0 4.72e-05
2710.0 5.3126e-05
2730.0 5.8475e-05
2750.0 6.334e-05
2770.0 6.7265e-05
2790.0 7.0219e-05
2810.0 7.2574e-05
2830.0 7.4607e-05
2850.0 7.6234e-05
2870.0 7.7738e-05
2890.0 7.9293e-05
2910.0 8.0856e-05
2930.0 8.2346e-05
2950.0 8.3944e-05
2970.0 8.5619e-05
2990.0 8.7241e-05
3010.0 0.00059867
3030.0 0.00061018
3050.0 0.00062141
3070.0 0.00063093
3090.0 0.00063883
3110.0 0.0006427
3130.0 0.00063964
3150.0 0.00062715
3170.0 0.00060022
3190.0 0.00055866
3210.0 0.00050415
3230.0 0.00044388
3250.0 0.00048997
3270.0 0.00042975
3290.0 0.00055418
3310.0 0.00042347
3330.0 0.00042834
3350.0 0.00045409
3370.0 0.00048642
3390.0 0.00052326
3410.0 0.00056071
3430.0 0.00060044
3450.0 0.0006417
3470.0 0.00068132
3490.0 0.00071432
3510.0 0.00078394
3530.0 0.00089202
3550.0 0.00089889
3570.0 0.0008495
3590.0 0.00098241
3610.0 0.00085727
3630.0 0.0010593
3650.0 0.0011618
3670.0 0.0013231
3690.0 0.0012797
3710.0 0.0010677
3730.0 0.0011769
3750.0 0.0011851
3770.0 0.0012797
3790.0 0.0013475
3810.0 0.0015213
3830.0 0.0021383
3850.0 0.0026762
3870.0 0.0031852
3890.0 0.0032942
3910.0 0.0031606
3930.0 0.0031916
3950.0 0.0033391
3970.0 0.0031098
3990.0 0.0018918
4010.0 0.0012792
4030.0 0.0021086
4050.0 0.0028662
4070.0 0.0027139
4090.0 0.0016167
4110.0 0.0012782
4130.0 0.0021014
4150.0 0.0023578
4170.0 0.0019693
4190.0 0.0016519
4210.0 0.0023703
4230.0 0.0021799
4250.0 0.0021021
4270.0 0.0020929
4290.0 0.0018858
4310.0 0.0022871
4330.0 0.0026374
4350.0 0.0027174
4370.0 0.0025092
4390.0 0.0026396
4410.0 0.0024823
4430.0 0.0018634
4450.0 0.0014647
4470.0 0.0017428
4490.0 0.0016486
4510.0 0.0023745
4530.0 0.0024428
4550.0 0.0024878
4570.0 0.0031044
4590.0 0.0036073
4610.0 0.0042716
4630.0 0.0056759
4650.0 0.006252
4670.0 0.0063335
4690.0 0.0060706
4710.0 0.0060258
4730.0 0.0053341
4750.0 0.0039391
4770.0 0.0031986
4790.0 0.0025195
4810.0 0.00271
4830.0 0.0031144
4850.0 0.0031488
4870.0 0.0028292
4890.0 0.0038684
4910.0 0.0039767
4930.0 0.0043085
4950.0 0.0050587
4970.0 0.005227
4990.0 0.0059454
5010.0 0.0061614
5030.0 0.0056812
5050.0 0.0045463
5070.0 0.0032779
5090.0 0.0027612
5110.0 0.0027992
5130.0 0.002928
5150.0 0.0027788
5170.0 0.0026741
5190.0 0.0028235
5210.0 0.0029045
5230.0 0.0031961
5250.0 0.0034308
5270.0 0.0033006
5290.0 0.0038174
5310.0 0.0047776
5330.0 0.0052261
5350.0 0.0049198
5370.0 0.0049566
5390.0 0.0053649
5410.0 0.0053825
5430.0 0.0052288
5450.0 0.0054404
5470.0 0.0060235
5490.0 0.0071686
5510.0 0.0085907
5530.0 0.0089573
5550.0 0.0089455
5570.0 0.008819
5590.0 0.0084505
5610.0 0.0080061
5630.0 0.0080538
5650.0 0.0083613
5670.0 0.0080876
5690.0 0.0073332
5710.0 0.0072312
5730.0 0.0066943
5750.0 0.0059761
5770.0 0.0053251
5790.0 0.0056511
5810.0 0.0060486
5830.0 0.0066721
5850.0 0.0065803
5870.0 0.006446
5890.0 0.0066285
5910.0 0.006126
5930.0 0.0056578
5950.0 0.0056732
5970.0 0.005927
5990.0 0.0052353
6010.0 0.0044291
6030.0 0.0038509
6050.0 0.0034851
6070.0 0.0032858
6090.0 0.0035114
6110.0 0.0038928
6130.0 0.0039105
6150.0 0.0039442
6170.0 0.0041376
6190.0 0.004465
6210.0 0.005131
6230.0 0.0059769
6250.0 0.0055724
6270.0 0.0048815
6290.0 0.0042129
6310.0 0.0034929
6330.0 0.0030713
6350.0 0.0029474
6370.0 0.0031474
6390.0 0.003512
6410.0 0.0042113
6430.0 0.0051731
6450.0 0.0059993
6470.0 0.0066478
6490.0 0.0075709
6510.0 0.0082525
6530.0 0.0079725
6550.0 0.0076266
6570.0 0.0076976
6590.0 0.0076925
6610.0 0.007625
6630.0 0.0071738
6650.0 0.0064763
6670.0 0.0062577
6690.0 0.0061348
6710.0 0.006213
6730.0 0.0054336
6750.0 0.0046645
6770.0 0.0045848
6790.0 0.0048897
6810.0 0.005467
6830.0 0.0055405
6850.0 0.0050925
6870.0 0.0050734
6890.0 0.0050055
6910.0 0.0047149
6930.0 0.0047806
6950.0 0.0046788
6970.0 0.0046151
6990.0 0.0047501
7010.0 0.0050445
7030.0 0.0049664
7050.0 0.0045647
7070.0 0.0043803
7090.0 0.0038707
7110.0 0.0033533
7130.0 0.0033027
7150.0 0.003506
7170.0 0.0038261
7190.0 0.0038454
7210.0 0.0037341
7230.0 0.004095
7250.0 0.004416
7270.0 0.0045801
7290.0 0.004683
7310.0 0.0046838
7330.0 0.0044117
7350.0 0.0040906
7370.0 0.0038098
7390.0 0.003734
7410.0 0.0040967
7430.0 0.004738
7450.0 0.0052026
7470.0 0.0056879
7490.0 0.0065868
7510.0 0.0064903
7530.0 0.005425
7550.0 0.0047069
7570.0 0.0039442
7590.0 0.0034465
7610.0 0.0033479
7630.0 0.0033227
7650.0 0.0035981
7670.0 0.0040904
7690.0 0.0044875
7710.0 0.0051123
7730.0 0.0053065
7750.0 0.0054908
7770.0 0.0058803
7790.0 0.0061165
7810.0 0.006023
7830.0 0.0055335
7850.0 0.0054878
7870.0 0.0053412
7890.0 0.0051052
7910.0 0.0047286
7930.0 0.0044756
7950.0 0.0037459
7970.0 0.0036159
7990.0 0.0036315
8010.0 0.0042152
8030.0 0.0042217
8050.0 0.0044514
8070.0 0.0043317
8090.0 0.0043423
8110.0 0.0042642
8130.0 0.0041019
8150.0 0.0038079
8170.0 0.0037682
8190.0 0.0038001
8210.0 0.0038393
8230.0 0.0034659
8250.0 0.0032105
8270.0 0.0028303
8290.0 0.0023755
8310.0 0.0019911
8330.0 0.0014983
8350.0 0.0011659
8370.0 0.001091
8390.0 0.0011151
8410.0 0.0012394
8430.0 0.0015849
8450.0 0.0017458
8470.0 0.0018848
8490.0 0.002148
8510.0 0.002327
8530.0 0.0026049
8550.0 0.0030818
8570.0 0.00344
8590.0 0.003674
8610.0 0.0041676
8630.0 0.0048022
8650.0 0.0049912
8670.0 0.0050952
8690.0 0.0051765
8710.0 0.005044
8730.0 0.0048427
8750.0 0.0044779
8770.0 0.0044398
8790.0 0.0043313
8810.0 0.0039942
8830.0 0.003885
8850.0 0.0034532
8870.0 0.0032311
8890.0 0.0029309
8910.0 0.003271
8930.0 0.0030173
8950.0 0.0030581
8970.0 0.0031302
8990.0 0.0030757
9010.0 0.0031321
9030.0 0.0029885
9050.0 0.0029776
9070.0 0.0029806
9090.0 0.0029834
9110.0 0.0029882
9130.0 0.0029908
9150.0 0.0029921
9170.0 0.0029872
9190.0 0.0029736
9210.0 0.0030147
9230.0 0.0030072
9250.0 0.0030045
9270.0 0.0030031
9290.0 0.0030025
9310.0 0.0030024
9330.0 0.0030026
9350.0 0.003003
9370.0 0.0030034
9390.0 0.0030038
9410.0 0.0030041
9430.0 0.0030046
9450.0 0.0030048
9470.0 0.003005
9490.0 0.0030053
9510.0 0.0030056
9530.0 0.0030057
9550.0 0.003006
9570.0 0.0030064
9590.0 0.0030067
9610.0 0.0030071
9630.0 0.0030076
9650.0 0.0030082
9670.0 0.0030086
9690.0 0.0030093
9710.0 0.0030101
9730.0 0.0030109
9750.0 0.0030118
9770.0 0.0030131
9790.0 0.0030142
9810.0 0.0030154
9830.0 0.0030168
9850.0 0.0030184
9870.0 0.0030199
9890.0 0.0030217
9910.0 0.0030237
9930.0 0.0030256
9950.0 0.0030247
9970.0 0.003028
9990.0 0.0030313
10010.0 0.0030342
10030.0 0.0030371
10050.0 0.003039
10070.0 0.0030342
10090.0 0.0030399
10110.0 0.0030455
10130.0 0.0030503
10150.0 0.0030549
10170.0 0.003059
10190.0 0.0030627
10210.0 0.0030666
10230.0 0.0030705
10250.0 0.0030743
10270.0 0.0030782
10290.0 0.0030823
10310.0 0.0030863
10330.0 0.0030902
10350.0 0.0030944
10370.0 0.0030987
10390.0 0.0031028
10410.0 0.003107
10430.0 0.0031115
10450.0 0.0031157
10470.0 0.00312
10490.0 0.0031243
10510.0 0.0031287
10530.0 0.0031329
10550.0 0.0031371
10570.0 0.0031415
10590.0 0.0031457
10610.0 0.0031498
10630.0 0.003154
10650.0 0.0031582
10670.0 0.0031622
10690.0 0.0031661
10710.0 0.0031702
10730.0 0.003174
10750.0 0.0031776
10770.0 0.0031814
10790.0 0.0031851
10810.0 0.0031884
10830.0 0.0031917
10850.0 0.0031947
10870.0 0.0031966
10890.0 0.003197
10910.0 0.003195
10930.0 0.0031888
10950.0 0.0031755
10970.0 0.0031536
10990.0 0.0031225
11010.0 0.0031906
11030.0 0.0031273
11050.0 0.0030541
11070.0 0.00297
11090.0 0.0028729
11110.0 0.0027765
11130.0 0.0026805
11150.0 0.0025825
11170.0 0.0024878
11190.0 0.0024023
11210.0 0.0023208
11230.0 0.0022443
11250.0 0.0021779
11270.0 0.0021198
11290.0 0.0020668
11310.0 0.0020209
11330.0 0.0019832
11350.0 0.001949
11370.0 0.0019175
11390.0 0.001889
11410.0 0.0018616
11430.0 0.0018322
11450.0 0.0018019
11470.0 0.0017705
11490.0 0.0017358
11510.0 0.0016973
11530.0 0.0016578
11550.0 0.0016164
11570.0 0.0015717
11590.0 0.0015262
11610.0 0.0014817
11630.0 0.0014356
11650.0 0.001389
11670.0 0.0013457
11690.0 0.001304
11710.0 0.0012627
11730.0 0.0012239
11750.0 0.0011885
11770.0 0.0011538
11790.0 0.0011205
11810.0 0.00109
11830.0 0.001061
11850.0 0.0010318
11870.0 0.0010044
11890.0 0.00097855
11910.0 0.00095238
11930.0 0.00092621
11950.0 0.00090116
11970.0 0.00087597
11990.0 0.0008498
12010.0 0.00082438
12030.0 0.00079969
12050.0 0.00077468
12070.0 0.00074984
12090.0 0.00072737
12110.0 0.00070585
12130.0 0.00068546
12150.0 0.00066759
12170.0 0.00065252
12190.0 0.0006395
12210.0 0.00062991
12230.0 0.00062402
12250.0 0.0006216
12270.0 0.00062307
12290.0 0.0006283
12310.0 0.00063676
12330.0 0.00064906
12350.0 0.00066448
12370.0 0.00068182
12390.0 0.00070135
12410.0 0.00072349
12430.0 0.00074506
12450.0 0.00076638
12470.0 0.00078786
12490.0 0.00080811
12510.0 0.00082582
12530.0 0.00084216
12550.0 0.00085657
12570.0 0.00086798
12590.0 0.00087679
12610.0 0.00088344
12630.0 0.00088746
12650.0 0.00088888
12670.0 0.00088829
12690.0 0.00088567
12710.0 0.0008813
12730.0 0.00087547
12750.0 0.00086799
12770.0 0.00085938
12790.0 0.00084998
12810.0 0.00083949
12830.0 0.00082787
12850.0 0.0008159
12870.0 0.00080323
12890.0 0.00078928
12910.0 0.0007746
12930.0 0.00075947
12950.0 0.00074283
12970.0 0.00072481
12990.0 0.00070665
13010.0 0.00068765
13030.0 0.00066731
13050.0 0.00064678
13070.0 0.00062677
13090.0 0.00060606
13110.0 0.00058558
13130.0 0.00056655
13150.0 0.00054856
13170.0 0.00053119
13190.0 0.00051616
13210.0 0.00050345
13230.0 0.00049241
13250.0 0.00048351
13270.0 0.00047704
13290.0 0.00047247
13310.0 0.00046972
13330.0 0.00046874
13350.0 0.0004691
13370.0 0.00047052
13390.0 0.00047272
13410.0 0.00047508
13430.0 0.0004775
13450.0 0.00047973
13470.0 0.00048138
13490.0 0.00048235
13510.0 0.00048263
13530.0 0.00048209
13550.0 0.00048085
13570.0 0.00047899
13590.0 0.00047661
13610.0 0.00047397
13630.0 0.00047124
13650.0 0.00046843
13670.0 0.00046576
13690.0 0.00046339
13710.0 0.00046125
13730.0 0.00045936
13750.0 0.00045781
13770.0 0.00045646
13790.0 0.0004552
13810.0 0.00045396
13830.0 0.00045265
13850.0 0.00045111
13870.0 0.00044924
13890.0 0.00044702
13910.0 0.00044441
13930.0 0.00044127
13950.0 0.00043772
13970.0 0.00043399
13990.0 0.00042994
14010.0 0.00042571
14030.0 0.0004216
14050.0 0.00041763
14070.0 0.00041372
14090.0 0.00041024
14110.0 0.00040722
14130.0 0.00040455
14150.0 0.00040231
14170.0 0.00040056
14190.0 0.00039921
14210.0 0.00039825
14230.0 0.00039768
14250.0 0.00039749
14270.0 0.00039771
14290.0 0.0003984
14310.0 0.00039946
14330.0 0.00040095
14350.0 0.00040298
14370.0 0.00040542
14390.0 0.00040814
14410.0 0.00041138
14430.0 0.00041499
14450.0 0.00041871
14470.0 0.00042268
14490.0 0.00042709
14510.0 0.0004315
14530.0 0.00043598
14550.0 0.00044089
14570.0 0.00044619
14590.0 0.00045168
14610.0 0.00045781
14630.0 0.00046492
14650.0 0.0004726
14670.0 0.000481
14690.0 0.00049067
14710.0 0.00050154
14730.0 0.00051268
14750.0 0.00052493
14770.0 0.00053832
14790.0 0.00055194
14810.0 0.00056559
14830.0 0.00058032
14850.0 0.00059466
14870.0 0.00060801
14890.0 0.00062089
14910.0 0.00063303
14930.0 0.00064337
14950.0 0.00065197
14970.0 0.00065918
14990.0 0.00066438
15010.0 0.00066765
15030.0 0.00066939
15050.0 0.00066978
15070.0 0.00066906
15090.0 0.00066766
15110.0 0.00066577
15130.0 0.00066361
15150.0 0.00066139
15170.0 0.00065904
15190.0 0.00065664
15210.0 0.0006543
15230.0 0.00065197
15250.0 0.00064958
15270.0 0.00064721
15290.0 0.00064494
15310.0 0.00064263
15330.0 0.00064029
15350.0 0.00063803
15370.0 0.00063579
15390.0 0.00063346
15410.0 0.00063119
15430.0 0.00062898
15450.0 0.00062673
15470.0 0.00062445
15490.0 0.00062227
15510.0 0.00062009
15530.0 0.00061785
15550.0 0.00061566
15570.0 0.00061353
15590.0 0.00061133
15610.0 0.00060911
15630.0 0.00060699
15650.0 0.00060487
15670.0 0.00060269
15690.0 0.00060057
15710.0 0.0005985
15730.0 0.00059636
15750.0 0.00059423
15770.0 0.00059216
15790.0 0.00059009
15810.0 0.00058794
15830.0 0.00058587
15850.0 0.00058385
15870.0 0.00058177
15890.0 0.00057969
15910.0 0.00057769
15930.0 0.00057566
15950.0 0.00057357
15970.0 0.00057154
15990.0 0.00056955
16010.0 0.00056751
16030.0 0.00056544
16050.0 0.00056349
16070.0 0.0005615
16090.0 0.00055946
16110.0 0.00055748
16130.0 0.00055554
16150.0 0.00055349
16170.0 0.00055148
16190.0 0.00054954
16210.0 0.00054757
16230.0 0.00054555
16250.0 0.0005436
16270.0 0.00054168
16290.0 0.00053968
16310.0 0.00053771
16330.0 0.00053579
16350.0 0.00053384
16370.0 0.0005318
16390.0 0.00052988
16410.0 0.00052796
16430.0 0.00052598
16450.0 0.00052402
16470.0 0.00052214
16490.0 0.00052017
16510.0 0.00051819
16530.0 0.00051626
16550.0 0.00051435
16570.0 0.00051236
16590.0 0.00051039
16610.0 0.0005085
16630.0 0.00050655
16650.0 0.00050458
16670.0 0.00050267
16690.0 0.00050077
16710.0 0.00049875
16730.0 0.00049681
16750.0 0.0004949
16770.0 0.00049294
16790.0 0.00049095
16810.0 0.00048905
16830.0 0.00048713
16850.0 0.00048514
16870.0 0.00048319
16890.0 0.00048129
16910.0 0.0004793
16930.0 0.0004773
16950.0 0.00047538
16970.0 0.00047344
16990.0 0.00047144
17010.0 0.00046949
17030.0 0.00046758
17050.0 0.00046559
17070.0 0.0004636
17090.0 0.00046166
17110.0 0.00045971
17130.0 0.00045767
17150.0 0.0004557
17170.0 0.00045377
17190.0 0.00045178
17210.0 0.00044978
17230.0 0.00044785
17250.0 0.00044587
17270.0 0.00044383
17290.0 0.00044185
17310.0 0.00043989
17330.0 0.00043787
17350.0 0.00043584
17370.0 0.0004339
17390.0 0.00043191
17410.0 0.00042988
17430.0 0.00042789
17450.0 0.00042594
17470.0 0.00042387
17490.0 0.00042184
17510.0 0.00041987
17530.0 0.00041786
17550.0 0.0004158
17570.0 0.00041381
17590.0 0.00041184
17610.0 0.00040978
17630.0 0.00040775
17650.0 0.00040577
17670.0 0.00040374
17690.0 0.00040164
17710.0 0.00039965
17730.0 0.00039765
17750.0 0.00039559
17770.0 0.00039355
17790.0 0.00039158
17810.0 0.00038952
17830.0 0.00038745
17850.0 0.00038544
17870.0 0.00038343
17890.0 0.00038134
17910.0 0.00037928
17930.0 0.0003773
17950.0 0.00037525
17970.0 0.00037319
17990.0 0.00037118
18010.0 0.00036917
18030.0 0.00036706
18050.0 0.00036502
18070.0 0.00036301
18090.0 0.00036096
18110.0 0.00035887
18130.0 0.00035688
18150.0 0.00035486
18170.0 0.00035278
18190.0 0.00035074
18210.0 0.00034875
18230.0 0.00034667
18250.0 0.00034458
18270.0 0.00034258
18290.0 0.00034056
18310.0 0.00033848
18330.0 0.00033646
18350.0 0.00033448
18370.0 0.00033241
18390.0 0.00033035
18410.0 0.00032835
18430.0 0.00032633
18450.0 0.00032423
18470.0 0.00032222
18490.0 0.00032024
18510.0 0.00031819
18530.0 0.00031615
18550.0 0.00031418
18570.0 0.00031216
18590.0 0.00031009
18610.0 0.00030809
18630.0 0.0003061
18650.0 0.00030406
18670.0 0.00030202
18690.0 0.00030007
18710.0 0.00029807
18730.0 0.00029603
18750.0 0.00029406
18770.0 0.00029211
18790.0 0.00029005
18810.0 0.00028804
18830.0 0.00028609
18850.0 0.0002841
18870.0 0.00028208
18890.0 0.00028014
18910.0 0.0002782
18930.0 0.00027619
18950.0 0.00027421
18970.0 0.00027229
18990.0 0.00027032
19010.0 0.00026828
19030.0 0.00026637
19050.0 0.00026444
19070.0 0.00026247
19090.0 0.00026052
19110.0 0.00025864
19130.0 0.00025667
19150.0 0.0002547
19170.0 0.0002528
19190.0 0.00025089
19210.0 0.00024893
19230.0 0.000247
19250.0 0.00024514
19270.0 0.00024322
19290.0 0.00024129
19310.0 0.00023943
19330.0 0.00023755
19350.0 0.00023559
19370.0 0.00023371
19390.0 0.00023186
19410.0 0.00022996
19430.0 0.00022805
19450.0 0.00022623
19470.0 0.00022438
19490.0 0.00022248
19510.0 0.00022064
19530.0 0.00021882
19550.0 0.00021694
19570.0 0.00021505
19590.0 0.00021326
19610.0 0.00021143
19630.0 0.00020957
19650.0 0.00020776
19670.0 0.00020599
19690.0 0.00020413
19710.0 0.0002023
19730.0 0.00020053
19750.0 0.00019873
19770.0 0.00019688
19790.0 0.0001951
19810.0 0.00019335
19830.0 0.00019154
19850.0 0.00018972
19870.0 0.00018796
19890.0 0.00018608
19910.0 0.00018406
19930.0 0.00018195
19950.0 0.00017962
19970.0 0.00017688
19990.0 0.00017374
20010.0 0.00017034
20030.0 0.00016643
20050.0 0.00016211
20070.0 0.0001577
20090.0 0.00015326
20110.0 0.00014859
20130.0 0.00014423
20150.0 0.00014026
20170.0 0.00013649
20190.0 0.000133
20210.0 0.00013001
20230.0 0.00012736
20250.0 0.00012496
20270.0 0.00012296
20290.0 0.00012133
20310.0 0.00011998
20330.0 0.00011891
20350.0 0.0001182
20370.0 0.00011774
20390.0 0.00011756
20410.0 0.00011765
20430.0 0.00011798
20450.0 0.0001186
20470.0 0.00011951
20490.0 0.00012064
20510.0 0.00012203
20530.0 0.00012375
20550.0 0.00012567
20570.0 0.00012773
20590.0 0.00013007
20610.0 0.00013259
20630.0 0.00013514
20650.0 0.00013781
20670.0 0.00014065
20690.0 0.00014335
20710.0 0.00014596
20730.0 0.00014856
20750.0 0.00015104
20770.0 0.00015328
20790.0 0.00015541
20810.0 0.00015746
20830.0 0.00015931
20850.0 0.00016102
20870.0 0.00016273
20890.0 0.00016439
20910.0 0.00016594
20930.0 0.00016753
20950.0 0.00016918
20970.0 0.00017079
20990.0 0.0001724
21010.0 0.00017409
21030.0 0.00017573
21050.0 0.00017725
21070.0 0.0001787
21090.0 0.00018005
21110.0 0.00018114
21130.0 0.00018203
21150.0 0.00018273
21170.0 0.00018316
21190.0 0.00018334
21210.0 0.00018328
21230.0 0.00018296
21250.0 0.00018242
21270.0 0.00018167
21290.0 0.00018071
21310.0 0.00017957
21330.0 0.00017834
21350.0 0.00017695
21370.0 0.00017543
21390.0 0.00017389
21410.0 0.0001723
21430.0 0.00017058
21450.0 0.0001689
21470.0 0.00016729
21490.0 0.00016566
21510.0 0.00016406
21530.0 0.0001626
21550.0 0.00016121
21570.0 0.00015988
21590.0 0.00015871
21610.0 0.0001577
21630.0 0.00015682
21650.0 0.0001561
21670.0 0.00015561
21690.0 0.0001553
21710.0 0.0001552
21730.0 0.00015531
21750.0 0.00015562
21770.0 0.00015618
21790.0 0.00015697
21810.0 0.00015794
21830.0 0.00015913
21850.0 0.00016057
21870.0 0.00016217
21890.0 0.00016388
21910.0 0.00016583
21930.0 0.00016793
21950.0 0.00017007
21970.0 0.00017235
21990.0 0.00017482
22010.0 0.00017723
22030.0 0.00017964
22050.0 0.00018213
22070.0 0.0001846
22090.0 0.0001869
22110.0 0.00018917
22130.0 0.00019139
22150.0 0.0001934
22170.0 0.00019521
22190.0 0.0001969
22210.0 0.00019834
22230.0 0.00019945
22250.0 0.00020031
22270.0 0.00020088
22290.0 0.00020111
22310.0 0.00020101
22330.0 0.00020055
22350.0 0.00019972
22370.0 0.00019857
22390.0 0.00019704
22410.0 0.00019509
22430.0 0.0001929
22450.0 0.00019042
22470.0 0.00018755
22490.0 0.00018444
22510.0 0.0001812
22530.0 0.00017762
22550.0 0.00017378
22570.0 0.00016996
22590.0 0.00016604
22610.0 0.00016191
22630.0 0.00015779
22650.0 0.00015383
22670.0 0.00014973
22690.0 0.00014565
22710.0 0.00014177
22730.0 0.000138
22750.0 0.00013415
22770.0 0.00013059
22790.0 0.00012729
22810.0 0.00012407
22830.0 0.00012104
22850.0 0.00011835
22870.0 0.00011586
22890.0 0.00011353
22910.0 0.00011155
22930.0 0.00010989
22950.0 0.00010847
22970.0 0.00010735
22990.0 0.00010661
23010.0 0.00010618
23030.0 0.00010606
23050.0 0.00010628
23070.0 0.00010679
23090.0 0.00010765
23110.0 0.00010881
23130.0 0.00011019
23150.0 0.00011182
23170.0 0.00011373
23190.0 0.00011576
23210.0 0.00011785
23230.0 0.00012012
23250.0 0.00012243
23270.0 0.00012466
23290.0 0.00012689
23310.0 0.00012913
23330.0 0.00013113
23350.0 0.00013295
23370.0 0.00013464
23390.0 0.00013609
23410.0 0.00013726
23430.0 0.00013821
23450.0 0.00013892
23470.0 0.00013933
23490.0 0.00013949
23510.0 0.00013938
23530.0 0.000139
23550.0 0.00013841
23570.0 0.00013759
23590.0 0.00013654
23610.0 0.00013536
23630.0 0.00013403
23650.0 0.00013251
23670.0 0.00013092
23690.0 0.00012933
23710.0 0.00012768
23730.0 0.00012602
23750.0 0.00012452
23770.0 0.00012315
23790.0 0.00012192
23810.0 0.00012096
23830.0 0.0001203
23850.0 0.00011996
23870.0 0.00012003
23890.0 0.0001205
23910.0 0.00012139
23930.0 0.00012275
23950.0 0.00012449
23970.0 0.00012651
23990.0 0.00012891
24010.0 0.00013157
24030.0 0.00013431
24050.0 0.00013712
24070.0 0.00014009
24090.0 0.00014288
24110.0 0.00014547
24130.0 0.00014798
24150.0 0.00015029
24170.0 0.00015229
24190.0 0.00015411
24210.0 0.00015576
24230.0 0.00015713
24250.0 0.00015829
24270.0 0.0001593
24290.0 0.00016015
24310.0 0.0001608
24330.0 0.00016134
24350.0 0.00016177
24370.0 0.00016207
24390.0 0.00016228
24410.0 0.00016242
24430.0 0.00016248
24450.0 0.00016247
24470.0 0.00016241
24490.0 0.00016232
24510.0 0.0001622
24530.0 0.00016207
24550.0 0.00016192
24570.0 0.00016179
24590.0 0.00016168
24610.0 0.00016159
24630.0 0.00016152
24650.0 0.00016149
24670.0 0.00016148
24690.0 0.00016151
24710.0 0.00016156
24730.0 0.00016163
24750.0 0.00016172
24770.0 0.0001618
24790.0 0.00016185
24810.0 0.00016182
24830.0 0.00016158
24850.0 0.00016085
24870.0 0.00015931
24890.0 0.00015623
24910.0 0.0001507
24930.0 0.00014228
24950.0 0.0001304
24970.0 0.00011404
24990.0 9.5076e-05
