#lamb flux
1010.0 5.9264e-10
1030.0 7.4469e-10
1050.0 9.1901e-10
1070.0 1.1146e-09
1090.0 1.3358e-09
1110.0 1.5615e-09
1130.0 1.7874e-09
1150.0 2.0226e-09
1170.0 2.2639e-09
1190.0 2.491e-09
1210.0 2.7201e-09
1230.0 2.956e-09
1250.0 3.1864e-09
1270.0 3.4099e-09
1290.0 3.6467e-09
1310.0 3.8843e-09
1330.0 4.1134e-09
1350.0 4.3472e-09
1370.0 4.591e-09
1390.0 4.8316e-09
1410.0 5.0681e-09
1430.0 5.3183e-09
1450.0 5.5715e-09
1470.0 5.8195e-09
1490.0 6.0726e-09
1510.0 6.3413e-09
1530.0 6.5987e-09
1550.0 6.8542e-09
1570.0 7.1188e-09
1590.0 7.3842e-09
1610.0 7.6388e-09
1630.0 7.9007e-09
1650.0 8.1686e-09
1670.0 8.428e-09
1690.0 8.6836e-09
1710.0 8.9478e-09
1730.0 9.2128e-09
1750.0 9.4621e-09
1770.0 9.7178e-09
1790.0 9.9779e-09
1810.0 1.023e-08
1830.0 1.0477e-08
1850.0 1.0734e-08
1870.0 1.0983e-08
1890.0 1.1224e-08
1910.0 1.147e-08
1930.0 1.1724e-08
1950.0 1.1968e-08
1970.0 1.221e-08
1990.0 1.2461e-08
2010.0 1.271e-08
2030.0 1.2951e-08
2050.0 1.32e-08
2070.0 1.3457e-08
2090.0 1.3702e-08
2110.0 1.3947e-08
2130.0 1.4201e-08
2150.0 1.4452e-08
2170.0 1.4693e-08
2190.0 1.4946e-08
2210.0 1.5199e-08
2230.0 1.5441e-08
2250.0 1.5683e-08
2270.0 1.5938e-08
2290.0 1.6187e-08
2310.0 1.6428e-08
2330.0 1.6678e-08
2350.0 1.6931e-08
2370.0 1.7177e-08
2390.0 1.7425e-08
2410.0 1.7687e-08
2430.0 1.7946e-08
2450.0 1.8209e-08
2470.0 1.8503e-08
2490.0 1.8845e-08
2510.0 1.9241e-08
2530.0 1.9755e-08
2550.0 2.0469e-08
2570.0 2.1429e-08
2590.0 2.27e-08
2610.0 2.4518e-08
2630.0 2.6928e-08
2650.0 2.9873e-08
2670.0 3.3509e-08
2690.0 3.7911e-08
2710.0 4.2732e-08
2730.0 4.7802e-08
2750.0 5.3287e-08
2770.0 5.8731e-08
2790.0 6.3795e-08
2810.0 6.8554e-08
2830.0 7.3012e-08
2850.0 7.6762e-08
2870.0 8.0086e-08
2890.0 8.3183e-08
2910.0 8.6081e-08
2930.0 8.8833e-08
2950.0 9.1663e-08
2970.0 9.4606e-08
2990.0 9.7612e-08
3010.0 1.0074e-07
3030.0 1.0409e-07
3050.0 1.0759e-07
3070.0 1.1116e-07
3090.0 1.1493e-07
3110.0 1.1895e-07
3130.0 1.2326e-07
3150.0 1.2818e-07
3170.0 1.3444e-07
3190.0 1.4258e-07
3210.0 1.5324e-07
3230.0 1.674e-07
3250.0 1.8533e-07
3270.0 2.0234e-07
3290.0 2.2942e-07
3310.0 2.8514e-07
3330.0 3.0362e-07
3350.0 3.1269e-07
3370.0 3.2141e-07
3390.0 3.3027e-07
3410.0 3.3924e-07
3430.0 3.4828e-07
3450.0 3.5733e-07
3470.0 3.6621e-07
3490.0 3.7479e-07
3510.0 3.8262e-07
3530.0 3.7927e-07
3550.0 3.6878e-07
3570.0 3.7411e-07
3590.0 3.9748e-07
3610.0 4.3311e-07
3630.0 4.47e-07
3650.0 4.2925e-07
3670.0 3.9436e-07
3690.0 3.7421e-07
3710.0 3.7908e-07
3730.0 3.9156e-07
3750.0 3.9825e-07
3770.0 4.1166e-07
3790.0 4.2665e-07
3810.0 4.2049e-07
3830.0 3.919e-07
3850.0 3.6639e-07
3870.0 3.543e-07
3890.0 3.5015e-07
3910.0 3.4222e-07
3930.0 3.3825e-07
3950.0 3.4775e-07
3970.0 3.5887e-07
3990.0 3.6215e-07
4010.0 3.4878e-07
4030.0 3.298e-07
4050.0 3.1763e-07
4070.0 3.0732e-07
4090.0 2.9894e-07
4110.0 2.8797e-07
4130.0 2.7073e-07
4150.0 2.5342e-07
4170.0 2.4315e-07
4190.0 2.2669e-07
4210.0 2.0523e-07
4230.0 1.835e-07
4250.0 1.6289e-07
4270.0 1.4753e-07
4290.0 1.3611e-07
4310.0 1.3008e-07
4330.0 1.2987e-07
4350.0 1.3043e-07
4370.0 1.3168e-07
4390.0 1.3649e-07
4410.0 1.3982e-07
4430.0 1.3493e-07
4450.0 1.2253e-07
4470.0 1.1172e-07
4490.0 1.0581e-07
4510.0 1.0204e-07
4530.0 1.0015e-07
4550.0 9.8544e-08
4570.0 9.8135e-08
4590.0 9.9481e-08
4610.0 1.0258e-07
4630.0 1.0443e-07
4650.0 1.0537e-07
4670.0 1.028e-07
4690.0 9.6709e-08
4710.0 9.0627e-08
4730.0 8.6706e-08
4750.0 8.4294e-08
4770.0 8.4582e-08
4790.0 8.4253e-08
4810.0 8.2445e-08
4830.0 8.2587e-08
4850.0 8.5172e-08
4870.0 8.6015e-08
4890.0 8.4463e-08
4910.0 8.2525e-08
4930.0 7.7832e-08
4950.0 7.103e-08
4970.0 6.6392e-08
4990.0 6.2586e-08
5010.0 6.1766e-08
5030.0 6.3848e-08
5050.0 6.5489e-08
5070.0 6.7934e-08
5090.0 7.2042e-08
5110.0 7.3142e-08
5130.0 7.3778e-08
5150.0 7.5144e-08
5170.0 7.5766e-08
5190.0 7.7754e-08
5210.0 7.8161e-08
5230.0 7.7352e-08
5250.0 7.7985e-08
5270.0 7.9078e-08
5290.0 7.9295e-08
5310.0 7.8701e-08
5330.0 7.7208e-08
5350.0 7.6146e-08
5370.0 7.5338e-08
5390.0 7.4346e-08
5410.0 7.3518e-08
5430.0 7.35e-08
5450.0 7.4568e-08
5470.0 7.5953e-08
5490.0 7.8075e-08
5510.0 8.0442e-08
5530.0 8.1432e-08
5550.0 8.2657e-08
5570.0 8.2812e-08
5590.0 8.1066e-08
5610.0 8.0475e-08
5630.0 8.1094e-08
5650.0 8.0108e-08
5670.0 7.8333e-08
5690.0 7.5974e-08
5710.0 7.5795e-08
5730.0 7.6583e-08
5750.0 7.3316e-08
5770.0 6.9558e-08
5790.0 6.3912e-08
5810.0 5.5874e-08
5830.0 6.0256e-08
5850.0 6.6757e-08
5870.0 6.8225e-08
5890.0 6.8593e-08
5910.0 6.9129e-08
5930.0 6.8992e-08
5950.0 6.7839e-08
5970.0 6.7026e-08
5990.0 6.6046e-08
6010.0 6.4039e-08
6030.0 6.1836e-08
6050.0 6.0872e-08
6070.0 6.0618e-08
6090.0 5.9684e-08
6110.0 5.7686e-08
6130.0 5.573e-08
6150.0 5.3489e-08
6170.0 5.1245e-08
6190.0 4.8979e-08
6210.0 4.7244e-08
6230.0 4.6547e-08
6250.0 4.5561e-08
6270.0 4.4608e-08
6290.0 4.4248e-08
6310.0 4.3943e-08
6330.0 4.2973e-08
6350.0 4.1578e-08
6370.0 4.0775e-08
6390.0 3.9989e-08
6410.0 3.8865e-08
6430.0 3.7819e-08
6450.0 3.698e-08
6470.0 3.6182e-08
6490.0 3.5626e-08
6510.0 3.5026e-08
6530.0 3.4131e-08
6550.0 3.3375e-08
6570.0 3.2869e-08
6590.0 3.2804e-08
6610.0 3.2596e-08
6630.0 3.1502e-08
6650.0 3.0619e-08
6670.0 3.0306e-08
6690.0 2.9832e-08
6710.0 2.912e-08
6730.0 2.8866e-08
6750.0 2.909e-08
6770.0 3.0834e-08
6790.0 3.4506e-08
6810.0 3.2757e-08
6830.0 2.874e-08
6850.0 2.7614e-08
6870.0 2.7191e-08
6890.0 2.7195e-08
6910.0 2.7254e-08
6930.0 2.7321e-08
6950.0 2.7229e-08
6970.0 2.6538e-08
6990.0 2.6299e-08
7010.0 2.6691e-08
7030.0 2.681e-08
7050.0 2.642e-08
7070.0 2.6172e-08
7090.0 2.6358e-08
7110.0 2.697e-08
7130.0 2.7059e-08
7150.0 2.7155e-08
7170.0 2.73e-08
7190.0 2.768e-08
7210.0 2.7972e-08
7230.0 2.8258e-08
7250.0 2.8636e-08
7270.0 2.8903e-08
7290.0 2.9352e-08
7310.0 2.9906e-08
7330.0 2.9678e-08
7350.0 2.9058e-08
7370.0 2.865e-08
7390.0 2.8566e-08
7410.0 2.8707e-08
7430.0 2.9061e-08
7450.0 2.9243e-08
7470.0 2.9644e-08
7490.0 2.9471e-08
7510.0 2.916e-08
7530.0 2.9495e-08
7550.0 3.044e-08
7570.0 3.0361e-08
7590.0 2.8787e-08
7610.0 2.8529e-08
7630.0 3.0159e-08
7650.0 3.0753e-08
7670.0 3.0986e-08
7690.0 3.2359e-08
7710.0 3.3409e-08
7730.0 3.3724e-08
7750.0 3.5489e-08
7770.0 3.4568e-08
7790.0 3.3736e-08
7810.0 3.5758e-08
7830.0 3.7116e-08
7850.0 3.8068e-08
7870.0 3.88e-08
7890.0 3.911e-08
7910.0 3.8822e-08
7930.0 3.9095e-08
7950.0 4.0854e-08
7970.0 4.0849e-08
7990.0 3.8046e-08
8010.0 3.6726e-08
8030.0 3.7441e-08
8050.0 3.8232e-08
8070.0 3.4608e-08
8090.0 2.2729e-08
8110.0 2.3709e-08
8130.0 3.3768e-08
8150.0 3.6369e-08
8170.0 3.7816e-08
8190.0 3.8652e-08
8210.0 3.8148e-08
8230.0 4.133e-08
8250.0 4.222e-08
8270.0 3.9953e-08
8290.0 3.8389e-08
8310.0 3.7815e-08
8330.0 3.9842e-08
8350.0 4.1725e-08
8370.0 4.0953e-08
8390.0 3.9057e-08
8410.0 3.9017e-08
8430.0 3.6563e-08
8450.0 3.7344e-08
8470.0 4.0809e-08
8490.0 4.0933e-08
8510.0 3.7954e-08
8530.0 3.5597e-08
8550.0 3.4131e-08
8570.0 3.2154e-08
8590.0 3.3074e-08
8610.0 3.5076e-08
8630.0 3.6027e-08
8650.0 3.6649e-08
8670.0 3.5656e-08
8690.0 3.4825e-08
8710.0 3.2408e-08
8730.0 3.1238e-08
8750.0 3.2495e-08
8770.0 3.2996e-08
8790.0 3.2918e-08
8810.0 3.2737e-08
8830.0 3.3422e-08
8850.0 3.5103e-08
8870.0 3.2781e-08
8890.0 3.0908e-08
8910.0 3.0454e-08
8930.0 2.8653e-08
8950.0 2.7586e-08
8970.0 2.7564e-08
8990.0 2.6389e-08
9010.0 2.4772e-08
9030.0 2.421e-08
9050.0 2.4009e-08
9070.0 2.383e-08
9090.0 2.365e-08
9110.0 2.3469e-08
9130.0 2.3286e-08
9150.0 2.3104e-08
9170.0 2.292e-08
9190.0 2.2736e-08
9210.0 2.2552e-08
9230.0 2.2368e-08
9250.0 2.2184e-08
9270.0 2.2e-08
9290.0 2.1816e-08
9310.0 2.1633e-08
9330.0 2.145e-08
9350.0 2.1268e-08
9370.0 2.1087e-08
9390.0 2.0907e-08
9410.0 2.0728e-08
9430.0 2.055e-08
9450.0 2.0372e-08
9470.0 2.0197e-08
9490.0 2.0022e-08
9510.0 1.9848e-08
9530.0 1.9676e-08
9550.0 1.9505e-08
9570.0 1.9336e-08
9590.0 1.9168e-08
9610.0 1.9002e-08
9630.0 1.8838e-08
9650.0 1.8675e-08
9670.0 1.8514e-08
9690.0 1.8354e-08
9710.0 1.8196e-08
9730.0 1.804e-08
9750.0 1.7885e-08
9770.0 1.7733e-08
9790.0 1.7581e-08
9810.0 1.7432e-08
9830.0 1.7284e-08
9850.0 1.7138e-08
9870.0 1.6994e-08
9890.0 1.6852e-08
9910.0 1.6711e-08
9930.0 1.6572e-08
9950.0 1.6435e-08
9970.0 1.6299e-08
9990.0 1.6166e-08
10010.0 1.6033e-08
10030.0 1.5903e-08
10050.0 1.5774e-08
10070.0 1.5647e-08
10090.0 1.5522e-08
10110.0 1.5398e-08
10130.0 1.5275e-08
10150.0 1.5155e-08
10170.0 1.5035e-08
10190.0 1.4918e-08
10210.0 1.4802e-08
10230.0 1.4687e-08
10250.0 1.4574e-08
10270.0 1.4462e-08
10290.0 1.4352e-08
10310.0 1.4243e-08
10330.0 1.4136e-08
10350.0 1.403e-08
10370.0 1.3925e-08
10390.0 1.382e-08
10410.0 1.3697e-08
10430.0 1.3568e-08
10450.0 1.3492e-08
10470.0 1.3404e-08
10490.0 1.3315e-08
10510.0 1.3225e-08
10530.0 1.3131e-08
10550.0 1.3038e-08
10570.0 1.2947e-08
10590.0 1.2856e-08
10610.0 1.2765e-08
10630.0 1.2677e-08
10650.0 1.259e-08
10670.0 1.2501e-08
10690.0 1.2415e-08
10710.0 1.2331e-08
10730.0 1.2246e-08
10750.0 1.2161e-08
10770.0 1.208e-08
10790.0 1.1999e-08
10810.0 1.1918e-08
10830.0 1.1838e-08
10850.0 1.1761e-08
10870.0 1.1681e-08
10890.0 1.1602e-08
10910.0 1.1526e-08
10930.0 1.145e-08
10950.0 1.1371e-08
10970.0 1.1293e-08
10990.0 1.1217e-08
11010.0 1.0991e-08
11030.0 1.091e-08
11050.0 1.0831e-08
11070.0 1.0751e-08
11090.0 1.0665e-08
11110.0 1.0582e-08
11130.0 1.0499e-08
11150.0 1.0413e-08
11170.0 1.0326e-08
11190.0 1.0242e-08
11210.0 1.0156e-08
11230.0 1.0067e-08
11250.0 9.9819e-09
11270.0 9.8987e-09
11290.0 9.8143e-09
11310.0 9.7321e-09
11330.0 9.6566e-09
11350.0 9.5825e-09
11370.0 9.5105e-09
11390.0 9.4438e-09
11410.0 9.3811e-09
11430.0 9.3185e-09
11450.0 9.2598e-09
11470.0 9.2046e-09
11490.0 9.1502e-09
11510.0 9.0955e-09
11530.0 9.0433e-09
11550.0 8.9917e-09
11570.0 8.9381e-09
11590.0 8.8842e-09
11610.0 8.8311e-09
11630.0 8.7752e-09
11650.0 8.7167e-09
11670.0 8.6594e-09
11690.0 8.6011e-09
11710.0 8.5398e-09
11730.0 8.4783e-09
11750.0 8.4183e-09
11770.0 8.3558e-09
11790.0 8.2924e-09
11810.0 8.2311e-09
11830.0 8.1703e-09
11850.0 8.1074e-09
11870.0 8.0474e-09
11890.0 7.9907e-09
11910.0 7.9341e-09
11930.0 7.879e-09
11950.0 7.8282e-09
11970.0 7.7795e-09
11990.0 7.7318e-09
12010.0 7.6881e-09
12030.0 7.6482e-09
12050.0 7.6101e-09
12070.0 7.5743e-09
12090.0 7.5432e-09
12110.0 7.5142e-09
12130.0 7.487e-09
12150.0 7.4624e-09
12170.0 7.4402e-09
12190.0 7.4183e-09
12210.0 7.3974e-09
12230.0 7.3775e-09
12250.0 7.3572e-09
12270.0 7.3355e-09
12290.0 7.3128e-09
12310.0 7.289e-09
12330.0 7.2619e-09
12350.0 7.2319e-09
12370.0 7.1999e-09
12390.0 7.1643e-09
12410.0 7.1232e-09
12430.0 7.0808e-09
12450.0 7.0356e-09
12470.0 6.9858e-09
12490.0 6.933e-09
12510.0 6.8799e-09
12530.0 6.823e-09
12550.0 6.7626e-09
12570.0 6.7025e-09
12590.0 6.6419e-09
12610.0 6.5779e-09
12630.0 6.5134e-09
12650.0 6.4523e-09
12670.0 6.3897e-09
12690.0 6.3266e-09
12710.0 6.2666e-09
12730.0 6.2087e-09
12750.0 6.1493e-09
12770.0 6.0934e-09
12790.0 6.0414e-09
12810.0 5.9907e-09
12830.0 5.9415e-09
12850.0 5.8974e-09
12870.0 5.8564e-09
12890.0 5.8171e-09
12910.0 5.7816e-09
12930.0 5.7505e-09
12950.0 5.7216e-09
12970.0 5.6959e-09
12990.0 5.6749e-09
13010.0 5.6574e-09
13030.0 5.6427e-09
13050.0 5.6316e-09
13070.0 5.6237e-09
13090.0 5.6181e-09
13110.0 5.6145e-09
13130.0 5.6125e-09
13150.0 5.6112e-09
13170.0 5.61e-09
13190.0 5.6082e-09
13210.0 5.6052e-09
13230.0 5.6001e-09
13250.0 5.5925e-09
13270.0 5.5824e-09
13290.0 5.5691e-09
13310.0 5.5517e-09
13330.0 5.5313e-09
13350.0 5.508e-09
13370.0 5.4806e-09
13390.0 5.4491e-09
13410.0 5.4165e-09
13430.0 5.3806e-09
13450.0 5.3409e-09
13470.0 5.2997e-09
13490.0 5.2575e-09
13510.0 5.2105e-09
13530.0 5.1623e-09
13550.0 5.1143e-09
13570.0 5.0644e-09
13590.0 5.0117e-09
13610.0 4.9598e-09
13630.0 4.9086e-09
13650.0 4.8545e-09
13670.0 4.8003e-09
13690.0 4.7479e-09
13710.0 4.6946e-09
13730.0 4.6389e-09
13750.0 4.5869e-09
13770.0 4.5359e-09
13790.0 4.484e-09
13810.0 4.4335e-09
13830.0 4.3863e-09
13850.0 4.3389e-09
13870.0 4.292e-09
13890.0 4.2482e-09
13910.0 4.2063e-09
13930.0 4.1643e-09
13950.0 4.1242e-09
13970.0 4.0877e-09
13990.0 4.0514e-09
14010.0 4.0161e-09
14030.0 3.9834e-09
14050.0 3.9523e-09
14070.0 3.921e-09
14090.0 3.892e-09
14110.0 3.8652e-09
14130.0 3.8391e-09
14150.0 3.8137e-09
14170.0 3.7906e-09
14190.0 3.7687e-09
14210.0 3.747e-09
14230.0 3.7265e-09
14250.0 3.7075e-09
14270.0 3.6882e-09
14290.0 3.6693e-09
14310.0 3.6518e-09
14330.0 3.6345e-09
14350.0 3.6171e-09
14370.0 3.6003e-09
14390.0 3.5844e-09
14410.0 3.568e-09
14430.0 3.5518e-09
14450.0 3.5364e-09
14470.0 3.521e-09
14490.0 3.5051e-09
14510.0 3.4898e-09
14530.0 3.475e-09
14550.0 3.4598e-09
14570.0 3.4444e-09
14590.0 3.4295e-09
14610.0 3.4143e-09
14630.0 3.3984e-09
14650.0 3.3828e-09
14670.0 3.3673e-09
14690.0 3.3511e-09
14710.0 3.3345e-09
14730.0 3.3186e-09
14750.0 3.3021e-09
14770.0 3.2849e-09
14790.0 3.2679e-09
14810.0 3.251e-09
14830.0 3.2327e-09
14850.0 3.2143e-09
14870.0 3.1964e-09
14890.0 3.1781e-09
14910.0 3.1593e-09
14930.0 3.1414e-09
14950.0 3.1246e-09
14970.0 3.108e-09
14990.0 3.0929e-09
15010.0 3.0797e-09
15030.0 3.0677e-09
15050.0 3.0566e-09
15070.0 3.0473e-09
15090.0 3.0388e-09
15110.0 3.0306e-09
15130.0 3.0228e-09
15150.0 3.0155e-09
15170.0 3.008e-09
15190.0 3.0004e-09
15210.0 2.9931e-09
15230.0 2.9858e-09
15250.0 2.9783e-09
15270.0 2.9708e-09
15290.0 2.9636e-09
15310.0 2.9563e-09
15330.0 2.9488e-09
15350.0 2.9415e-09
15370.0 2.9343e-09
15390.0 2.9267e-09
15410.0 2.9193e-09
15430.0 2.9121e-09
15450.0 2.9046e-09
15470.0 2.8971e-09
15490.0 2.8899e-09
15510.0 2.8826e-09
15530.0 2.8751e-09
15550.0 2.8678e-09
15570.0 2.8606e-09
15590.0 2.8531e-09
15610.0 2.8456e-09
15630.0 2.8383e-09
15650.0 2.8311e-09
15670.0 2.8236e-09
15690.0 2.8162e-09
15710.0 2.8091e-09
15730.0 2.8016e-09
15750.0 2.7942e-09
15770.0 2.787e-09
15790.0 2.7797e-09
15810.0 2.7721e-09
15830.0 2.7647e-09
15850.0 2.7576e-09
15870.0 2.7502e-09
15890.0 2.7427e-09
15910.0 2.7356e-09
15930.0 2.7283e-09
15950.0 2.7207e-09
15970.0 2.7134e-09
15990.0 2.7062e-09
16010.0 2.6988e-09
16030.0 2.6912e-09
16050.0 2.6841e-09
16070.0 2.6768e-09
16090.0 2.6694e-09
16110.0 2.6621e-09
16130.0 2.655e-09
16150.0 2.6474e-09
16170.0 2.64e-09
16190.0 2.6328e-09
16210.0 2.6255e-09
16230.0 2.618e-09
16250.0 2.6107e-09
16270.0 2.6036e-09
16290.0 2.5961e-09
16310.0 2.5888e-09
16330.0 2.5816e-09
16350.0 2.5743e-09
16370.0 2.5666e-09
16390.0 2.5595e-09
16410.0 2.5523e-09
16430.0 2.5448e-09
16450.0 2.5375e-09
16470.0 2.5304e-09
16490.0 2.523e-09
16510.0 2.5155e-09
16530.0 2.5083e-09
16550.0 2.5011e-09
16570.0 2.4936e-09
16590.0 2.4862e-09
16610.0 2.4791e-09
16630.0 2.4718e-09
16650.0 2.4643e-09
16670.0 2.4572e-09
16690.0 2.45e-09
16710.0 2.4424e-09
16730.0 2.4351e-09
16750.0 2.4279e-09
16770.0 2.4206e-09
16790.0 2.4131e-09
16810.0 2.4059e-09
16830.0 2.3987e-09
16850.0 2.3913e-09
16870.0 2.384e-09
16890.0 2.3769e-09
16910.0 2.3694e-09
16930.0 2.3619e-09
16950.0 2.3548e-09
16970.0 2.3475e-09
16990.0 2.3401e-09
17010.0 2.3328e-09
17030.0 2.3257e-09
17050.0 2.3183e-09
17070.0 2.3109e-09
17090.0 2.3037e-09
17110.0 2.2965e-09
17130.0 2.2889e-09
17150.0 2.2816e-09
17170.0 2.2745e-09
17190.0 2.2671e-09
17210.0 2.2598e-09
17230.0 2.2527e-09
17250.0 2.2454e-09
17270.0 2.2379e-09
17290.0 2.2306e-09
17310.0 2.2234e-09
17330.0 2.216e-09
17350.0 2.2085e-09
17370.0 2.2015e-09
17390.0 2.1942e-09
17410.0 2.1868e-09
17430.0 2.1796e-09
17450.0 2.1725e-09
17470.0 2.1649e-09
17490.0 2.1575e-09
17510.0 2.1504e-09
17530.0 2.1431e-09
17550.0 2.1356e-09
17570.0 2.1284e-09
17590.0 2.1213e-09
17610.0 2.1138e-09
17630.0 2.1065e-09
17650.0 2.0993e-09
17670.0 2.092e-09
17690.0 2.0844e-09
17710.0 2.0773e-09
17730.0 2.0701e-09
17750.0 2.0627e-09
17770.0 2.0553e-09
17790.0 2.0483e-09
17810.0 2.0409e-09
17830.0 2.0334e-09
17850.0 2.0262e-09
17870.0 2.019e-09
17890.0 2.0115e-09
17910.0 2.0041e-09
17930.0 1.9971e-09
17950.0 1.9897e-09
17970.0 1.9823e-09
17990.0 1.9752e-09
18010.0 1.968e-09
18030.0 1.9604e-09
18050.0 1.9531e-09
18070.0 1.9459e-09
18090.0 1.9386e-09
18110.0 1.9311e-09
18130.0 1.924e-09
18150.0 1.9168e-09
18170.0 1.9093e-09
18190.0 1.902e-09
18210.0 1.8949e-09
18230.0 1.8875e-09
18250.0 1.8799e-09
18270.0 1.8728e-09
18290.0 1.8656e-09
18310.0 1.8581e-09
18330.0 1.8508e-09
18350.0 1.8438e-09
18370.0 1.8363e-09
18390.0 1.8289e-09
18410.0 1.8217e-09
18430.0 1.8145e-09
18450.0 1.8069e-09
18470.0 1.7996e-09
18490.0 1.7925e-09
18510.0 1.7851e-09
18530.0 1.7777e-09
18550.0 1.7706e-09
18570.0 1.7633e-09
18590.0 1.7558e-09
18610.0 1.7485e-09
18630.0 1.7413e-09
18650.0 1.7339e-09
18670.0 1.7264e-09
18690.0 1.7194e-09
18710.0 1.7121e-09
18730.0 1.7046e-09
18750.0 1.6974e-09
18770.0 1.6903e-09
18790.0 1.6827e-09
18810.0 1.6753e-09
18830.0 1.6682e-09
18850.0 1.6608e-09
18870.0 1.6534e-09
18890.0 1.6462e-09
18910.0 1.639e-09
18930.0 1.6315e-09
18950.0 1.6242e-09
18970.0 1.617e-09
18990.0 1.6097e-09
19010.0 1.6021e-09
19030.0 1.5949e-09
19050.0 1.5877e-09
19070.0 1.5803e-09
19090.0 1.5729e-09
19110.0 1.5659e-09
19130.0 1.5584e-09
19150.0 1.551e-09
19170.0 1.5438e-09
19190.0 1.5365e-09
19210.0 1.529e-09
19230.0 1.5216e-09
19250.0 1.5145e-09
19270.0 1.5072e-09
19290.0 1.4997e-09
19310.0 1.4926e-09
19330.0 1.4854e-09
19350.0 1.4777e-09
19370.0 1.4704e-09
19390.0 1.4633e-09
19410.0 1.4559e-09
19430.0 1.4484e-09
19450.0 1.4413e-09
19470.0 1.434e-09
19490.0 1.4266e-09
19510.0 1.4193e-09
19530.0 1.4121e-09
19550.0 1.4046e-09
19570.0 1.3971e-09
19590.0 1.39e-09
19610.0 1.3827e-09
19630.0 1.3752e-09
19650.0 1.368e-09
19670.0 1.3609e-09
19690.0 1.3534e-09
19710.0 1.346e-09
19730.0 1.3388e-09
19750.0 1.3315e-09
19770.0 1.3239e-09
19790.0 1.3166e-09
19810.0 1.3095e-09
19830.0 1.3021e-09
19850.0 1.2947e-09
19870.0 1.2877e-09
19890.0 1.2804e-09
19910.0 1.2732e-09
19930.0 1.2664e-09
19950.0 1.2601e-09
19970.0 1.254e-09
19990.0 1.2486e-09
20010.0 1.2442e-09
20030.0 1.2403e-09
20050.0 1.237e-09
20070.0 1.2345e-09
20090.0 1.2325e-09
20110.0 1.2307e-09
20130.0 1.2292e-09
20150.0 1.2278e-09
20170.0 1.2265e-09
20190.0 1.2251e-09
20210.0 1.2237e-09
20230.0 1.2223e-09
20250.0 1.2207e-09
20270.0 1.2191e-09
20290.0 1.2175e-09
20310.0 1.2157e-09
20330.0 1.2137e-09
20350.0 1.2118e-09
20370.0 1.2098e-09
20390.0 1.2076e-09
20410.0 1.2053e-09
20430.0 1.2031e-09
20450.0 1.2006e-09
20470.0 1.1981e-09
20490.0 1.1957e-09
20510.0 1.1933e-09
20530.0 1.1907e-09
20550.0 1.1883e-09
20570.0 1.186e-09
20590.0 1.1836e-09
20610.0 1.1813e-09
20630.0 1.1791e-09
20650.0 1.177e-09
20670.0 1.1748e-09
20690.0 1.1726e-09
20710.0 1.1705e-09
20730.0 1.1683e-09
20750.0 1.1661e-09
20770.0 1.1638e-09
20790.0 1.1613e-09
20810.0 1.1586e-09
20830.0 1.1558e-09
20850.0 1.1529e-09
20870.0 1.1496e-09
20890.0 1.1461e-09
20910.0 1.1426e-09
20930.0 1.1387e-09
20950.0 1.1347e-09
20970.0 1.1305e-09
20990.0 1.1264e-09
21010.0 1.1219e-09
21030.0 1.1174e-09
21050.0 1.1131e-09
21070.0 1.1086e-09
21090.0 1.104e-09
21110.0 1.0996e-09
21130.0 1.0954e-09
21150.0 1.091e-09
21170.0 1.0867e-09
21190.0 1.0826e-09
21210.0 1.0784e-09
21230.0 1.0741e-09
21250.0 1.07e-09
21270.0 1.0658e-09
21290.0 1.0615e-09
21310.0 1.0571e-09
21330.0 1.0529e-09
21350.0 1.0484e-09
21370.0 1.0437e-09
21390.0 1.0391e-09
21410.0 1.0343e-09
21430.0 1.0291e-09
21450.0 1.024e-09
21470.0 1.0189e-09
21490.0 1.0136e-09
21510.0 1.0081e-09
21530.0 1.0027e-09
21550.0 9.9721e-10
21570.0 9.9143e-10
21590.0 9.8573e-10
21610.0 9.8013e-10
21630.0 9.7434e-10
21650.0 9.6835e-10
21670.0 9.6277e-10
21690.0 9.5709e-10
21710.0 9.5126e-10
21730.0 9.4557e-10
21750.0 9.4008e-10
21770.0 9.3427e-10
21790.0 9.2851e-10
21810.0 9.2296e-10
21830.0 9.1737e-10
21850.0 9.1158e-10
21870.0 9.0596e-10
21890.0 9.0052e-10
21910.0 8.9487e-10
21930.0 8.8923e-10
21950.0 8.8383e-10
21970.0 8.7839e-10
21990.0 8.7277e-10
22010.0 8.6749e-10
22030.0 8.6239e-10
22050.0 8.5725e-10
22070.0 8.5226e-10
22090.0 8.4767e-10
22110.0 8.4314e-10
22130.0 8.3869e-10
22150.0 8.3458e-10
22170.0 8.3072e-10
22190.0 8.2687e-10
22210.0 8.2326e-10
22230.0 8.1999e-10
22250.0 8.1681e-10
22270.0 8.1371e-10
22290.0 8.1085e-10
22310.0 8.0812e-10
22330.0 8.0534e-10
22350.0 8.0268e-10
22370.0 8.0014e-10
22390.0 7.9757e-10
22410.0 7.9493e-10
22430.0 7.9241e-10
22450.0 7.8989e-10
22470.0 7.8726e-10
22490.0 7.8463e-10
22510.0 7.8206e-10
22530.0 7.7936e-10
22550.0 7.7659e-10
22570.0 7.7392e-10
22590.0 7.7125e-10
22610.0 7.6849e-10
22630.0 7.658e-10
22650.0 7.6325e-10
22670.0 7.6066e-10
22690.0 7.5811e-10
22710.0 7.5573e-10
22730.0 7.5344e-10
22750.0 7.5113e-10
22770.0 7.4904e-10
22790.0 7.4712e-10
22810.0 7.4528e-10
22830.0 7.4355e-10
22850.0 7.4203e-10
22870.0 7.4062e-10
22890.0 7.3928e-10
22910.0 7.381e-10
22930.0 7.3705e-10
22950.0 7.3606e-10
22970.0 7.3515e-10
22990.0 7.3437e-10
23010.0 7.3365e-10
23030.0 7.3298e-10
23050.0 7.3239e-10
23070.0 7.3189e-10
23090.0 7.3143e-10
23110.0 7.3107e-10
23130.0 7.3081e-10
23150.0 7.3066e-10
23170.0 7.3065e-10
23190.0 7.3077e-10
23210.0 7.3105e-10
23230.0 7.315e-10
23250.0 7.3213e-10
23270.0 7.329e-10
23290.0 7.3385e-10
23310.0 7.35e-10
23330.0 7.3623e-10
23350.0 7.3756e-10
23370.0 7.3901e-10
23390.0 7.4051e-10
23410.0 7.4196e-10
23430.0 7.4345e-10
23450.0 7.4493e-10
23470.0 7.463e-10
23490.0 7.4757e-10
23510.0 7.4881e-10
23530.0 7.4993e-10
23550.0 7.5089e-10
23570.0 7.5178e-10
23590.0 7.526e-10
23610.0 7.5332e-10
23630.0 7.5398e-10
23650.0 7.5465e-10
23670.0 7.5528e-10
23690.0 7.559e-10
23710.0 7.5656e-10
23730.0 7.5728e-10
23750.0 7.5802e-10
23770.0 7.5881e-10
23790.0 7.5971e-10
23810.0 7.6067e-10
23830.0 7.6168e-10
23850.0 7.6282e-10
23870.0 7.6407e-10
23890.0 7.6534e-10
23910.0 7.6668e-10
23930.0 7.6813e-10
23950.0 7.696e-10
23970.0 7.7103e-10
23990.0 7.7252e-10
24010.0 7.7398e-10
24030.0 7.7534e-10
24050.0 7.7663e-10
24070.0 7.7789e-10
24090.0 7.79e-10
24110.0 7.7999e-10
24130.0 7.8093e-10
24150.0 7.8182e-10
24170.0 7.8265e-10
24190.0 7.8352e-10
24210.0 7.845e-10
24230.0 7.8558e-10
24250.0 7.8681e-10
24270.0 7.8832e-10
24290.0 7.9017e-10
24310.0 7.9223e-10
24330.0 7.9471e-10
24350.0 7.9769e-10
24370.0 8.0105e-10
24390.0 8.0479e-10
24410.0 8.0929e-10
24430.0 8.1428e-10
24450.0 8.1959e-10
24470.0 8.2548e-10
24490.0 8.3205e-10
24510.0 8.3883e-10
24530.0 8.4578e-10
24550.0 8.533e-10
24570.0 8.6096e-10
24590.0 8.6841e-10
24610.0 8.7597e-10
24630.0 8.8368e-10
24650.0 8.9071e-10
24670.0 8.9735e-10
24690.0 9.0377e-10
24710.0 9.0964e-10
24730.0 9.1477e-10
24750.0 9.1955e-10
24770.0 9.2379e-10
24790.0 9.272e-10
24810.0 9.2968e-10
24830.0 9.3057e-10
24850.0 9.2827e-10
24870.0 9.2082e-10
24890.0 9.0423e-10
24910.0 8.731e-10
24930.0 8.2491e-10
24950.0 7.5637e-10
24970.0 6.6168e-10
24990.0 5.5167e-10
