#lamb flux
1010.0 2.8268e-07
1030.0 3.1327e-07
1050.0 3.4847e-07
1070.0 3.881e-07
1090.0 4.3311e-07
1110.0 4.7928e-07
1130.0 5.2575e-07
1150.0 5.7444e-07
1170.0 6.2467e-07
1190.0 6.723e-07
1210.0 7.2059e-07
1230.0 7.705e-07
1250.0 8.194e-07
1270.0 8.6691e-07
1290.0 9.1712e-07
1310.0 9.6729e-07
1330.0 1.0154e-06
1350.0 1.0641e-06
1370.0 1.1144e-06
1390.0 1.1634e-06
1410.0 1.211e-06
1430.0 1.2608e-06
1450.0 1.3105e-06
1470.0 1.3586e-06
1490.0 1.4073e-06
1510.0 1.4586e-06
1530.0 1.5073e-06
1550.0 1.5553e-06
1570.0 1.605e-06
1590.0 1.6547e-06
1610.0 1.7022e-06
1630.0 1.7511e-06
1650.0 1.8013e-06
1670.0 1.8498e-06
1690.0 1.8976e-06
1710.0 1.9472e-06
1730.0 1.997e-06
1750.0 2.0438e-06
1770.0 2.0918e-06
1790.0 2.1407e-06
1810.0 2.1878e-06
1830.0 2.2339e-06
1850.0 2.2828e-06
1870.0 2.3301e-06
1890.0 2.3755e-06
1910.0 2.4215e-06
1930.0 2.4684e-06
1950.0 2.5127e-06
1970.0 2.556e-06
1990.0 2.6006e-06
2010.0 2.6438e-06
2030.0 2.6848e-06
2050.0 2.7266e-06
2070.0 2.7689e-06
2090.0 2.8077e-06
2110.0 2.8455e-06
2130.0 2.8838e-06
2150.0 2.9203e-06
2170.0 2.9537e-06
2190.0 2.9878e-06
2210.0 3.0209e-06
2230.0 3.051e-06
2250.0 3.0796e-06
2270.0 3.1089e-06
2290.0 3.1352e-06
2310.0 3.1582e-06
2330.0 3.1811e-06
2350.0 3.2028e-06
2370.0 3.2212e-06
2390.0 3.2387e-06
2410.0 3.2575e-06
2430.0 3.2748e-06
2450.0 3.292e-06
2470.0 3.3133e-06
2490.0 3.3413e-06
2510.0 3.3763e-06
2530.0 3.4323e-06
2550.0 3.53e-06
2570.0 3.6884e-06
2590.0 3.9297e-06
2610.0 4.3175e-06
2630.0 4.859e-06
2650.0 5.5166e-06
2670.0 6.2909e-06
2690.0 7.1433e-06
2710.0 7.946e-06
2730.0 8.6422e-06
2750.0 9.2449e-06
2770.0 9.6947e-06
2790.0 9.9945e-06
2810.0 1.0197e-05
2830.0 1.034e-05
2850.0 1.0422e-05
2870.0 1.048e-05
2890.0 1.0535e-05
2910.0 1.0586e-05
2930.0 1.0626e-05
2950.0 1.0674e-05
2970.0 1.0727e-05
2990.0 1.0773e-05
3010.0 0.00014109
3030.0 0.00014136
3050.0 0.0001416
3070.0 0.00014164
3090.0 0.00014158
3110.0 0.00014123
3130.0 0.00014033
3150.0 0.00013877
3170.0 0.00013634
3190.0 0.0001331
3210.0 0.00012933
3230.0 0.00012546
3250.0 0.00012408
3270.0 0.00012171
3290.0 0.00012406
3310.0 0.00012316
3330.0 0.00012627
3350.0 0.00013091
3370.0 0.00013693
3390.0 0.00014411
3410.0 0.00015167
3430.0 0.00015996
3450.0 0.00016919
3470.0 0.00017891
3490.0 0.00018877
3510.0 0.00020019
3530.0 0.00021274
3550.0 0.00022332
3570.0 0.00023313
3590.0 0.00024715
3610.0 0.00025651
3630.0 0.00027202
3650.0 0.00028586
3670.0 0.00029983
3690.0 0.0003077
3710.0 0.00030967
3730.0 0.00031405
3750.0 0.00031411
3770.0 0.00029109
3790.0 0.00026711
3810.0 0.00024947
3830.0 0.00022582
3850.0 0.0001964
3870.0 0.00019486
3890.0 0.00025233
3910.0 0.00033778
3930.0 0.00040422
3950.0 0.00042823
3970.0 0.0004194
3990.0 0.00042749
4010.0 0.00048328
4030.0 0.00051811
4050.0 0.00050185
4070.0 0.00044425
4090.0 0.00039233
4110.0 0.00044024
4130.0 0.00047667
4150.0 0.00046801
4170.0 0.00046796
4190.0 0.00046586
4210.0 0.00048336
4230.0 0.00051437
4250.0 0.00055529
4270.0 0.00056562
4290.0 0.00056044
4310.0 0.00059009
4330.0 0.00064811
4350.0 0.00073552
4370.0 0.00082083
4390.0 0.00079106
4410.0 0.00066829
4430.0 0.00055632
4450.0 0.00046603
4470.0 0.00045673
4490.0 0.00049969
4510.0 0.00057706
4530.0 0.00062784
4550.0 0.00070544
4570.0 0.00084159
4590.0 0.0010351
4610.0 0.0013256
4630.0 0.0015952
4650.0 0.0016406
4670.0 0.0016359
4690.0 0.0017309
4710.0 0.0017636
4730.0 0.0014862
4750.0 0.0010989
4770.0 0.00089922
4790.0 0.00084651
4810.0 0.00080255
4830.0 0.00078824
4850.0 0.00090686
4870.0 0.0011189
4890.0 0.001244
4910.0 0.00109
4930.0 0.0010191
4950.0 0.001172
4970.0 0.001522
4990.0 0.0018868
5010.0 0.0019399
5030.0 0.0015995
5050.0 0.0010931
5070.0 0.00077792
5090.0 0.00067918
5110.0 0.00069552
5130.0 0.00074861
5150.0 0.00077272
5170.0 0.00076703
5190.0 0.00075732
5210.0 0.00074428
5230.0 0.00077209
5250.0 0.00082895
5270.0 0.00095138
5290.0 0.0010985
5310.0 0.001206
5330.0 0.0012475
5350.0 0.001281
5370.0 0.0013938
5390.0 0.0014674
5410.0 0.0013906
5430.0 0.0012317
5450.0 0.0011882
5470.0 0.0013731
5490.0 0.0017445
5510.0 0.002156
5530.0 0.0023418
5550.0 0.0022899
5570.0 0.0021215
5590.0 0.0019314
5610.0 0.0018115
5630.0 0.0017735
5650.0 0.0018109
5670.0 0.0017708
5690.0 0.0016653
5710.0 0.0015822
5730.0 0.0014099
5750.0 0.0010929
5770.0 0.00096474
5790.0 0.0010659
5810.0 0.0012518
5830.0 0.0014037
5850.0 0.0014889
5870.0 0.0015011
5890.0 0.0014343
5910.0 0.0013725
5930.0 0.0013789
5950.0 0.0014483
5970.0 0.0015003
5990.0 0.0013888
6010.0 0.0011669
6030.0 0.00096879
6050.0 0.00086204
6070.0 0.00087475
6090.0 0.00097265
6110.0 0.0010286
6130.0 0.00097887
6150.0 0.00094135
6170.0 0.0010442
6190.0 0.0012454
6210.0 0.0014845
6230.0 0.0016584
6250.0 0.0016341
6270.0 0.0014555
6290.0 0.0012098
6310.0 0.00096943
6330.0 0.00079194
6350.0 0.0007417
6370.0 0.00081529
6390.0 0.00094184
6410.0 0.0010842
6430.0 0.0012639
6450.0 0.0014839
6470.0 0.0018158
6490.0 0.0021912
6510.0 0.0023681
6530.0 0.0022311
6550.0 0.0020928
6570.0 0.0020693
6590.0 0.0019986
6610.0 0.001844
6630.0 0.0016883
6650.0 0.0015823
6670.0 0.0016049
6690.0 0.0015769
6710.0 0.0014202
6730.0 0.0012855
6750.0 0.0011523
6770.0 0.0011505
6790.0 0.0012282
6810.0 0.0012966
6830.0 0.0013209
6850.0 0.0012799
6870.0 0.0012322
6890.0 0.0012021
6910.0 0.0011376
6930.0 0.0010916
6950.0 0.0010944
6970.0 0.0011258
6990.0 0.0012361
7010.0 0.0013029
7030.0 0.0012136
7050.0 0.00112
7070.0 0.0010352
7090.0 0.00090946
7110.0 0.00084263
7130.0 0.00086539
7150.0 0.00089801
7170.0 0.00093909
7190.0 0.00093353
7210.0 0.00093695
7230.0 0.0010123
7250.0 0.0011641
7270.0 0.0013278
7290.0 0.0014051
7310.0 0.0013469
7330.0 0.0012053
7350.0 0.0010929
7370.0 0.0010687
7390.0 0.0010873
7410.0 0.0011457
7430.0 0.0012706
7450.0 0.0013846
7470.0 0.0015224
7490.0 0.0016315
7510.0 0.001456
7530.0 0.0013883
7550.0 0.0012046
7570.0 0.0010273
7590.0 0.00085087
7610.0 0.00078991
7630.0 0.00083581
7650.0 0.00096262
7670.0 0.0010708
7690.0 0.0011947
7710.0 0.0013288
7730.0 0.0014004
7750.0 0.0014314
7770.0 0.0014403
7790.0 0.0014383
7810.0 0.0014735
7830.0 0.0014277
7850.0 0.0013223
7870.0 0.0012251
7890.0 0.0011381
7910.0 0.0010227
7930.0 0.00089617
7950.0 0.00081593
7970.0 0.00080037
7990.0 0.00083037
8010.0 0.00088565
8030.0 0.00089847
8050.0 0.00090133
8070.0 0.0008797
8090.0 0.00087278
8110.0 0.00083702
8130.0 0.00079039
8150.0 0.00074466
8170.0 0.00073617
8190.0 0.0007522
8210.0 0.00075021
8230.0 0.00075389
8250.0 0.00074388
8270.0 0.00066093
8290.0 0.00051129
8310.0 0.00036298
8330.0 0.00024512
8350.0 0.00017546
8370.0 0.00019532
8390.0 0.00022002
8410.0 0.00027703
8430.0 0.00033715
8450.0 0.00036888
8470.0 0.00038162
8490.0 0.00040111
8510.0 0.00042345
8530.0 0.0004765
8550.0 0.00053475
8570.0 0.0006214
8590.0 0.00074205
8610.0 0.0008615
8630.0 0.0010037
8650.0 0.0011161
8670.0 0.0011035
8690.0 0.0010442
8710.0 0.00099133
8730.0 0.00094139
8750.0 0.00090281
8770.0 0.00087937
8790.0 0.00084674
8810.0 0.00078466
8830.0 0.00072259
8850.0 0.00062874
8870.0 0.0005509
8890.0 0.00049793
8910.0 0.00051127
8930.0 0.00049855
8950.0 0.00052249
8970.0 0.00053235
8990.0 0.00054871
9010.0 0.00056962
9030.0 0.00056789
9050.0 0.00056813
9070.0 0.00056877
9090.0 0.0005693
9110.0 0.00056946
9130.0 0.00056996
9150.0 0.0005708
9170.0 0.00057141
9190.0 0.00057169
9210.0 0.00057447
9230.0 0.00057509
9250.0 0.00057604
9270.0 0.00057712
9290.0 0.0005783
9310.0 0.00057963
9330.0 0.00058106
9350.0 0.00058254
9370.0 0.00058413
9390.0 0.00058583
9410.0 0.00058758
9430.0 0.00058937
9450.0 0.0005913
9470.0 0.0005933
9490.0 0.00059534
9510.0 0.00059746
9530.0 0.00059969
9550.0 0.00060193
9570.0 0.00060424
9590.0 0.00060665
9610.0 0.00060912
9630.0 0.00061162
9650.0 0.00061419
9670.0 0.00061686
9690.0 0.00061954
9710.0 0.00062227
9730.0 0.00062509
9750.0 0.00062794
9770.0 0.00063079
9790.0 0.00063373
9810.0 0.00063673
9830.0 0.00063973
9850.0 0.00064276
9870.0 0.00064587
9890.0 0.00064899
9910.0 0.0006521
9930.0 0.00065527
9950.0 0.00065834
9970.0 0.00066156
9990.0 0.00066478
10010.0 0.00066232
10030.0 0.00066552
10050.0 0.00066861
10070.0 0.00067126
10090.0 0.00067468
10110.0 0.000678
10130.0 0.00068127
10150.0 0.00068455
10170.0 0.00068774
10190.0 0.00069083
10210.0 0.00069396
10230.0 0.00069709
10250.0 0.0007001
10270.0 0.0007031
10290.0 0.00070613
10310.0 0.00070905
10330.0 0.00071187
10350.0 0.00071473
10370.0 0.00071754
10390.0 0.00072023
10410.0 0.00072288
10430.0 0.00072555
10450.0 0.00072809
10470.0 0.00073052
10490.0 0.00073295
10510.0 0.00073532
10530.0 0.00073749
10550.0 0.00073963
10570.0 0.00074177
10590.0 0.00074376
10610.0 0.00074562
10630.0 0.00074748
10650.0 0.00074924
10670.0 0.0007508
10690.0 0.00075232
10710.0 0.00075379
10730.0 0.00075509
10750.0 0.00075621
10770.0 0.00075738
10790.0 0.0007584
10810.0 0.00075923
10830.0 0.00075997
10850.0 0.00076061
10870.0 0.00076084
10890.0 0.00076066
10910.0 0.00075993
10930.0 0.00075817
10950.0 0.00075471
10970.0 0.00074933
10990.0 0.00074186
11010.0 0.00072798
11030.0 0.00071405
11050.0 0.00069795
11070.0 0.00067931
11090.0 0.00065746
11110.0 0.00063538
11130.0 0.00061287
11150.0 0.00058927
11170.0 0.00056578
11190.0 0.0005439
11210.0 0.00052231
11230.0 0.00050135
11250.0 0.00048248
11270.0 0.00046545
11290.0 0.00044943
11310.0 0.00043522
11330.0 0.00042341
11350.0 0.00041276
11370.0 0.00040321
11390.0 0.00039499
11410.0 0.00038759
11430.0 0.00038024
11450.0 0.00037316
11470.0 0.00036616
11490.0 0.00035866
11510.0 0.0003504
11530.0 0.00034186
11550.0 0.00033279
11570.0 0.00032278
11590.0 0.00031235
11610.0 0.0003019
11630.0 0.00029088
11650.0 0.00027959
11670.0 0.00026896
11690.0 0.00025869
11710.0 0.0002486
11730.0 0.00023926
11750.0 0.00023095
11770.0 0.00022308
11790.0 0.00021589
11810.0 0.00020965
11830.0 0.00020405
11850.0 0.00019878
11870.0 0.00019413
11890.0 0.00018994
11910.0 0.00018585
11930.0 0.00018182
11950.0 0.00017794
11970.0 0.00017397
11990.0 0.00016971
12010.0 0.00016541
12030.0 0.00016104
12050.0 0.00015645
12070.0 0.0001517
12090.0 0.00014725
12110.0 0.00014286
12130.0 0.0001386
12150.0 0.00013478
12170.0 0.0001315
12190.0 0.00012864
12210.0 0.00012649
12230.0 0.00012512
12250.0 0.00012449
12270.0 0.0001247
12290.0 0.0001257
12310.0 0.00012738
12330.0 0.00012985
12350.0 0.00013297
12370.0 0.00013647
12390.0 0.00014042
12410.0 0.00014491
12430.0 0.00014927
12450.0 0.00015357
12470.0 0.00015791
12490.0 0.00016199
12510.0 0.00016551
12530.0 0.00016873
12550.0 0.00017151
12570.0 0.0001736
12590.0 0.00017507
12610.0 0.000176
12630.0 0.00017627
12650.0 0.0001759
12670.0 0.000175
12690.0 0.00017357
12710.0 0.0001717
12730.0 0.00016947
12750.0 0.0001668
12770.0 0.00016387
12790.0 0.00016079
12810.0 0.00015748
12830.0 0.00015395
12850.0 0.00015043
12870.0 0.00014684
12890.0 0.00014305
12910.0 0.00013923
12930.0 0.00013543
12950.0 0.00013144
12970.0 0.0001273
12990.0 0.00012326
13010.0 0.00011918
13030.0 0.00011495
13050.0 0.00011079
13070.0 0.00010681
13090.0 0.00010278
13110.0 9.8872e-05
13130.0 9.5274e-05
13150.0 9.1914e-05
13170.0 8.8717e-05
13190.0 8.5975e-05
13210.0 8.3679e-05
13230.0 8.1729e-05
13250.0 8.0215e-05
13270.0 7.9181e-05
13290.0 7.8562e-05
13310.0 7.8375e-05
13330.0 7.8598e-05
13350.0 7.9163e-05
13370.0 8.0079e-05
13390.0 8.1305e-05
13410.0 8.2647e-05
13430.0 8.4165e-05
13450.0 8.5831e-05
13470.0 8.7487e-05
13490.0 8.9076e-05
13510.0 9.0722e-05
13530.0 9.2239e-05
13550.0 9.356e-05
13570.0 9.4757e-05
13590.0 9.5827e-05
13610.0 9.6681e-05
13630.0 9.7343e-05
13650.0 9.7881e-05
13670.0 9.8246e-05
13690.0 9.8443e-05
13710.0 9.8508e-05
13730.0 9.8448e-05
13750.0 9.8249e-05
13770.0 9.794e-05
13790.0 9.752e-05
13810.0 9.6992e-05
13830.0 9.6381e-05
13850.0 9.5662e-05
13870.0 9.4832e-05
13890.0 9.3931e-05
13910.0 9.2952e-05
13930.0 9.1859e-05
13950.0 9.0696e-05
13970.0 8.953e-05
13990.0 8.8295e-05
14010.0 8.702e-05
14030.0 8.5782e-05
14050.0 8.4572e-05
14070.0 8.3348e-05
14090.0 8.2219e-05
14110.0 8.12e-05
14130.0 8.026e-05
14150.0 7.9427e-05
14170.0 7.8756e-05
14190.0 7.822e-05
14210.0 7.782e-05
14230.0 7.7582e-05
14250.0 7.7498e-05
14270.0 7.7572e-05
14290.0 7.7815e-05
14310.0 7.8187e-05
14330.0 7.8693e-05
14350.0 7.9347e-05
14370.0 8.0097e-05
14390.0 8.0903e-05
14410.0 8.182e-05
14430.0 8.2799e-05
14450.0 8.378e-05
14470.0 8.4794e-05
14490.0 8.5888e-05
14510.0 8.6967e-05
14530.0 8.8047e-05
14550.0 8.9218e-05
14570.0 9.0473e-05
14590.0 9.1771e-05
14610.0 9.3218e-05
14630.0 9.489e-05
14650.0 9.6697e-05
14670.0 9.867e-05
14690.0 0.00010094
14710.0 0.00010347
14730.0 0.00010607
14750.0 0.00010891
14770.0 0.00011199
14790.0 0.00011512
14810.0 0.00011824
14830.0 0.00012158
14850.0 0.00012481
14870.0 0.0001278
14890.0 0.00013066
14910.0 0.00013335
14930.0 0.00013563
14950.0 0.00013753
14970.0 0.00013912
14990.0 0.0001403
15010.0 0.00014107
15030.0 0.00014153
15050.0 0.00014171
15070.0 0.00014167
15090.0 0.00014149
15110.0 0.00014122
15130.0 0.0001409
15150.0 0.00014056
15170.0 0.0001402
15190.0 0.00013983
15210.0 0.00013947
15230.0 0.00013911
15250.0 0.00013875
15270.0 0.00013838
15290.0 0.00013804
15310.0 0.00013769
15330.0 0.00013733
15350.0 0.00013698
15370.0 0.00013665
15390.0 0.00013629
15410.0 0.00013594
15430.0 0.0001356
15450.0 0.00013526
15470.0 0.00013491
15490.0 0.00013458
15510.0 0.00013425
15530.0 0.0001339
15550.0 0.00013356
15570.0 0.00013324
15590.0 0.0001329
15610.0 0.00013255
15630.0 0.00013222
15650.0 0.00013189
15670.0 0.00013155
15690.0 0.00013121
15710.0 0.00013089
15730.0 0.00013055
15750.0 0.00013021
15770.0 0.00012989
15790.0 0.00012955
15810.0 0.0001292
15830.0 0.00012887
15850.0 0.00012854
15870.0 0.0001282
15890.0 0.00012786
15910.0 0.00012754
15930.0 0.0001272
15950.0 0.00012685
15970.0 0.00012651
15990.0 0.00012618
16010.0 0.00012583
16030.0 0.00012548
16050.0 0.00012514
16070.0 0.0001248
16090.0 0.00012445
16110.0 0.0001241
16130.0 0.00012377
16150.0 0.0001234
16170.0 0.00012305
16190.0 0.0001227
16210.0 0.00012235
16230.0 0.00012198
16250.0 0.00012163
16270.0 0.00012128
16290.0 0.00012091
16310.0 0.00012055
16330.0 0.00012019
16350.0 0.00011983
16370.0 0.00011944
16390.0 0.00011908
16410.0 0.00011872
16430.0 0.00011834
16450.0 0.00011796
16470.0 0.0001176
16490.0 0.00011721
16510.0 0.00011682
16530.0 0.00011645
16550.0 0.00011607
16570.0 0.00011567
16590.0 0.00011528
16610.0 0.0001149
16630.0 0.00011451
16650.0 0.00011411
16670.0 0.00011372
16690.0 0.00011333
16710.0 0.00011291
16730.0 0.00011251
16750.0 0.00011211
16770.0 0.0001117
16790.0 0.00011129
16810.0 0.00011088
16830.0 0.00011048
16850.0 0.00011006
16870.0 0.00010964
16890.0 0.00010923
16910.0 0.00010881
16930.0 0.00010837
16950.0 0.00010796
16970.0 0.00010754
16990.0 0.0001071
17010.0 0.00010667
17030.0 0.00010625
17050.0 0.00010581
17070.0 0.00010537
17090.0 0.00010494
17110.0 0.00010451
17130.0 0.00010405
17150.0 0.00010361
17170.0 0.00010317
17190.0 0.00010272
17210.0 0.00010227
17230.0 0.00010183
17250.0 0.00010138
17270.0 0.00010092
17290.0 0.00010047
17310.0 0.00010002
17330.0 9.9554e-05
17350.0 9.9086e-05
17370.0 9.8639e-05
17390.0 9.8179e-05
17410.0 9.7707e-05
17430.0 9.7247e-05
17450.0 9.6793e-05
17470.0 9.631e-05
17490.0 9.5836e-05
17510.0 9.5376e-05
17530.0 9.4905e-05
17550.0 9.4422e-05
17570.0 9.3955e-05
17590.0 9.349e-05
17610.0 9.3006e-05
17630.0 9.2526e-05
17650.0 9.2058e-05
17670.0 9.1578e-05
17690.0 9.108e-05
17710.0 9.0608e-05
17730.0 9.0133e-05
17750.0 8.9644e-05
17770.0 8.9159e-05
17790.0 8.8689e-05
17810.0 8.8199e-05
17830.0 8.7704e-05
17850.0 8.7223e-05
17870.0 8.6742e-05
17890.0 8.6243e-05
17910.0 8.575e-05
17930.0 8.5275e-05
17950.0 8.4784e-05
17970.0 8.4288e-05
17990.0 8.3806e-05
18010.0 8.3323e-05
18030.0 8.2816e-05
18050.0 8.2325e-05
18070.0 8.1842e-05
18090.0 8.1347e-05
18110.0 8.0846e-05
18130.0 8.0364e-05
18150.0 7.9877e-05
18170.0 7.9376e-05
18190.0 7.8885e-05
18210.0 7.8403e-05
18230.0 7.7903e-05
18250.0 7.7399e-05
18270.0 7.6916e-05
18290.0 7.6427e-05
18310.0 7.5927e-05
18330.0 7.5438e-05
18350.0 7.4958e-05
18370.0 7.4458e-05
18390.0 7.3962e-05
18410.0 7.3479e-05
18430.0 7.299e-05
18450.0 7.2485e-05
18470.0 7.1998e-05
18490.0 7.1518e-05
18510.0 7.1024e-05
18530.0 7.0532e-05
18550.0 7.0055e-05
18570.0 6.9567e-05
18590.0 6.9067e-05
18610.0 6.8584e-05
18630.0 6.8105e-05
18650.0 6.7612e-05
18670.0 6.712e-05
18690.0 6.6649e-05
18710.0 6.6166e-05
18730.0 6.5676e-05
18750.0 6.5199e-05
18770.0 6.4727e-05
18790.0 6.4232e-05
18810.0 6.3748e-05
18830.0 6.3279e-05
18850.0 6.28e-05
18870.0 6.2314e-05
18890.0 6.1845e-05
18910.0 6.1378e-05
18930.0 6.0894e-05
18950.0 6.0419e-05
18970.0 5.9955e-05
18990.0 5.9482e-05
19010.0 5.8995e-05
19030.0 5.8535e-05
19050.0 5.8072e-05
19070.0 5.7597e-05
19090.0 5.713e-05
19110.0 5.6678e-05
19130.0 5.6207e-05
19150.0 5.5736e-05
19170.0 5.5279e-05
19190.0 5.4822e-05
19210.0 5.4352e-05
19230.0 5.389e-05
19250.0 5.3444e-05
19270.0 5.2985e-05
19290.0 5.2524e-05
19310.0 5.2078e-05
19330.0 5.163e-05
19350.0 5.1164e-05
19370.0 5.0714e-05
19390.0 5.0272e-05
19410.0 4.982e-05
19430.0 4.9365e-05
19450.0 4.893e-05
19470.0 4.8489e-05
19490.0 4.8038e-05
19510.0 4.7597e-05
19530.0 4.7165e-05
19550.0 4.6718e-05
19570.0 4.627e-05
19590.0 4.5842e-05
19610.0 4.5409e-05
19630.0 4.4967e-05
19650.0 4.4537e-05
19670.0 4.4115e-05
19690.0 4.3677e-05
19710.0 4.3243e-05
19730.0 4.2822e-05
19750.0 4.2396e-05
19770.0 4.1957e-05
19790.0 4.1537e-05
19810.0 4.1122e-05
19830.0 4.0694e-05
19850.0 4.0268e-05
19870.0 3.9853e-05
19890.0 3.9419e-05
19910.0 3.8961e-05
19930.0 3.8495e-05
19950.0 3.7999e-05
19970.0 3.7437e-05
19990.0 3.6815e-05
20010.0 3.6331e-05
20030.0 3.5589e-05
20050.0 3.4778e-05
20070.0 3.3952e-05
20090.0 3.3113e-05
20110.0 3.2223e-05
20130.0 3.1374e-05
20150.0 3.058e-05
20170.0 2.9803e-05
20190.0 2.9062e-05
20210.0 2.8399e-05
20230.0 2.7787e-05
20250.0 2.7209e-05
20270.0 2.6701e-05
20290.0 2.6263e-05
20310.0 2.5873e-05
20330.0 2.5535e-05
20350.0 2.5278e-05
20370.0 2.5075e-05
20390.0 2.4927e-05
20410.0 2.484e-05
20430.0 2.4809e-05
20450.0 2.4833e-05
20470.0 2.4914e-05
20490.0 2.504e-05
20510.0 2.5214e-05
20530.0 2.5442e-05
20550.0 2.5705e-05
20570.0 2.5991e-05
20590.0 2.6321e-05
20610.0 2.6678e-05
20630.0 2.7041e-05
20650.0 2.7423e-05
20670.0 2.7835e-05
20690.0 2.8233e-05
20710.0 2.8623e-05
20730.0 2.9024e-05
20750.0 2.942e-05
20770.0 2.979e-05
20790.0 3.016e-05
20810.0 3.0536e-05
20830.0 3.0896e-05
20850.0 3.1247e-05
20870.0 3.1617e-05
20890.0 3.1991e-05
20910.0 3.2351e-05
20930.0 3.2728e-05
20950.0 3.3125e-05
20970.0 3.3518e-05
20990.0 3.3909e-05
21010.0 3.4327e-05
21030.0 3.4738e-05
21050.0 3.5129e-05
21070.0 3.5517e-05
21090.0 3.59e-05
21110.0 3.6239e-05
21130.0 3.6546e-05
21150.0 3.6831e-05
21170.0 3.7073e-05
21190.0 3.7265e-05
21210.0 3.7422e-05
21230.0 3.7532e-05
21250.0 3.7588e-05
21270.0 3.7597e-05
21290.0 3.7557e-05
21310.0 3.7467e-05
21330.0 3.7333e-05
21350.0 3.715e-05
21370.0 3.6916e-05
21390.0 3.6646e-05
21410.0 3.6337e-05
21430.0 3.597e-05
21450.0 3.5576e-05
21470.0 3.5162e-05
21490.0 3.471e-05
21510.0 3.4228e-05
21530.0 3.3749e-05
21550.0 3.3257e-05
21570.0 3.2742e-05
21590.0 3.2242e-05
21610.0 3.1765e-05
21630.0 3.1291e-05
21650.0 3.0833e-05
21670.0 3.0437e-05
21690.0 3.0073e-05
21710.0 2.9745e-05
21730.0 2.9477e-05
21750.0 2.9269e-05
21770.0 2.9109e-05
21790.0 2.9016e-05
21810.0 2.8987e-05
21830.0 2.902e-05
21850.0 2.912e-05
21870.0 2.928e-05
21890.0 2.949e-05
21910.0 2.9765e-05
21930.0 3.0094e-05
21950.0 3.0457e-05
21970.0 3.0869e-05
21990.0 3.1342e-05
22010.0 3.1827e-05
22030.0 3.2332e-05
22050.0 3.2876e-05
22070.0 3.3437e-05
22090.0 3.3982e-05
22110.0 3.4544e-05
22130.0 3.5117e-05
22150.0 3.5661e-05
22170.0 3.6182e-05
22190.0 3.6702e-05
22210.0 3.7186e-05
22230.0 3.7609e-05
22250.0 3.7998e-05
22270.0 3.8343e-05
22290.0 3.862e-05
22310.0 3.8835e-05
22330.0 3.8992e-05
22350.0 3.9073e-05
22370.0 3.9079e-05
22390.0 3.9011e-05
22410.0 3.8858e-05
22430.0 3.8636e-05
22450.0 3.8342e-05
22470.0 3.7962e-05
22490.0 3.7513e-05
22510.0 3.7015e-05
22530.0 3.6431e-05
22550.0 3.5772e-05
22570.0 3.5087e-05
22590.0 3.4355e-05
22610.0 3.3554e-05
22630.0 3.2725e-05
22650.0 3.1902e-05
22670.0 3.1024e-05
22690.0 3.0119e-05
22710.0 2.9235e-05
22730.0 2.8349e-05
22750.0 2.7416e-05
22770.0 2.6529e-05
22790.0 2.5686e-05
22810.0 2.4841e-05
22830.0 2.4021e-05
22850.0 2.3274e-05
22870.0 2.2563e-05
22890.0 2.188e-05
22910.0 2.1275e-05
22930.0 2.0747e-05
22950.0 2.0274e-05
22970.0 1.9871e-05
22990.0 1.9574e-05
23010.0 1.9351e-05
23030.0 1.9212e-05
23050.0 1.9164e-05
23070.0 1.92e-05
23090.0 1.9328e-05
23110.0 1.9543e-05
23130.0 1.9829e-05
23150.0 2.019e-05
23170.0 2.0634e-05
23190.0 2.1123e-05
23210.0 2.1645e-05
23230.0 2.2228e-05
23250.0 2.2837e-05
23270.0 2.344e-05
23290.0 2.4058e-05
23310.0 2.4695e-05
23330.0 2.5281e-05
23350.0 2.5832e-05
23370.0 2.636e-05
23390.0 2.6836e-05
23410.0 2.7238e-05
23430.0 2.7589e-05
23450.0 2.7877e-05
23470.0 2.8085e-05
23490.0 2.8219e-05
23510.0 2.828e-05
23530.0 2.8261e-05
23550.0 2.8171e-05
23570.0 2.8009e-05
23590.0 2.7772e-05
23610.0 2.748e-05
23630.0 2.7135e-05
23650.0 2.6714e-05
23670.0 2.6255e-05
23690.0 2.5771e-05
23710.0 2.5246e-05
23730.0 2.4684e-05
23750.0 2.4142e-05
23770.0 2.3602e-05
23790.0 2.3057e-05
23810.0 2.2547e-05
23830.0 2.2091e-05
23850.0 2.1667e-05
23870.0 2.1303e-05
23890.0 2.1029e-05
23910.0 2.0832e-05
23930.0 2.0718e-05
23950.0 2.0699e-05
23970.0 2.0766e-05
23990.0 2.0922e-05
24010.0 2.1166e-05
24030.0 2.1476e-05
24050.0 2.1853e-05
24070.0 2.2313e-05
24090.0 2.2807e-05
24110.0 2.3329e-05
24130.0 2.39e-05
24150.0 2.4503e-05
24170.0 2.51e-05
24190.0 2.572e-05
24210.0 2.6374e-05
24230.0 2.7014e-05
24250.0 2.7643e-05
24270.0 2.829e-05
24290.0 2.8942e-05
24310.0 2.9539e-05
24330.0 3.0133e-05
24350.0 3.0716e-05
24370.0 3.1253e-05
24390.0 3.174e-05
24410.0 3.2211e-05
24430.0 3.262e-05
24450.0 3.2958e-05
24470.0 3.324e-05
24490.0 3.3461e-05
24510.0 3.3608e-05
24530.0 3.369e-05
24550.0 3.3712e-05
24570.0 3.3677e-05
24590.0 3.3597e-05
24610.0 3.3478e-05
24630.0 3.3325e-05
24650.0 3.3165e-05
24670.0 3.3003e-05
24690.0 3.284e-05
24710.0 3.2694e-05
24730.0 3.2573e-05
24750.0 3.2472e-05
24770.0 3.2391e-05
24790.0 3.2334e-05
24810.0 3.2285e-05
24830.0 3.2211e-05
24850.0 3.2061e-05
24870.0 3.1763e-05
24890.0 3.1169e-05
24910.0 3.0089e-05
24930.0 2.8433e-05
24950.0 2.6082e-05
24970.0 2.2832e-05
24990.0 1.9053e-05
