#lamb flux
1010.0 7.7288e-07
1030.0 8.465e-07
1050.0 9.3119e-07
1070.0 1.0265e-06
1090.0 1.1348e-06
1110.0 1.2459e-06
1130.0 1.3577e-06
1150.0 1.4749e-06
1170.0 1.5957e-06
1190.0 1.7103e-06
1210.0 1.8265e-06
1230.0 1.9466e-06
1250.0 2.0643e-06
1270.0 2.1786e-06
1290.0 2.2994e-06
1310.0 2.4201e-06
1330.0 2.5359e-06
1350.0 2.6531e-06
1370.0 2.774e-06
1390.0 2.892e-06
1410.0 3.0065e-06
1430.0 3.1263e-06
1450.0 3.246e-06
1470.0 3.3618e-06
1490.0 3.4788e-06
1510.0 3.6024e-06
1530.0 3.7196e-06
1550.0 3.8351e-06
1570.0 3.9547e-06
1590.0 4.0743e-06
1610.0 4.1886e-06
1630.0 4.3064e-06
1650.0 4.4272e-06
1670.0 4.544e-06
1690.0 4.6592e-06
1710.0 4.7788e-06
1730.0 4.8988e-06
1750.0 5.0115e-06
1770.0 5.1272e-06
1790.0 5.2451e-06
1810.0 5.3588e-06
1830.0 5.4702e-06
1850.0 5.5881e-06
1870.0 5.7024e-06
1890.0 5.8122e-06
1910.0 5.9237e-06
1930.0 6.0372e-06
1950.0 6.1446e-06
1970.0 6.2497e-06
1990.0 6.3581e-06
2010.0 6.4634e-06
2030.0 6.5634e-06
2050.0 6.6654e-06
2070.0 6.7689e-06
2090.0 6.864e-06
2110.0 6.9572e-06
2130.0 7.0517e-06
2150.0 7.142e-06
2170.0 7.2253e-06
2190.0 7.3102e-06
2210.0 7.3934e-06
2230.0 7.4694e-06
2250.0 7.5421e-06
2270.0 7.6166e-06
2290.0 7.6844e-06
2310.0 7.7446e-06
2330.0 7.8047e-06
2350.0 7.8622e-06
2370.0 7.9119e-06
2390.0 7.9596e-06
2410.0 8.0099e-06
2430.0 8.0558e-06
2450.0 8.1e-06
2470.0 8.1519e-06
2490.0 8.2178e-06
2510.0 8.3002e-06
2530.0 8.435e-06
2550.0 8.6781e-06
2570.0 9.0827e-06
2590.0 9.7107e-06
2610.0 1.0731e-05
2630.0 1.2168e-05
2650.0 1.3928e-05
2670.0 1.6017e-05
2690.0 1.8339e-05
2710.0 2.0555e-05
2730.0 2.2511e-05
2750.0 2.4243e-05
2770.0 2.5583e-05
2790.0 2.6531e-05
2810.0 2.723e-05
2830.0 2.7784e-05
2850.0 2.8176e-05
2870.0 2.8508e-05
2890.0 2.8842e-05
2910.0 2.9165e-05
2930.0 2.9452e-05
2950.0 2.9762e-05
2970.0 3.0083e-05
2990.0 3.0375e-05
3010.0 0.00027898
3030.0 0.00028171
3050.0 0.00028428
3070.0 0.00028623
3090.0 0.0002878
3110.0 0.00028846
3130.0 0.0002875
3150.0 0.00028457
3170.0 0.00027902
3190.0 0.00027091
3210.0 0.00026096
3230.0 0.00025036
3250.0 0.00024936
3270.0 0.00024139
3290.0 0.00025089
3310.0 0.00024182
3330.0 0.00024647
3350.0 0.00025478
3370.0 0.00026565
3390.0 0.00027855
3410.0 0.00029189
3430.0 0.00030617
3450.0 0.00032152
3470.0 0.00033697
3490.0 0.00035182
3510.0 0.0003706
3530.0 0.00039305
3550.0 0.00040724
3570.0 0.0004177
3590.0 0.00044519
3610.0 0.00045204
3630.0 0.00048597
3650.0 0.00051098
3670.0 0.00053749
3690.0 0.00054168
3710.0 0.00052662
3730.0 0.00053434
3750.0 0.0005344
3770.0 0.00055642
3790.0 0.00058925
3810.0 0.00065548
3830.0 0.00079311
3850.0 0.00094464
3870.0 0.0010876
3890.0 0.0011817
3910.0 0.0012256
3930.0 0.0012748
3950.0 0.0013251
3970.0 0.0011621
3990.0 0.0007893
4010.0 0.00068253
4030.0 0.00093255
4050.0 0.0011757
4070.0 0.001045
4090.0 0.00064419
4110.0 0.00062676
4130.0 0.00089129
4150.0 0.0010104
4170.0 0.00085061
4190.0 0.00072575
4210.0 0.00095216
4230.0 0.00099994
4250.0 0.00094975
4270.0 0.00095684
4290.0 0.00087244
4310.0 0.0009794
4330.0 0.0011415
4350.0 0.0013111
4370.0 0.0013055
4390.0 0.0012726
4410.0 0.0011232
4430.0 0.00088601
4450.0 0.00067441
4470.0 0.00073161
4490.0 0.00079189
4510.0 0.0010847
4530.0 0.0011311
4550.0 0.0011135
4570.0 0.0012937
4590.0 0.0016498
4610.0 0.0022571
4630.0 0.0027686
4650.0 0.0027952
4670.0 0.0028857
4690.0 0.00311
4710.0 0.0030456
4730.0 0.0024548
4750.0 0.0017502
4770.0 0.0014614
4790.0 0.0012885
4810.0 0.0012212
4830.0 0.0013344
4850.0 0.0014987
4870.0 0.0017594
4890.0 0.0019318
4910.0 0.0017199
4930.0 0.0017898
4950.0 0.0022252
4970.0 0.0027565
4990.0 0.0031676
5010.0 0.0031664
5030.0 0.0026815
5050.0 0.0019414
5070.0 0.0014225
5090.0 0.0012305
5110.0 0.001263
5130.0 0.0013756
5150.0 0.0012952
5170.0 0.0012902
5190.0 0.0012846
5210.0 0.001308
5230.0 0.0014155
5250.0 0.0014613
5270.0 0.0015744
5290.0 0.0018894
5310.0 0.0021417
5330.0 0.0022621
5350.0 0.0023075
5370.0 0.0024644
5390.0 0.0025629
5410.0 0.0023556
5430.0 0.0021458
5450.0 0.0021924
5470.0 0.0025972
5490.0 0.0033301
5510.0 0.0040012
5530.0 0.004212
5550.0 0.0040888
5570.0 0.0038643
5590.0 0.0036174
5610.0 0.0034596
5630.0 0.0035188
5650.0 0.0036337
5670.0 0.0035166
5690.0 0.00331
5710.0 0.0032285
5730.0 0.0028551
5750.0 0.0022786
5770.0 0.0020747
5790.0 0.0023367
5810.0 0.0026004
5830.0 0.0029026
5850.0 0.002982
5870.0 0.0029029
5890.0 0.0027501
5910.0 0.0025621
5930.0 0.0025551
5950.0 0.0026972
5970.0 0.002754
5990.0 0.0024322
6010.0 0.0019806
6030.0 0.0016042
6050.0 0.0014516
6070.0 0.0015389
6090.0 0.0017282
6110.0 0.0017709
6130.0 0.0016587
6150.0 0.001644
6170.0 0.0018173
6190.0 0.002121
6210.0 0.0025404
6230.0 0.0028679
6250.0 0.0027209
6270.0 0.0023755
6290.0 0.0019839
6310.0 0.0015733
6330.0 0.0013328
6350.0 0.0013159
6370.0 0.0014443
6390.0 0.0015934
6410.0 0.0018641
6430.0 0.0022942
6450.0 0.0028247
6470.0 0.003314
6490.0 0.0037461
6510.0 0.0039703
6530.0 0.0038308
6550.0 0.00368
6570.0 0.0036976
6590.0 0.0036759
6610.0 0.0034986
6630.0 0.0032952
6650.0 0.0030657
6670.0 0.0030368
6690.0 0.0029602
6710.0 0.0027372
6730.0 0.0023814
6750.0 0.0021223
6770.0 0.0021891
6790.0 0.0023371
6810.0 0.0025393
6830.0 0.0025887
6850.0 0.002433
6870.0 0.0023614
6890.0 0.0023138
6910.0 0.0021864
6930.0 0.0021115
6950.0 0.0021274
6970.0 0.0021729
6990.0 0.002298
7010.0 0.0024738
7030.0 0.0024251
7050.0 0.0021978
7070.0 0.0019746
7090.0 0.0016873
7110.0 0.0015029
7130.0 0.0015792
7150.0 0.0017109
7170.0 0.0017433
7190.0 0.0017035
7210.0 0.0016857
7230.0 0.0018928
7250.0 0.0021557
7270.0 0.0023202
7290.0 0.0023415
7310.0 0.0022268
7330.0 0.0020452
7350.0 0.0018915
7370.0 0.0017966
7390.0 0.0017767
7410.0 0.0018992
7430.0 0.0021878
7450.0 0.0024425
7470.0 0.0027496
7490.0 0.0031436
7510.0 0.0030061
7530.0 0.0025331
7550.0 0.0021368
7570.0 0.0017776
7590.0 0.0014717
7610.0 0.0014255
7630.0 0.0014979
7650.0 0.001654
7670.0 0.0018959
7690.0 0.0020884
7710.0 0.0023568
7730.0 0.002465
7750.0 0.0025515
7770.0 0.0027004
7790.0 0.0027277
7810.0 0.0026884
7830.0 0.0025474
7850.0 0.0024909
7870.0 0.0024115
7890.0 0.0022174
7910.0 0.0020218
7930.0 0.0018392
7950.0 0.0015802
7970.0 0.0015031
7990.0 0.0015535
8010.0 0.0018012
8030.0 0.0018127
8050.0 0.0018831
8070.0 0.0018525
8090.0 0.0018531
8110.0 0.0018081
8130.0 0.0017079
8150.0 0.0015881
8170.0 0.001575
8190.0 0.0015966
8210.0 0.0016139
8230.0 0.0015122
8250.0 0.0014215
8270.0 0.0012518
8290.0 0.001029
8310.0 0.00081488
8330.0 0.00058381
8350.0 0.00043901
8370.0 0.00041271
8390.0 0.0004554
8410.0 0.00053771
8430.0 0.0006749
8450.0 0.00074561
8470.0 0.00079933
8490.0 0.00087904
8510.0 0.00094298
8530.0 0.0010465
8550.0 0.0012366
8570.0 0.0014116
8590.0 0.001548
8610.0 0.0017815
8630.0 0.0020613
8650.0 0.0021721
8670.0 0.0022048
8690.0 0.002195
8710.0 0.0021198
8730.0 0.0020328
8750.0 0.0019066
8770.0 0.0018745
8790.0 0.0018132
8810.0 0.0016773
8830.0 0.0015855
8850.0 0.001382
8870.0 0.0012665
8890.0 0.0011663
8910.0 0.0012796
8930.0 0.0012108
8950.0 0.001233
8970.0 0.0012565
8990.0 0.0012486
9010.0 0.0012649
9030.0 0.0012205
9050.0 0.0012174
9070.0 0.0012186
9090.0 0.0012199
9110.0 0.0012216
9130.0 0.0012229
9150.0 0.001224
9170.0 0.0012235
9190.0 0.0012206
9210.0 0.0012333
9230.0 0.0012321
9250.0 0.0012324
9270.0 0.0012332
9290.0 0.0012342
9310.0 0.0012355
9330.0 0.0012369
9350.0 0.0012385
9370.0 0.0012402
9390.0 0.0012418
9410.0 0.0012436
9430.0 0.0012455
9450.0 0.0012473
9470.0 0.0012492
9490.0 0.0012512
9510.0 0.0012533
9530.0 0.0012553
9550.0 0.0012575
9570.0 0.0012597
9590.0 0.001262
9610.0 0.0012643
9630.0 0.0012667
9650.0 0.0012692
9670.0 0.0012717
9690.0 0.0012743
9710.0 0.001277
9730.0 0.0012797
9750.0 0.0012824
9770.0 0.0012853
9790.0 0.0012882
9810.0 0.0012912
9830.0 0.0012942
9850.0 0.0012973
9870.0 0.0013004
9890.0 0.0013036
9910.0 0.0013068
9930.0 0.0013101
9950.0 0.0013126
9970.0 0.0013162
9990.0 0.0013199
10010.0 0.0013232
10030.0 0.0013268
10050.0 0.0013299
10070.0 0.0013305
10090.0 0.0013351
10110.0 0.0013396
10130.0 0.0013438
10150.0 0.0013479
10170.0 0.0013518
10190.0 0.0013554
10210.0 0.0013591
10230.0 0.0013629
10250.0 0.0013664
10270.0 0.00137
10290.0 0.0013737
10310.0 0.0013772
10330.0 0.0013807
10350.0 0.0013842
10370.0 0.0013877
10390.0 0.0013911
10410.0 0.0013945
10430.0 0.0013979
10450.0 0.0014012
10470.0 0.0014043
10490.0 0.0014075
10510.0 0.0014107
10530.0 0.0014136
10550.0 0.0014166
10570.0 0.0014195
10590.0 0.0014223
10610.0 0.0014249
10630.0 0.0014276
10650.0 0.0014302
10670.0 0.0014326
10690.0 0.0014349
10710.0 0.0014372
10730.0 0.0014393
10750.0 0.0014412
10770.0 0.0014432
10790.0 0.001445
10810.0 0.0014466
10830.0 0.0014481
10850.0 0.0014494
10870.0 0.0014501
10890.0 0.0014501
10910.0 0.0014489
10930.0 0.0014457
10950.0 0.0014392
10970.0 0.0014287
10990.0 0.001414
11010.0 0.0014243
11030.0 0.0013947
11050.0 0.0013608
11070.0 0.001322
11090.0 0.0012772
11110.0 0.0012328
11130.0 0.0011885
11150.0 0.0011432
11170.0 0.0010993
11190.0 0.0010597
11210.0 0.0010218
11230.0 0.00098632
11250.0 0.00095558
11270.0 0.00092882
11290.0 0.00090456
11310.0 0.00088373
11330.0 0.00086683
11350.0 0.00085167
11370.0 0.00083787
11390.0 0.00082549
11410.0 0.00081362
11430.0 0.00080083
11450.0 0.00078751
11470.0 0.0007735
11490.0 0.00075787
11510.0 0.00074028
11530.0 0.00072206
11550.0 0.00070287
11570.0 0.000682
11590.0 0.00066072
11610.0 0.00063985
11630.0 0.00061833
11650.0 0.00059673
11670.0 0.00057678
11690.0 0.00055773
11710.0 0.00053914
11730.0 0.00052194
11750.0 0.0005065
11770.0 0.0004916
11790.0 0.00047761
11810.0 0.00046494
11830.0 0.00045303
11850.0 0.00044116
11870.0 0.00043004
11890.0 0.0004195
11910.0 0.00040876
11930.0 0.0003979
11950.0 0.00038732
11970.0 0.00037651
11990.0 0.00036513
12010.0 0.00035388
12030.0 0.0003428
12050.0 0.00033148
12070.0 0.00032014
12090.0 0.00030982
12110.0 0.00029991
12130.0 0.00029055
12150.0 0.00028238
12170.0 0.00027554
12190.0 0.00026974
12210.0 0.0002656
12230.0 0.0002632
12250.0 0.00026245
12270.0 0.00026354
12290.0 0.00026633
12310.0 0.00027054
12330.0 0.00027649
12350.0 0.00028377
12370.0 0.00029179
12390.0 0.0003007
12410.0 0.00031068
12430.0 0.00032023
12450.0 0.00032953
12470.0 0.00033877
12490.0 0.00034731
12510.0 0.00035458
12530.0 0.00036112
12550.0 0.00036666
12570.0 0.00037073
12590.0 0.00037354
12610.0 0.00037526
12630.0 0.00037569
12650.0 0.00037489
12670.0 0.0003731
12690.0 0.00037031
12710.0 0.0003667
12730.0 0.00036243
12750.0 0.00035734
12770.0 0.00035177
12790.0 0.00034591
12810.0 0.00033958
12830.0 0.00033278
12850.0 0.00032595
12870.0 0.0003189
12890.0 0.00031136
12910.0 0.00030362
12930.0 0.0002958
12950.0 0.00028741
12970.0 0.00027854
12990.0 0.00026974
13010.0 0.00026068
13030.0 0.00025116
13050.0 0.00024169
13070.0 0.00023256
13090.0 0.00022326
13110.0 0.00021419
13130.0 0.00020586
13150.0 0.0001981
13170.0 0.00019074
13190.0 0.00018448
13210.0 0.00017928
13230.0 0.00017488
13250.0 0.00017147
13270.0 0.00016911
13290.0 0.0001676
13310.0 0.00016693
13330.0 0.00016701
13350.0 0.00016767
13370.0 0.00016883
13390.0 0.00017038
13410.0 0.00017199
13430.0 0.0001737
13450.0 0.00017543
13470.0 0.00017696
13490.0 0.00017825
13510.0 0.00017941
13530.0 0.00018027
13550.0 0.00018083
13570.0 0.0001812
13590.0 0.0001814
13610.0 0.00018144
13630.0 0.00018138
13650.0 0.00018129
13670.0 0.00018118
13690.0 0.00018107
13710.0 0.00018098
13730.0 0.00018092
13750.0 0.00018084
13770.0 0.00018075
13790.0 0.00018062
13810.0 0.0001804
13830.0 0.00018005
13850.0 0.00017956
13870.0 0.00017888
13890.0 0.000178
13910.0 0.00017693
13930.0 0.00017561
13950.0 0.0001741
13970.0 0.00017249
13990.0 0.00017074
14010.0 0.00016891
14030.0 0.00016712
14050.0 0.00016538
14070.0 0.00016366
14090.0 0.00016211
14110.0 0.00016075
14130.0 0.00015953
14150.0 0.00015848
14170.0 0.00015765
14190.0 0.00015698
14210.0 0.00015648
14230.0 0.00015615
14250.0 0.00015599
14270.0 0.00015602
14290.0 0.00015625
14310.0 0.00015665
14330.0 0.00015726
14350.0 0.0001581
14370.0 0.00015912
14390.0 0.00016028
14410.0 0.00016167
14430.0 0.00016323
14450.0 0.00016486
14470.0 0.00016661
14490.0 0.00016858
14510.0 0.00017058
14530.0 0.00017265
14550.0 0.00017496
14570.0 0.00017748
14590.0 0.00018014
14610.0 0.00018314
14630.0 0.00018663
14650.0 0.00019042
14670.0 0.00019456
14690.0 0.00019932
14710.0 0.00020464
14730.0 0.00021007
14750.0 0.00021598
14770.0 0.00022238
14790.0 0.00022883
14810.0 0.00023522
14830.0 0.000242
14850.0 0.00024852
14870.0 0.0002545
14890.0 0.00026016
14910.0 0.00026541
14930.0 0.00026981
14950.0 0.00027341
14970.0 0.00027638
14990.0 0.00027852
15010.0 0.00027987
15030.0 0.00028063
15050.0 0.00028086
15070.0 0.00028068
15090.0 0.00028027
15110.0 0.00027967
15130.0 0.00027898
15150.0 0.00027827
15170.0 0.00027752
15190.0 0.00027675
15210.0 0.00027601
15230.0 0.00027527
15250.0 0.00027451
15270.0 0.00027376
15290.0 0.00027305
15310.0 0.00027232
15330.0 0.00027159
15350.0 0.00027089
15370.0 0.00027019
15390.0 0.00026946
15410.0 0.00026875
15430.0 0.00026807
15450.0 0.00026737
15470.0 0.00026665
15490.0 0.00026598
15510.0 0.00026531
15530.0 0.00026461
15550.0 0.00026393
15570.0 0.00026328
15590.0 0.00026259
15610.0 0.0002619
15630.0 0.00026124
15650.0 0.00026058
15670.0 0.0002599
15690.0 0.00025924
15710.0 0.0002586
15730.0 0.00025793
15750.0 0.00025725
15770.0 0.00025661
15790.0 0.00025596
15810.0 0.00025527
15830.0 0.00025461
15850.0 0.00025398
15870.0 0.00025331
15890.0 0.00025265
15910.0 0.00025201
15930.0 0.00025136
15950.0 0.00025068
15970.0 0.00025003
15990.0 0.00024938
16010.0 0.00024871
16030.0 0.00024803
16050.0 0.0002474
16070.0 0.00024674
16090.0 0.00024606
16110.0 0.0002454
16130.0 0.00024476
16150.0 0.00024407
16170.0 0.00024339
16190.0 0.00024273
16210.0 0.00024206
16230.0 0.00024137
16250.0 0.0002407
16270.0 0.00024005
16290.0 0.00023935
16310.0 0.00023866
16330.0 0.00023799
16350.0 0.00023731
16370.0 0.00023658
16390.0 0.0002359
16410.0 0.00023522
16430.0 0.00023451
16450.0 0.0002338
16470.0 0.00023312
16490.0 0.00023241
16510.0 0.00023168
16530.0 0.00023098
16550.0 0.00023027
16570.0 0.00022953
16590.0 0.00022879
16610.0 0.00022809
16630.0 0.00022736
16650.0 0.00022661
16670.0 0.00022589
16690.0 0.00022517
16710.0 0.00022439
16730.0 0.00022364
16750.0 0.00022291
16770.0 0.00022215
16790.0 0.00022137
16810.0 0.00022063
16830.0 0.00021988
16850.0 0.00021909
16870.0 0.00021832
16890.0 0.00021757
16910.0 0.00021677
16930.0 0.00021596
16950.0 0.00021519
16970.0 0.00021441
16990.0 0.0002136
17010.0 0.0002128
17030.0 0.00021202
17050.0 0.0002112
17070.0 0.00021038
17090.0 0.00020958
17110.0 0.00020877
17130.0 0.00020792
17150.0 0.0002071
17170.0 0.00020629
17190.0 0.00020545
17210.0 0.0002046
17230.0 0.00020379
17250.0 0.00020295
17270.0 0.00020208
17290.0 0.00020123
17310.0 0.00020039
17330.0 0.00019952
17350.0 0.00019864
17370.0 0.00019781
17390.0 0.00019694
17410.0 0.00019606
17430.0 0.00019519
17450.0 0.00019434
17470.0 0.00019343
17490.0 0.00019253
17510.0 0.00019167
17530.0 0.00019078
17550.0 0.00018987
17570.0 0.00018899
17590.0 0.00018811
17610.0 0.00018719
17630.0 0.00018628
17650.0 0.00018539
17670.0 0.00018448
17690.0 0.00018353
17710.0 0.00018264
17730.0 0.00018173
17750.0 0.0001808
17770.0 0.00017988
17790.0 0.00017898
17810.0 0.00017804
17830.0 0.00017709
17850.0 0.00017618
17870.0 0.00017525
17890.0 0.00017429
17910.0 0.00017335
17930.0 0.00017244
17950.0 0.00017149
17970.0 0.00017053
17990.0 0.00016961
18010.0 0.00016868
18030.0 0.00016769
18050.0 0.00016674
18070.0 0.00016581
18090.0 0.00016485
18110.0 0.00016388
18130.0 0.00016294
18150.0 0.000162
18170.0 0.00016102
18190.0 0.00016006
18210.0 0.00015913
18230.0 0.00015815
18250.0 0.00015716
18270.0 0.00015622
18290.0 0.00015526
18310.0 0.00015428
18330.0 0.00015332
18350.0 0.00015238
18370.0 0.00015139
18390.0 0.00015041
18410.0 0.00014946
18430.0 0.0001485
18450.0 0.0001475
18470.0 0.00014653
18490.0 0.00014559
18510.0 0.00014461
18530.0 0.00014363
18550.0 0.00014268
18570.0 0.00014171
18590.0 0.00014072
18610.0 0.00013975
18630.0 0.0001388
18650.0 0.00013781
18670.0 0.00013683
18690.0 0.00013589
18710.0 0.00013492
18730.0 0.00013393
18750.0 0.00013298
18770.0 0.00013203
18790.0 0.00013103
18810.0 0.00013006
18830.0 0.00012911
18850.0 0.00012815
18870.0 0.00012716
18890.0 0.00012621
18910.0 0.00012527
18930.0 0.00012429
18950.0 0.00012332
18970.0 0.00012238
18990.0 0.00012142
19010.0 0.00012043
19030.0 0.00011949
19050.0 0.00011855
19070.0 0.00011758
19090.0 0.00011662
19110.0 0.0001157
19130.0 0.00011473
19150.0 0.00011377
19170.0 0.00011283
19190.0 0.00011189
19210.0 0.00011092
19230.0 0.00010997
19250.0 0.00010906
19270.0 0.00010811
19290.0 0.00010716
19310.0 0.00010624
19330.0 0.00010531
19350.0 0.00010434
19370.0 0.00010341
19390.0 0.0001025
19410.0 0.00010156
19430.0 0.00010061
19450.0 9.9708e-05
19470.0 9.8791e-05
19490.0 9.785e-05
19510.0 9.6933e-05
19530.0 9.6033e-05
19550.0 9.5097e-05
19570.0 9.4159e-05
19590.0 9.3266e-05
19610.0 9.2359e-05
19630.0 9.1431e-05
19650.0 9.053e-05
19670.0 8.9647e-05
19690.0 8.8724e-05
19710.0 8.7811e-05
19730.0 8.6927e-05
19750.0 8.603e-05
19770.0 8.5104e-05
19790.0 8.4218e-05
19810.0 8.3343e-05
19830.0 8.2438e-05
19850.0 8.1534e-05
19870.0 8.0652e-05
19890.0 7.972e-05
19910.0 7.8725e-05
19930.0 7.7698e-05
19950.0 7.6579e-05
19970.0 7.5284e-05
19990.0 7.3822e-05
20010.0 7.226e-05
20030.0 7.0485e-05
20050.0 6.8545e-05
20070.0 6.6584e-05
20090.0 6.4619e-05
20110.0 6.2575e-05
20130.0 6.0683e-05
20150.0 5.8971e-05
20170.0 5.736e-05
20190.0 5.589e-05
20210.0 5.4642e-05
20230.0 5.355e-05
20250.0 5.2579e-05
20270.0 5.1786e-05
20290.0 5.1154e-05
20310.0 5.0642e-05
20330.0 5.0255e-05
20350.0 5.0009e-05
20370.0 4.987e-05
20390.0 4.984e-05
20410.0 4.9915e-05
20430.0 5.0082e-05
20450.0 5.0364e-05
20470.0 5.0751e-05
20490.0 5.1221e-05
20510.0 5.1791e-05
20530.0 5.2485e-05
20550.0 5.3256e-05
20570.0 5.4079e-05
20590.0 5.5013e-05
20610.0 5.6017e-05
20630.0 5.7032e-05
20650.0 5.8092e-05
20670.0 5.9228e-05
20690.0 6.0311e-05
20710.0 6.1359e-05
20730.0 6.2413e-05
20750.0 6.3432e-05
20770.0 6.4357e-05
20790.0 6.5257e-05
20810.0 6.614e-05
20830.0 6.696e-05
20850.0 6.7741e-05
20870.0 6.8549e-05
20890.0 6.9359e-05
20910.0 7.014e-05
20930.0 7.0962e-05
20950.0 7.1836e-05
20970.0 7.2708e-05
20990.0 7.3587e-05
21010.0 7.4528e-05
21030.0 7.5451e-05
21050.0 7.6321e-05
21070.0 7.7168e-05
21090.0 7.7979e-05
21110.0 7.8666e-05
21130.0 7.9251e-05
21150.0 7.9747e-05
21170.0 8.0113e-05
21190.0 8.0342e-05
21210.0 8.0454e-05
21230.0 8.0431e-05
21250.0 8.0279e-05
21270.0 8.0011e-05
21290.0 7.9618e-05
21310.0 7.9117e-05
21330.0 7.8544e-05
21350.0 7.7866e-05
21370.0 7.7099e-05
21390.0 7.629e-05
21410.0 7.5433e-05
21430.0 7.4481e-05
21450.0 7.3526e-05
21470.0 7.2581e-05
21490.0 7.1604e-05
21510.0 7.062e-05
21530.0 6.9694e-05
21550.0 6.8792e-05
21570.0 6.7901e-05
21590.0 6.7087e-05
21610.0 6.6357e-05
21630.0 6.5683e-05
21650.0 6.5086e-05
21670.0 6.4621e-05
21690.0 6.4248e-05
21710.0 6.3978e-05
21730.0 6.3828e-05
21750.0 6.379e-05
21770.0 6.3873e-05
21790.0 6.408e-05
21810.0 6.4391e-05
21830.0 6.4815e-05
21850.0 6.5366e-05
21870.0 6.6005e-05
21890.0 6.671e-05
21910.0 6.7532e-05
21930.0 6.8433e-05
21950.0 6.9365e-05
21970.0 7.0367e-05
21990.0 7.1468e-05
22010.0 7.2552e-05
22030.0 7.3642e-05
22050.0 7.478e-05
22070.0 7.5919e-05
22090.0 7.6991e-05
22110.0 7.8066e-05
22130.0 7.9128e-05
22150.0 8.0104e-05
22170.0 8.1003e-05
22190.0 8.1864e-05
22210.0 8.2622e-05
22230.0 8.3239e-05
22250.0 8.3759e-05
22270.0 8.4159e-05
22290.0 8.4408e-05
22310.0 8.4517e-05
22330.0 8.4475e-05
22350.0 8.4269e-05
22370.0 8.3912e-05
22390.0 8.3389e-05
22410.0 8.2678e-05
22430.0 8.1844e-05
22450.0 8.087e-05
22470.0 7.9717e-05
22490.0 7.8441e-05
22510.0 7.7091e-05
22530.0 7.5576e-05
22550.0 7.3931e-05
22570.0 7.2273e-05
22590.0 7.0552e-05
22610.0 6.8718e-05
22630.0 6.687e-05
22650.0 6.5078e-05
22670.0 6.3211e-05
22690.0 6.1332e-05
22710.0 5.9536e-05
22730.0 5.7778e-05
22750.0 5.5967e-05
22770.0 5.4285e-05
22790.0 5.272e-05
22810.0 5.1189e-05
22830.0 4.9738e-05
22850.0 4.8449e-05
22870.0 4.7255e-05
22890.0 4.6142e-05
22910.0 4.5195e-05
22930.0 4.4402e-05
22950.0 4.3733e-05
22970.0 4.3214e-05
22990.0 4.2885e-05
23010.0 4.2704e-05
23030.0 4.2687e-05
23050.0 4.2835e-05
23070.0 4.3129e-05
23090.0 4.36e-05
23110.0 4.422e-05
23130.0 4.4951e-05
23150.0 4.581e-05
23170.0 4.6807e-05
23190.0 4.786e-05
23210.0 4.8947e-05
23230.0 5.0123e-05
23250.0 5.1319e-05
23270.0 5.2471e-05
23290.0 5.3621e-05
23310.0 5.4774e-05
23330.0 5.5801e-05
23350.0 5.6735e-05
23370.0 5.7598e-05
23390.0 5.8339e-05
23410.0 5.8927e-05
23430.0 5.9402e-05
23450.0 5.9743e-05
23470.0 5.9932e-05
23490.0 5.9985e-05
23510.0 5.9896e-05
23530.0 5.9666e-05
23550.0 5.9326e-05
23570.0 5.8861e-05
23590.0 5.8276e-05
23610.0 5.7616e-05
23630.0 5.6881e-05
23650.0 5.6035e-05
23670.0 5.515e-05
23690.0 5.4254e-05
23710.0 5.3317e-05
23730.0 5.2355e-05
23750.0 5.1466e-05
23770.0 5.0624e-05
23790.0 4.9825e-05
23810.0 4.9138e-05
23830.0 4.8591e-05
23850.0 4.8167e-05
23870.0 4.7915e-05
23890.0 4.7858e-05
23910.0 4.7986e-05
23930.0 4.8319e-05
23950.0 4.884e-05
23970.0 4.9508e-05
23990.0 5.0356e-05
24010.0 5.1344e-05
24030.0 5.2396e-05
24050.0 5.3514e-05
24070.0 5.4732e-05
24090.0 5.5909e-05
24110.0 5.7036e-05
24130.0 5.816e-05
24150.0 5.9237e-05
24170.0 6.0208e-05
24190.0 6.1129e-05
24210.0 6.2011e-05
24230.0 6.2799e-05
24250.0 6.351e-05
24270.0 6.4184e-05
24290.0 6.481e-05
24310.0 6.5345e-05
24330.0 6.5843e-05
24350.0 6.6303e-05
24370.0 6.6703e-05
24390.0 6.7049e-05
24410.0 6.7365e-05
24430.0 6.7625e-05
24450.0 6.7829e-05
24470.0 6.7989e-05
24490.0 6.8104e-05
24510.0 6.8171e-05
24530.0 6.8198e-05
24550.0 6.8189e-05
24570.0 6.8149e-05
24590.0 6.8089e-05
24610.0 6.801e-05
24630.0 6.7917e-05
24650.0 6.7829e-05
24670.0 6.7746e-05
24690.0 6.767e-05
24710.0 6.7609e-05
24730.0 6.7568e-05
24750.0 6.7541e-05
24770.0 6.7527e-05
24790.0 6.7517e-05
24810.0 6.7489e-05
24830.0 6.7382e-05
24850.0 6.7088e-05
24870.0 6.6462e-05
24890.0 6.5202e-05
24910.0 6.2918e-05
24930.0 5.9428e-05
24950.0 5.4487e-05
24970.0 4.7672e-05
24990.0 3.9762e-05
