#lamb flux
1010.0 1.1111e-08
1030.0 1.2289e-08
1050.0 1.3644e-08
1070.0 1.5169e-08
1090.0 1.6901e-08
1110.0 1.8677e-08
1130.0 2.0466e-08
1150.0 2.2339e-08
1170.0 2.4271e-08
1190.0 2.6103e-08
1210.0 2.796e-08
1230.0 2.9879e-08
1250.0 3.1759e-08
1270.0 3.3584e-08
1290.0 3.5514e-08
1310.0 3.7441e-08
1330.0 3.929e-08
1350.0 4.116e-08
1370.0 4.309e-08
1390.0 4.4972e-08
1410.0 4.6798e-08
1430.0 4.8707e-08
1450.0 5.0616e-08
1470.0 5.2461e-08
1490.0 5.4326e-08
1510.0 5.6297e-08
1530.0 5.8164e-08
1550.0 6.0006e-08
1570.0 6.1912e-08
1590.0 6.3821e-08
1610.0 6.5645e-08
1630.0 6.7526e-08
1650.0 6.9457e-08
1670.0 7.1327e-08
1690.0 7.3173e-08
1710.0 7.5092e-08
1730.0 7.7024e-08
1750.0 7.8841e-08
1770.0 8.0715e-08
1790.0 8.2628e-08
1810.0 8.4482e-08
1830.0 8.6307e-08
1850.0 8.8246e-08
1870.0 9.0138e-08
1890.0 9.197e-08
1910.0 9.3842e-08
1930.0 9.5763e-08
1950.0 9.7601e-08
1970.0 9.9421e-08
1990.0 1.0131e-07
2010.0 1.0318e-07
2030.0 1.0498e-07
2050.0 1.0685e-07
2070.0 1.0876e-07
2090.0 1.1057e-07
2110.0 1.1238e-07
2130.0 1.1424e-07
2150.0 1.1608e-07
2170.0 1.1784e-07
2190.0 1.1966e-07
2210.0 1.2151e-07
2230.0 1.2328e-07
2250.0 1.2504e-07
2270.0 1.2689e-07
2290.0 1.2868e-07
2310.0 1.3041e-07
2330.0 1.322e-07
2350.0 1.3404e-07
2370.0 1.3587e-07
2390.0 1.3786e-07
2410.0 1.4021e-07
2430.0 1.4292e-07
2450.0 1.4615e-07
2470.0 1.503e-07
2490.0 1.5552e-07
2510.0 1.6145e-07
2530.0 1.686e-07
2550.0 1.7755e-07
2570.0 1.8867e-07
2590.0 2.0315e-07
2610.0 2.2482e-07
2630.0 2.5577e-07
2650.0 2.9622e-07
2670.0 3.4853e-07
2690.0 4.1282e-07
2710.0 4.8144e-07
2730.0 5.4924e-07
2750.0 6.1602e-07
2770.0 6.7411e-07
2790.0 7.2024e-07
2810.0 7.5685e-07
2830.0 7.8545e-07
2850.0 8.0497e-07
2870.0 8.193e-07
2890.0 8.3065e-07
2910.0 8.397e-07
2930.0 8.471e-07
2950.0 8.5416e-07
2970.0 8.6107e-07
2990.0 8.6754e-07
3010.0 2.4522e-05
3030.0 2.4705e-05
3050.0 2.4882e-05
3070.0 2.5034e-05
3090.0 2.5164e-05
3110.0 2.5245e-05
3130.0 2.5242e-05
3150.0 2.513e-05
3170.0 2.4861e-05
3190.0 2.4438e-05
3210.0 2.3902e-05
3230.0 2.3288e-05
3250.0 2.2683e-05
3270.0 2.224e-05
3290.0 2.1995e-05
3310.0 2.2034e-05
3330.0 2.2353e-05
3350.0 2.2909e-05
3370.0 2.3702e-05
3390.0 2.4701e-05
3410.0 2.5788e-05
3430.0 2.7009e-05
3450.0 2.8415e-05
3470.0 2.995e-05
3490.0 3.1576e-05
3510.0 3.3415e-05
3530.0 3.5384e-05
3550.0 3.7377e-05
3570.0 3.9457e-05
3590.0 4.1718e-05
3610.0 4.4048e-05
3630.0 4.6371e-05
3650.0 4.8781e-05
3670.0 5.0982e-05
3690.0 5.2626e-05
3710.0 5.3569e-05
3730.0 5.36e-05
3750.0 5.2854e-05
3770.0 5.2561e-05
3790.0 5.2249e-05
3810.0 5.0965e-05
3830.0 5.2542e-05
3850.0 5.8749e-05
3870.0 6.2155e-05
3890.0 6.1872e-05
3910.0 6.2135e-05
3930.0 6.3771e-05
3950.0 6.4778e-05
3970.0 5.9019e-05
3990.0 5.0783e-05
4010.0 0.0001522
4030.0 0.00018442
4050.0 0.00021142
4070.0 0.00018344
4090.0 0.00016614
4110.0 0.00014661
4130.0 0.00013494
4150.0 0.00014353
4170.0 0.00014138
4190.0 0.00015071
4210.0 0.00014933
4230.0 0.00015795
4250.0 0.00018686
4270.0 0.00018905
4290.0 0.00017421
4310.0 0.00018102
4330.0 0.00019255
4350.0 0.00021589
4370.0 0.00024569
4390.0 0.00023055
4410.0 0.00017034
4430.0 0.0001442
4450.0 0.00013251
4470.0 0.0001017
4490.0 0.00010975
4510.0 0.00016578
4530.0 0.00019119
4550.0 0.00019285
4570.0 0.00021701
4590.0 0.00024719
4610.0 0.00033341
4630.0 0.00043303
4650.0 0.00046961
4670.0 0.0004349
4690.0 0.00041498
4710.0 0.00043866
4730.0 0.00041397
4750.0 0.0003095
4770.0 0.00022703
4790.0 0.000212
4810.0 0.00020207
4830.0 0.00018499
4850.0 0.000203
4870.0 0.00026818
4890.0 0.00031626
4910.0 0.00027748
4930.0 0.00024553
4950.0 0.00026975
4970.0 0.00034593
4990.0 0.00046882
5010.0 0.00053932
5030.0 0.00047556
5050.0 0.00032174
5070.0 0.00021204
5090.0 0.00017098
5110.0 0.00017584
5130.0 0.00020294
5150.0 0.00021987
5170.0 0.00021658
5190.0 0.00020238
5210.0 0.00021153
5230.0 0.00022236
5250.0 0.00023965
5270.0 0.00025856
5290.0 0.00028654
5310.0 0.00033352
5330.0 0.00036909
5350.0 0.00036673
5370.0 0.00038522
5390.0 0.00044204
5410.0 0.00044165
5430.0 0.00039057
5450.0 0.00035885
5470.0 0.00038103
5490.0 0.00046551
5510.0 0.00058205
5530.0 0.00066759
5550.0 0.00064523
5570.0 0.00058656
5590.0 0.00051002
5610.0 0.00047035
5630.0 0.0004561
5650.0 0.00043439
5670.0 0.00041162
5690.0 0.00036799
5710.0 0.00035879
5730.0 0.0003305
5750.0 0.00023302
5770.0 0.0001818
5790.0 0.00020601
5810.0 0.00023263
5830.0 0.00028547
5850.0 0.00033982
5870.0 0.00037703
5890.0 0.00038342
5910.0 0.00037616
5930.0 0.00035806
5950.0 0.00036486
5970.0 0.0004159
5990.0 0.00039105
6010.0 0.00032782
6030.0 0.00027696
6050.0 0.0002412
6070.0 0.00023988
6090.0 0.00026011
6110.0 0.00029084
6130.0 0.0002953
6150.0 0.00025408
6170.0 0.00022351
6190.0 0.00025153
6210.0 0.00033251
6230.0 0.00043635
6250.0 0.00047263
6270.0 0.00041302
6290.0 0.00034749
6310.0 0.00027128
6330.0 0.00020785
6350.0 0.0001854
6370.0 0.00019496
6390.0 0.00022539
6410.0 0.00027792
6430.0 0.00032453
6450.0 0.00037135
6470.0 0.0004252
6490.0 0.00051362
6510.0 0.00057429
6530.0 0.00056341
6550.0 0.00050948
6570.0 0.0004325
6590.0 0.00039
6610.0 0.00033628
6630.0 0.00030465
6650.0 0.00028799
6670.0 0.00027977
6690.0 0.00025279
6710.0 0.00022979
6730.0 0.00016551
6750.0 0.00016409
6770.0 0.00017835
6790.0 0.000205
6810.0 0.00018758
6830.0 0.00019316
6850.0 0.00018067
6870.0 0.00016504
6890.0 0.00015846
6910.0 0.00016886
6930.0 0.00015816
6950.0 0.00016272
6970.0 0.00017115
6990.0 0.00019427
7010.0 0.00019593
7030.0 0.00019904
7050.0 0.00018982
7070.0 0.00018086
7090.0 0.00018139
7110.0 0.00018664
7130.0 0.00020085
7150.0 0.00021332
7170.0 0.00023538
7190.0 0.00025875
7210.0 0.00025426
7230.0 0.00026138
7250.0 0.0002809
7270.0 0.00030611
7290.0 0.00036332
7310.0 0.00039424
7330.0 0.00038106
7350.0 0.00034465
7370.0 0.00029988
7390.0 0.00029092
7410.0 0.00030916
7430.0 0.00034359
7450.0 0.00037423
7470.0 0.00037079
7490.0 0.00033809
7510.0 0.00038297
7530.0 0.00037878
7550.0 0.00034046
7570.0 0.00026596
7590.0 0.00018284
7610.0 0.00015693
7630.0 0.0001783
7650.0 0.00021082
7670.0 0.00026238
7690.0 0.00028873
7710.0 0.00030089
7730.0 0.0003162
7750.0 0.00035497
7770.0 0.00036055
7790.0 0.00033118
7810.0 0.00030219
7830.0 0.00031162
7850.0 0.00030292
7870.0 0.00027773
7890.0 0.00023335
7910.0 0.00018968
7930.0 0.00018112
7950.0 0.000165
7970.0 0.00015274
7990.0 0.00015187
8010.0 1.1248e-05
8030.0 1.1102e-05
8050.0 1.0952e-05
8070.0 1.1095e-05
8090.0 1.1922e-05
8110.0 1.1719e-05
8130.0 9.6663e-06
8150.0 9.4139e-06
8170.0 8.1087e-06
8190.0 7.6847e-06
8210.0 9.9794e-06
8230.0 1.1111e-05
8250.0 1.0014e-05
8270.0 8.7159e-06
8290.0 8.4964e-06
8310.0 6.5392e-06
8330.0 4.4074e-06
8350.0 3.1279e-06
8370.0 1.9707e-06
8390.0 3.6024e-06
8410.0 4.1978e-06
8430.0 5.1744e-06
8450.0 6.0762e-06
8470.0 7.5523e-06
8490.0 7.4991e-06
8510.0 7.3765e-06
8530.0 7.6984e-06
8550.0 1.0387e-05
8570.0 1.2296e-05
8590.0 1.3268e-05
8610.0 1.676e-05
8630.0 2.019e-05
8650.0 2.1121e-05
8670.0 2.2445e-05
8690.0 2.2571e-05
8710.0 2.0441e-05
8730.0 1.9013e-05
8750.0 1.6783e-05
8770.0 1.5924e-05
8790.0 1.5645e-05
8810.0 1.4991e-05
8830.0 1.1988e-05
8850.0 8.7759e-06
8870.0 6.7196e-06
8890.0 6.5695e-06
8910.0 7.5288e-06
8930.0 8.5635e-06
8950.0 8.7275e-06
8970.0 8.7687e-06
8990.0 7.8206e-06
9010.0 8.1957e-05
9030.0 7.4263e-05
9050.0 7.4621e-05
9070.0 7.521e-05
9090.0 7.5727e-05
9110.0 7.6365e-05
9130.0 7.6857e-05
9150.0 7.724e-05
9170.0 7.7648e-05
9190.0 7.8083e-05
9210.0 7.8542e-05
9230.0 7.9026e-05
9250.0 7.9517e-05
9270.0 8.0027e-05
9290.0 8.0553e-05
9310.0 8.1082e-05
9330.0 8.1622e-05
9350.0 8.2181e-05
9370.0 8.2747e-05
9390.0 8.3319e-05
9410.0 8.3907e-05
9430.0 8.4513e-05
9450.0 8.5116e-05
9470.0 8.5732e-05
9490.0 8.6366e-05
9510.0 8.7008e-05
9530.0 8.7652e-05
9550.0 8.8319e-05
9570.0 8.8998e-05
9590.0 8.9678e-05
9610.0 9.037e-05
9630.0 9.1081e-05
9650.0 9.1798e-05
9670.0 9.2516e-05
9690.0 9.3253e-05
9710.0 9.4002e-05
9730.0 9.4753e-05
9750.0 9.5514e-05
9770.0 9.6298e-05
9790.0 9.7081e-05
9810.0 9.7868e-05
9830.0 9.8671e-05
9850.0 9.9485e-05
9870.0 0.0001003
9890.0 0.00010112
9910.0 0.00010196
9930.0 0.0001028
9950.0 0.00010364
9970.0 0.0001045
9990.0 0.00010537
10010.0 9.1434e-05
10030.0 9.2184e-05
10050.0 9.295e-05
10070.0 9.3742e-05
10090.0 9.4489e-05
10110.0 9.5254e-05
10130.0 9.6022e-05
10150.0 9.6788e-05
10170.0 9.7563e-05
10190.0 9.8351e-05
10210.0 9.913e-05
10230.0 9.9907e-05
10250.0 0.0001007
10270.0 0.00010149
10290.0 0.00010226
10310.0 0.00010305
10330.0 0.00010385
10350.0 0.00010463
10370.0 0.00010541
10390.0 0.0001062
10410.0 0.00010699
10430.0 0.00010776
10450.0 0.00010854
10470.0 0.00010932
10490.0 0.00011008
10510.0 0.00011085
10530.0 0.00011162
10550.0 0.00011238
10570.0 0.00011313
10590.0 0.00011388
10610.0 0.00011463
10630.0 0.00011536
10650.0 0.00011608
10670.0 0.00011681
10690.0 0.00011753
10710.0 0.00011823
10730.0 0.00011893
10750.0 0.00011964
10770.0 0.00012032
10790.0 0.00012099
10810.0 0.00012166
10830.0 0.0001223
10850.0 0.00012292
10870.0 0.00012352
10890.0 0.00012404
10910.0 0.00012445
10930.0 0.00012468
10950.0 0.00012462
10970.0 0.0001242
10990.0 0.00012337
11010.0 0.00012199
11030.0 0.00012005
11050.0 0.00011768
11070.0 0.00011485
11090.0 0.00011146
11110.0 0.00010794
11130.0 0.00010427
11150.0 0.00010033
11170.0 9.6257e-05
11190.0 9.231e-05
11210.0 8.8233e-05
11230.0 8.4053e-05
11250.0 8.0059e-05
11270.0 7.6224e-05
11290.0 7.2381e-05
11310.0 6.8741e-05
11330.0 6.5535e-05
11350.0 6.2507e-05
11370.0 5.9708e-05
11390.0 5.7287e-05
11410.0 5.5169e-05
11430.0 5.3201e-05
11450.0 5.1505e-05
11470.0 5.0039e-05
11490.0 4.8674e-05
11510.0 4.736e-05
11530.0 4.614e-05
11550.0 4.4928e-05
11570.0 4.3635e-05
11590.0 4.2296e-05
11610.0 4.0933e-05
11630.0 3.945e-05
11650.0 3.7862e-05
11670.0 3.6297e-05
11690.0 3.4709e-05
11710.0 3.3072e-05
11730.0 3.1486e-05
11750.0 3.0017e-05
11770.0 2.8577e-05
11790.0 2.7228e-05
11810.0 2.604e-05
11830.0 2.4977e-05
11850.0 2.3999e-05
11870.0 2.318e-05
11890.0 2.25e-05
11910.0 2.1902e-05
11930.0 2.1388e-05
11950.0 2.096e-05
11970.0 2.0577e-05
11990.0 2.0216e-05
12010.0 1.9881e-05
12030.0 1.9559e-05
12050.0 1.9226e-05
12070.0 1.8879e-05
12090.0 1.8545e-05
12110.0 1.8206e-05
12130.0 1.7866e-05
12150.0 1.7553e-05
12170.0 1.728e-05
12190.0 1.7043e-05
12210.0 1.6878e-05
12230.0 1.6798e-05
12250.0 1.6811e-05
12270.0 1.6938e-05
12290.0 1.7178e-05
12310.0 1.7521e-05
12330.0 1.8002e-05
12350.0 1.8603e-05
12370.0 1.9286e-05
12390.0 2.0074e-05
12410.0 2.0997e-05
12430.0 2.1935e-05
12450.0 2.2907e-05
12470.0 2.394e-05
12490.0 2.4978e-05
12510.0 2.5952e-05
12530.0 2.692e-05
12550.0 2.7854e-05
12570.0 2.8679e-05
12590.0 2.9403e-05
12610.0 3.0048e-05
12630.0 3.0563e-05
12650.0 3.0918e-05
12670.0 3.1151e-05
12690.0 3.1245e-05
12710.0 3.1193e-05
12730.0 3.1012e-05
12750.0 3.069e-05
12770.0 3.0247e-05
12790.0 2.971e-05
12810.0 2.9069e-05
12830.0 2.8327e-05
12850.0 2.7552e-05
12870.0 2.6731e-05
12890.0 2.5844e-05
12910.0 2.4942e-05
12930.0 2.4053e-05
12950.0 2.3125e-05
12970.0 2.2181e-05
12990.0 2.1287e-05
13010.0 2.0405e-05
13030.0 1.9513e-05
13050.0 1.8656e-05
13070.0 1.7853e-05
13090.0 1.7047e-05
13110.0 1.6268e-05
13130.0 1.555e-05
13150.0 1.4869e-05
13170.0 1.4203e-05
13190.0 1.361e-05
13210.0 1.3088e-05
13230.0 1.2611e-05
13250.0 1.22e-05
13270.0 1.1876e-05
13290.0 1.1624e-05
13310.0 1.1451e-05
13330.0 1.1372e-05
13350.0 1.1381e-05
13370.0 1.1483e-05
13390.0 1.1684e-05
13410.0 1.1955e-05
13430.0 1.2307e-05
13450.0 1.2742e-05
13470.0 1.3225e-05
13490.0 1.3737e-05
13510.0 1.4314e-05
13530.0 1.4899e-05
13550.0 1.5459e-05
13570.0 1.6011e-05
13590.0 1.6549e-05
13610.0 1.7027e-05
13630.0 1.7445e-05
13650.0 1.7827e-05
13670.0 1.8143e-05
13690.0 1.8388e-05
13710.0 1.8578e-05
13730.0 1.8713e-05
13750.0 1.8781e-05
13770.0 1.8796e-05
13790.0 1.8762e-05
13810.0 1.8679e-05
13830.0 1.8557e-05
13850.0 1.8391e-05
13870.0 1.8182e-05
13890.0 1.7943e-05
13910.0 1.7673e-05
13930.0 1.7361e-05
13950.0 1.702e-05
13970.0 1.6672e-05
13990.0 1.6293e-05
14010.0 1.589e-05
14030.0 1.5487e-05
14050.0 1.5082e-05
14070.0 1.4654e-05
14090.0 1.4244e-05
14110.0 1.3858e-05
14130.0 1.3485e-05
14150.0 1.3133e-05
14170.0 1.2833e-05
14190.0 1.2574e-05
14210.0 1.2354e-05
14230.0 1.219e-05
14250.0 1.2085e-05
14270.0 1.2034e-05
14290.0 1.2045e-05
14310.0 1.2112e-05
14330.0 1.2233e-05
14350.0 1.241e-05
14370.0 1.2631e-05
14390.0 1.2882e-05
14410.0 1.3178e-05
14430.0 1.3502e-05
14450.0 1.3834e-05
14470.0 1.4178e-05
14490.0 1.4544e-05
14510.0 1.4894e-05
14530.0 1.5226e-05
14550.0 1.5558e-05
14570.0 1.5877e-05
14590.0 1.6167e-05
14610.0 1.6448e-05
14630.0 1.6726e-05
14650.0 1.6984e-05
14670.0 1.7234e-05
14690.0 1.7495e-05
14710.0 1.7769e-05
14730.0 1.8043e-05
14750.0 1.8346e-05
14770.0 1.869e-05
14790.0 1.9063e-05
14810.0 1.9468e-05
14830.0 1.9947e-05
14850.0 2.0467e-05
14870.0 2.1011e-05
14890.0 2.1597e-05
14910.0 2.2219e-05
14930.0 2.2818e-05
14950.0 2.3377e-05
14970.0 2.3906e-05
14990.0 2.435e-05
15010.0 2.469e-05
15030.0 2.4941e-05
15050.0 2.5108e-05
15070.0 2.5189e-05
15090.0 2.5217e-05
15110.0 2.5209e-05
15130.0 2.5177e-05
15150.0 2.5135e-05
15170.0 2.5085e-05
15190.0 2.5031e-05
15210.0 2.4977e-05
15230.0 2.4924e-05
15250.0 2.4869e-05
15270.0 2.4815e-05
15290.0 2.4763e-05
15310.0 2.471e-05
15330.0 2.4657e-05
15350.0 2.4605e-05
15370.0 2.4555e-05
15390.0 2.4501e-05
15410.0 2.4449e-05
15430.0 2.4399e-05
15450.0 2.4348e-05
15470.0 2.4295e-05
15490.0 2.4246e-05
15510.0 2.4197e-05
15530.0 2.4145e-05
15550.0 2.4095e-05
15570.0 2.4047e-05
15590.0 2.3997e-05
15610.0 2.3946e-05
15630.0 2.3898e-05
15650.0 2.3849e-05
15670.0 2.3799e-05
15690.0 2.3751e-05
15710.0 2.3704e-05
15730.0 2.3655e-05
15750.0 2.3605e-05
15770.0 2.3558e-05
15790.0 2.3511e-05
15810.0 2.3461e-05
15830.0 2.3413e-05
15850.0 2.3367e-05
15870.0 2.3319e-05
15890.0 2.3271e-05
15910.0 2.3225e-05
15930.0 2.3178e-05
15950.0 2.3129e-05
15970.0 2.3082e-05
15990.0 2.3036e-05
16010.0 2.2988e-05
16030.0 2.2939e-05
16050.0 2.2894e-05
16070.0 2.2847e-05
16090.0 2.2799e-05
16110.0 2.2753e-05
16130.0 2.2708e-05
16150.0 2.2659e-05
16170.0 2.2611e-05
16190.0 2.2566e-05
16210.0 2.2519e-05
16230.0 2.2471e-05
16250.0 2.2425e-05
16270.0 2.2379e-05
16290.0 2.2331e-05
16310.0 2.2284e-05
16330.0 2.2238e-05
16350.0 2.2191e-05
16370.0 2.2142e-05
16390.0 2.2096e-05
16410.0 2.205e-05
16430.0 2.2002e-05
16450.0 2.1954e-05
16470.0 2.1909e-05
16490.0 2.1861e-05
16510.0 2.1812e-05
16530.0 2.1766e-05
16550.0 2.1719e-05
16570.0 2.167e-05
16590.0 2.1622e-05
16610.0 2.1576e-05
16630.0 2.1528e-05
16650.0 2.1479e-05
16670.0 2.1432e-05
16690.0 2.1385e-05
16710.0 2.1335e-05
16730.0 2.1286e-05
16750.0 2.1239e-05
16770.0 2.119e-05
16790.0 2.114e-05
16810.0 2.1093e-05
16830.0 2.1045e-05
16850.0 2.0995e-05
16870.0 2.0946e-05
16890.0 2.0898e-05
16910.0 2.0848e-05
16930.0 2.0797e-05
16950.0 2.0749e-05
16970.0 2.07e-05
16990.0 2.0649e-05
17010.0 2.06e-05
17030.0 2.0551e-05
17050.0 2.05e-05
17070.0 2.0449e-05
17090.0 2.04e-05
17110.0 2.035e-05
17130.0 2.0297e-05
17150.0 2.0247e-05
17170.0 2.0198e-05
17190.0 2.0146e-05
17210.0 2.0094e-05
17230.0 2.0045e-05
17250.0 1.9993e-05
17270.0 1.994e-05
17290.0 1.9889e-05
17310.0 1.9838e-05
17330.0 1.9786e-05
17350.0 1.9732e-05
17370.0 1.9682e-05
17390.0 1.963e-05
17410.0 1.9576e-05
17430.0 1.9525e-05
17450.0 1.9473e-05
17470.0 1.9419e-05
17490.0 1.9365e-05
17510.0 1.9313e-05
17530.0 1.926e-05
17550.0 1.9205e-05
17570.0 1.9153e-05
17590.0 1.9101e-05
17610.0 1.9046e-05
17630.0 1.8992e-05
17650.0 1.8939e-05
17670.0 1.8885e-05
17690.0 1.8828e-05
17710.0 1.8775e-05
17730.0 1.8722e-05
17750.0 1.8666e-05
17770.0 1.8611e-05
17790.0 1.8558e-05
17810.0 1.8503e-05
17830.0 1.8447e-05
17850.0 1.8392e-05
17870.0 1.8338e-05
17890.0 1.8281e-05
17910.0 1.8225e-05
17930.0 1.8171e-05
17950.0 1.8115e-05
17970.0 1.8059e-05
17990.0 1.8004e-05
18010.0 1.7949e-05
18030.0 1.7891e-05
18050.0 1.7835e-05
18070.0 1.778e-05
18090.0 1.7723e-05
18110.0 1.7665e-05
18130.0 1.761e-05
18150.0 1.7554e-05
18170.0 1.7496e-05
18190.0 1.744e-05
18210.0 1.7384e-05
18230.0 1.7326e-05
18250.0 1.7268e-05
18270.0 1.7212e-05
18290.0 1.7155e-05
18310.0 1.7097e-05
18330.0 1.704e-05
18350.0 1.6984e-05
18370.0 1.6925e-05
18390.0 1.6867e-05
18410.0 1.6811e-05
18430.0 1.6753e-05
18450.0 1.6694e-05
18470.0 1.6636e-05
18490.0 1.658e-05
18510.0 1.6521e-05
18530.0 1.6463e-05
18550.0 1.6407e-05
18570.0 1.6348e-05
18590.0 1.6289e-05
18610.0 1.6231e-05
18630.0 1.6174e-05
18650.0 1.6115e-05
18670.0 1.6055e-05
18690.0 1.5999e-05
18710.0 1.5941e-05
18730.0 1.5881e-05
18750.0 1.5824e-05
18770.0 1.5766e-05
18790.0 1.5706e-05
18810.0 1.5647e-05
18830.0 1.559e-05
18850.0 1.5531e-05
18870.0 1.5471e-05
18890.0 1.5414e-05
18910.0 1.5356e-05
18930.0 1.5296e-05
18950.0 1.5238e-05
18970.0 1.518e-05
18990.0 1.5121e-05
19010.0 1.506e-05
19030.0 1.5003e-05
19050.0 1.4945e-05
19070.0 1.4885e-05
19090.0 1.4826e-05
19110.0 1.477e-05
19130.0 1.471e-05
19150.0 1.465e-05
19170.0 1.4592e-05
19190.0 1.4534e-05
19210.0 1.4474e-05
19230.0 1.4415e-05
19250.0 1.4358e-05
19270.0 1.4299e-05
19290.0 1.4239e-05
19310.0 1.4182e-05
19330.0 1.4124e-05
19350.0 1.4063e-05
19370.0 1.4004e-05
19390.0 1.3947e-05
19410.0 1.3888e-05
19430.0 1.3828e-05
19450.0 1.3771e-05
19470.0 1.3713e-05
19490.0 1.3653e-05
19510.0 1.3595e-05
19530.0 1.3537e-05
19550.0 1.3478e-05
19570.0 1.3418e-05
19590.0 1.3361e-05
19610.0 1.3303e-05
19630.0 1.3243e-05
19650.0 1.3185e-05
19670.0 1.3128e-05
19690.0 1.3069e-05
19710.0 1.301e-05
19730.0 1.2953e-05
19750.0 1.2894e-05
19770.0 1.2834e-05
19790.0 1.2777e-05
19810.0 1.272e-05
19830.0 1.266e-05
19850.0 1.2601e-05
19870.0 1.2543e-05
19890.0 1.248e-05
19910.0 1.2411e-05
19930.0 1.2338e-05
19950.0 1.2253e-05
19970.0 1.215e-05
19990.0 1.2025e-05
20010.0 1.0698e-05
20030.0 1.0543e-05
20050.0 1.0362e-05
20070.0 1.0166e-05
20090.0 9.9547e-06
20110.0 9.7158e-06
20130.0 9.4739e-06
20150.0 9.2342e-06
20170.0 8.9857e-06
20190.0 8.7336e-06
20210.0 8.4955e-06
20230.0 8.2633e-06
20250.0 8.0306e-06
20270.0 7.8146e-06
20290.0 7.6174e-06
20310.0 7.43e-06
20330.0 7.2549e-06
20350.0 7.1096e-06
20370.0 6.9805e-06
20390.0 6.8674e-06
20410.0 6.776e-06
20430.0 6.7055e-06
20450.0 6.6497e-06
20470.0 6.6123e-06
20490.0 6.5923e-06
20510.0 6.5865e-06
20530.0 6.5946e-06
20550.0 6.6149e-06
20570.0 6.6446e-06
20590.0 6.6847e-06
20610.0 6.7333e-06
20630.0 6.7868e-06
20650.0 6.8466e-06
20670.0 6.915e-06
20690.0 6.9847e-06
20710.0 7.0568e-06
20730.0 7.1346e-06
20750.0 7.2158e-06
20770.0 7.2956e-06
20790.0 7.3795e-06
20810.0 7.4682e-06
20830.0 7.5564e-06
20850.0 7.6451e-06
20870.0 7.74e-06
20890.0 7.8368e-06
20910.0 7.9302e-06
20930.0 8.027e-06
20950.0 8.1274e-06
20970.0 8.2253e-06
20990.0 8.3218e-06
21010.0 8.4233e-06
21030.0 8.5226e-06
21050.0 8.6173e-06
21070.0 8.7119e-06
21090.0 8.8068e-06
21110.0 8.8933e-06
21130.0 8.9745e-06
21150.0 9.0533e-06
21170.0 9.1246e-06
21190.0 9.1859e-06
21210.0 9.2411e-06
21230.0 9.287e-06
21250.0 9.3197e-06
21270.0 9.3405e-06
21290.0 9.3482e-06
21310.0 9.3408e-06
21330.0 9.3187e-06
21350.0 9.28e-06
21370.0 9.2232e-06
21390.0 9.151e-06
21410.0 9.0626e-06
21430.0 8.9506e-06
21450.0 8.8248e-06
21470.0 8.6879e-06
21490.0 8.5331e-06
21510.0 8.3632e-06
21530.0 8.1906e-06
21550.0 8.0098e-06
21570.0 7.8169e-06
21590.0 7.6273e-06
21610.0 7.4441e-06
21630.0 7.2606e-06
21650.0 7.0814e-06
21670.0 6.926e-06
21690.0 6.7828e-06
21710.0 6.6537e-06
21730.0 6.548e-06
21750.0 6.4665e-06
21770.0 6.4044e-06
21790.0 6.3687e-06
21810.0 6.3588e-06
21830.0 6.3729e-06
21850.0 6.4127e-06
21870.0 6.4748e-06
21890.0 6.5551e-06
21910.0 6.658e-06
21930.0 6.7787e-06
21950.0 6.9096e-06
21970.0 7.0544e-06
21990.0 7.2171e-06
22010.0 7.3796e-06
22030.0 7.5446e-06
22050.0 7.718e-06
22070.0 7.8923e-06
22090.0 8.0573e-06
22110.0 8.2237e-06
22130.0 8.3898e-06
22150.0 8.545e-06
22170.0 8.6912e-06
22190.0 8.8362e-06
22210.0 8.971e-06
22230.0 9.0898e-06
22250.0 9.2015e-06
22270.0 9.3044e-06
22290.0 9.3924e-06
22310.0 9.4679e-06
22330.0 9.5344e-06
22350.0 9.5858e-06
22370.0 9.6221e-06
22390.0 9.6447e-06
22410.0 9.6519e-06
22430.0 9.6427e-06
22450.0 9.6179e-06
22470.0 9.5749e-06
22490.0 9.5146e-06
22510.0 9.4395e-06
22530.0 9.3433e-06
22550.0 9.2264e-06
22570.0 9.0966e-06
22590.0 8.9503e-06
22610.0 8.782e-06
22630.0 8.5998e-06
22650.0 8.4116e-06
22670.0 8.2033e-06
22690.0 7.981e-06
22710.0 7.7567e-06
22730.0 7.5256e-06
22750.0 7.2751e-06
22770.0 7.0302e-06
22790.0 6.7911e-06
22810.0 6.5457e-06
22830.0 6.3008e-06
22850.0 6.0716e-06
22870.0 5.8469e-06
22890.0 5.6234e-06
22910.0 5.4175e-06
22930.0 5.2288e-06
22950.0 5.049e-06
22970.0 4.8826e-06
22990.0 4.7448e-06
23010.0 4.6226e-06
23030.0 4.5177e-06
23050.0 4.4365e-06
23070.0 4.3779e-06
23090.0 4.3383e-06
23110.0 4.3225e-06
23130.0 4.3288e-06
23150.0 4.3561e-06
23170.0 4.4062e-06
23190.0 4.4748e-06
23210.0 4.5588e-06
23230.0 4.6634e-06
23250.0 4.7831e-06
23270.0 4.9111e-06
23290.0 5.0521e-06
23310.0 5.2086e-06
23330.0 5.3632e-06
23350.0 5.5192e-06
23370.0 5.6812e-06
23390.0 5.8408e-06
23410.0 5.9893e-06
23430.0 6.1358e-06
23450.0 6.2767e-06
23470.0 6.4025e-06
23490.0 6.5154e-06
23510.0 6.6195e-06
23530.0 6.7074e-06
23550.0 6.7762e-06
23570.0 6.8317e-06
23590.0 6.8719e-06
23610.0 6.8951e-06
23630.0 6.9035e-06
23650.0 6.8969e-06
23670.0 6.8756e-06
23690.0 6.842e-06
23710.0 6.7955e-06
23730.0 6.736e-06
23750.0 6.6698e-06
23770.0 6.596e-06
23790.0 6.513e-06
23810.0 6.4264e-06
23830.0 6.3399e-06
23850.0 6.2485e-06
23870.0 6.1567e-06
23890.0 6.0718e-06
23910.0 5.9911e-06
23930.0 5.914e-06
23950.0 5.8461e-06
23970.0 5.7889e-06
23990.0 5.739e-06
24010.0 5.6993e-06
24030.0 5.6715e-06
24050.0 5.6539e-06
24070.0 5.647e-06
24090.0 5.6513e-06
24110.0 5.6654e-06
24130.0 5.6899e-06
24150.0 5.7244e-06
24170.0 5.7662e-06
24190.0 5.8168e-06
24210.0 5.8774e-06
24230.0 5.9436e-06
24250.0 6.0146e-06
24270.0 6.0939e-06
24290.0 6.1799e-06
24310.0 6.2643e-06
24330.0 6.3537e-06
24350.0 6.448e-06
24370.0 6.5414e-06
24390.0 6.633e-06
24410.0 6.7308e-06
24430.0 6.8262e-06
24450.0 6.9168e-06
24470.0 7.0066e-06
24490.0 7.0961e-06
24510.0 7.1785e-06
24530.0 7.2545e-06
24550.0 7.328e-06
24570.0 7.3941e-06
24590.0 7.4504e-06
24610.0 7.4995e-06
24630.0 7.5404e-06
24650.0 7.5688e-06
24670.0 7.5867e-06
24690.0 7.5943e-06
24710.0 7.5909e-06
24730.0 7.578e-06
24750.0 7.5555e-06
24770.0 7.5237e-06
24790.0 7.4849e-06
24810.0 7.4383e-06
24830.0 7.3772e-06
24850.0 7.2946e-06
24870.0 7.1796e-06
24890.0 6.9987e-06
24910.0 6.7138e-06
24930.0 6.3095e-06
24950.0 5.7597e-06
24970.0 5.0201e-06
24990.0 4.174e-06
