#lamb flux
1010.0 8.9764e-05
1030.0 8.9764e-05
1050.0 8.9764e-05
1070.0 8.9764e-05
1090.0 8.9764e-05
1110.0 8.9764e-05
1130.0 8.9764e-05
1150.0 8.9764e-05
1170.0 8.9764e-05
1190.0 8.9764e-05
1210.0 8.9764e-05
1230.0 8.9764e-05
1250.0 8.9764e-05
1270.0 8.9764e-05
1290.0 8.9764e-05
1310.0 8.9764e-05
1330.0 8.9764e-05
1350.0 8.9764e-05
1370.0 8.9764e-05
1390.0 8.9764e-05
1410.0 8.9764e-05
1430.0 8.9764e-05
1450.0 8.9764e-05
1470.0 8.9764e-05
1490.0 8.9764e-05
1510.0 8.9764e-05
1530.0 8.9764e-05
1550.0 8.9764e-05
1570.0 8.9764e-05
1590.0 8.9764e-05
1610.0 8.9764e-05
1630.0 8.9764e-05
1650.0 8.9764e-05
1670.0 8.9764e-05
1690.0 8.9764e-05
1710.0 8.9764e-05
1730.0 8.9764e-05
1750.0 8.9764e-05
1770.0 8.9764e-05
1790.0 8.9764e-05
1810.0 8.9764e-05
1830.0 8.9764e-05
1850.0 0.00013176
1870.0 0.00023443
1890.0 0.00034508
1910.0 0.00046502
1930.0 0.00059546
1950.0 0.00073635
1970.0 0.0008885
1990.0 0.0010534
2010.0 0.0012304
2030.0 0.0014189
2050.0 0.0016202
2070.0 0.0018341
2090.0 0.002057
2110.0 0.0022893
2130.0 0.002531
2150.0 0.0027784
2170.0 0.0030282
2190.0 0.0032819
2210.0 0.0035358
2230.0 0.0037848
2250.0 0.004028
2270.0 0.0042659
2290.0 0.0044914
2310.0 0.0047008
2330.0 0.004897
2350.0 0.0050762
2370.0 0.0052332
2390.0 0.0053701
2410.0 0.0054888
2430.0 0.0055831
2450.0 0.0056538
2470.0 0.0057061
2490.0 0.0057415
2510.0 0.0057589
2530.0 0.0057725
2550.0 0.0057996
2570.0 0.0058559
2590.0 0.0059631
2610.0 0.0061774
2630.0 0.0065197
2650.0 0.0069802
2670.0 0.0075853
2690.0 0.0083379
2710.0 0.0091449
2730.0 0.0099574
2750.0 0.010804
2770.0 0.011599
2790.0 0.012296
2810.0 0.012938
2830.0 0.01356
2850.0 0.014093
2870.0 0.014599
2890.0 0.015128
2910.0 0.015669
2930.0 0.01621
2950.0 0.01681
2970.0 0.017467
2990.0 0.018149
3010.0 0.018872
3030.0 0.019668
3050.0 0.020505
3070.0 0.021336
3090.0 0.022196
3110.0 0.023039
3130.0 0.023801
3150.0 0.024457
3170.0 0.024979
3190.0 0.025345
3210.0 0.025605
3230.0 0.025828
3250.0 0.026138
3270.0 0.026663
3290.0 0.027456
3310.0 0.028577
3330.0 0.030014
3350.0 0.031691
3370.0 0.033625
3390.0 0.03556
3410.0 0.037432
3430.0 0.039092
3450.0 0.040524
3470.0 0.043944
3490.0 0.046049
3510.0 0.044034
3530.0 0.043813
3550.0 0.056012
3570.0 0.066959
3590.0 0.067041
3610.0 0.071096
3630.0 0.06962
3650.0 0.06528
3670.0 0.068651
3690.0 0.079323
3710.0 0.086527
3730.0 0.088919
3750.0 0.081904
3770.0 0.080935
3790.0 0.082766
3810.0 0.079892
3830.0 0.070963
3850.0 0.065925
3870.0 0.070331
3890.0 0.076935
3910.0 0.080557
3930.0 0.082279
3950.0 0.086283
3970.0 0.089004
3990.0 0.088713
4010.0 0.083968
4030.0 0.075868
4050.0 0.07275
4070.0 0.074786
4090.0 0.078067
4110.0 0.079387
4130.0 0.07867
4150.0 0.079061
4170.0 0.081622
4190.0 0.083072
4210.0 0.079116
4230.0 0.071874
4250.0 0.064993
4270.0 0.060683
4290.0 0.057934
4310.0 0.055577
4330.0 0.056386
4350.0 0.056195
4370.0 0.055293
4390.0 0.055507
4410.0 0.0544
4430.0 0.054121
4450.0 0.056106
4470.0 0.057891
4490.0 0.06241
4510.0 0.065565
4530.0 0.069321
4550.0 0.07312
4570.0 0.076814
4590.0 0.079036
4610.0 0.080501
4630.0 0.080711
4650.0 0.080273
4670.0 0.074168
4690.0 0.068297
4710.0 0.064264
4730.0 0.06198
4750.0 0.057666
4770.0 0.054659
4790.0 0.054195
4810.0 0.053909
4830.0 0.055433
4850.0 0.058753
4870.0 0.044966
4890.0 0.045553
4910.0 0.049134
4930.0 0.05011
4950.0 0.046468
4970.0 0.043455
4990.0 0.041458
5010.0 0.039071
5030.0 0.037667
5050.0 0.039019
5070.0 0.040811
5090.0 0.041861
5110.0 0.044382
5130.0 0.04553
5150.0 0.047329
5170.0 0.049441
5190.0 0.049825
5210.0 0.052431
5230.0 0.053661
5250.0 0.054399
5270.0 0.055039
5290.0 0.05395
5310.0 0.052427
5330.0 0.050071
5350.0 0.047842
5370.0 0.04646
5390.0 0.047392
5410.0 0.046912
5430.0 0.047025
5450.0 0.046602
5470.0 0.045936
5490.0 0.045625
5510.0 0.044693
5530.0 0.043914
5550.0 0.043348
5570.0 0.043534
5590.0 0.043666
5610.0 0.043759
5630.0 0.042643
5650.0 0.041409
5670.0 0.03947
5690.0 0.038561
5710.0 0.037627
5730.0 0.037429
5750.0 0.036563
5770.0 0.035386
5790.0 0.036539
5810.0 0.036775
5830.0 0.037744
5850.0 0.038064
5870.0 0.038112
5890.0 0.03726
5910.0 0.03701
5930.0 0.035804
5950.0 0.035818
5970.0 0.035174
5990.0 0.034838
6010.0 0.034656
6030.0 0.035029
6050.0 0.034779
6070.0 0.034256
6090.0 0.034195
6110.0 0.034523
6130.0 0.03356
6150.0 0.032004
6170.0 0.030402
6190.0 0.02903
6210.0 0.027947
6230.0 0.02771
6250.0 0.02795
6270.0 0.028575
6290.0 0.029719
6310.0 0.031555
6330.0 0.032537
6350.0 0.032647
6370.0 0.032778
6390.0 0.032611
6410.0 0.032079
6430.0 0.031483
6450.0 0.031192
6470.0 0.031112
6490.0 0.030874
6510.0 0.030587
6530.0 0.030517
6550.0 0.030241
6570.0 0.029059
6590.0 0.028514
6610.0 0.028127
6630.0 0.027184
6650.0 0.026253
6670.0 0.025514
6690.0 0.025284
6710.0 0.02461
6730.0 0.024186
6750.0 0.023846
6770.0 0.023368
6790.0 0.023366
6810.0 0.022955
6830.0 0.022275
6850.0 0.022065
6870.0 0.022024
6890.0 0.02172
6910.0 0.02159
6930.0 0.021483
6950.0 0.021123
6970.0 0.020704
6990.0 0.020641
7010.0 0.020471
7030.0 0.0205
7050.0 0.01992
7070.0 0.019591
7090.0 0.019618
7110.0 0.019279
7130.0 0.019352
7150.0 0.019517
7170.0 0.019775
7190.0 0.019484
7210.0 0.019437
7230.0 0.019587
7250.0 0.019154
7270.0 0.019303
7290.0 0.018981
7310.0 0.018565
7330.0 0.01789
7350.0 0.018019
7370.0 0.018055
7390.0 0.017719
7410.0 0.017297
7430.0 0.016985
7450.0 0.016724
7470.0 0.01694
7490.0 0.017227
7510.0 0.016939
7530.0 0.016225
7550.0 0.016177
7570.0 0.015083
7590.0 0.014961
7610.0 0.014631
7630.0 0.014777
7650.0 0.014573
7670.0 0.015144
7690.0 0.01472
7710.0 0.015535
7730.0 0.015676
7750.0 0.016957
7770.0 0.017394
7790.0 0.01791
7810.0 0.018477
7830.0 0.018546
7850.0 0.018951
7870.0 0.018479
7890.0 0.018196
7910.0 0.017866
7930.0 0.017327
7950.0 0.016901
7970.0 0.01687
7990.0 0.016695
8010.0 0.015649
8030.0 0.015542
8050.0 0.015252
8070.0 0.015074
8090.0 0.01476
8110.0 0.01487
8130.0 0.014985
8150.0 0.015146
8170.0 0.014969
8190.0 0.015044
8210.0 0.014762
8230.0 0.013922
8250.0 0.013533
8270.0 0.013285
8290.0 0.013102
8310.0 0.01283
8330.0 0.013058
8350.0 0.012929
8370.0 0.012847
8390.0 0.013075
8410.0 0.013149
8430.0 0.01349
8450.0 0.013779
8470.0 0.01383
8490.0 0.013955
8510.0 0.013768
8530.0 0.013411
8550.0 0.01352
8570.0 0.013548
8590.0 0.013244
8610.0 0.013559
8630.0 0.013463
8650.0 0.013173
8670.0 0.013105
8690.0 0.013117
8710.0 0.012697
8730.0 0.012776
8750.0 0.012351
8770.0 0.012237
8790.0 0.011965
8810.0 0.011846
8830.0 0.011682
8850.0 0.011017
8870.0 0.010414
8890.0 0.010218
8910.0 0.009594
8930.0 0.0088705
8950.0 0.0088223
8970.0 0.0086133
8990.0 0.0085758
9010.0 0.0085159
9030.0 0.0084591
9050.0 0.0083993
9070.0 0.0083392
9090.0 0.0082787
9110.0 0.008218
9130.0 0.0081571
9150.0 0.0080966
9170.0 0.0080359
9190.0 0.0079751
9210.0 0.0079142
9230.0 0.0078533
9250.0 0.0077925
9270.0 0.0077316
9290.0 0.0076708
9310.0 0.0076101
9330.0 0.0075495
9350.0 0.0074891
9370.0 0.0074287
9390.0 0.0073687
9410.0 0.0073086
9430.0 0.0072489
9450.0 0.0071893
9470.0 0.007133
9490.0 0.0070756
9510.0 0.007015
9530.0 0.0069553
9550.0 0.0068964
9570.0 0.0068382
9590.0 0.0067804
9610.0 0.006723
9630.0 0.0066663
9650.0 0.0066098
9670.0 0.0065536
9690.0 0.0064979
9710.0 0.0064427
9730.0 0.0063877
9750.0 0.0063332
9770.0 0.0062794
9790.0 0.0062258
9810.0 0.0061725
9830.0 0.0061185
9850.0 0.0060562
9870.0 0.0060046
9890.0 0.0059578
9910.0 0.0059101
9930.0 0.0058544
9950.0 0.0058051
9970.0 0.005759
9990.0 0.0057116
10010.0 0.0056626
10030.0 0.0056147
10050.0 0.0055687
10070.0 0.0055231
10090.0 0.005478
10110.0 0.0054317
10130.0 0.0053852
10150.0 0.005341
10170.0 0.005297
10190.0 0.0052524
10210.0 0.0052094
10230.0 0.0051672
10250.0 0.0051243
10270.0 0.0050821
10290.0 0.0050414
10310.0 0.0050002
10330.0 0.0049587
10350.0 0.0049189
10370.0 0.0048797
10390.0 0.00484
10410.0 0.0048008
10430.0 0.0047632
10450.0 0.0047255
10470.0 0.0046877
10490.0 0.0046511
10510.0 0.0046151
10530.0 0.0045782
10550.0 0.0045423
10570.0 0.0045077
10590.0 0.0044728
10610.0 0.004438
10630.0 0.0044045
10650.0 0.0043713
10670.0 0.0043375
10690.0 0.0043046
10710.0 0.0042727
10730.0 0.0042404
10750.0 0.0042078
10770.0 0.0041771
10790.0 0.0041465
10810.0 0.0041154
10830.0 0.0040852
10850.0 0.0040562
10870.0 0.0040261
10890.0 0.0039966
10910.0 0.0039686
10930.0 0.0039412
10950.0 0.0039139
10970.0 0.0038882
10990.0 0.0038646
11010.0 0.0037653
11030.0 0.003746
11050.0 0.0037283
11070.0 0.0037112
11090.0 0.0036934
11110.0 0.0036762
11130.0 0.0036587
11150.0 0.00364
11170.0 0.0036204
11190.0 0.0036009
11210.0 0.0035804
11230.0 0.0035589
11250.0 0.0035377
11270.0 0.0035169
11290.0 0.0034955
11310.0 0.0034745
11330.0 0.0034555
11350.0 0.0034369
11370.0 0.0034189
11390.0 0.0034025
11410.0 0.0033876
11430.0 0.0033726
11450.0 0.0033588
11470.0 0.0033463
11490.0 0.003334
11510.0 0.0033214
11530.0 0.0033097
11550.0 0.003298
11570.0 0.0032855
11590.0 0.0032729
11610.0 0.0032605
11630.0 0.0032471
11650.0 0.0032329
11670.0 0.0032194
11690.0 0.0032058
11710.0 0.0031915
11730.0 0.0031776
11750.0 0.0031646
11770.0 0.0031511
11790.0 0.0031376
11810.0 0.0031252
11830.0 0.0031131
11850.0 0.0031003
11870.0 0.0030885
11890.0 0.0030778
11910.0 0.0030671
11930.0 0.0030569
11950.0 0.0030482
11970.0 0.0030404
11990.0 0.0030332
12010.0 0.0030278
12030.0 0.0030244
12050.0 0.0030224
12070.0 0.0030223
12090.0 0.0030248
12110.0 0.0030293
12130.0 0.0030358
12150.0 0.0030446
12170.0 0.0030553
12190.0 0.0030679
12210.0 0.0030822
12230.0 0.0030978
12250.0 0.0031146
12270.0 0.0031325
12290.0 0.0031508
12310.0 0.0031692
12330.0 0.003188
12350.0 0.0032066
12370.0 0.0032245
12390.0 0.0032417
12410.0 0.0032581
12430.0 0.0032728
12450.0 0.003286
12470.0 0.0032973
12490.0 0.0033064
12510.0 0.0033135
12530.0 0.0033179
12550.0 0.0033193
12570.0 0.0033183
12590.0 0.0033147
12610.0 0.0033076
12630.0 0.0032977
12650.0 0.0032864
12670.0 0.0032721
12690.0 0.003255
12710.0 0.003237
12730.0 0.0032176
12750.0 0.0031952
12770.0 0.0031723
12790.0 0.0031497
12810.0 0.003126
12830.0 0.0031011
12850.0 0.003078
12870.0 0.0030554
12890.0 0.0030323
12910.0 0.0030104
12930.0 0.0029903
12950.0 0.0029702
12970.0 0.0029506
12990.0 0.0029334
13010.0 0.0029171
13030.0 0.002901
13050.0 0.0028862
13070.0 0.0028731
13090.0 0.0028599
13110.0 0.0028473
13130.0 0.002836
13150.0 0.0028254
13170.0 0.0028146
13190.0 0.002805
13210.0 0.0027964
13230.0 0.0027878
13250.0 0.0027795
13270.0 0.0027721
13290.0 0.0027646
13310.0 0.0027565
13330.0 0.0027488
13350.0 0.002741
13370.0 0.0027323
13390.0 0.0027228
13410.0 0.0027135
13430.0 0.0027033
13450.0 0.0026918
13470.0 0.00268
13490.0 0.0026678
13510.0 0.0026538
13530.0 0.0026392
13550.0 0.0026246
13570.0 0.0026091
13590.0 0.0025924
13610.0 0.0025757
13630.0 0.0025591
13650.0 0.0025411
13670.0 0.0025228
13690.0 0.0025048
13710.0 0.0024863
13730.0 0.0024663
13750.0 0.0024475
13770.0 0.0024286
13790.0 0.0024088
13810.0 0.002389
13830.0 0.00237
13850.0 0.0023501
13870.0 0.0023297
13890.0 0.00231
13910.0 0.0022903
13930.0 0.0022696
13950.0 0.0022489
13970.0 0.0022292
13990.0 0.0022088
14010.0 0.002188
14030.0 0.0021679
14050.0 0.002148
14070.0 0.0021271
14090.0 0.0021069
14110.0 0.0020875
14130.0 0.0020678
14150.0 0.0020482
14170.0 0.0020298
14190.0 0.0020118
14210.0 0.0019936
14230.0 0.0019761
14250.0 0.0019594
14270.0 0.0019424
14290.0 0.0019254
14310.0 0.0019093
14330.0 0.0018933
14350.0 0.0018768
14370.0 0.0018607
14390.0 0.0018452
14410.0 0.001829
14430.0 0.001813
14450.0 0.0017975
14470.0 0.0017822
14490.0 0.0017665
14510.0 0.0017517
14530.0 0.0017375
14550.0 0.0017233
14570.0 0.0017095
14590.0 0.0016965
14610.0 0.0016836
14630.0 0.0016706
14650.0 0.0016582
14670.0 0.0016462
14690.0 0.0016341
14710.0 0.0016221
14730.0 0.0016107
14750.0 0.0015993
14770.0 0.0015879
14790.0 0.001577
14810.0 0.0015665
14830.0 0.0015559
14850.0 0.0015457
14870.0 0.001536
14890.0 0.0015266
14910.0 0.0015174
14930.0 0.0015087
14950.0 0.0015003
14970.0 0.0014921
14990.0 0.0014841
15010.0 0.0014763
15030.0 0.0014687
15050.0 0.001461
15070.0 0.0014535
15090.0 0.0014461
15110.0 0.0014386
15130.0 0.001431
15150.0 0.0014236
15170.0 0.001416
15190.0 0.0014083
15210.0 0.0014007
15230.0 0.0013931
15250.0 0.0013853
15270.0 0.0013776
15290.0 0.0013699
15310.0 0.0013621
15330.0 0.0013542
15350.0 0.0013465
15370.0 0.0013387
15390.0 0.0013307
15410.0 0.0013228
15430.0 0.0013149
15450.0 0.001307
15470.0 0.001299
15490.0 0.0012911
15510.0 0.0012831
15530.0 0.0012751
15550.0 0.0012671
15570.0 0.0012592
15590.0 0.0012512
15610.0 0.0012431
15630.0 0.0012351
15650.0 0.0012271
15670.0 0.0012191
15690.0 0.001211
15710.0 0.0012031
15730.0 0.0011951
15750.0 0.001187
15770.0 0.0011791
15790.0 0.0011711
15810.0 0.001163
15830.0 0.001155
15850.0 0.0011471
15870.0 0.0011391
15890.0 0.0011311
15910.0 0.0011233
15930.0 0.0011154
15950.0 0.0011074
15970.0 0.0010995
15990.0 0.0010917
16010.0 0.0010838
16030.0 0.0010759
16050.0 0.0010681
16070.0 0.0010603
16090.0 0.0010525
16110.0 0.0010448
16130.0 0.0010371
16150.0 0.0010293
16170.0 0.0010216
16190.0 0.001014
16210.0 0.0010063
16230.0 0.00099866
16250.0 0.0009911
16270.0 0.0009836
16290.0 0.00097604
16310.0 0.00096852
16330.0 0.00096111
16350.0 0.00095368
16370.0 0.00094618
16390.0 0.00093885
16410.0 0.00093155
16430.0 0.00092421
16450.0 0.00091693
16470.0 0.00090977
16490.0 0.00090255
16510.0 0.00089534
16530.0 0.00088824
16550.0 0.00088118
16570.0 0.00087408
16590.0 0.00086704
16610.0 0.00086013
16630.0 0.00085319
16650.0 0.00084627
16670.0 0.00083945
16690.0 0.00083267
16710.0 0.00082583
16730.0 0.00081909
16750.0 0.00081245
16770.0 0.00080579
16790.0 0.00079913
16810.0 0.00079262
16830.0 0.00078613
16850.0 0.00077962
16870.0 0.00077319
16890.0 0.00076685
16910.0 0.00076048
16930.0 0.00075413
16950.0 0.00074792
16970.0 0.00074173
16990.0 0.00073554
17010.0 0.00072943
17030.0 0.00072342
17050.0 0.00071737
17070.0 0.00071137
17090.0 0.00070548
17110.0 0.00069962
17130.0 0.00069372
17150.0 0.00068795
17170.0 0.00068226
17190.0 0.00067655
17210.0 0.00067089
17230.0 0.00066535
17250.0 0.00065982
17270.0 0.00065427
17290.0 0.00064884
17310.0 0.00064348
17330.0 0.0006381
17350.0 0.00063277
17370.0 0.00062758
17390.0 0.00062239
17410.0 0.00061721
17430.0 0.00061213
17450.0 0.00060713
17470.0 0.00060208
17490.0 0.00059711
17510.0 0.00059225
17530.0 0.00058741
17550.0 0.00058257
17570.0 0.00057785
17590.0 0.00057319
17610.0 0.00056852
17630.0 0.00056391
17650.0 0.0005594
17670.0 0.00055491
17690.0 0.0005504
17710.0 0.00054604
17730.0 0.00054172
17750.0 0.0005374
17770.0 0.00053316
17790.0 0.00052901
17810.0 0.00052485
17830.0 0.00052073
17850.0 0.00051671
17870.0 0.00051274
17890.0 0.00050876
17910.0 0.00050486
17930.0 0.00050106
17950.0 0.00049727
17970.0 0.00049351
17990.0 0.00048985
18010.0 0.00048623
18030.0 0.00048259
18050.0 0.00047905
18070.0 0.00047558
18090.0 0.00047213
18110.0 0.00046871
18130.0 0.0004654
18150.0 0.00046212
18170.0 0.00045885
18190.0 0.00045566
18210.0 0.00045255
18230.0 0.00044942
18250.0 0.00044633
18270.0 0.00044336
18290.0 0.00044042
18310.0 0.00043749
18330.0 0.00043464
18350.0 0.00043187
18370.0 0.00042908
18390.0 0.00042635
18410.0 0.0004237
18430.0 0.00042109
18450.0 0.00041847
18470.0 0.00041595
18490.0 0.0004135
18510.0 0.00041105
18530.0 0.00040865
18550.0 0.00040634
18570.0 0.00040404
18590.0 0.00040175
18610.0 0.00039955
18630.0 0.00039741
18650.0 0.00039526
18670.0 0.00039317
18690.0 0.00039118
18710.0 0.00038919
18730.0 0.00038722
18750.0 0.00038534
18770.0 0.00038351
18790.0 0.00038165
18810.0 0.00037986
18830.0 0.00037816
18850.0 0.00037647
18870.0 0.0003748
18890.0 0.00037321
18910.0 0.00037167
18930.0 0.00037012
18950.0 0.00036863
18970.0 0.00036721
18990.0 0.0003658
19010.0 0.00036438
19030.0 0.00036309
19050.0 0.00036182
19070.0 0.00036054
19090.0 0.00035933
19110.0 0.00035819
19130.0 0.00035704
19150.0 0.00035591
19170.0 0.00035486
19190.0 0.00035385
19210.0 0.00035282
19230.0 0.00035185
19250.0 0.00035096
19270.0 0.00035007
19290.0 0.00034919
19310.0 0.0003484
19330.0 0.00034763
19350.0 0.00034682
19370.0 0.0003461
19390.0 0.00034543
19410.0 0.00034476
19430.0 0.00034411
19450.0 0.00034354
19470.0 0.00034298
19490.0 0.00034242
19510.0 0.00034192
19530.0 0.00034147
19550.0 0.00034099
19570.0 0.00034053
19590.0 0.00034016
19610.0 0.0003398
19630.0 0.00033943
19650.0 0.00033913
19670.0 0.00033887
19690.0 0.00033858
19710.0 0.00033832
19730.0 0.00033813
19750.0 0.00033794
19770.0 0.00033772
19790.0 0.00033759
19810.0 0.00033749
19830.0 0.00033737
19850.0 0.00033728
19870.0 0.00033726
19890.0 0.0003372
19910.0 0.00033713
19930.0 0.00033711
19950.0 0.0003371
19970.0 0.00033702
19990.0 0.00033691
20010.0 0.00033683
20030.0 0.00033665
20050.0 0.00033638
20070.0 0.0003361
20090.0 0.00033577
20110.0 0.00033527
20130.0 0.00033479
20150.0 0.00033434
20170.0 0.00033382
20190.0 0.00033325
20210.0 0.00033278
20230.0 0.00033233
20250.0 0.00033182
20270.0 0.00033139
20290.0 0.00033106
20310.0 0.00033072
20330.0 0.00033038
20350.0 0.00033023
20370.0 0.00033011
20390.0 0.00033001
20410.0 0.00033002
20430.0 0.00033015
20450.0 0.00033027
20470.0 0.00033048
20490.0 0.00033083
20510.0 0.00033127
20530.0 0.00033175
20550.0 0.00033238
20570.0 0.00033315
20590.0 0.000334
20610.0 0.00033497
20630.0 0.00033609
20650.0 0.00033733
20670.0 0.00033866
20690.0 0.00034014
20710.0 0.00034173
20730.0 0.00034341
20750.0 0.00034516
20770.0 0.00034699
20790.0 0.00034884
20810.0 0.00035071
20830.0 0.00035257
20850.0 0.00035439
20870.0 0.00035613
20890.0 0.00035778
20910.0 0.00035933
20930.0 0.00036073
20950.0 0.00036196
20970.0 0.00036305
20990.0 0.00036399
21010.0 0.0003647
21030.0 0.00036525
21050.0 0.00036568
21070.0 0.00036593
21090.0 0.00036596
21110.0 0.00036596
21130.0 0.00036588
21150.0 0.00036562
21170.0 0.00036531
21190.0 0.00036502
21210.0 0.00036461
21230.0 0.00036412
21250.0 0.00036371
21270.0 0.00036331
21290.0 0.00036284
21310.0 0.00036239
21330.0 0.00036207
21350.0 0.00036167
21370.0 0.00036126
21390.0 0.00036093
21410.0 0.00036061
21430.0 0.00036016
21450.0 0.00035978
21470.0 0.00035945
21490.0 0.00035903
21510.0 0.00035855
21530.0 0.00035813
21550.0 0.00035767
21570.0 0.00035708
21590.0 0.0003565
21610.0 0.00035594
21630.0 0.00035528
21650.0 0.00035451
21670.0 0.00035388
21690.0 0.00035318
21710.0 0.00035239
21730.0 0.00035163
21750.0 0.00035094
21770.0 0.00035008
21790.0 0.00034923
21810.0 0.00034847
21830.0 0.00034767
21850.0 0.00034677
21870.0 0.00034594
21890.0 0.00034517
21910.0 0.00034429
21930.0 0.0003434
21950.0 0.00034258
21970.0 0.00034169
21990.0 0.00034066
22010.0 0.00033972
22030.0 0.00033878
22050.0 0.00033772
22070.0 0.00033661
22090.0 0.00033557
22110.0 0.00033443
22130.0 0.00033317
22150.0 0.00033195
22170.0 0.00033073
22190.0 0.00032935
22210.0 0.00032795
22230.0 0.00032668
22250.0 0.00032532
22270.0 0.0003239
22290.0 0.00032257
22310.0 0.00032128
22330.0 0.00031987
22350.0 0.00031853
22370.0 0.0003173
22390.0 0.00031605
22410.0 0.00031475
22430.0 0.00031363
22450.0 0.00031256
22470.0 0.00031146
22490.0 0.00031045
22510.0 0.00030957
22530.0 0.00030866
22550.0 0.00030779
22570.0 0.00030708
22590.0 0.00030643
22610.0 0.00030579
22630.0 0.00030525
22650.0 0.00030484
22670.0 0.00030444
22690.0 0.00030409
22710.0 0.00030385
22730.0 0.00030367
22750.0 0.00030348
22770.0 0.00030339
22790.0 0.0003034
22810.0 0.00030342
22830.0 0.00030349
22850.0 0.00030365
22870.0 0.00030386
22890.0 0.0003041
22910.0 0.00030443
22930.0 0.00030484
22950.0 0.00030531
22970.0 0.00030586
22990.0 0.00030653
23010.0 0.00030728
23030.0 0.00030814
23050.0 0.00030912
23070.0 0.00031022
23090.0 0.00031146
23110.0 0.00031286
23130.0 0.00031438
23150.0 0.00031605
23170.0 0.00031791
23190.0 0.0003199
23210.0 0.000322
23230.0 0.00032429
23250.0 0.0003267
23270.0 0.00032918
23290.0 0.00033177
23310.0 0.00033452
23330.0 0.00033724
23350.0 0.00033996
23370.0 0.00034276
23390.0 0.00034553
23410.0 0.00034819
23430.0 0.00035087
23450.0 0.00035306
23470.0 0.00035504
23490.0 0.00035691
23510.0 0.0003588
23530.0 0.00036061
23550.0 0.00036233
23570.0 0.00036409
23590.0 0.00036592
23610.0 0.00036776
23630.0 0.00036966
23650.0 0.00037177
23670.0 0.00037396
23690.0 0.00037621
23710.0 0.00037863
23730.0 0.00038123
23750.0 0.00038382
23770.0 0.00038649
23790.0 0.00038933
23810.0 0.00039223
23830.0 0.00039513
23850.0 0.00039827
23870.0 0.0004016
23890.0 0.00040494
23910.0 0.00040847
23930.0 0.00041231
23950.0 0.00041628
23970.0 0.00042025
23990.0 0.00042451
24010.0 0.00042888
24030.0 0.00043311
24050.0 0.00043728
24070.0 0.00044153
24090.0 0.0004454
24110.0 0.0004489
24130.0 0.0004522
24150.0 0.00045518
24170.0 0.00045769
24190.0 0.00045991
24210.0 0.00046188
24230.0 0.00046349
24250.0 0.00046482
24270.0 0.00046598
24290.0 0.00046696
24310.0 0.00046773
24330.0 0.00046841
24350.0 0.00046903
24370.0 0.00046957
24390.0 0.00047005
24410.0 0.00047058
24430.0 0.00047109
24450.0 0.00047159
24470.0 0.00047214
24490.0 0.00047276
24510.0 0.00047338
24530.0 0.00047402
24550.0 0.00047474
24570.0 0.0004755
24590.0 0.00047625
24610.0 0.00047705
24630.0 0.00047796
24650.0 0.00047884
24670.0 0.00047977
24690.0 0.00048085
24710.0 0.00048203
24730.0 0.00048328
24750.0 0.00048475
24770.0 0.00048641
24790.0 0.00048807
24810.0 0.00048961
24830.0 0.00049063
24850.0 0.00049001
24870.0 0.00048634
24890.0 0.00047714
24910.0 0.0004589
24930.0 0.00042985
24950.0 0.00038789
24970.0 0.00032909
24990.0 0.00026501
