#lamb flux
1010.0 2.0729e-07
1030.0 2.2816e-07
1050.0 2.5216e-07
1070.0 2.7918e-07
1090.0 3.0987e-07
1110.0 3.4134e-07
1130.0 3.7302e-07
1150.0 4.062e-07
1170.0 4.4043e-07
1190.0 4.7288e-07
1210.0 5.0578e-07
1230.0 5.3976e-07
1250.0 5.7306e-07
1270.0 6.054e-07
1290.0 6.3956e-07
1310.0 6.737e-07
1330.0 7.0644e-07
1350.0 7.3954e-07
1370.0 7.7372e-07
1390.0 8.0703e-07
1410.0 8.3935e-07
1430.0 8.7314e-07
1450.0 9.0692e-07
1470.0 9.3956e-07
1490.0 9.7255e-07
1510.0 1.0074e-06
1530.0 1.0404e-06
1550.0 1.0729e-06
1570.0 1.1066e-06
1590.0 1.1403e-06
1610.0 1.1725e-06
1630.0 1.2056e-06
1650.0 1.2396e-06
1670.0 1.2725e-06
1690.0 1.305e-06
1710.0 1.3386e-06
1730.0 1.3724e-06
1750.0 1.4042e-06
1770.0 1.4369e-06
1790.0 1.4701e-06
1810.0 1.5023e-06
1830.0 1.5337e-06
1850.0 1.5671e-06
1870.0 1.5995e-06
1890.0 1.6307e-06
1910.0 1.6624e-06
1930.0 1.6947e-06
1950.0 1.7253e-06
1970.0 1.7553e-06
1990.0 1.7863e-06
2010.0 1.8165e-06
2030.0 1.8453e-06
2050.0 1.8746e-06
2070.0 1.9045e-06
2090.0 1.932e-06
2110.0 1.959e-06
2130.0 1.9864e-06
2150.0 2.0127e-06
2170.0 2.037e-06
2190.0 2.0619e-06
2210.0 2.0862e-06
2230.0 2.1086e-06
2250.0 2.1301e-06
2270.0 2.152e-06
2290.0 2.1721e-06
2310.0 2.1901e-06
2330.0 2.208e-06
2350.0 2.2252e-06
2370.0 2.2404e-06
2390.0 2.2552e-06
2410.0 2.2713e-06
2430.0 2.287e-06
2450.0 2.3035e-06
2470.0 2.3242e-06
2490.0 2.3517e-06
2510.0 2.3864e-06
2530.0 2.4397e-06
2550.0 2.5285e-06
2570.0 2.6674e-06
2590.0 2.8733e-06
2610.0 3.1958e-06
2630.0 3.6382e-06
2650.0 4.1687e-06
2670.0 4.7869e-06
2690.0 5.462e-06
2710.0 6.0945e-06
2730.0 6.6415e-06
2750.0 7.1144e-06
2770.0 7.4685e-06
2790.0 7.7072e-06
2810.0 7.8725e-06
2830.0 7.9936e-06
2850.0 8.0693e-06
2870.0 8.1278e-06
2890.0 8.1854e-06
2910.0 8.2395e-06
2930.0 8.2846e-06
2950.0 8.3346e-06
2970.0 8.3871e-06
2990.0 8.4324e-06
3010.0 9.1113e-05
3030.0 9.1613e-05
3050.0 9.2076e-05
3070.0 9.2376e-05
3090.0 9.2604e-05
3110.0 9.2639e-05
3130.0 9.2328e-05
3150.0 9.1627e-05
3170.0 9.0464e-05
3190.0 8.8869e-05
3210.0 8.7058e-05
3230.0 8.5217e-05
3250.0 8.3101e-05
3270.0 8.2323e-05
3290.0 8.1432e-05
3310.0 8.3095e-05
3330.0 8.5069e-05
3350.0 8.7759e-05
3370.0 9.1297e-05
3390.0 9.5543e-05
3410.0 9.9987e-05
3430.0 0.0001048
3450.0 0.00011009
3470.0 0.00011559
3490.0 0.00012117
3510.0 0.00012701
3530.0 0.00013285
3550.0 0.00013927
3570.0 0.00014628
3590.0 0.0001529
3610.0 0.00016113
3630.0 0.00016745
3650.0 0.00017423
3670.0 0.00017973
3690.0 0.00018467
3710.0 0.00018875
3730.0 0.00018917
3750.0 0.00018947
3770.0 0.00018271
3790.0 0.00017874
3810.0 0.00017389
3830.0 0.00015744
3850.0 0.00014565
3870.0 0.00015559
3890.0 0.000184
3910.0 0.00023318
3930.0 0.00027315
3950.0 0.00029288
3970.0 0.00028049
3990.0 0.00026185
4010.0 0.00027442
4030.0 0.00029615
4050.0 0.00030726
4070.0 0.00027671
4090.0 0.00022907
4110.0 0.00024476
4130.0 0.00027176
4150.0 0.00028366
4170.0 0.00027459
4190.0 0.00026287
4210.0 0.00028708
4230.0 0.00031229
4250.0 0.00032263
4270.0 0.00033247
4290.0 0.00032333
4310.0 0.00033659
4330.0 0.00037192
4350.0 0.00043479
4370.0 0.0004699
4390.0 0.00044534
4410.0 0.00037549
4430.0 0.00031755
4450.0 0.00025954
4470.0 0.00025017
4490.0 0.00028033
4510.0 0.00034192
4530.0 0.00037023
4550.0 0.00039441
4570.0 0.00046033
4590.0 0.00057829
4610.0 0.00077038
4630.0 0.00092288
4650.0 0.00092822
4670.0 0.00093559
4690.0 0.0010129
4710.0 0.001013
4730.0 0.0008263
4750.0 0.00061137
4770.0 0.00050378
4790.0 0.00047804
4810.0 0.00044482
4830.0 0.00045361
4850.0 0.00053512
4870.0 0.00067075
4890.0 0.00071122
4910.0 0.00061259
4930.0 0.0005892
4950.0 0.0007045
4970.0 0.00092837
4990.0 0.0011122
5010.0 0.0011248
5030.0 0.00091143
5050.0 0.00062735
5070.0 0.00046176
5090.0 0.00040248
5110.0 0.00040366
5130.0 0.00043937
5150.0 0.00044169
5170.0 0.00043993
5190.0 0.00043586
5210.0 0.00042917
5230.0 0.00045252
5250.0 0.0004817
5270.0 0.00055175
5290.0 0.00065228
5310.0 0.00070793
5330.0 0.00073461
5350.0 0.00078005
5370.0 0.00085121
5390.0 0.00087402
5410.0 0.00080294
5430.0 0.00071613
5450.0 0.00070962
5470.0 0.00085179
5490.0 0.0010953
5510.0 0.0013307
5530.0 0.0014281
5550.0 0.0013833
5570.0 0.0012841
5590.0 0.0011754
5610.0 0.0011267
5630.0 0.0011332
5650.0 0.0011527
5670.0 0.0011292
5690.0 0.0010766
5710.0 0.0010354
5730.0 0.00091271
5750.0 0.00070256
5770.0 0.00062944
5790.0 0.0006964
5810.0 0.0008055
5830.0 0.000907
5850.0 0.00096094
5870.0 0.00095355
5890.0 0.00088479
5910.0 0.0008485
5930.0 0.00086442
5950.0 0.00091516
5970.0 0.00093676
5990.0 0.00085193
6010.0 0.00069779
6030.0 0.00056874
6050.0 0.00051984
6070.0 0.00054824
6090.0 0.00061219
6110.0 0.00062134
6130.0 0.000576
6150.0 0.00056497
6170.0 0.00062689
6190.0 0.00074966
6210.0 0.00090056
6230.0 0.0010003
6250.0 0.00097846
6270.0 0.0008676
6290.0 0.00071385
6310.0 0.00056745
6330.0 0.00047273
6350.0 0.00045287
6370.0 0.0004975
6390.0 0.00056253
6410.0 0.00065243
6430.0 0.00076942
6450.0 0.00092395
6470.0 0.0011344
6490.0 0.0013494
6510.0 0.0014221
6530.0 0.0013449
6550.0 0.0012882
6570.0 0.0012859
6590.0 0.001247
6610.0 0.0011566
6630.0 0.0010779
6650.0 0.0010263
6670.0 0.0010288
6690.0 0.0010051
6710.0 0.00090077
6730.0 0.00078574
6750.0 0.00071442
6770.0 0.00074639
6790.0 0.00079855
6810.0 0.00084132
6830.0 0.00085507
6850.0 0.00082122
6870.0 0.00078412
6890.0 0.00076392
6910.0 0.00072502
6930.0 0.00069557
6950.0 0.00070274
6970.0 0.00072682
6990.0 0.0007908
7010.0 0.00083862
7030.0 0.00080686
7050.0 0.00073747
7070.0 0.00064458
7090.0 0.00054357
7110.0 0.00050076
7130.0 0.00052689
7150.0 0.00055887
7170.0 0.00056459
7190.0 0.00054941
7210.0 0.00054849
7230.0 0.00061954
7250.0 0.0007212
7270.0 0.00080143
7290.0 0.00082873
7310.0 0.0007724
7330.0 0.00069462
7350.0 0.00063689
7370.0 0.00062273
7390.0 0.00063999
7410.0 0.00068102
7430.0 0.00075738
7450.0 0.00084515
7470.0 0.00093922
7490.0 0.0010058
7510.0 0.00089546
7530.0 0.00083647
7550.0 0.00073149
7570.0 0.00062012
7590.0 0.00050513
7610.0 0.00047975
7630.0 0.00051689
7650.0 0.00058848
7670.0 0.00066943
7690.0 0.00073802
7710.0 0.0008205
7730.0 0.00088024
7750.0 0.00091649
7770.0 0.00091901
7790.0 0.00091353
7810.0 0.00092379
7830.0 0.00090375
7850.0 0.00086914
7870.0 0.0008221
7890.0 0.00075454
7910.0 0.0006768
7930.0 0.00060071
7950.0 0.00054129
7970.0 0.00052455
7990.0 0.00054572
8010.0 0.00057922
8030.0 0.00058521
8050.0 0.00059619
8070.0 0.00058938
8090.0 0.00058784
8110.0 0.00056854
8130.0 0.00053125
8150.0 0.00049838
8170.0 0.00049319
8190.0 0.00050082
8210.0 0.00050584
8230.0 0.0004925
8250.0 0.00047084
8270.0 0.00041485
8290.0 0.0003322
8310.0 0.00024798
8330.0 0.00016959
8350.0 0.00012297
8370.0 0.00012036
8390.0 0.00014283
8410.0 0.00017725
8430.0 0.00021801
8450.0 0.00024005
8470.0 0.00025385
8490.0 0.00026935
8510.0 0.00028499
8530.0 0.00031535
8550.0 0.0003698
8570.0 0.00043126
8590.0 0.00048876
8610.0 0.0005681
8630.0 0.00065864
8650.0 0.00070624
8670.0 0.00070973
8690.0 0.00069156
8710.0 0.00065965
8730.0 0.00063218
8750.0 0.00060217
8770.0 0.00058721
8790.0 0.00056441
8810.0 0.00052315
8830.0 0.000482
8850.0 0.00041446
8870.0 0.00037062
8890.0 0.00034402
8910.0 0.00036689
8930.0 0.00035615
8950.0 0.00036434
8970.0 0.00036902
8990.0 0.00037122
9010.0 0.00037615
9030.0 0.00036829
9050.0 0.00036777
9070.0 0.00036807
9090.0 0.0003684
9110.0 0.00036871
9130.0 0.00036908
9150.0 0.00036955
9170.0 0.00036974
9190.0 0.00036955
9210.0 0.00037212
9230.0 0.00037224
9250.0 0.00037267
9270.0 0.0003732
9290.0 0.00037381
9310.0 0.00037449
9330.0 0.00037524
9350.0 0.00037602
9370.0 0.00037686
9390.0 0.00037773
9410.0 0.00037863
9430.0 0.00037958
9450.0 0.00038055
9470.0 0.00038157
9490.0 0.00038261
9510.0 0.00038369
9530.0 0.0003848
9550.0 0.00038594
9570.0 0.00038711
9590.0 0.00038832
9610.0 0.00038956
9630.0 0.00039082
9650.0 0.00039212
9670.0 0.00039344
9690.0 0.00039479
9710.0 0.00039617
9730.0 0.00039757
9750.0 0.000399
9770.0 0.00040045
9790.0 0.00040192
9810.0 0.00040341
9830.0 0.00040493
9850.0 0.00040646
9870.0 0.00040801
9890.0 0.00040958
9910.0 0.00041116
9930.0 0.00041276
9950.0 0.00041422
9970.0 0.00041588
9990.0 0.00041754
10010.0 0.00041894
10030.0 0.00042059
10050.0 0.00042213
10070.0 0.00042308
10090.0 0.00042498
10110.0 0.00042683
10130.0 0.00042861
10150.0 0.00043036
10170.0 0.00043205
10190.0 0.00043367
10210.0 0.0004353
10230.0 0.00043693
10250.0 0.00043851
10270.0 0.00044007
10290.0 0.00044165
10310.0 0.00044318
10330.0 0.00044465
10350.0 0.00044615
10370.0 0.00044763
10390.0 0.00044904
10410.0 0.00045043
10430.0 0.00045184
10450.0 0.00045319
10470.0 0.00045447
10490.0 0.00045576
10510.0 0.00045702
10530.0 0.00045817
10550.0 0.00045932
10570.0 0.00046047
10590.0 0.00046153
10610.0 0.00046254
10630.0 0.00046354
10650.0 0.0004645
10670.0 0.00046535
10690.0 0.00046618
10710.0 0.00046699
10730.0 0.00046771
10750.0 0.00046835
10770.0 0.000469
10790.0 0.00046959
10810.0 0.00047007
10830.0 0.0004705
10850.0 0.00047087
10870.0 0.00047101
10890.0 0.00047089
10910.0 0.00047041
10930.0 0.00046926
10950.0 0.00046702
10970.0 0.00046351
10990.0 0.00045862
11010.0 0.00044539
11030.0 0.00043615
11050.0 0.00042558
11070.0 0.00041347
11090.0 0.00039945
11110.0 0.00038547
11130.0 0.00037142
11150.0 0.00035693
11170.0 0.00034277
11190.0 0.00032986
11210.0 0.00031739
11230.0 0.00030558
11250.0 0.00029525
11270.0 0.00028617
11290.0 0.00027788
11310.0 0.00027074
11330.0 0.00026496
11350.0 0.00025981
11370.0 0.00025522
11390.0 0.0002512
11410.0 0.00024746
11430.0 0.00024353
11450.0 0.0002395
11470.0 0.00023531
11490.0 0.00023062
11510.0 0.00022531
11530.0 0.00021975
11550.0 0.00021383
11570.0 0.00020731
11590.0 0.0002006
11610.0 0.00019396
11630.0 0.00018705
11650.0 0.00018009
11670.0 0.00017365
11690.0 0.00016751
11710.0 0.00016156
11730.0 0.00015612
11750.0 0.00015131
11770.0 0.00014676
11790.0 0.0001426
11810.0 0.00013895
11830.0 0.00013561
11850.0 0.00013238
11870.0 0.00012942
11890.0 0.00012665
11910.0 0.00012385
11930.0 0.00012101
11950.0 0.00011821
11970.0 0.00011529
11990.0 0.00011216
12010.0 0.00010901
12030.0 0.00010584
12050.0 0.00010255
12070.0 9.92e-05
12090.0 9.6115e-05
12110.0 9.3133e-05
12130.0 9.0303e-05
12150.0 8.7831e-05
12170.0 8.5769e-05
12190.0 8.4042e-05
12210.0 8.2839e-05
12230.0 8.2184e-05
12250.0 8.2054e-05
12270.0 8.2507e-05
12290.0 8.3487e-05
12310.0 8.4904e-05
12330.0 8.6859e-05
12350.0 8.9219e-05
12370.0 9.1795e-05
12390.0 9.4635e-05
12410.0 9.78e-05
12430.0 0.00010081
12450.0 0.00010374
12470.0 0.00010663
12490.0 0.00010929
12510.0 0.00011154
12530.0 0.00011354
12550.0 0.0001152
12570.0 0.00011638
12590.0 0.00011714
12610.0 0.00011752
12630.0 0.00011745
12650.0 0.00011697
12670.0 0.00011615
12690.0 0.00011498
12710.0 0.00011353
12730.0 0.00011187
12750.0 0.00010991
12770.0 0.00010782
12790.0 0.00010564
12810.0 0.00010332
12830.0 0.00010087
12850.0 9.8448e-05
12870.0 9.5988e-05
12890.0 9.3403e-05
12910.0 9.0799e-05
12930.0 8.822e-05
12950.0 8.5503e-05
12970.0 8.2683e-05
12990.0 7.9932e-05
13010.0 7.7144e-05
13030.0 7.4256e-05
13050.0 7.1416e-05
13070.0 6.8707e-05
13090.0 6.5975e-05
13110.0 6.3337e-05
13130.0 6.0931e-05
13150.0 5.8707e-05
13170.0 5.6625e-05
13190.0 5.4872e-05
13210.0 5.3437e-05
13230.0 5.2256e-05
13250.0 5.138e-05
13270.0 5.0823e-05
13290.0 5.0538e-05
13310.0 5.0534e-05
13330.0 5.0774e-05
13350.0 5.1208e-05
13370.0 5.1841e-05
13390.0 5.2635e-05
13410.0 5.3463e-05
13430.0 5.4365e-05
13450.0 5.5321e-05
13470.0 5.6239e-05
13490.0 5.7091e-05
13510.0 5.7951e-05
13530.0 5.8719e-05
13550.0 5.9368e-05
13570.0 5.9943e-05
13590.0 6.0451e-05
13610.0 6.0852e-05
13630.0 6.1163e-05
13650.0 6.1424e-05
13670.0 6.1615e-05
13690.0 6.1735e-05
13710.0 6.1807e-05
13730.0 6.1835e-05
13750.0 6.1799e-05
13770.0 6.1714e-05
13790.0 6.1578e-05
13810.0 6.1384e-05
13830.0 6.1133e-05
13850.0 6.0818e-05
13870.0 6.0431e-05
13890.0 5.9983e-05
13910.0 5.9474e-05
13930.0 5.8885e-05
13950.0 5.824e-05
13970.0 5.7578e-05
13990.0 5.6868e-05
14010.0 5.6131e-05
14030.0 5.5411e-05
14050.0 5.471e-05
14070.0 5.4005e-05
14090.0 5.336e-05
14110.0 5.2782e-05
14130.0 5.2253e-05
14150.0 5.1788e-05
14170.0 5.1413e-05
14190.0 5.1112e-05
14210.0 5.0884e-05
14230.0 5.0741e-05
14250.0 5.0678e-05
14270.0 5.0699e-05
14290.0 5.081e-05
14310.0 5.0992e-05
14330.0 5.125e-05
14350.0 5.1594e-05
14370.0 5.1996e-05
14390.0 5.2435e-05
14410.0 5.2943e-05
14430.0 5.3494e-05
14450.0 5.4052e-05
14470.0 5.4636e-05
14490.0 5.5274e-05
14510.0 5.5912e-05
14530.0 5.6559e-05
14550.0 5.7272e-05
14570.0 5.805e-05
14590.0 5.8867e-05
14610.0 5.9793e-05
14630.0 6.0877e-05
14650.0 6.206e-05
14670.0 6.3362e-05
14690.0 6.4864e-05
14710.0 6.6549e-05
14730.0 6.8272e-05
14750.0 7.0155e-05
14770.0 7.2192e-05
14790.0 7.4242e-05
14810.0 7.627e-05
14830.0 7.8418e-05
14850.0 8.0469e-05
14870.0 8.234e-05
14890.0 8.4099e-05
14910.0 8.5713e-05
14930.0 8.7049e-05
14950.0 8.8128e-05
14970.0 8.9002e-05
14990.0 8.9613e-05
15010.0 8.9981e-05
15030.0 9.0165e-05
15050.0 9.0188e-05
15070.0 9.0093e-05
15090.0 8.9925e-05
15110.0 8.9703e-05
15130.0 8.9455e-05
15150.0 8.9204e-05
15170.0 8.8938e-05
15190.0 8.8667e-05
15210.0 8.8405e-05
15230.0 8.8147e-05
15250.0 8.7879e-05
15270.0 8.7615e-05
15290.0 8.7367e-05
15310.0 8.7111e-05
15330.0 8.6853e-05
15350.0 8.6606e-05
15370.0 8.6361e-05
15390.0 8.6103e-05
15410.0 8.5854e-05
15430.0 8.5614e-05
15450.0 8.5368e-05
15470.0 8.5117e-05
15490.0 8.4881e-05
15510.0 8.4644e-05
15530.0 8.4399e-05
15550.0 8.416e-05
15570.0 8.3929e-05
15590.0 8.3688e-05
15610.0 8.3443e-05
15630.0 8.3213e-05
15650.0 8.2982e-05
15670.0 8.2742e-05
15690.0 8.2509e-05
15710.0 8.2284e-05
15730.0 8.2048e-05
15750.0 8.1812e-05
15770.0 8.1585e-05
15790.0 8.1357e-05
15810.0 8.1115e-05
15830.0 8.0885e-05
15850.0 8.0662e-05
15870.0 8.0429e-05
15890.0 8.0196e-05
15910.0 7.9973e-05
15930.0 7.9745e-05
15950.0 7.9506e-05
15970.0 7.9278e-05
15990.0 7.9053e-05
16010.0 7.8818e-05
16030.0 7.8581e-05
16050.0 7.8359e-05
16070.0 7.813e-05
16090.0 7.7894e-05
16110.0 7.7665e-05
16130.0 7.7442e-05
16150.0 7.72e-05
16170.0 7.6964e-05
16190.0 7.6737e-05
16210.0 7.6504e-05
16230.0 7.6264e-05
16250.0 7.6033e-05
16270.0 7.5805e-05
16290.0 7.5565e-05
16310.0 7.5327e-05
16330.0 7.5097e-05
16350.0 7.486e-05
16370.0 7.461e-05
16390.0 7.4376e-05
16410.0 7.4142e-05
16430.0 7.3898e-05
16450.0 7.3655e-05
16470.0 7.3423e-05
16490.0 7.3179e-05
16510.0 7.293e-05
16530.0 7.2689e-05
16550.0 7.2449e-05
16570.0 7.2196e-05
16590.0 7.1946e-05
16610.0 7.1708e-05
16630.0 7.1459e-05
16650.0 7.1206e-05
16670.0 7.0962e-05
16690.0 7.0717e-05
16710.0 7.0455e-05
16730.0 7.0202e-05
16750.0 6.9955e-05
16770.0 6.9698e-05
16790.0 6.9436e-05
16810.0 6.9187e-05
16830.0 6.8934e-05
16850.0 6.8671e-05
16870.0 6.8412e-05
16890.0 6.816e-05
16910.0 6.7894e-05
16930.0 6.7625e-05
16950.0 6.7368e-05
16970.0 6.7107e-05
16990.0 6.6837e-05
17010.0 6.6573e-05
17030.0 6.6315e-05
17050.0 6.6043e-05
17070.0 6.5771e-05
17090.0 6.5507e-05
17110.0 6.5239e-05
17130.0 6.4958e-05
17150.0 6.4687e-05
17170.0 6.4422e-05
17190.0 6.4145e-05
17210.0 6.3867e-05
17230.0 6.36e-05
17250.0 6.3324e-05
17270.0 6.3038e-05
17290.0 6.2762e-05
17310.0 6.2488e-05
17330.0 6.2204e-05
17350.0 6.1917e-05
17370.0 6.1645e-05
17390.0 6.1364e-05
17410.0 6.1076e-05
17430.0 6.0795e-05
17450.0 6.0518e-05
17470.0 6.0222e-05
17490.0 5.9933e-05
17510.0 5.9653e-05
17530.0 5.9365e-05
17550.0 5.907e-05
17570.0 5.8785e-05
17590.0 5.8502e-05
17610.0 5.8206e-05
17630.0 5.7914e-05
17650.0 5.7628e-05
17670.0 5.7336e-05
17690.0 5.703e-05
17710.0 5.6743e-05
17730.0 5.6453e-05
17750.0 5.6154e-05
17770.0 5.5858e-05
17790.0 5.5572e-05
17810.0 5.5272e-05
17830.0 5.4969e-05
17850.0 5.4675e-05
17870.0 5.4381e-05
17890.0 5.4075e-05
17910.0 5.3773e-05
17930.0 5.3483e-05
17950.0 5.3182e-05
17970.0 5.2878e-05
17990.0 5.2583e-05
18010.0 5.2287e-05
18030.0 5.1975e-05
18050.0 5.1674e-05
18070.0 5.1378e-05
18090.0 5.1073e-05
18110.0 5.0765e-05
18130.0 5.0469e-05
18150.0 5.017e-05
18170.0 4.9861e-05
18190.0 4.9558e-05
18210.0 4.9262e-05
18230.0 4.8952e-05
18250.0 4.864e-05
18270.0 4.8343e-05
18290.0 4.8041e-05
18310.0 4.7731e-05
18330.0 4.7428e-05
18350.0 4.7131e-05
18370.0 4.6821e-05
18390.0 4.6513e-05
18410.0 4.6213e-05
18430.0 4.591e-05
18450.0 4.5595e-05
18470.0 4.5292e-05
18490.0 4.4994e-05
18510.0 4.4685e-05
18530.0 4.4378e-05
18550.0 4.4081e-05
18570.0 4.3776e-05
18590.0 4.3463e-05
18610.0 4.316e-05
18630.0 4.2861e-05
18650.0 4.2551e-05
18670.0 4.2242e-05
18690.0 4.1946e-05
18710.0 4.1643e-05
18730.0 4.1334e-05
18750.0 4.1034e-05
18770.0 4.0737e-05
18790.0 4.0423e-05
18810.0 4.0117e-05
18830.0 3.9821e-05
18850.0 3.9518e-05
18870.0 3.9209e-05
18890.0 3.8912e-05
18910.0 3.8616e-05
18930.0 3.8308e-05
18950.0 3.8006e-05
18970.0 3.7711e-05
18990.0 3.7409e-05
19010.0 3.7097e-05
19030.0 3.6804e-05
19050.0 3.6508e-05
19070.0 3.6204e-05
19090.0 3.5905e-05
19110.0 3.5615e-05
19130.0 3.5312e-05
19150.0 3.5009e-05
19170.0 3.4715e-05
19190.0 3.4421e-05
19210.0 3.4117e-05
19230.0 3.3819e-05
19250.0 3.3531e-05
19270.0 3.3234e-05
19290.0 3.2935e-05
19310.0 3.2646e-05
19330.0 3.2356e-05
19350.0 3.2052e-05
19370.0 3.1759e-05
19390.0 3.1472e-05
19410.0 3.1176e-05
19430.0 3.0879e-05
19450.0 3.0595e-05
19470.0 3.0307e-05
19490.0 3.0011e-05
19510.0 2.9722e-05
19530.0 2.9439e-05
19550.0 2.9144e-05
19570.0 2.8849e-05
19590.0 2.8568e-05
19610.0 2.8282e-05
19630.0 2.799e-05
19650.0 2.7706e-05
19670.0 2.7427e-05
19690.0 2.7136e-05
19710.0 2.6848e-05
19730.0 2.6569e-05
19750.0 2.6286e-05
19770.0 2.5994e-05
19790.0 2.5714e-05
19810.0 2.5438e-05
19830.0 2.5152e-05
19850.0 2.4867e-05
19870.0 2.4589e-05
19890.0 2.4297e-05
19910.0 2.3988e-05
19930.0 2.3674e-05
19950.0 2.3338e-05
19970.0 2.2955e-05
19990.0 2.2532e-05
20010.0 2.2086e-05
20030.0 2.1586e-05
20050.0 2.1042e-05
20070.0 2.0494e-05
20090.0 1.9945e-05
20110.0 1.9372e-05
20130.0 1.8838e-05
20150.0 1.835e-05
20170.0 1.7886e-05
20190.0 1.7456e-05
20210.0 1.7087e-05
20230.0 1.6758e-05
20250.0 1.6461e-05
20270.0 1.6214e-05
20290.0 1.6013e-05
20310.0 1.5846e-05
20330.0 1.5715e-05
20350.0 1.5628e-05
20370.0 1.5574e-05
20390.0 1.5553e-05
20410.0 1.5566e-05
20430.0 1.5606e-05
20450.0 1.5681e-05
20470.0 1.5788e-05
20490.0 1.5918e-05
20510.0 1.6077e-05
20530.0 1.627e-05
20550.0 1.6483e-05
20570.0 1.671e-05
20590.0 1.6966e-05
20610.0 1.724e-05
20630.0 1.7517e-05
20650.0 1.7805e-05
20670.0 1.8115e-05
20690.0 1.8411e-05
20710.0 1.8699e-05
20730.0 1.8992e-05
20750.0 1.9278e-05
20770.0 1.9542e-05
20790.0 1.9803e-05
20810.0 2.0065e-05
20830.0 2.0313e-05
20850.0 2.0554e-05
20870.0 2.0807e-05
20890.0 2.1063e-05
20910.0 2.1312e-05
20930.0 2.1574e-05
20950.0 2.1853e-05
20970.0 2.2131e-05
20990.0 2.241e-05
21010.0 2.2709e-05
21030.0 2.3003e-05
21050.0 2.3282e-05
21070.0 2.3555e-05
21090.0 2.3821e-05
21110.0 2.4051e-05
21130.0 2.4254e-05
21150.0 2.4432e-05
21170.0 2.4573e-05
21190.0 2.4674e-05
21210.0 2.4741e-05
21230.0 2.4767e-05
21250.0 2.4752e-05
21270.0 2.4699e-05
21290.0 2.4606e-05
21310.0 2.4475e-05
21330.0 2.4317e-05
21350.0 2.4122e-05
21370.0 2.3893e-05
21390.0 2.3645e-05
21410.0 2.3376e-05
21430.0 2.307e-05
21450.0 2.2757e-05
21470.0 2.2442e-05
21490.0 2.2111e-05
21510.0 2.1772e-05
21530.0 2.1449e-05
21550.0 2.113e-05
21570.0 2.0811e-05
21590.0 2.0514e-05
21610.0 2.0245e-05
21630.0 1.9992e-05
21650.0 1.9762e-05
21670.0 1.9579e-05
21690.0 1.9425e-05
21710.0 1.9306e-05
21730.0 1.9227e-05
21750.0 1.9188e-05
21770.0 1.9187e-05
21790.0 1.9229e-05
21810.0 1.9308e-05
21830.0 1.9425e-05
21850.0 1.9584e-05
21870.0 1.9774e-05
21890.0 1.9988e-05
21910.0 2.0241e-05
21930.0 2.0521e-05
21950.0 2.0814e-05
21970.0 2.1131e-05
21990.0 2.1482e-05
22010.0 2.183e-05
22030.0 2.2183e-05
22050.0 2.2555e-05
22070.0 2.2929e-05
22090.0 2.3285e-05
22110.0 2.3644e-05
22130.0 2.4004e-05
22150.0 2.4339e-05
22170.0 2.4652e-05
22190.0 2.4957e-05
22210.0 2.5233e-05
22230.0 2.5465e-05
22250.0 2.567e-05
22270.0 2.584e-05
22290.0 2.5963e-05
22310.0 2.6043e-05
22330.0 2.6079e-05
22350.0 2.6063e-05
22370.0 2.5999e-05
22390.0 2.5883e-05
22410.0 2.5708e-05
22430.0 2.5491e-05
22450.0 2.5228e-05
22470.0 2.4907e-05
22490.0 2.4544e-05
22510.0 2.4153e-05
22530.0 2.3708e-05
22550.0 2.3217e-05
22570.0 2.2718e-05
22590.0 2.2193e-05
22610.0 2.1629e-05
22630.0 2.1056e-05
22650.0 2.0496e-05
22670.0 1.9909e-05
22690.0 1.9314e-05
22710.0 1.8742e-05
22730.0 1.8178e-05
22750.0 1.7595e-05
22770.0 1.7052e-05
22790.0 1.6544e-05
22810.0 1.6045e-05
22830.0 1.5571e-05
22850.0 1.5148e-05
22870.0 1.4756e-05
22890.0 1.4389e-05
22910.0 1.4075e-05
22930.0 1.3812e-05
22950.0 1.3588e-05
22970.0 1.3413e-05
22990.0 1.3301e-05
23010.0 1.3237e-05
23030.0 1.3225e-05
23050.0 1.3268e-05
23070.0 1.3359e-05
23090.0 1.3508e-05
23110.0 1.3706e-05
23130.0 1.3941e-05
23150.0 1.4218e-05
23170.0 1.4541e-05
23190.0 1.4885e-05
23210.0 1.524e-05
23230.0 1.5626e-05
23250.0 1.602e-05
23270.0 1.6401e-05
23290.0 1.6784e-05
23310.0 1.7169e-05
23330.0 1.7514e-05
23350.0 1.783e-05
23370.0 1.8124e-05
23390.0 1.8378e-05
23410.0 1.8583e-05
23430.0 1.8751e-05
23450.0 1.8875e-05
23470.0 1.8947e-05
23490.0 1.8974e-05
23510.0 1.8953e-05
23530.0 1.8884e-05
23550.0 1.8777e-05
23570.0 1.8626e-05
23590.0 1.8432e-05
23610.0 1.8211e-05
23630.0 1.7962e-05
23650.0 1.7672e-05
23670.0 1.7366e-05
23690.0 1.7052e-05
23710.0 1.672e-05
23730.0 1.6373e-05
23750.0 1.6046e-05
23770.0 1.5728e-05
23790.0 1.5416e-05
23810.0 1.5133e-05
23830.0 1.489e-05
23850.0 1.4675e-05
23870.0 1.4506e-05
23890.0 1.4396e-05
23910.0 1.4339e-05
23930.0 1.4338e-05
23950.0 1.4397e-05
23970.0 1.4506e-05
23990.0 1.467e-05
24010.0 1.4883e-05
24030.0 1.5128e-05
24050.0 1.5404e-05
24070.0 1.5721e-05
24090.0 1.6044e-05
24110.0 1.637e-05
24130.0 1.6711e-05
24150.0 1.7055e-05
24170.0 1.7383e-05
24190.0 1.7711e-05
24210.0 1.8045e-05
24230.0 1.8361e-05
24250.0 1.8663e-05
24270.0 1.8966e-05
24290.0 1.9264e-05
24310.0 1.9532e-05
24330.0 1.9794e-05
24350.0 2.0048e-05
24370.0 2.0279e-05
24390.0 2.0488e-05
24410.0 2.0688e-05
24430.0 2.0862e-05
24450.0 2.1007e-05
24470.0 2.1129e-05
24490.0 2.1228e-05
24510.0 2.1297e-05
24530.0 2.1342e-05
24550.0 2.1366e-05
24570.0 2.1367e-05
24590.0 2.1353e-05
24610.0 2.1325e-05
24630.0 2.1285e-05
24650.0 2.1243e-05
24670.0 2.1201e-05
24690.0 2.1161e-05
24710.0 2.1128e-05
24730.0 2.1105e-05
24750.0 2.1091e-05
24770.0 2.1086e-05
24790.0 2.1087e-05
24810.0 2.1088e-05
24830.0 2.1068e-05
24850.0 2.0992e-05
24870.0 2.0813e-05
24890.0 2.0436e-05
24910.0 1.9736e-05
24930.0 1.8656e-05
24950.0 1.7116e-05
24970.0 1.4985e-05
24990.0 1.2505e-05
