#lamb flux
1010.0 2.2844e-05
1030.0 2.2844e-05
1050.0 2.2844e-05
1070.0 2.2844e-05
1090.0 2.2844e-05
1110.0 2.2844e-05
1130.0 2.2844e-05
1150.0 2.2844e-05
1170.0 2.2844e-05
1190.0 2.2844e-05
1210.0 2.2844e-05
1230.0 2.2844e-05
1250.0 2.2844e-05
1270.0 2.2844e-05
1290.0 2.2844e-05
1310.0 2.2844e-05
1330.0 2.2844e-05
1350.0 2.2844e-05
1370.0 2.2844e-05
1390.0 2.2844e-05
1410.0 2.2844e-05
1430.0 2.2844e-05
1450.0 2.2844e-05
1470.0 2.2844e-05
1490.0 2.2844e-05
1510.0 2.2844e-05
1530.0 2.2844e-05
1550.0 2.2844e-05
1570.0 2.2844e-05
1590.0 2.2844e-05
1610.0 2.2844e-05
1630.0 2.2844e-05
1650.0 2.2844e-05
1670.0 2.2844e-05
1690.0 2.2844e-05
1710.0 2.2844e-05
1730.0 2.2844e-05
1750.0 2.2844e-05
1770.0 2.2844e-05
1790.0 2.2844e-05
1810.0 2.2844e-05
1830.0 3.5971e-05
1850.0 5.4392e-05
1870.0 7.4412e-05
1890.0 9.6176e-05
1910.0 0.00011996
1930.0 0.000146
1950.0 0.00017421
1970.0 0.00020476
1990.0 0.00023794
2010.0 0.00027358
2030.0 0.0003115
2050.0 0.00035196
2070.0 0.0003949
2090.0 0.00043949
2110.0 0.00048582
2130.0 0.00053389
2150.0 0.00058291
2170.0 0.00063218
2190.0 0.00068204
2210.0 0.00073177
2230.0 0.00078031
2250.0 0.00082758
2270.0 0.00087373
2290.0 0.00091736
2310.0 0.00095787
2330.0 0.00099588
2350.0 0.0010308
2370.0 0.0010617
2390.0 0.0010893
2410.0 0.0011141
2430.0 0.0011354
2450.0 0.0011535
2470.0 0.00117
2490.0 0.0011857
2510.0 0.0012
2530.0 0.0012161
2550.0 0.0012376
2570.0 0.0012671
2590.0 0.0013088
2610.0 0.0013753
2630.0 0.0014699
2650.0 0.0015893
2670.0 0.0017388
2690.0 0.0019173
2710.0 0.0021031
2730.0 0.0022854
2750.0 0.0024702
2770.0 0.0026412
2790.0 0.0027926
2810.0 0.0029365
2830.0 0.0030837
2850.0 0.003222
2870.0 0.0033638
2890.0 0.0035191
2910.0 0.0036838
2930.0 0.003852
2950.0 0.0040371
2970.0 0.0042375
2990.0 0.004444
3010.0 0.0046608
3030.0 0.0048955
3050.0 0.0051406
3070.0 0.005383
3090.0 0.0056324
3110.0 0.0058772
3130.0 0.0060997
3150.0 0.0062932
3170.0 0.0064492
3190.0 0.0065584
3210.0 0.0066306
3230.0 0.0066783
3250.0 0.0067262
3270.0 0.0068048
3290.0 0.0069235
3310.0 0.0070899
3330.0 0.007307
3350.0 0.0075633
3370.0 0.0078603
3390.0 0.0081232
3410.0 0.0083833
3430.0 0.0086051
3450.0 0.0088027
3470.0 0.0092832
3490.0 0.0098202
3510.0 0.010315
3530.0 0.011192
3550.0 0.013623
3570.0 0.015874
3590.0 0.016572
3610.0 0.017162
3630.0 0.016343
3650.0 0.015816
3670.0 0.017354
3690.0 0.019994
3710.0 0.021428
3730.0 0.021731
3750.0 0.021011
3770.0 0.020874
3790.0 0.020768
3810.0 0.019919
3830.0 0.018171
3850.0 0.01744
3870.0 0.0185
3890.0 0.01969
3910.0 0.020223
3930.0 0.020472
3950.0 0.0217
3970.0 0.022779
3990.0 0.022503
4010.0 0.020785
4030.0 0.018777
4050.0 0.018408
4070.0 0.019066
4090.0 0.019445
4110.0 0.019346
4130.0 0.019239
4150.0 0.019702
4170.0 0.020835
4190.0 0.021243
4210.0 0.019983
4230.0 0.01815
4250.0 0.016609
4270.0 0.015674
4290.0 0.015259
4310.0 0.015035
4330.0 0.014905
4350.0 0.014215
4370.0 0.013536
4390.0 0.013198
4410.0 0.012851
4430.0 0.012993
4450.0 0.013815
4470.0 0.014645
4490.0 0.015695
4510.0 0.016702
4530.0 0.018166
4550.0 0.019649
4570.0 0.020812
4590.0 0.021654
4610.0 0.022222
4630.0 0.022163
4650.0 0.021422
4670.0 0.019541
4690.0 0.01789
4710.0 0.017002
4730.0 0.01629
4750.0 0.014778
4770.0 0.013691
4790.0 0.013758
4810.0 0.014117
4830.0 0.014189
4850.0 0.01408
4870.0 0.011923
4890.0 0.012115
4910.0 0.012731
4930.0 0.012759
4950.0 0.012091
4970.0 0.011393
4990.0 0.010729
5010.0 0.010196
5030.0 0.010032
5050.0 0.010327
5070.0 0.01066
5090.0 0.010865
5110.0 0.011256
5130.0 0.011532
5150.0 0.011994
5170.0 0.012662
5190.0 0.013193
5210.0 0.01392
5230.0 0.014291
5250.0 0.014521
5270.0 0.014692
5290.0 0.014527
5310.0 0.014162
5330.0 0.0136
5350.0 0.013083
5370.0 0.012878
5390.0 0.013048
5410.0 0.012943
5430.0 0.012848
5450.0 0.012682
5470.0 0.012522
5490.0 0.012443
5510.0 0.012288
5530.0 0.012167
5550.0 0.012074
5570.0 0.012074
5590.0 0.012005
5610.0 0.011865
5630.0 0.011496
5650.0 0.011042
5670.0 0.010524
5690.0 0.010253
5710.0 0.010085
5730.0 0.010015
5750.0 0.0097772
5770.0 0.0095272
5790.0 0.0097684
5810.0 0.0099222
5830.0 0.010159
5850.0 0.010232
5870.0 0.010134
5890.0 0.0098557
5910.0 0.0097288
5930.0 0.0094141
5950.0 0.0092812
5970.0 0.0091925
5990.0 0.0092059
6010.0 0.0091438
6030.0 0.0091023
6050.0 0.0090483
6070.0 0.0090501
6090.0 0.0091379
6110.0 0.0091453
6130.0 0.0087563
6150.0 0.0082285
6170.0 0.0078409
6190.0 0.0076211
6210.0 0.00745
6230.0 0.0073758
6250.0 0.0074275
6270.0 0.0076155
6290.0 0.0079032
6310.0 0.0083115
6330.0 0.0085899
6350.0 0.0086589
6370.0 0.0086594
6390.0 0.0085988
6410.0 0.0085193
6430.0 0.0084548
6450.0 0.0084042
6470.0 0.0083675
6490.0 0.0083131
6510.0 0.0082607
6530.0 0.0082239
6550.0 0.0081347
6570.0 0.0078549
6590.0 0.0076446
6610.0 0.0074918
6630.0 0.0072756
6650.0 0.0070402
6670.0 0.0068338
6690.0 0.0067254
6710.0 0.0065793
6730.0 0.0064681
6750.0 0.0063927
6770.0 0.0062996
6790.0 0.0062459
6810.0 0.0061081
6830.0 0.0059558
6850.0 0.0059133
6870.0 0.0059143
6890.0 0.0058678
6910.0 0.0058359
6930.0 0.005805
6950.0 0.0057288
6970.0 0.0056389
6990.0 0.0056032
7010.0 0.0055372
7030.0 0.0054974
7050.0 0.00536
7070.0 0.0052495
7090.0 0.0052142
7110.0 0.0052101
7130.0 0.0052765
7150.0 0.0053168
7170.0 0.0053652
7190.0 0.0053206
7210.0 0.0052757
7230.0 0.0052421
7250.0 0.005161
7270.0 0.0051412
7290.0 0.0050582
7310.0 0.0049829
7330.0 0.0048855
7350.0 0.0048957
7370.0 0.0048785
7390.0 0.0048119
7410.0 0.0047298
7430.0 0.0046394
7450.0 0.0045509
7470.0 0.0045834
7490.0 0.0045945
7510.0 0.0044945
7530.0 0.0043114
7550.0 0.004251
7570.0 0.0040839
7590.0 0.0040751
7610.0 0.003999
7630.0 0.003997
7650.0 0.0039944
7670.0 0.0041353
7690.0 0.0041235
7710.0 0.0042777
7730.0 0.0043695
7750.0 0.0046212
7770.0 0.0047408
7790.0 0.0048541
7810.0 0.0049235
7830.0 0.0049065
7850.0 0.0049278
7870.0 0.0048017
7890.0 0.0046894
7910.0 0.0045914
7930.0 0.0044919
7950.0 0.0044156
7970.0 0.0044142
7990.0 0.0043817
8010.0 0.0042012
8030.0 0.0041692
8050.0 0.004092
8070.0 0.0040375
8090.0 0.0039575
8110.0 0.0039848
8130.0 0.0040157
8150.0 0.0040487
8170.0 0.0040032
8190.0 0.0040045
8210.0 0.0039135
8230.0 0.0036833
8250.0 0.0035646
8270.0 0.0034948
8290.0 0.0034506
8310.0 0.0034054
8330.0 0.0034735
8350.0 0.0034325
8370.0 0.0033969
8390.0 0.0034532
8410.0 0.0034926
8430.0 0.0036033
8450.0 0.0036984
8470.0 0.003713
8490.0 0.0037421
8510.0 0.0036972
8530.0 0.0036192
8550.0 0.0036466
8570.0 0.0036524
8590.0 0.0035878
8610.0 0.0036772
8630.0 0.0036657
8650.0 0.0035857
8670.0 0.0035698
8690.0 0.0035757
8710.0 0.0034764
8730.0 0.0034817
8750.0 0.0033676
8770.0 0.0033316
8790.0 0.0032684
8810.0 0.0032373
8830.0 0.0031691
8850.0 0.0029764
8870.0 0.002809
8890.0 0.0027441
8910.0 0.0025752
8930.0 0.0023859
8950.0 0.0023623
8970.0 0.0023177
8990.0 0.0023104
9010.0 0.0022935
9030.0 0.0022779
9050.0 0.002262
9070.0 0.0022461
9090.0 0.0022301
9110.0 0.0022141
9130.0 0.002198
9150.0 0.002182
9170.0 0.002166
9190.0 0.00215
9210.0 0.0021339
9230.0 0.0021179
9250.0 0.0021019
9270.0 0.0020858
9290.0 0.0020699
9310.0 0.0020539
9330.0 0.002038
9350.0 0.0020221
9370.0 0.0020062
9390.0 0.0019904
9410.0 0.0019747
9430.0 0.001959
9450.0 0.0019433
9470.0 0.0019284
9490.0 0.0019133
9510.0 0.0018974
9530.0 0.0018818
9550.0 0.0018664
9570.0 0.0018511
9590.0 0.001836
9610.0 0.0018209
9630.0 0.001806
9650.0 0.0017912
9670.0 0.0017764
9690.0 0.0017618
9710.0 0.0017472
9730.0 0.0017328
9750.0 0.0017184
9770.0 0.0017043
9790.0 0.0016901
9810.0 0.0016761
9830.0 0.0016619
9850.0 0.0016453
9870.0 0.0016319
9890.0 0.0016195
9910.0 0.0016068
9930.0 0.0015924
9950.0 0.0015794
9970.0 0.0015671
9990.0 0.0015544
10010.0 0.0015411
10030.0 0.0015282
10050.0 0.0015161
10070.0 0.0015041
10090.0 0.0014922
10110.0 0.0014799
10130.0 0.0014673
10150.0 0.0014556
10170.0 0.0014439
10190.0 0.001432
10210.0 0.0014205
10230.0 0.0014092
10250.0 0.0013977
10270.0 0.0013864
10290.0 0.0013755
10310.0 0.0013644
10330.0 0.0013532
10350.0 0.0013424
10370.0 0.0013318
10390.0 0.0013211
10410.0 0.0013105
10430.0 0.0013003
10450.0 0.00129
10470.0 0.0012797
10490.0 0.0012697
10510.0 0.0012599
10530.0 0.0012497
10550.0 0.0012399
10570.0 0.0012304
10590.0 0.0012208
10610.0 0.0012112
10630.0 0.001202
10650.0 0.0011928
10670.0 0.0011834
10690.0 0.0011743
10710.0 0.0011654
10730.0 0.0011564
10750.0 0.0011473
10770.0 0.0011387
10790.0 0.0011301
10810.0 0.0011214
10830.0 0.0011129
10850.0 0.0011047
10870.0 0.0010962
10890.0 0.0010878
10910.0 0.0010799
10930.0 0.0010721
10950.0 0.0010643
10970.0 0.001057
10990.0 0.0010502
11010.0 0.00099794
11030.0 0.00099211
11050.0 0.00098684
11070.0 0.00098181
11090.0 0.00097674
11110.0 0.00097193
11130.0 0.00096716
11150.0 0.00096213
11170.0 0.00095695
11190.0 0.00095184
11210.0 0.00094647
11230.0 0.00094085
11250.0 0.00093532
11270.0 0.00092988
11290.0 0.00092425
11310.0 0.00091873
11330.0 0.0009137
11350.0 0.00090874
11370.0 0.00090392
11390.0 0.00089954
11410.0 0.00089549
11430.0 0.00089145
11450.0 0.00088774
11470.0 0.00088435
11490.0 0.00088103
11510.0 0.00087767
11530.0 0.00087456
11550.0 0.00087149
11570.0 0.00086823
11590.0 0.00086495
11610.0 0.00086176
11630.0 0.00085833
11650.0 0.0008547
11670.0 0.00085124
11690.0 0.00084775
11710.0 0.00084408
11730.0 0.00084047
11750.0 0.00083711
11770.0 0.0008336
11790.0 0.00083008
11810.0 0.00082681
11830.0 0.00082363
11850.0 0.00082028
11870.0 0.00081719
11890.0 0.00081439
11910.0 0.00081159
11930.0 0.00080891
11950.0 0.00080665
11970.0 0.0008046
11990.0 0.00080272
12010.0 0.00080132
12030.0 0.00080042
12050.0 0.0007999
12070.0 0.00079988
12090.0 0.00080054
12110.0 0.00080172
12130.0 0.00080346
12150.0 0.00080578
12170.0 0.00080862
12190.0 0.000812
12210.0 0.00081586
12230.0 0.00082005
12250.0 0.00082458
12270.0 0.00082945
12290.0 0.00083444
12310.0 0.00083946
12330.0 0.00084462
12350.0 0.00084973
12370.0 0.00085463
12390.0 0.00085938
12410.0 0.00086392
12430.0 0.000868
12450.0 0.00087166
12470.0 0.00087484
12490.0 0.00087743
12510.0 0.00087943
12530.0 0.00088076
12550.0 0.00088131
12570.0 0.00088119
12590.0 0.0008804
12610.0 0.00087868
12630.0 0.00087618
12650.0 0.00087331
12670.0 0.00086963
12690.0 0.0008652
12710.0 0.00086048
12730.0 0.0008554
12750.0 0.00084946
12770.0 0.0008434
12790.0 0.00083737
12810.0 0.000831
12830.0 0.0008243
12850.0 0.00081805
12870.0 0.00081191
12890.0 0.00080556
12910.0 0.00079953
12930.0 0.00079397
12950.0 0.00078833
12970.0 0.0007828
12990.0 0.00077792
13010.0 0.00077326
13030.0 0.00076863
13050.0 0.00076437
13070.0 0.00076058
13090.0 0.00075679
13110.0 0.00075318
13130.0 0.00075
13150.0 0.00074703
13170.0 0.00074405
13190.0 0.00074147
13210.0 0.00073922
13230.0 0.00073701
13250.0 0.00073492
13270.0 0.0007331
13290.0 0.00073131
13310.0 0.00072941
13330.0 0.00072761
13350.0 0.00072582
13370.0 0.00072381
13390.0 0.00072159
13410.0 0.00071944
13430.0 0.00071704
13450.0 0.00071431
13470.0 0.00071146
13490.0 0.00070853
13510.0 0.00070509
13530.0 0.00070149
13550.0 0.00069787
13570.0 0.00069399
13590.0 0.00068977
13610.0 0.00068556
13630.0 0.00068133
13650.0 0.00067674
13670.0 0.00067205
13690.0 0.00066746
13710.0 0.00066268
13730.0 0.00065754
13750.0 0.00065268
13770.0 0.0006478
13790.0 0.00064268
13810.0 0.00063754
13830.0 0.0006326
13850.0 0.00062743
13870.0 0.00062208
13890.0 0.00061688
13910.0 0.00061167
13930.0 0.00060617
13950.0 0.00060063
13970.0 0.00059534
13990.0 0.00058983
14010.0 0.00058417
14030.0 0.00057868
14050.0 0.00057324
14070.0 0.00056749
14090.0 0.00056194
14110.0 0.00055663
14130.0 0.00055127
14150.0 0.00054592
14170.0 0.00054095
14190.0 0.00053613
14210.0 0.00053128
14230.0 0.00052665
14250.0 0.00052228
14270.0 0.00051783
14290.0 0.00051338
14310.0 0.00050918
14330.0 0.00050497
14350.0 0.00050062
14370.0 0.00049633
14390.0 0.00049216
14410.0 0.00048779
14430.0 0.0004834
14450.0 0.00047917
14470.0 0.00047496
14490.0 0.00047063
14510.0 0.00046655
14530.0 0.00046267
14550.0 0.0004588
14570.0 0.00045505
14590.0 0.00045154
14610.0 0.0004481
14630.0 0.00044466
14650.0 0.0004414
14670.0 0.00043827
14690.0 0.00043511
14710.0 0.00043199
14730.0 0.00042905
14750.0 0.00042613
14770.0 0.00042321
14790.0 0.00042042
14810.0 0.00041775
14830.0 0.00041506
14850.0 0.00041252
14870.0 0.00041015
14890.0 0.00040787
14910.0 0.00040567
14930.0 0.00040362
14950.0 0.00040168
14970.0 0.00039977
14990.0 0.00039794
15010.0 0.00039616
15030.0 0.00039439
15050.0 0.0003926
15070.0 0.00039084
15090.0 0.00038907
15110.0 0.00038726
15130.0 0.00038545
15150.0 0.00038365
15170.0 0.00038181
15190.0 0.00037995
15210.0 0.00037809
15230.0 0.00037623
15250.0 0.00037433
15270.0 0.00037242
15290.0 0.00037054
15310.0 0.00036862
15330.0 0.00036669
15350.0 0.00036476
15370.0 0.00036283
15390.0 0.00036086
15410.0 0.00035889
15430.0 0.00035694
15450.0 0.00035496
15470.0 0.00035296
15490.0 0.00035098
15510.0 0.000349
15530.0 0.00034698
15550.0 0.00034498
15570.0 0.00034298
15590.0 0.00034096
15610.0 0.00033892
15630.0 0.00033691
15650.0 0.00033488
15670.0 0.00033284
15690.0 0.00033081
15710.0 0.00032879
15730.0 0.00032674
15750.0 0.00032469
15770.0 0.00032266
15790.0 0.00032063
15810.0 0.00031856
15830.0 0.00031652
15850.0 0.00031449
15870.0 0.00031244
15890.0 0.00031039
15910.0 0.00030836
15930.0 0.00030633
15950.0 0.00030427
15970.0 0.00030224
15990.0 0.00030021
16010.0 0.00029817
16030.0 0.00029613
16050.0 0.00029412
16070.0 0.0002921
16090.0 0.00029007
16110.0 0.00028806
16130.0 0.00028606
16150.0 0.00028403
16170.0 0.00028202
16190.0 0.00028004
16210.0 0.00027805
16230.0 0.00027605
16250.0 0.00027407
16270.0 0.00027211
16290.0 0.00027013
16310.0 0.00026816
16330.0 0.00026622
16350.0 0.00026427
16370.0 0.0002623
16390.0 0.00026038
16410.0 0.00025846
16430.0 0.00025653
16450.0 0.00025462
16470.0 0.00025273
16490.0 0.00025083
16510.0 0.00024893
16530.0 0.00024706
16550.0 0.0002452
16570.0 0.00024332
16590.0 0.00024146
16610.0 0.00023964
16630.0 0.0002378
16650.0 0.00023597
16670.0 0.00023417
16690.0 0.00023237
16710.0 0.00023056
16730.0 0.00022877
16750.0 0.00022701
16770.0 0.00022525
16790.0 0.00022348
16810.0 0.00022175
16830.0 0.00022003
16850.0 0.0002183
16870.0 0.00021659
16890.0 0.00021491
16910.0 0.00021321
16930.0 0.00021153
16950.0 0.00020987
16970.0 0.00020823
16990.0 0.00020658
17010.0 0.00020495
17030.0 0.00020335
17050.0 0.00020174
17070.0 0.00020014
17090.0 0.00019857
17110.0 0.00019701
17130.0 0.00019543
17150.0 0.00019389
17170.0 0.00019237
17190.0 0.00019085
17210.0 0.00018934
17230.0 0.00018786
17250.0 0.00018638
17270.0 0.0001849
17290.0 0.00018345
17310.0 0.00018202
17330.0 0.00018058
17350.0 0.00017916
17370.0 0.00017777
17390.0 0.00017638
17410.0 0.000175
17430.0 0.00017364
17450.0 0.0001723
17470.0 0.00017095
17490.0 0.00016962
17510.0 0.00016832
17530.0 0.00016702
17550.0 0.00016573
17570.0 0.00016446
17590.0 0.00016321
17610.0 0.00016196
17630.0 0.00016073
17650.0 0.00015952
17670.0 0.00015831
17690.0 0.0001571
17710.0 0.00015593
17730.0 0.00015477
17750.0 0.00015362
17770.0 0.00015248
17790.0 0.00015136
17810.0 0.00015025
17830.0 0.00014914
17850.0 0.00014806
17870.0 0.00014699
17890.0 0.00014593
17910.0 0.00014488
17930.0 0.00014386
17950.0 0.00014284
17970.0 0.00014182
17990.0 0.00014084
18010.0 0.00013987
18030.0 0.00013889
18050.0 0.00013793
18070.0 0.000137
18090.0 0.00013607
18110.0 0.00013515
18130.0 0.00013426
18150.0 0.00013337
18170.0 0.00013249
18190.0 0.00013163
18210.0 0.00013079
18230.0 0.00012994
18250.0 0.00012911
18270.0 0.00012831
18290.0 0.00012751
18310.0 0.00012672
18330.0 0.00012595
18350.0 0.00012519
18370.0 0.00012444
18390.0 0.0001237
18410.0 0.00012298
18430.0 0.00012227
18450.0 0.00012156
18470.0 0.00012088
18490.0 0.00012021
18510.0 0.00011954
18530.0 0.00011889
18550.0 0.00011826
18570.0 0.00011763
18590.0 0.00011701
18610.0 0.00011641
18630.0 0.00011582
18650.0 0.00011524
18670.0 0.00011466
18690.0 0.00011412
18710.0 0.00011357
18730.0 0.00011304
18750.0 0.00011252
18770.0 0.00011201
18790.0 0.0001115
18810.0 0.00011101
18830.0 0.00011054
18850.0 0.00011007
18870.0 0.00010961
18890.0 0.00010917
18910.0 0.00010875
18930.0 0.00010832
18950.0 0.0001079
18970.0 0.00010751
18990.0 0.00010711
19010.0 0.00010672
19030.0 0.00010636
19050.0 0.000106
19070.0 0.00010564
19090.0 0.0001053
19110.0 0.00010498
19130.0 0.00010466
19150.0 0.00010434
19170.0 0.00010404
19190.0 0.00010375
19210.0 0.00010346
19230.0 0.00010319
19250.0 0.00010293
19270.0 0.00010268
19290.0 0.00010243
19310.0 0.0001022
19330.0 0.00010197
19350.0 0.00010174
19370.0 0.00010153
19390.0 0.00010134
19410.0 0.00010114
19430.0 0.00010095
19450.0 0.00010078
19470.0 0.00010062
19490.0 0.00010045
19510.0 0.0001003
19530.0 0.00010017
19550.0 0.00010002
19570.0 9.9888e-05
19590.0 9.9775e-05
19610.0 9.9665e-05
19630.0 9.9553e-05
19650.0 9.9458e-05
19670.0 9.9376e-05
19690.0 9.9285e-05
19710.0 9.9205e-05
19730.0 9.9141e-05
19750.0 9.908e-05
19770.0 9.9012e-05
19790.0 9.8965e-05
19810.0 9.893e-05
19830.0 9.8889e-05
19850.0 9.8855e-05
19870.0 9.8838e-05
19890.0 9.8813e-05
19910.0 9.8779e-05
19930.0 9.8755e-05
19950.0 9.8724e-05
19970.0 9.8662e-05
19990.0 9.8577e-05
20010.0 9.8484e-05
20030.0 9.8344e-05
20050.0 9.8158e-05
20070.0 9.7957e-05
20090.0 9.7735e-05
20110.0 9.7452e-05
20130.0 9.7172e-05
20150.0 9.6905e-05
20170.0 9.6618e-05
20190.0 9.6321e-05
20210.0 9.6061e-05
20230.0 9.5811e-05
20250.0 9.5549e-05
20270.0 9.5318e-05
20290.0 9.5123e-05
20310.0 9.493e-05
20330.0 9.474e-05
20350.0 9.461e-05
20370.0 9.4495e-05
20390.0 9.4385e-05
20410.0 9.4307e-05
20430.0 9.4267e-05
20450.0 9.4223e-05
20470.0 9.4205e-05
20490.0 9.4227e-05
20510.0 9.4272e-05
20530.0 9.433e-05
20550.0 9.4428e-05
20570.0 9.4567e-05
20590.0 9.4725e-05
20610.0 9.4916e-05
20630.0 9.5149e-05
20650.0 9.5411e-05
20670.0 9.5697e-05
20690.0 9.6023e-05
20710.0 9.6377e-05
20730.0 9.675e-05
20750.0 9.7143e-05
20770.0 9.7552e-05
20790.0 9.7966e-05
20810.0 9.8378e-05
20830.0 9.8785e-05
20850.0 9.918e-05
20870.0 9.9546e-05
20890.0 9.9883e-05
20910.0 0.0001002
20930.0 0.00010047
20950.0 0.00010069
20970.0 0.00010087
20990.0 0.00010102
21010.0 0.00010111
21030.0 0.00010115
21050.0 0.00010117
21070.0 0.00010115
21090.0 0.00010107
21110.0 0.000101
21130.0 0.00010091
21150.0 0.00010077
21170.0 0.00010063
21190.0 0.00010051
21210.0 0.00010035
21230.0 0.00010017
21250.0 0.00010002
21270.0 9.9879e-05
21290.0 9.9716e-05
21310.0 9.9564e-05
21330.0 9.945e-05
21350.0 9.9319e-05
21370.0 9.9184e-05
21390.0 9.9077e-05
21410.0 9.8979e-05
21430.0 9.8846e-05
21450.0 9.8738e-05
21470.0 9.8652e-05
21490.0 9.8546e-05
21510.0 9.8431e-05
21530.0 9.834e-05
21550.0 9.8243e-05
21570.0 9.8115e-05
21590.0 9.7998e-05
21610.0 9.7892e-05
21630.0 9.7761e-05
21650.0 9.7603e-05
21670.0 9.7486e-05
21690.0 9.7353e-05
21710.0 9.7194e-05
21730.0 9.7043e-05
21750.0 9.6909e-05
21770.0 9.6729e-05
21790.0 9.6548e-05
21810.0 9.6387e-05
21830.0 9.6213e-05
21850.0 9.6009e-05
21870.0 9.582e-05
21890.0 9.5648e-05
21910.0 9.5441e-05
21930.0 9.5227e-05
21950.0 9.5034e-05
21970.0 9.4824e-05
21990.0 9.4571e-05
22010.0 9.4346e-05
22030.0 9.4124e-05
22050.0 9.387e-05
22070.0 9.3607e-05
22090.0 9.3371e-05
22110.0 9.3109e-05
22130.0 9.2822e-05
22150.0 9.2553e-05
22170.0 9.2291e-05
22190.0 9.1993e-05
22210.0 9.1699e-05
22230.0 9.1446e-05
22250.0 9.1179e-05
22270.0 9.0902e-05
22290.0 9.0659e-05
22310.0 9.0435e-05
22330.0 9.0186e-05
22350.0 8.9963e-05
22370.0 8.9775e-05
22390.0 8.9587e-05
22410.0 8.9395e-05
22430.0 8.9251e-05
22450.0 8.9127e-05
22470.0 8.8998e-05
22490.0 8.8894e-05
22510.0 8.8827e-05
22530.0 8.8756e-05
22550.0 8.8696e-05
22570.0 8.8678e-05
22590.0 8.8679e-05
22610.0 8.8685e-05
22630.0 8.8716e-05
22650.0 8.8784e-05
22670.0 8.8857e-05
22690.0 8.8945e-05
22710.0 8.9064e-05
22730.0 8.9201e-05
22750.0 8.9339e-05
22770.0 8.9508e-05
22790.0 8.9701e-05
22810.0 8.9904e-05
22830.0 9.0123e-05
22850.0 9.037e-05
22870.0 9.0632e-05
22890.0 9.0908e-05
22910.0 9.1211e-05
22930.0 9.1538e-05
22950.0 9.1887e-05
22970.0 9.2263e-05
22990.0 9.2672e-05
23010.0 9.3112e-05
23030.0 9.3587e-05
23050.0 9.41e-05
23070.0 9.4648e-05
23090.0 9.5247e-05
23110.0 9.5891e-05
23130.0 9.6574e-05
23150.0 9.7307e-05
23170.0 9.81e-05
23190.0 9.8931e-05
23210.0 9.9796e-05
23230.0 0.00010072
23250.0 0.00010169
23270.0 0.00010268
23290.0 0.0001037
23310.0 0.00010478
23330.0 0.00010586
23350.0 0.00010694
23370.0 0.00010805
23390.0 0.00010916
23410.0 0.00011025
23430.0 0.00011135
23450.0 0.00011239
23470.0 0.00011339
23490.0 0.00011438
23510.0 0.00011538
23530.0 0.00011637
23550.0 0.00011733
23570.0 0.00011831
23590.0 0.00011931
23610.0 0.0001203
23630.0 0.0001213
23650.0 0.00012235
23670.0 0.00012341
23690.0 0.00012447
23710.0 0.00012556
23730.0 0.00012668
23750.0 0.00012779
23770.0 0.0001289
23790.0 0.00013005
23810.0 0.00013121
23830.0 0.00013235
23850.0 0.00013354
23870.0 0.00013478
23890.0 0.00013601
23910.0 0.00013727
23930.0 0.00013861
23950.0 0.00013997
23970.0 0.00014133
23990.0 0.00014276
24010.0 0.00014421
24030.0 0.00014564
24050.0 0.00014706
24070.0 0.00014851
24090.0 0.00014988
24110.0 0.00015118
24130.0 0.00015244
24150.0 0.00015365
24170.0 0.00015475
24190.0 0.0001558
24210.0 0.00015681
24230.0 0.00015774
24250.0 0.00015861
24270.0 0.00015946
24290.0 0.00016028
24310.0 0.00016106
24330.0 0.00016183
24350.0 0.0001626
24370.0 0.00016336
24390.0 0.00016413
24410.0 0.00016493
24430.0 0.00016574
24450.0 0.00016657
24470.0 0.00016744
24490.0 0.00016834
24510.0 0.00016926
24530.0 0.0001702
24550.0 0.00017118
24570.0 0.00017219
24590.0 0.00017321
24610.0 0.00017426
24630.0 0.00017536
24650.0 0.00017646
24670.0 0.00017759
24690.0 0.00017877
24710.0 0.00018001
24730.0 0.00018128
24750.0 0.00018264
24770.0 0.00018408
24790.0 0.00018552
24810.0 0.00018693
24830.0 0.00018817
24850.0 0.00018884
24870.0 0.00018842
24890.0 0.00018604
24910.0 0.00018042
24930.0 0.00017088
24950.0 0.00015665
24970.0 0.0001363
24990.0 0.00011259
