#lamb flux
1010.0 2.3735e-11
1030.0 2.9861e-11
1050.0 3.6911e-11
1070.0 4.4855e-11
1090.0 5.3886e-11
1110.0 6.316e-11
1130.0 7.2509e-11
1150.0 8.2315e-11
1170.0 9.2443e-11
1190.0 1.0206e-10
1210.0 1.1183e-10
1230.0 1.2192e-10
1250.0 1.3182e-10
1270.0 1.4144e-10
1290.0 1.5159e-10
1310.0 1.6173e-10
1330.0 1.7144e-10
1350.0 1.8124e-10
1370.0 1.9133e-10
1390.0 2.0114e-10
1410.0 2.1063e-10
1430.0 2.2052e-10
1450.0 2.3038e-10
1470.0 2.3988e-10
1490.0 2.4946e-10
1510.0 2.5956e-10
1530.0 2.6911e-10
1550.0 2.7852e-10
1570.0 2.8825e-10
1590.0 2.9799e-10
1610.0 3.0729e-10
1630.0 3.169e-10
1650.0 3.2676e-10
1670.0 3.3632e-10
1690.0 3.4577e-10
1710.0 3.556e-10
1730.0 3.6551e-10
1750.0 3.7484e-10
1770.0 3.8448e-10
1790.0 3.9434e-10
1810.0 4.039e-10
1830.0 4.1333e-10
1850.0 4.234e-10
1870.0 4.3327e-10
1890.0 4.4284e-10
1910.0 4.5262e-10
1930.0 4.6267e-10
1950.0 4.7229e-10
1970.0 4.8183e-10
1990.0 4.9176e-10
2010.0 5.0158e-10
2030.0 5.1109e-10
2050.0 5.2093e-10
2070.0 5.3105e-10
2090.0 5.4066e-10
2110.0 5.5029e-10
2130.0 5.6026e-10
2150.0 5.701e-10
2170.0 5.7958e-10
2190.0 5.8947e-10
2210.0 5.9951e-10
2230.0 6.0926e-10
2250.0 6.1905e-10
2270.0 6.2933e-10
2290.0 6.3939e-10
2310.0 6.4914e-10
2330.0 6.5925e-10
2350.0 6.6952e-10
2370.0 6.7944e-10
2390.0 6.8951e-10
2410.0 7.0009e-10
2430.0 7.1054e-10
2450.0 7.2117e-10
2470.0 7.3296e-10
2490.0 7.4667e-10
2510.0 7.6248e-10
2530.0 7.8294e-10
2550.0 8.1126e-10
2570.0 8.4931e-10
2590.0 8.9965e-10
2610.0 9.7161e-10
2630.0 1.067e-09
2650.0 1.1837e-09
2670.0 1.3279e-09
2690.0 1.5024e-09
2710.0 1.6937e-09
2730.0 1.895e-09
2750.0 2.1128e-09
2770.0 2.329e-09
2790.0 2.53e-09
2810.0 2.7189e-09
2830.0 2.8957e-09
2850.0 3.0443e-09
2870.0 3.1757e-09
2890.0 3.2981e-09
2910.0 3.4123e-09
2930.0 3.5207e-09
2950.0 3.6321e-09
2970.0 3.7478e-09
2990.0 3.866e-09
3010.0 3.9891e-09
3030.0 4.1205e-09
3050.0 4.2582e-09
3070.0 4.3983e-09
3090.0 4.5468e-09
3110.0 4.7047e-09
3130.0 4.8742e-09
3150.0 5.0667e-09
3170.0 5.3123e-09
3190.0 5.6323e-09
3210.0 6.0512e-09
3230.0 6.6089e-09
3250.0 7.3178e-09
3270.0 7.9931e-09
3290.0 9.0635e-09
3310.0 1.1254e-08
3330.0 1.1982e-08
3350.0 1.234e-08
3370.0 1.2685e-08
3390.0 1.3035e-08
3410.0 1.3389e-08
3430.0 1.3746e-08
3450.0 1.4102e-08
3470.0 1.4453e-08
3490.0 1.479e-08
3510.0 1.5096e-08
3530.0 1.496e-08
3550.0 1.4547e-08
3570.0 1.4762e-08
3590.0 1.5696e-08
3610.0 1.7108e-08
3630.0 1.7672e-08
3650.0 1.6975e-08
3670.0 1.559e-08
3690.0 1.4783e-08
3710.0 1.4968e-08
3730.0 1.546e-08
3750.0 1.5725e-08
3770.0 1.6255e-08
3790.0 1.6846e-08
3810.0 1.6609e-08
3830.0 1.5478e-08
3850.0 1.4466e-08
3870.0 1.3986e-08
3890.0 1.3827e-08
3910.0 1.3518e-08
3930.0 1.3361e-08
3950.0 1.3738e-08
3970.0 1.4179e-08
3990.0 1.4307e-08
4010.0 1.3782e-08
4030.0 1.3032e-08
4050.0 1.255e-08
4070.0 1.2142e-08
4090.0 1.1812e-08
4110.0 1.1381e-08
4130.0 1.07e-08
4150.0 1.0016e-08
4170.0 9.6097e-09
4190.0 8.9613e-09
4210.0 8.1125e-09
4230.0 7.2533e-09
4250.0 6.4375e-09
4270.0 5.828e-09
4290.0 5.378e-09
4310.0 5.1396e-09
4330.0 5.1311e-09
4350.0 5.1572e-09
4370.0 5.2065e-09
4390.0 5.3995e-09
4410.0 5.5328e-09
4430.0 5.3417e-09
4450.0 4.8498e-09
4470.0 4.4196e-09
4490.0 4.186e-09
4510.0 4.0357e-09
4530.0 3.9605e-09
4550.0 3.8959e-09
4570.0 3.8794e-09
4590.0 3.9327e-09
4610.0 4.0529e-09
4630.0 4.1246e-09
4650.0 4.1598e-09
4670.0 4.0587e-09
4690.0 3.8169e-09
4710.0 3.5763e-09
4730.0 3.4202e-09
4750.0 3.3243e-09
4770.0 3.3364e-09
4790.0 3.3234e-09
4810.0 3.2521e-09
4830.0 3.2589e-09
4850.0 3.3604e-09
4870.0 3.394e-09
4890.0 3.333e-09
4910.0 3.2554e-09
4930.0 3.07e-09
4950.0 2.8028e-09
4970.0 2.6197e-09
4990.0 2.4694e-09
5010.0 2.4372e-09
5030.0 2.5193e-09
5050.0 2.5839e-09
5070.0 2.6804e-09
5090.0 2.8425e-09
5110.0 2.8857e-09
5130.0 2.9109e-09
5150.0 2.9645e-09
5170.0 2.9896e-09
5190.0 3.068e-09
5210.0 3.0839e-09
5230.0 3.0521e-09
5250.0 3.0767e-09
5270.0 3.1195e-09
5290.0 3.1279e-09
5310.0 3.1046e-09
5330.0 3.0456e-09
5350.0 3.0042e-09
5370.0 2.9722e-09
5390.0 2.9328e-09
5410.0 2.9002e-09
5430.0 2.8991e-09
5450.0 2.9417e-09
5470.0 2.9964e-09
5490.0 3.0817e-09
5510.0 3.175e-09
5530.0 3.2142e-09
5550.0 3.2619e-09
5570.0 3.2692e-09
5590.0 3.2018e-09
5610.0 3.1786e-09
5630.0 3.2024e-09
5650.0 3.1637e-09
5670.0 3.0937e-09
5690.0 3.0012e-09
5710.0 2.993e-09
5730.0 3.0247e-09
5750.0 2.8959e-09
5770.0 2.7473e-09
5790.0 2.5261e-09
5810.0 2.21e-09
5830.0 2.3821e-09
5850.0 2.6366e-09
5870.0 2.6935e-09
5890.0 2.7079e-09
5910.0 2.7303e-09
5930.0 2.7245e-09
5950.0 2.6795e-09
5970.0 2.6475e-09
5990.0 2.6095e-09
6010.0 2.53e-09
6030.0 2.4434e-09
6050.0 2.4052e-09
6070.0 2.3941e-09
6090.0 2.358e-09
6110.0 2.2795e-09
6130.0 2.2018e-09
6150.0 2.1135e-09
6170.0 2.0253e-09
6190.0 1.9342e-09
6210.0 1.866e-09
6230.0 1.839e-09
6250.0 1.8001e-09
6270.0 1.7624e-09
6290.0 1.7489e-09
6310.0 1.7378e-09
6330.0 1.6996e-09
6350.0 1.6444e-09
6370.0 1.613e-09
6390.0 1.581e-09
6410.0 1.5371e-09
6430.0 1.4953e-09
6450.0 1.4625e-09
6470.0 1.4313e-09
6490.0 1.4095e-09
6510.0 1.385e-09
6530.0 1.3498e-09
6550.0 1.32e-09
6570.0 1.2995e-09
6590.0 1.2975e-09
6610.0 1.2893e-09
6630.0 1.2463e-09
6650.0 1.211e-09
6670.0 1.1983e-09
6690.0 1.1794e-09
6710.0 1.1511e-09
6730.0 1.1409e-09
6750.0 1.1497e-09
6770.0 1.2179e-09
6790.0 1.3606e-09
6810.0 1.2922e-09
6830.0 1.1354e-09
6850.0 1.0904e-09
6870.0 1.0737e-09
6890.0 1.0738e-09
6910.0 1.0761e-09
6930.0 1.0785e-09
6950.0 1.0753e-09
6970.0 1.048e-09
6990.0 1.0385e-09
7010.0 1.054e-09
7030.0 1.059e-09
7050.0 1.0436e-09
7070.0 1.0329e-09
7090.0 1.0394e-09
7110.0 1.0636e-09
7130.0 1.0671e-09
7150.0 1.0711e-09
7170.0 1.0768e-09
7190.0 1.0917e-09
7210.0 1.1036e-09
7230.0 1.1156e-09
7250.0 1.1305e-09
7270.0 1.1411e-09
7290.0 1.1592e-09
7310.0 1.1804e-09
7330.0 1.1712e-09
7350.0 1.1466e-09
7370.0 1.1311e-09
7390.0 1.1286e-09
7410.0 1.133e-09
7430.0 1.1471e-09
7450.0 1.1543e-09
7470.0 1.1708e-09
7490.0 1.1641e-09
7510.0 1.1513e-09
7530.0 1.1649e-09
7550.0 1.2007e-09
7570.0 1.1977e-09
7590.0 1.1359e-09
7610.0 1.1267e-09
7630.0 1.1903e-09
7650.0 1.2143e-09
7670.0 1.2222e-09
7690.0 1.2767e-09
7710.0 1.3179e-09
7730.0 1.3306e-09
7750.0 1.4e-09
7770.0 1.3643e-09
7790.0 1.332e-09
7810.0 1.411e-09
7830.0 1.4652e-09
7850.0 1.5016e-09
7870.0 1.5314e-09
7890.0 1.543e-09
7910.0 1.5317e-09
7930.0 1.5422e-09
7950.0 1.6119e-09
7970.0 1.6115e-09
7990.0 1.501e-09
8010.0 1.4377e-09
8030.0 1.4667e-09
8050.0 1.4982e-09
8070.0 1.3551e-09
8090.0 8.8552e-10
8110.0 9.2495e-10
8130.0 1.3218e-09
8150.0 1.4236e-09
8170.0 1.4801e-09
8190.0 1.512e-09
8210.0 1.4932e-09
8230.0 1.6191e-09
8250.0 1.6546e-09
8270.0 1.5643e-09
8290.0 1.5024e-09
8310.0 1.4806e-09
8330.0 1.5619e-09
8350.0 1.6358e-09
8370.0 1.6047e-09
8390.0 1.5303e-09
8410.0 1.5289e-09
8430.0 1.4324e-09
8450.0 1.464e-09
8470.0 1.5998e-09
8490.0 1.6046e-09
8510.0 1.488e-09
8530.0 1.3942e-09
8550.0 1.3363e-09
8570.0 1.2596e-09
8590.0 1.2956e-09
8610.0 1.375e-09
8630.0 1.4117e-09
8650.0 1.4362e-09
8670.0 1.3966e-09
8690.0 1.364e-09
8710.0 1.2685e-09
8730.0 1.223e-09
8750.0 1.2732e-09
8770.0 1.2932e-09
8790.0 1.2889e-09
8810.0 1.2831e-09
8830.0 1.3106e-09
8850.0 1.3761e-09
8870.0 1.2849e-09
8890.0 1.2121e-09
8910.0 1.1942e-09
8930.0 1.1221e-09
8950.0 1.0813e-09
8970.0 1.0809e-09
8990.0 1.0347e-09
9010.0 9.7136e-10
9030.0 9.4929e-10
9050.0 9.4138e-10
9070.0 9.3433e-10
9090.0 9.2722e-10
9110.0 9.2009e-10
9130.0 9.1291e-10
9150.0 9.0571e-10
9170.0 8.9848e-10
9190.0 8.9123e-10
9210.0 8.8398e-10
9230.0 8.7672e-10
9250.0 8.6946e-10
9270.0 8.6222e-10
9290.0 8.5497e-10
9310.0 8.4775e-10
9330.0 8.4055e-10
9350.0 8.3337e-10
9370.0 8.2622e-10
9390.0 8.191e-10
9410.0 8.1202e-10
9430.0 8.0498e-10
9450.0 7.9798e-10
9470.0 7.9103e-10
9490.0 7.8412e-10
9510.0 7.7728e-10
9530.0 7.7048e-10
9550.0 7.6374e-10
9570.0 7.5705e-10
9590.0 7.5043e-10
9610.0 7.4386e-10
9630.0 7.3735e-10
9650.0 7.3091e-10
9670.0 7.2453e-10
9690.0 7.1822e-10
9710.0 7.1197e-10
9730.0 7.0579e-10
9750.0 6.9968e-10
9770.0 6.9364e-10
9790.0 6.8767e-10
9810.0 6.8176e-10
9830.0 6.7592e-10
9850.0 6.7016e-10
9870.0 6.6446e-10
9890.0 6.5883e-10
9910.0 6.5327e-10
9930.0 6.4778e-10
9950.0 6.4236e-10
9970.0 6.3701e-10
9990.0 6.3172e-10
10010.0 6.265e-10
10030.0 6.2135e-10
10050.0 6.1627e-10
10070.0 6.1125e-10
10090.0 6.0629e-10
10110.0 6.014e-10
10130.0 5.9658e-10
10150.0 5.9181e-10
10170.0 5.8711e-10
10190.0 5.8247e-10
10210.0 5.7789e-10
10230.0 5.7337e-10
10250.0 5.6891e-10
10270.0 5.6451e-10
10290.0 5.6017e-10
10310.0 5.5588e-10
10330.0 5.5165e-10
10350.0 5.4747e-10
10370.0 5.4334e-10
10390.0 5.3921e-10
10410.0 5.3435e-10
10430.0 5.2929e-10
10450.0 5.2629e-10
10470.0 5.2283e-10
10490.0 5.1933e-10
10510.0 5.1577e-10
10530.0 5.1206e-10
10550.0 5.0841e-10
10570.0 5.0485e-10
10590.0 5.0126e-10
10610.0 4.9767e-10
10630.0 4.9421e-10
10650.0 4.9078e-10
10670.0 4.8729e-10
10690.0 4.839e-10
10710.0 4.8059e-10
10730.0 4.7727e-10
10750.0 4.7391e-10
10770.0 4.7073e-10
10790.0 4.6756e-10
10810.0 4.6435e-10
10830.0 4.6122e-10
10850.0 4.5818e-10
10870.0 4.5506e-10
10890.0 4.5196e-10
10910.0 4.4896e-10
10930.0 4.4596e-10
10950.0 4.4288e-10
10970.0 4.3983e-10
10990.0 4.3684e-10
11010.0 4.3519e-10
11030.0 4.3201e-10
11050.0 4.2887e-10
11070.0 4.2567e-10
11090.0 4.2228e-10
11110.0 4.1899e-10
11130.0 4.157e-10
11150.0 4.1229e-10
11170.0 4.0883e-10
11190.0 4.0548e-10
11210.0 4.0205e-10
11230.0 3.9855e-10
11250.0 3.9516e-10
11270.0 3.9185e-10
11290.0 3.885e-10
11310.0 3.8524e-10
11330.0 3.8223e-10
11350.0 3.7929e-10
11370.0 3.7643e-10
11390.0 3.7378e-10
11410.0 3.7128e-10
11430.0 3.688e-10
11450.0 3.6646e-10
11470.0 3.6427e-10
11490.0 3.621e-10
11510.0 3.5993e-10
11530.0 3.5785e-10
11550.0 3.558e-10
11570.0 3.5367e-10
11590.0 3.5153e-10
11610.0 3.4942e-10
11630.0 3.4719e-10
11650.0 3.4487e-10
11670.0 3.426e-10
11690.0 3.4028e-10
11710.0 3.3784e-10
11730.0 3.354e-10
11750.0 3.3302e-10
11770.0 3.3054e-10
11790.0 3.2802e-10
11810.0 3.2558e-10
11830.0 3.2317e-10
11850.0 3.2067e-10
11870.0 3.1829e-10
11890.0 3.1603e-10
11910.0 3.1378e-10
11930.0 3.116e-10
11950.0 3.0958e-10
11970.0 3.0764e-10
11990.0 3.0575e-10
12010.0 3.0401e-10
12030.0 3.0242e-10
12050.0 3.0091e-10
12070.0 2.9948e-10
12090.0 2.9825e-10
12110.0 2.9709e-10
12130.0 2.9601e-10
12150.0 2.9503e-10
12170.0 2.9415e-10
12190.0 2.9328e-10
12210.0 2.9244e-10
12230.0 2.9165e-10
12250.0 2.9085e-10
12270.0 2.8999e-10
12290.0 2.8909e-10
12310.0 2.8814e-10
12330.0 2.8707e-10
12350.0 2.8588e-10
12370.0 2.8461e-10
12390.0 2.832e-10
12410.0 2.8158e-10
12430.0 2.799e-10
12450.0 2.7811e-10
12470.0 2.7614e-10
12490.0 2.7405e-10
12510.0 2.7195e-10
12530.0 2.697e-10
12550.0 2.6731e-10
12570.0 2.6493e-10
12590.0 2.6253e-10
12610.0 2.6e-10
12630.0 2.5745e-10
12650.0 2.5503e-10
12670.0 2.5255e-10
12690.0 2.5005e-10
12710.0 2.4767e-10
12730.0 2.4538e-10
12750.0 2.4302e-10
12770.0 2.4081e-10
12790.0 2.3875e-10
12810.0 2.3673e-10
12830.0 2.3478e-10
12850.0 2.3303e-10
12870.0 2.3141e-10
12890.0 2.2984e-10
12910.0 2.2843e-10
12930.0 2.272e-10
12950.0 2.2605e-10
12970.0 2.2502e-10
12990.0 2.2419e-10
13010.0 2.2349e-10
13030.0 2.229e-10
13050.0 2.2246e-10
13070.0 2.2214e-10
13090.0 2.2191e-10
13110.0 2.2177e-10
13130.0 2.2168e-10
13150.0 2.2163e-10
13170.0 2.2158e-10
13190.0 2.2151e-10
13210.0 2.2139e-10
13230.0 2.2119e-10
13250.0 2.2089e-10
13270.0 2.2049e-10
13290.0 2.1997e-10
13310.0 2.1928e-10
13330.0 2.1848e-10
13350.0 2.1756e-10
13370.0 2.1648e-10
13390.0 2.1524e-10
13410.0 2.1396e-10
13430.0 2.1255e-10
13450.0 2.1098e-10
13470.0 2.0936e-10
13490.0 2.077e-10
13510.0 2.0585e-10
13530.0 2.0394e-10
13550.0 2.0205e-10
13570.0 2.0008e-10
13590.0 1.9801e-10
13610.0 1.9596e-10
13630.0 1.9394e-10
13650.0 1.9181e-10
13670.0 1.8967e-10
13690.0 1.876e-10
13710.0 1.855e-10
13730.0 1.833e-10
13750.0 1.8125e-10
13770.0 1.7924e-10
13790.0 1.7719e-10
13810.0 1.7519e-10
13830.0 1.7333e-10
13850.0 1.7146e-10
13870.0 1.6961e-10
13890.0 1.6788e-10
13910.0 1.6622e-10
13930.0 1.6456e-10
13950.0 1.6298e-10
13970.0 1.6153e-10
13990.0 1.601e-10
14010.0 1.587e-10
14030.0 1.5741e-10
14050.0 1.5618e-10
14070.0 1.5495e-10
14090.0 1.538e-10
14110.0 1.5274e-10
14130.0 1.5171e-10
14150.0 1.507e-10
14170.0 1.4979e-10
14190.0 1.4893e-10
14210.0 1.4807e-10
14230.0 1.4726e-10
14250.0 1.4651e-10
14270.0 1.4575e-10
14290.0 1.45e-10
14310.0 1.4431e-10
14330.0 1.4363e-10
14350.0 1.4294e-10
14370.0 1.4228e-10
14390.0 1.4165e-10
14410.0 1.4101e-10
14430.0 1.4037e-10
14450.0 1.3976e-10
14470.0 1.3916e-10
14490.0 1.3853e-10
14510.0 1.3793e-10
14530.0 1.3735e-10
14550.0 1.3674e-10
14570.0 1.3614e-10
14590.0 1.3555e-10
14610.0 1.3495e-10
14630.0 1.3433e-10
14650.0 1.3371e-10
14670.0 1.331e-10
14690.0 1.3247e-10
14710.0 1.3181e-10
14730.0 1.3119e-10
14750.0 1.3054e-10
14770.0 1.2986e-10
14790.0 1.2919e-10
14810.0 1.2853e-10
14830.0 1.278e-10
14850.0 1.2708e-10
14870.0 1.2638e-10
14890.0 1.2565e-10
14910.0 1.2491e-10
14930.0 1.2421e-10
14950.0 1.2354e-10
14970.0 1.2289e-10
14990.0 1.2229e-10
15010.0 1.2178e-10
15030.0 1.213e-10
15050.0 1.2087e-10
15070.0 1.205e-10
15090.0 1.2017e-10
15110.0 1.1985e-10
15130.0 1.1954e-10
15150.0 1.1925e-10
15170.0 1.1896e-10
15190.0 1.1866e-10
15210.0 1.1837e-10
15230.0 1.1809e-10
15250.0 1.1779e-10
15270.0 1.175e-10
15290.0 1.1722e-10
15310.0 1.1693e-10
15330.0 1.1663e-10
15350.0 1.1635e-10
15370.0 1.1607e-10
15390.0 1.1577e-10
15410.0 1.1547e-10
15430.0 1.1519e-10
15450.0 1.149e-10
15470.0 1.146e-10
15490.0 1.1432e-10
15510.0 1.1403e-10
15530.0 1.1374e-10
15550.0 1.1345e-10
15570.0 1.1317e-10
15590.0 1.1287e-10
15610.0 1.1258e-10
15630.0 1.1229e-10
15650.0 1.1201e-10
15670.0 1.1171e-10
15690.0 1.1142e-10
15710.0 1.1114e-10
15730.0 1.1085e-10
15750.0 1.1055e-10
15770.0 1.1027e-10
15790.0 1.0998e-10
15810.0 1.0968e-10
15830.0 1.0939e-10
15850.0 1.0911e-10
15870.0 1.0882e-10
15890.0 1.0852e-10
15910.0 1.0824e-10
15930.0 1.0795e-10
15950.0 1.0765e-10
15970.0 1.0737e-10
15990.0 1.0708e-10
16010.0 1.0679e-10
16030.0 1.0649e-10
16050.0 1.0621e-10
16070.0 1.0592e-10
16090.0 1.0563e-10
16110.0 1.0534e-10
16130.0 1.0506e-10
16150.0 1.0476e-10
16170.0 1.0447e-10
16190.0 1.0418e-10
16210.0 1.0389e-10
16230.0 1.036e-10
16250.0 1.0331e-10
16270.0 1.0303e-10
16290.0 1.0273e-10
16310.0 1.0244e-10
16330.0 1.0216e-10
16350.0 1.0187e-10
16370.0 1.0156e-10
16390.0 1.0128e-10
16410.0 1.01e-10
16430.0 1.007e-10
16450.0 1.0041e-10
16470.0 1.0013e-10
16490.0 9.9837e-11
16510.0 9.954e-11
16530.0 9.9254e-11
16550.0 9.8968e-11
16570.0 9.8671e-11
16590.0 9.8377e-11
16610.0 9.8096e-11
16630.0 9.7806e-11
16650.0 9.7511e-11
16670.0 9.7227e-11
16690.0 9.6942e-11
16710.0 9.6642e-11
16730.0 9.6351e-11
16750.0 9.6067e-11
16770.0 9.5775e-11
16790.0 9.5478e-11
16810.0 9.5195e-11
16830.0 9.4909e-11
16850.0 9.4614e-11
16870.0 9.4324e-11
16890.0 9.4042e-11
16910.0 9.3747e-11
16930.0 9.3448e-11
16950.0 9.3165e-11
16970.0 9.2877e-11
16990.0 9.2581e-11
17010.0 9.2293e-11
17030.0 9.2011e-11
17050.0 9.1717e-11
17070.0 9.1422e-11
17090.0 9.1138e-11
17110.0 9.085e-11
17130.0 9.0549e-11
17150.0 9.0261e-11
17170.0 8.9978e-11
17190.0 8.9685e-11
17210.0 8.9392e-11
17230.0 8.911e-11
17250.0 8.8821e-11
17270.0 8.8522e-11
17290.0 8.8234e-11
17310.0 8.7949e-11
17330.0 8.7654e-11
17350.0 8.7358e-11
17370.0 8.7077e-11
17390.0 8.6788e-11
17410.0 8.6493e-11
17430.0 8.6206e-11
17450.0 8.5924e-11
17470.0 8.5624e-11
17490.0 8.533e-11
17510.0 8.5047e-11
17530.0 8.4757e-11
17550.0 8.446e-11
17570.0 8.4174e-11
17590.0 8.3891e-11
17610.0 8.3595e-11
17630.0 8.3303e-11
17650.0 8.302e-11
17670.0 8.273e-11
17690.0 8.2427e-11
17710.0 8.2143e-11
17730.0 8.1858e-11
17750.0 8.1563e-11
17770.0 8.1272e-11
17790.0 8.0992e-11
17810.0 8.0698e-11
17830.0 8.0402e-11
17850.0 8.0116e-11
17870.0 7.983e-11
17890.0 7.9532e-11
17910.0 7.9239e-11
17930.0 7.8958e-11
17950.0 7.8667e-11
17970.0 7.8373e-11
17990.0 7.8089e-11
18010.0 7.7803e-11
18030.0 7.7502e-11
18050.0 7.7212e-11
18070.0 7.6929e-11
18090.0 7.6636e-11
18110.0 7.6339e-11
18130.0 7.6057e-11
18150.0 7.5771e-11
18170.0 7.5475e-11
18190.0 7.5186e-11
18210.0 7.4903e-11
18230.0 7.4607e-11
18250.0 7.4309e-11
18270.0 7.4026e-11
18290.0 7.3739e-11
18310.0 7.3443e-11
18330.0 7.3155e-11
18350.0 7.2873e-11
18370.0 7.2578e-11
18390.0 7.2284e-11
18410.0 7.2e-11
18430.0 7.1711e-11
18450.0 7.1411e-11
18470.0 7.1123e-11
18490.0 7.084e-11
18510.0 7.0547e-11
18530.0 7.0254e-11
18550.0 6.9973e-11
18570.0 6.9683e-11
18590.0 6.9384e-11
18610.0 6.9096e-11
18630.0 6.8811e-11
18650.0 6.8516e-11
18670.0 6.8221e-11
18690.0 6.7941e-11
18710.0 6.7651e-11
18730.0 6.7356e-11
18750.0 6.707e-11
18770.0 6.6787e-11
18790.0 6.6486e-11
18810.0 6.6194e-11
18830.0 6.5911e-11
18850.0 6.562e-11
18870.0 6.5324e-11
18890.0 6.5039e-11
18910.0 6.4756e-11
18930.0 6.4459e-11
18950.0 6.4168e-11
18970.0 6.3885e-11
18990.0 6.3594e-11
19010.0 6.3292e-11
19030.0 6.3009e-11
19050.0 6.2724e-11
19070.0 6.2429e-11
19090.0 6.2139e-11
19110.0 6.1859e-11
19130.0 6.1564e-11
19150.0 6.1268e-11
19170.0 6.0983e-11
19190.0 6.0696e-11
19210.0 6.0398e-11
19230.0 6.0106e-11
19250.0 5.9826e-11
19270.0 5.9534e-11
19290.0 5.924e-11
19310.0 5.8957e-11
19330.0 5.8671e-11
19350.0 5.837e-11
19370.0 5.8081e-11
19390.0 5.7797e-11
19410.0 5.7504e-11
19430.0 5.7208e-11
19450.0 5.6926e-11
19470.0 5.664e-11
19490.0 5.6344e-11
19510.0 5.6055e-11
19530.0 5.5773e-11
19550.0 5.5476e-11
19570.0 5.5179e-11
19590.0 5.4897e-11
19610.0 5.4609e-11
19630.0 5.4313e-11
19650.0 5.4026e-11
19670.0 5.3744e-11
19690.0 5.3448e-11
19710.0 5.3155e-11
19730.0 5.2871e-11
19750.0 5.2582e-11
19770.0 5.2282e-11
19790.0 5.1996e-11
19810.0 5.1713e-11
19830.0 5.142e-11
19850.0 5.1129e-11
19870.0 5.085e-11
19890.0 5.0565e-11
19910.0 5.0277e-11
19930.0 5.0011e-11
19950.0 4.976e-11
19970.0 4.952e-11
19990.0 4.9306e-11
20010.0 4.9129e-11
20030.0 4.8975e-11
20050.0 4.8848e-11
20070.0 4.8748e-11
20090.0 4.8667e-11
20110.0 4.8596e-11
20130.0 4.8535e-11
20150.0 4.8482e-11
20170.0 4.8428e-11
20190.0 4.8373e-11
20210.0 4.8319e-11
20230.0 4.8263e-11
20250.0 4.8202e-11
20270.0 4.8139e-11
20290.0 4.8074e-11
20310.0 4.8003e-11
20330.0 4.7926e-11
20350.0 4.785e-11
20370.0 4.777e-11
20390.0 4.7682e-11
20410.0 4.7594e-11
20430.0 4.7505e-11
20450.0 4.7409e-11
20470.0 4.7311e-11
20490.0 4.7215e-11
20510.0 4.7118e-11
20530.0 4.7019e-11
20550.0 4.6922e-11
20570.0 4.6831e-11
20590.0 4.6738e-11
20610.0 4.6647e-11
20630.0 4.6561e-11
20650.0 4.6476e-11
20670.0 4.6388e-11
20690.0 4.6304e-11
20710.0 4.6221e-11
20730.0 4.6134e-11
20750.0 4.6044e-11
20770.0 4.5954e-11
20790.0 4.5857e-11
20810.0 4.575e-11
20830.0 4.564e-11
20850.0 4.5524e-11
20870.0 4.5394e-11
20890.0 4.5255e-11
20910.0 4.5115e-11
20930.0 4.4965e-11
20950.0 4.4803e-11
20970.0 4.4641e-11
20990.0 4.4476e-11
21010.0 4.4299e-11
21030.0 4.4122e-11
21050.0 4.3949e-11
21070.0 4.3773e-11
21090.0 4.3591e-11
21110.0 4.3419e-11
21130.0 4.325e-11
21150.0 4.3077e-11
21170.0 4.2907e-11
21190.0 4.2745e-11
21210.0 4.2578e-11
21230.0 4.2408e-11
21250.0 4.2244e-11
21270.0 4.208e-11
21290.0 4.1908e-11
21310.0 4.1735e-11
21330.0 4.1567e-11
21350.0 4.1389e-11
21370.0 4.1204e-11
21390.0 4.102e-11
21410.0 4.0833e-11
21430.0 4.063e-11
21450.0 4.0428e-11
21470.0 4.0229e-11
21490.0 4.0018e-11
21510.0 3.9801e-11
21530.0 3.9589e-11
21550.0 3.9373e-11
21570.0 3.9146e-11
21590.0 3.8921e-11
21610.0 3.8701e-11
21630.0 3.8473e-11
21650.0 3.8237e-11
21670.0 3.8018e-11
21690.0 3.7794e-11
21710.0 3.7565e-11
21730.0 3.7341e-11
21750.0 3.7125e-11
21770.0 3.6896e-11
21790.0 3.667e-11
21810.0 3.6452e-11
21830.0 3.6232e-11
21850.0 3.6004e-11
21870.0 3.5783e-11
21890.0 3.5569e-11
21910.0 3.5347e-11
21930.0 3.5125e-11
21950.0 3.4913e-11
21970.0 3.4699e-11
21990.0 3.4477e-11
22010.0 3.427e-11
22030.0 3.407e-11
22050.0 3.3868e-11
22070.0 3.3671e-11
22090.0 3.349e-11
22110.0 3.3311e-11
22130.0 3.3135e-11
22150.0 3.2973e-11
22170.0 3.282e-11
22190.0 3.2669e-11
22210.0 3.2526e-11
22230.0 3.2397e-11
22250.0 3.2271e-11
22270.0 3.2149e-11
22290.0 3.2035e-11
22310.0 3.1928e-11
22330.0 3.1818e-11
22350.0 3.1713e-11
22370.0 3.1612e-11
22390.0 3.1511e-11
22410.0 3.1406e-11
22430.0 3.1307e-11
22450.0 3.1207e-11
22470.0 3.1103e-11
22490.0 3.0999e-11
22510.0 3.0898e-11
22530.0 3.0791e-11
22550.0 3.0682e-11
22570.0 3.0576e-11
22590.0 3.0471e-11
22610.0 3.0362e-11
22630.0 3.0255e-11
22650.0 3.0155e-11
22670.0 3.0052e-11
22690.0 2.9951e-11
22710.0 2.9857e-11
22730.0 2.9767e-11
22750.0 2.9675e-11
22770.0 2.9593e-11
22790.0 2.9517e-11
22810.0 2.9444e-11
22830.0 2.9376e-11
22850.0 2.9315e-11
22870.0 2.9259e-11
22890.0 2.9206e-11
22910.0 2.916e-11
22930.0 2.9118e-11
22950.0 2.9079e-11
22970.0 2.9043e-11
22990.0 2.9012e-11
23010.0 2.8983e-11
23030.0 2.8956e-11
23050.0 2.8933e-11
23070.0 2.8913e-11
23090.0 2.8894e-11
23110.0 2.888e-11
23130.0 2.887e-11
23150.0 2.8864e-11
23170.0 2.8863e-11
23190.0 2.8868e-11
23210.0 2.8879e-11
23230.0 2.8897e-11
23250.0 2.8922e-11
23270.0 2.8952e-11
23290.0 2.899e-11
23310.0 2.9035e-11
23330.0 2.9084e-11
23350.0 2.9136e-11
23370.0 2.9193e-11
23390.0 2.9252e-11
23410.0 2.931e-11
23430.0 2.9368e-11
23450.0 2.9427e-11
23470.0 2.9481e-11
23490.0 2.9531e-11
23510.0 2.958e-11
23530.0 2.9624e-11
23550.0 2.9662e-11
23570.0 2.9697e-11
23590.0 2.973e-11
23610.0 2.9758e-11
23630.0 2.9784e-11
23650.0 2.981e-11
23670.0 2.9835e-11
23690.0 2.986e-11
23710.0 2.9886e-11
23730.0 2.9915e-11
23750.0 2.9944e-11
23770.0 2.9975e-11
23790.0 3.001e-11
23810.0 3.0048e-11
23830.0 3.0088e-11
23850.0 3.0133e-11
23870.0 3.0182e-11
23890.0 3.0232e-11
23910.0 3.0285e-11
23930.0 3.0343e-11
23950.0 3.0401e-11
23970.0 3.0457e-11
23990.0 3.0516e-11
24010.0 3.0574e-11
24030.0 3.0627e-11
24050.0 3.0678e-11
24070.0 3.0728e-11
24090.0 3.0772e-11
24110.0 3.0811e-11
24130.0 3.0848e-11
24150.0 3.0883e-11
24170.0 3.0916e-11
24190.0 3.095e-11
24210.0 3.0989e-11
24230.0 3.1031e-11
24250.0 3.108e-11
24270.0 3.114e-11
24290.0 3.1213e-11
24310.0 3.1294e-11
24330.0 3.1392e-11
24350.0 3.1509e-11
24370.0 3.1642e-11
24390.0 3.1789e-11
24410.0 3.1967e-11
24430.0 3.2164e-11
24450.0 3.2373e-11
24470.0 3.2606e-11
24490.0 3.2865e-11
24510.0 3.3132e-11
24530.0 3.3407e-11
24550.0 3.3703e-11
24570.0 3.4005e-11
24590.0 3.4299e-11
24610.0 3.4598e-11
24630.0 3.4902e-11
24650.0 3.5179e-11
24670.0 3.5441e-11
24690.0 3.5694e-11
24710.0 3.5926e-11
24730.0 3.6129e-11
24750.0 3.6317e-11
24770.0 3.6484e-11
24790.0 3.6619e-11
24810.0 3.6717e-11
24830.0 3.6752e-11
24850.0 3.6661e-11
24870.0 3.6368e-11
24890.0 3.5713e-11
24910.0 3.4485e-11
24930.0 3.2584e-11
24950.0 2.9881e-11
24970.0 2.6145e-11
24990.0 2.1806e-11
