#lamb flux
1010.0 2.0303e-07
1030.0 2.2215e-07
1050.0 2.4416e-07
1070.0 2.6892e-07
1090.0 2.9705e-07
1110.0 3.2591e-07
1130.0 3.5495e-07
1150.0 3.8537e-07
1170.0 4.1675e-07
1190.0 4.465e-07
1210.0 4.7666e-07
1230.0 5.0782e-07
1250.0 5.3834e-07
1270.0 5.6799e-07
1290.0 5.9932e-07
1310.0 6.3062e-07
1330.0 6.6064e-07
1350.0 6.91e-07
1370.0 7.2234e-07
1390.0 7.5289e-07
1410.0 7.8254e-07
1430.0 8.1353e-07
1450.0 8.4451e-07
1470.0 8.7446e-07
1490.0 9.0472e-07
1510.0 9.3668e-07
1530.0 9.6696e-07
1550.0 9.9682e-07
1570.0 1.0277e-06
1590.0 1.0586e-06
1610.0 1.0881e-06
1630.0 1.1186e-06
1650.0 1.1498e-06
1670.0 1.18e-06
1690.0 1.2097e-06
1710.0 1.2407e-06
1730.0 1.2717e-06
1750.0 1.3009e-06
1770.0 1.3309e-06
1790.0 1.3614e-06
1810.0 1.3909e-06
1830.0 1.4199e-06
1850.0 1.4506e-06
1870.0 1.4803e-06
1890.0 1.509e-06
1910.0 1.5382e-06
1930.0 1.5679e-06
1950.0 1.5961e-06
1970.0 1.6238e-06
1990.0 1.6524e-06
2010.0 1.6803e-06
2030.0 1.7069e-06
2050.0 1.7341e-06
2070.0 1.7618e-06
2090.0 1.7874e-06
2110.0 1.8125e-06
2130.0 1.8382e-06
2150.0 1.8628e-06
2170.0 1.8858e-06
2190.0 1.9092e-06
2210.0 1.9324e-06
2230.0 1.9538e-06
2250.0 1.9744e-06
2270.0 1.9957e-06
2290.0 2.0154e-06
2310.0 2.0334e-06
2330.0 2.0516e-06
2350.0 2.0699e-06
2370.0 2.0874e-06
2390.0 2.1066e-06
2410.0 2.1309e-06
2430.0 2.16e-06
2450.0 2.1969e-06
2470.0 2.2474e-06
2490.0 2.3141e-06
2510.0 2.3914e-06
2530.0 2.4873e-06
2550.0 2.6111e-06
2570.0 2.7682e-06
2590.0 2.9751e-06
2610.0 3.2876e-06
2630.0 3.7306e-06
2650.0 4.3005e-06
2670.0 5.025e-06
2690.0 5.8984e-06
2710.0 6.8075e-06
2730.0 7.6806e-06
2750.0 8.5162e-06
2770.0 9.2125e-06
2790.0 9.7321e-06
2810.0 1.0113e-05
2830.0 1.0379e-05
2850.0 1.0522e-05
2870.0 1.0597e-05
2890.0 1.0631e-05
2910.0 1.0637e-05
2930.0 1.0624e-05
2950.0 1.0608e-05
2970.0 1.0591e-05
2990.0 1.0571e-05
3010.0 0.00033584
3030.0 0.00033528
3050.0 0.00033471
3070.0 0.00033392
3090.0 0.00033293
3110.0 0.00033139
3130.0 0.00032887
3150.0 0.00032507
3170.0 0.00031933
3190.0 0.00031176
3210.0 0.00030288
3230.0 0.00029307
3250.0 0.00028303
3270.0 0.00027552
3290.0 0.00026992
3310.0 0.0002688
3330.0 0.00027079
3350.0 0.00027579
3370.0 0.00028375
3390.0 0.00029427
3410.0 0.00030601
3430.0 0.00031939
3450.0 0.00033496
3470.0 0.00035212
3490.0 0.00037052
3510.0 0.00039149
3530.0 0.00041434
3550.0 0.00043865
3570.0 0.00046525
3590.0 0.00049479
3610.0 0.00052736
3630.0 0.00055961
3650.0 0.00059367
3670.0 0.00062432
3690.0 0.00064705
3710.0 0.00065857
3730.0 0.00065255
3750.0 0.00062984
3770.0 0.00064399
3790.0 0.00063364
3810.0 0.00050869
3830.0 0.00049943
3850.0 0.00071255
3870.0 0.00071044
3890.0 0.00056012
3910.0 0.0005303
3930.0 0.00064252
3950.0 0.00075438
3970.0 0.00082416
3990.0 0.00056611
4010.0 0.0011982
4030.0 0.0012314
4050.0 0.0013563
4070.0 0.0014431
4090.0 0.0013508
4110.0 0.0011623
4130.0 0.0013568
4150.0 0.0017783
4170.0 0.0014422
4190.0 0.001311
4210.0 0.0014518
4230.0 0.0017566
4250.0 0.00211
4270.0 0.0022749
4290.0 0.0020156
4310.0 0.0018913
4330.0 0.0018828
4350.0 0.0023678
4370.0 0.0028627
4390.0 0.002316
4410.0 0.0013287
4430.0 0.00096674
4450.0 0.00090718
4470.0 0.00056164
4490.0 0.00092216
4510.0 0.0019635
4530.0 0.002387
4550.0 0.0022425
4570.0 0.0020496
4590.0 0.0021986
4610.0 0.0042179
4630.0 0.0059022
4650.0 0.0056562
4670.0 0.0049902
4690.0 0.0050499
4710.0 0.0052802
4730.0 0.0044014
4750.0 0.0029021
4770.0 0.0019874
4790.0 0.0021663
4810.0 0.0022679
4830.0 0.0022279
4850.0 0.0024168
4870.0 0.0032011
4890.0 0.0037127
4910.0 0.0029204
4930.0 0.0028181
4950.0 0.0032362
4970.0 0.0042894
4990.0 0.005797
5010.0 0.0067135
5030.0 0.0054152
5050.0 0.0033499
5070.0 0.0023628
5090.0 0.0017958
5110.0 0.0016901
5130.0 0.0020316
5150.0 0.0019891
5170.0 0.0018748
5190.0 0.0016688
5210.0 0.0018574
5230.0 0.0022809
5250.0 0.0026475
5270.0 0.0024739
5290.0 0.002669
5310.0 0.0035561
5330.0 0.0038346
5350.0 0.0037811
5370.0 0.0042255
5390.0 0.0052463
5410.0 0.0045461
5430.0 0.0035311
5450.0 0.0035371
5470.0 0.0040838
5490.0 0.0050979
5510.0 0.0062114
5530.0 0.0072031
5550.0 0.0065386
5570.0 0.0058706
5590.0 0.0048413
5610.0 0.0048783
5630.0 0.0054328
5650.0 0.0050082
5670.0 0.0046118
5690.0 0.0037472
5710.0 0.0038442
5730.0 0.0037234
5750.0 0.0020594
5770.0 0.0014748
5790.0 0.0018185
5810.0 0.0019206
5830.0 0.0029574
5850.0 0.0038505
5870.0 0.0041514
5890.0 0.003978
5910.0 0.0038744
5930.0 0.0037221
5950.0 0.0038362
5970.0 0.0047462
5990.0 0.0039305
6010.0 0.0030414
6030.0 0.0024875
6050.0 0.0022176
6070.0 0.0026165
6090.0 0.0029352
6110.0 0.0030082
6130.0 0.0027912
6150.0 0.0022061
6170.0 0.0017176
6190.0 0.0020815
6210.0 0.0032754
6230.0 0.0048222
6250.0 0.0052036
6270.0 0.0040039
6290.0 0.0034273
6310.0 0.002617
6330.0 0.0019108
6350.0 0.0018696
6370.0 0.0019628
6390.0 0.0023432
6410.0 0.0030294
6430.0 0.0036433
6450.0 0.0044582
6470.0 0.0047191
6490.0 0.0056523
6510.0 0.0063394
6530.0 0.0064656
6550.0 0.0059462
6570.0 0.0047725
6590.0 0.0045315
6610.0 0.0037574
6630.0 0.0038896
6650.0 0.0037786
6670.0 0.0033075
6690.0 0.0025693
6710.0 0.0025067
6730.0 0.0010989
6750.0 0.0014752
6770.0 0.0023149
6790.0 0.0030618
6810.0 0.0021856
6830.0 0.0022317
6850.0 0.001859
6870.0 0.0017391
6890.0 0.0014699
6910.0 0.0017883
6930.0 0.0016835
6950.0 0.0020124
6970.0 0.0020907
6990.0 0.0023209
7010.0 0.002242
7030.0 0.0025665
7050.0 0.0022245
7070.0 0.0018556
7090.0 0.0019902
7110.0 0.0021116
7130.0 0.0024302
7150.0 0.0027541
7170.0 0.0030879
7190.0 0.0032974
7210.0 0.0029396
7230.0 0.0029771
7250.0 0.0031908
7270.0 0.0034252
7290.0 0.0042198
7310.0 0.0044609
7330.0 0.004173
7350.0 0.0037375
7370.0 0.0027721
7390.0 0.0028592
7410.0 0.0035019
7430.0 0.0039909
7450.0 0.0042998
7470.0 0.0039342
7490.0 0.0031415
7510.0 0.0050647
7530.0 0.0046153
7550.0 0.0043533
7570.0 0.0029579
7590.0 0.0013128
7610.0 0.00092685
7630.0 0.0014071
7650.0 0.0018921
7670.0 0.003012
7690.0 0.0033561
7710.0 0.003033
7730.0 0.0030106
7750.0 0.0039524
7770.0 0.0040623
7790.0 0.0037145
7810.0 0.0030029
7830.0 0.003254
7850.0 0.0035663
7870.0 0.0034872
7890.0 0.002726
7910.0 0.0018324
7930.0 0.0018985
7950.0 0.0017151
7970.0 0.0014448
7990.0 0.0013063
8010.0 0.00068637
8030.0 0.00062638
8050.0 0.00068013
8070.0 0.00077091
8090.0 0.00094665
8110.0 0.00088792
8130.0 0.00051956
8150.0 0.00054129
8170.0 0.00029434
8190.0 0.00016995
8210.0 0.00048047
8230.0 0.00058376
8250.0 0.00021381
8270.0 0.00016491
8290.0 0.00034487
8310.0 0.00030724
8330.0 0.00018749
8350.0 0.00015147
8370.0 3.1205e-05
8390.0 0.00016182
8410.0 0.00018671
8430.0 0.00023211
8450.0 0.00026131
8470.0 0.00044614
8490.0 0.00036036
8510.0 0.00027263
8530.0 0.00012582
8550.0 0.00049442
8570.0 0.00077817
8590.0 0.00052927
8610.0 0.0008048
8630.0 0.0008716
8650.0 0.00044371
8670.0 0.00067809
8690.0 0.0010849
8710.0 0.00092682
8730.0 0.0010042
8750.0 0.00078315
8770.0 0.00069317
8790.0 0.00077478
8810.0 0.00084586
8830.0 0.00045814
8850.0 0.00018467
8870.0 0.00012834
8890.0 0.00035654
8910.0 0.0005753
8930.0 0.00076703
8950.0 0.00085667
8970.0 0.00082361
8990.0 0.00061056
9010.0 0.00058073
9030.0 0.00043841
9050.0 0.00045579
9070.0 0.00047397
9090.0 0.00048876
9110.0 0.00050668
9130.0 0.00051961
9150.0 0.00052883
9170.0 0.00053863
9190.0 0.00054913
9210.0 0.00056015
9230.0 0.0005718
9250.0 0.00058356
9270.0 0.0005957
9290.0 0.00060815
9310.0 0.00062057
9330.0 0.00063316
9350.0 0.00064618
9370.0 0.00065926
9390.0 0.00067236
9410.0 0.00068581
9430.0 0.00069963
9450.0 0.00071328
9470.0 0.00072717
9490.0 0.00074144
9510.0 0.0007558
9530.0 0.00077015
9550.0 0.00078503
9570.0 0.0008001
9590.0 0.00081515
9610.0 0.00083043
9630.0 0.00084612
9650.0 0.0008619
9670.0 0.00087762
9690.0 0.0008938
9710.0 0.0009102
9730.0 0.00092657
9750.0 0.00094318
9770.0 0.00096034
9790.0 0.00097737
9810.0 0.00099448
9830.0 0.001012
9850.0 0.0010297
9870.0 0.0010473
9890.0 0.0010651
9910.0 0.0010834
9930.0 0.0011016
9950.0 0.0011198
9970.0 0.0011385
9990.0 0.0011573
10010.0 0.001031
10030.0 0.0010475
10050.0 0.0010642
10070.0 0.0010808
10090.0 0.0010974
10110.0 0.0011145
10130.0 0.0011315
10150.0 0.0011484
10170.0 0.0011655
10190.0 0.0011828
10210.0 0.0011999
10230.0 0.0012169
10250.0 0.0012342
10270.0 0.0012514
10290.0 0.0012684
10310.0 0.0012856
10330.0 0.001303
10350.0 0.00132
10370.0 0.001337
10390.0 0.0013542
10410.0 0.0013712
10430.0 0.0013879
10450.0 0.0014047
10470.0 0.0014216
10490.0 0.0014381
10510.0 0.0014545
10530.0 0.0014711
10550.0 0.0014875
10570.0 0.0015034
10590.0 0.0015194
10610.0 0.0015353
10630.0 0.0015508
10650.0 0.0015661
10670.0 0.0015816
10690.0 0.0015966
10710.0 0.0016113
10730.0 0.001626
10750.0 0.0016406
10770.0 0.0016546
10790.0 0.0016684
10810.0 0.0016822
10830.0 0.0016954
10850.0 0.001708
10870.0 0.0017203
10890.0 0.0017315
10910.0 0.0017406
10930.0 0.001747
10950.0 0.0017491
10970.0 0.0017457
10990.0 0.001736
11010.0 0.0017259
11030.0 0.0016996
11050.0 0.0016667
11070.0 0.0016267
11090.0 0.0015782
11110.0 0.001528
11130.0 0.0014755
11150.0 0.0014192
11170.0 0.0013614
11190.0 0.0013056
11210.0 0.0012483
11230.0 0.0011899
11250.0 0.0011344
11270.0 0.0010813
11290.0 0.0010285
11310.0 0.00097851
11330.0 0.00093448
11350.0 0.00089286
11370.0 0.00085426
11390.0 0.00082057
11410.0 0.00079075
11430.0 0.0007627
11450.0 0.00073804
11470.0 0.00071621
11490.0 0.00069554
11510.0 0.00067533
11530.0 0.00065632
11550.0 0.00063737
11570.0 0.00061731
11590.0 0.0005967
11610.0 0.00057591
11630.0 0.00055361
11650.0 0.00053006
11670.0 0.000507
11690.0 0.00048379
11710.0 0.00046004
11730.0 0.00043707
11750.0 0.00041578
11770.0 0.0003949
11790.0 0.00037526
11810.0 0.00035778
11830.0 0.00034197
11850.0 0.00032724
11870.0 0.00031464
11890.0 0.00030387
11910.0 0.00029418
11930.0 0.0002856
11950.0 0.0002782
11970.0 0.00027143
11990.0 0.00026495
12010.0 0.00025888
12030.0 0.00025303
12050.0 0.00024706
12070.0 0.00024095
12090.0 0.00023506
12110.0 0.0002291
12130.0 0.00022311
12150.0 0.00021745
12170.0 0.00021229
12190.0 0.00020749
12210.0 0.00020352
12230.0 0.00020057
12250.0 0.00019867
12270.0 0.00019805
12290.0 0.00019874
12310.0 0.00020066
12330.0 0.00020408
12350.0 0.00020886
12370.0 0.0002146
12390.0 0.0002215
12410.0 0.00022985
12430.0 0.00023841
12450.0 0.00024735
12470.0 0.00025692
12490.0 0.00026655
12510.0 0.0002755
12530.0 0.00028439
12550.0 0.00029292
12570.0 0.00030031
12590.0 0.00030667
12610.0 0.00031222
12630.0 0.00031645
12650.0 0.00031905
12670.0 0.00032045
12690.0 0.00032045
12710.0 0.00031899
12730.0 0.00031626
12750.0 0.00031214
12770.0 0.00030684
12790.0 0.00030062
12810.0 0.0002934
12830.0 0.00028523
12850.0 0.00027676
12870.0 0.00026789
12890.0 0.00025843
12910.0 0.00024888
12930.0 0.00023951
12950.0 0.00022982
12970.0 0.00022004
12990.0 0.00021079
13010.0 0.00020168
13030.0 0.00019252
13050.0 0.00018372
13070.0 0.00017545
13090.0 0.00016715
13110.0 0.0001591
13130.0 0.00015163
13150.0 0.0001445
13170.0 0.00013749
13190.0 0.00013115
13210.0 0.00012549
13230.0 0.00012022
13250.0 0.00011556
13270.0 0.00011172
13290.0 0.00010855
13310.0 0.00010608
13330.0 0.00010451
13350.0 0.00010379
13370.0 0.00010392
13390.0 0.000105
13410.0 0.0001068
13430.0 0.00010939
13450.0 0.0001128
13470.0 0.00011675
13490.0 0.00012105
13510.0 0.00012605
13530.0 0.00013123
13550.0 0.00013627
13570.0 0.00014135
13590.0 0.0001464
13610.0 0.00015096
13630.0 0.00015502
13650.0 0.00015881
13670.0 0.00016203
13690.0 0.00016458
13710.0 0.00016662
13730.0 0.00016816
13750.0 0.00016903
13770.0 0.00016937
13790.0 0.00016923
13810.0 0.00016861
13830.0 0.00016757
13850.0 0.00016611
13870.0 0.00016423
13890.0 0.00016205
13910.0 0.00015958
13930.0 0.00015673
13950.0 0.00015362
13970.0 0.00015044
13990.0 0.000147
14010.0 0.00014336
14030.0 0.00013975
14050.0 0.00013612
14070.0 0.0001323
14090.0 0.00012865
14110.0 0.00012522
14130.0 0.0001219
14150.0 0.00011876
14170.0 0.00011607
14190.0 0.00011372
14210.0 0.0001117
14230.0 0.00011016
14250.0 0.00010912
14270.0 0.00010853
14290.0 0.00010848
14310.0 0.00010893
14330.0 0.00010984
14350.0 0.00011127
14370.0 0.00011311
14390.0 0.00011524
14410.0 0.00011781
14430.0 0.00012068
14450.0 0.00012367
14470.0 0.00012682
14490.0 0.00013023
14510.0 0.00013356
14530.0 0.00013678
14550.0 0.00014005
14570.0 0.00014326
14590.0 0.00014623
14610.0 0.00014916
14630.0 0.00015209
14650.0 0.00015486
14670.0 0.00015756
14690.0 0.00016037
14710.0 0.00016333
14730.0 0.00016627
14750.0 0.00016951
14770.0 0.00017315
14790.0 0.00017706
14810.0 0.00018127
14830.0 0.00018622
14850.0 0.00019157
14870.0 0.00019714
14890.0 0.00020314
14910.0 0.00020949
14930.0 0.00021561
14950.0 0.00022135
14970.0 0.0002268
14990.0 0.00023143
15010.0 0.00023504
15030.0 0.00023781
15050.0 0.00023975
15070.0 0.00024086
15090.0 0.00024147
15110.0 0.00024172
15130.0 0.00024174
15150.0 0.00024167
15170.0 0.00024152
15190.0 0.00024134
15210.0 0.00024117
15230.0 0.000241
15250.0 0.00024081
15270.0 0.00024064
15290.0 0.00024049
15310.0 0.00024033
15330.0 0.00024017
15350.0 0.00024003
15370.0 0.0002399
15390.0 0.00023974
15410.0 0.00023959
15430.0 0.00023947
15450.0 0.00023934
15470.0 0.00023919
15490.0 0.00023908
15510.0 0.00023896
15530.0 0.00023883
15550.0 0.00023871
15570.0 0.00023861
15590.0 0.00023848
15610.0 0.00023835
15630.0 0.00023825
15650.0 0.00023814
15670.0 0.00023801
15690.0 0.0002379
15710.0 0.0002378
15730.0 0.00023768
15750.0 0.00023756
15770.0 0.00023746
15790.0 0.00023735
15810.0 0.00023721
15830.0 0.0002371
15850.0 0.000237
15870.0 0.00023687
15890.0 0.00023674
15910.0 0.00023664
15930.0 0.00023652
15950.0 0.00023637
15970.0 0.00023624
15990.0 0.00023612
16010.0 0.00023598
16030.0 0.00023583
16050.0 0.00023571
16070.0 0.00023557
16090.0 0.00023541
16110.0 0.00023527
16130.0 0.00023513
16150.0 0.00023495
16170.0 0.00023478
16190.0 0.00023463
16210.0 0.00023446
16230.0 0.00023427
16250.0 0.0002341
16270.0 0.00023393
16290.0 0.00023374
16310.0 0.00023354
16330.0 0.00023335
16350.0 0.00023315
16370.0 0.00023292
16390.0 0.00023271
16410.0 0.00023251
16430.0 0.00023227
16450.0 0.00023204
16470.0 0.00023182
16490.0 0.00023157
16510.0 0.00023131
16530.0 0.00023107
16550.0 0.00023081
16570.0 0.00023053
16590.0 0.00023025
16610.0 0.00022999
16630.0 0.0002297
16650.0 0.0002294
16670.0 0.00022912
16690.0 0.00022882
16710.0 0.00022849
16730.0 0.00022817
16750.0 0.00022785
16770.0 0.00022752
16790.0 0.00022716
16810.0 0.00022683
16830.0 0.00022649
16850.0 0.00022611
16870.0 0.00022575
16890.0 0.00022539
16910.0 0.000225
16930.0 0.00022459
16950.0 0.00022421
16970.0 0.00022381
16990.0 0.00022339
17010.0 0.00022297
17030.0 0.00022257
17050.0 0.00022213
17070.0 0.00022168
17090.0 0.00022125
17110.0 0.0002208
17130.0 0.00022031
17150.0 0.00021985
17170.0 0.00021939
17190.0 0.00021891
17210.0 0.00021841
17230.0 0.00021793
17250.0 0.00021743
17270.0 0.0002169
17290.0 0.00021639
17310.0 0.00021588
17330.0 0.00021534
17350.0 0.00021479
17370.0 0.00021427
17390.0 0.00021372
17410.0 0.00021315
17430.0 0.0002126
17450.0 0.00021204
17470.0 0.00021144
17490.0 0.00021085
17510.0 0.00021028
17530.0 0.00020968
17550.0 0.00020907
17570.0 0.00020847
17590.0 0.00020787
17610.0 0.00020724
17630.0 0.00020661
17650.0 0.00020599
17670.0 0.00020535
17690.0 0.00020468
17710.0 0.00020404
17730.0 0.0002034
17750.0 0.00020273
17770.0 0.00020206
17790.0 0.00020141
17810.0 0.00020073
17830.0 0.00020003
17850.0 0.00019936
17870.0 0.00019867
17890.0 0.00019796
17910.0 0.00019725
17930.0 0.00019656
17950.0 0.00019585
17970.0 0.00019513
17990.0 0.00019442
18010.0 0.00019371
18030.0 0.00019295
18050.0 0.00019222
18070.0 0.0001915
18090.0 0.00019075
18110.0 0.00018999
18130.0 0.00018926
18150.0 0.00018851
18170.0 0.00018774
18190.0 0.00018699
18210.0 0.00018624
18230.0 0.00018546
18250.0 0.00018467
18270.0 0.00018392
18290.0 0.00018315
18310.0 0.00018235
18330.0 0.00018158
18350.0 0.00018081
18370.0 0.00018001
18390.0 0.00017921
18410.0 0.00017844
18430.0 0.00017765
18450.0 0.00017682
18470.0 0.00017603
18490.0 0.00017525
18510.0 0.00017443
18530.0 0.00017362
18550.0 0.00017284
18570.0 0.00017203
18590.0 0.00017119
18610.0 0.00017039
18630.0 0.00016959
18650.0 0.00016876
18670.0 0.00016793
18690.0 0.00016713
18710.0 0.00016632
18730.0 0.00016549
18750.0 0.00016467
18770.0 0.00016387
18790.0 0.00016302
18810.0 0.00016219
18830.0 0.00016138
18850.0 0.00016056
18870.0 0.00015972
18890.0 0.0001589
18910.0 0.00015809
18930.0 0.00015725
18950.0 0.00015642
18970.0 0.00015561
18990.0 0.00015478
19010.0 0.00015392
19030.0 0.00015311
19050.0 0.0001523
19070.0 0.00015146
19090.0 0.00015063
19110.0 0.00014983
19130.0 0.00014899
19150.0 0.00014815
19170.0 0.00014734
19190.0 0.00014652
19210.0 0.00014568
19230.0 0.00014485
19250.0 0.00014405
19270.0 0.00014323
19290.0 0.0001424
19310.0 0.00014159
19330.0 0.00014078
19350.0 0.00013994
19370.0 0.00013913
19390.0 0.00013832
19410.0 0.0001375
19430.0 0.00013668
19450.0 0.00013588
19470.0 0.00013508
19490.0 0.00013426
19510.0 0.00013345
19530.0 0.00013266
19550.0 0.00013184
19570.0 0.00013102
19590.0 0.00013024
19610.0 0.00012944
19630.0 0.00012863
19650.0 0.00012784
19670.0 0.00012706
19690.0 0.00012625
19710.0 0.00012545
19730.0 0.00012468
19750.0 0.00012389
19770.0 0.00012308
19790.0 0.0001223
19810.0 0.00012153
19830.0 0.00012074
19850.0 0.00011995
19870.0 0.00011917
19890.0 0.00011835
19910.0 0.00011748
19930.0 0.00011656
19950.0 0.00011555
19970.0 0.00011436
19990.0 0.00011298
20010.0 0.00010415
20030.0 0.00010246
20050.0 0.00010053
20070.0 9.8475e-05
20090.0 9.6289e-05
20110.0 9.3852e-05
20130.0 9.1406e-05
20150.0 8.9e-05
20170.0 8.6524e-05
20190.0 8.4031e-05
20210.0 8.1684e-05
20230.0 7.9402e-05
20250.0 7.7125e-05
20270.0 7.501e-05
20290.0 7.3076e-05
20310.0 7.1234e-05
20330.0 6.9505e-05
20350.0 6.8053e-05
20370.0 6.6749e-05
20390.0 6.5589e-05
20410.0 6.4628e-05
20430.0 6.3861e-05
20450.0 6.3227e-05
20470.0 6.2764e-05
20490.0 6.2467e-05
20510.0 6.2307e-05
20530.0 6.2282e-05
20550.0 6.2382e-05
20570.0 6.2579e-05
20590.0 6.2885e-05
20610.0 6.3283e-05
20630.0 6.3738e-05
20650.0 6.4265e-05
20670.0 6.4884e-05
20690.0 6.5523e-05
20710.0 6.619e-05
20730.0 6.6915e-05
20750.0 6.7675e-05
20770.0 6.8417e-05
20790.0 6.9194e-05
20810.0 7.0013e-05
20830.0 7.0818e-05
20850.0 7.1618e-05
20870.0 7.2469e-05
20890.0 7.3328e-05
20910.0 7.4143e-05
20930.0 7.4983e-05
20950.0 7.5847e-05
20970.0 7.6681e-05
20990.0 7.7496e-05
21010.0 7.8351e-05
21030.0 7.9181e-05
21050.0 7.9966e-05
21070.0 8.0748e-05
21090.0 8.1532e-05
21110.0 8.2239e-05
21130.0 8.2901e-05
21150.0 8.3543e-05
21170.0 8.4123e-05
21190.0 8.4618e-05
21210.0 8.5065e-05
21230.0 8.5438e-05
21250.0 8.57e-05
21270.0 8.5863e-05
21290.0 8.5923e-05
21310.0 8.5855e-05
21330.0 8.5661e-05
21350.0 8.5329e-05
21370.0 8.4844e-05
21390.0 8.4223e-05
21410.0 8.3461e-05
21430.0 8.2497e-05
21450.0 8.1407e-05
21470.0 8.0212e-05
21490.0 7.8858e-05
21510.0 7.7368e-05
21530.0 7.5843e-05
21550.0 7.424e-05
21570.0 7.2525e-05
21590.0 7.0828e-05
21610.0 6.9177e-05
21630.0 6.7517e-05
21650.0 6.5883e-05
21670.0 6.445e-05
21690.0 6.3114e-05
21710.0 6.1893e-05
21730.0 6.0868e-05
21750.0 6.0047e-05
21770.0 5.9385e-05
21790.0 5.8946e-05
21810.0 5.8728e-05
21830.0 5.8713e-05
21850.0 5.8914e-05
21870.0 5.9307e-05
21890.0 5.9859e-05
21910.0 6.0604e-05
21930.0 6.1505e-05
21950.0 6.2499e-05
21970.0 6.3619e-05
21990.0 6.4895e-05
22010.0 6.6183e-05
22030.0 6.7502e-05
22050.0 6.8902e-05
22070.0 7.0321e-05
22090.0 7.1674e-05
22110.0 7.3048e-05
22130.0 7.4432e-05
22150.0 7.5732e-05
22170.0 7.6964e-05
22190.0 7.8195e-05
22210.0 7.9346e-05
22230.0 8.0361e-05
22250.0 8.1321e-05
22270.0 8.2208e-05
22290.0 8.2967e-05
22310.0 8.3616e-05
22330.0 8.4191e-05
22350.0 8.4632e-05
22370.0 8.4939e-05
22390.0 8.5129e-05
22410.0 8.5185e-05
22430.0 8.5095e-05
22450.0 8.4868e-05
22470.0 8.4487e-05
22490.0 8.3956e-05
22510.0 8.3295e-05
22530.0 8.2456e-05
22550.0 8.1439e-05
22570.0 8.0312e-05
22590.0 7.9043e-05
22610.0 7.7587e-05
22630.0 7.6011e-05
22650.0 7.4381e-05
22670.0 7.258e-05
22690.0 7.0658e-05
22710.0 6.8717e-05
22730.0 6.6715e-05
22750.0 6.4545e-05
22770.0 6.2421e-05
22790.0 6.0345e-05
22810.0 5.8212e-05
22830.0 5.6083e-05
22850.0 5.4087e-05
22870.0 5.2128e-05
22890.0 5.0179e-05
22910.0 4.8381e-05
22930.0 4.6731e-05
22950.0 4.5157e-05
22970.0 4.3697e-05
22990.0 4.2482e-05
23010.0 4.1399e-05
23030.0 4.0462e-05
23050.0 3.9726e-05
23070.0 3.918e-05
23090.0 3.879e-05
23110.0 3.8599e-05
23130.0 3.8592e-05
23150.0 3.8758e-05
23170.0 3.911e-05
23190.0 3.9614e-05
23210.0 4.0245e-05
23230.0 4.1041e-05
23250.0 4.1962e-05
23270.0 4.2951e-05
23290.0 4.4046e-05
23310.0 4.5266e-05
23330.0 4.6472e-05
23350.0 4.7693e-05
23370.0 4.8962e-05
23390.0 5.0215e-05
23410.0 5.1379e-05
23430.0 5.2529e-05
23450.0 5.3634e-05
23470.0 5.4619e-05
23490.0 5.5499e-05
23510.0 5.6308e-05
23530.0 5.6984e-05
23550.0 5.7504e-05
23570.0 5.7913e-05
23590.0 5.8193e-05
23610.0 5.8332e-05
23630.0 5.8347e-05
23650.0 5.8233e-05
23670.0 5.7997e-05
23690.0 5.7659e-05
23710.0 5.7212e-05
23730.0 5.6658e-05
23750.0 5.6055e-05
23770.0 5.5396e-05
23790.0 5.4669e-05
23810.0 5.3926e-05
23830.0 5.32e-05
23850.0 5.2453e-05
23870.0 5.1726e-05
23890.0 5.1077e-05
23910.0 5.0485e-05
23930.0 4.9949e-05
23950.0 4.9506e-05
23970.0 4.9162e-05
23990.0 4.8893e-05
24010.0 4.8714e-05
24030.0 4.8623e-05
24050.0 4.8607e-05
24070.0 4.8668e-05
24090.0 4.8792e-05
24110.0 4.8967e-05
24130.0 4.9196e-05
24150.0 4.9473e-05
24170.0 4.9772e-05
24190.0 5.0109e-05
24210.0 5.0489e-05
24230.0 5.0883e-05
24250.0 5.1291e-05
24270.0 5.1733e-05
24290.0 5.2203e-05
24310.0 5.2656e-05
24330.0 5.3132e-05
24350.0 5.3635e-05
24370.0 5.4135e-05
24390.0 5.4632e-05
24410.0 5.5176e-05
24430.0 5.5722e-05
24450.0 5.626e-05
24470.0 5.6817e-05
24490.0 5.7401e-05
24510.0 5.7968e-05
24530.0 5.8521e-05
24550.0 5.9088e-05
24570.0 5.9632e-05
24590.0 6.0126e-05
24610.0 6.0588e-05
24630.0 6.1012e-05
24650.0 6.1343e-05
24670.0 6.1597e-05
24690.0 6.1777e-05
24710.0 6.1866e-05
24730.0 6.1869e-05
24750.0 6.1793e-05
24770.0 6.1635e-05
24790.0 6.1408e-05
24810.0 6.1108e-05
24830.0 6.0682e-05
24850.0 6.007e-05
24870.0 5.9176e-05
24890.0 5.773e-05
24910.0 5.5416e-05
24930.0 5.2103e-05
24950.0 4.7578e-05
24970.0 4.1478e-05
24990.0 3.4492e-05
