#lamb flux
1010.0 0.00013271
1030.0 0.00013514
1050.0 0.00014527
1070.0 0.00015624
1090.0 0.00016805
1110.0 0.00017868
1130.0 0.00018795
1150.0 0.00019681
1170.0 0.00020511
1190.0 0.00021165
1210.0 0.00021788
1230.0 0.00022429
1250.0 0.00023028
1270.0 0.00023602
1290.0 0.00024291
1310.0 0.00025034
1330.0 0.00025801
1350.0 0.00026683
1370.0 0.00027726
1390.0 0.00028876
1410.0 0.0003015
1430.0 0.00031662
1450.0 0.0003338
1470.0 0.00035281
1490.0 0.00037447
1510.0 0.00039968
1530.0 0.0004272
1550.0 0.00045781
1570.0 0.00049248
1590.0 0.00053104
1610.0 0.00057292
1630.0 0.00061956
1650.0 0.00067117
1670.0 0.00072678
1690.0 0.00078678
1710.0 0.00085222
1730.0 0.00092241
1750.0 0.00099551
1770.0 0.0010732
1790.0 0.001155
1810.0 0.0012389
1830.0 0.0013245
1850.0 0.0014133
1870.0 0.0015018
1890.0 0.0015887
1910.0 0.0016746
1930.0 0.0017588
1950.0 0.0018377
1970.0 0.0019115
1990.0 0.0019809
2010.0 0.0020433
2030.0 0.0020973
2050.0 0.0021447
2070.0 0.0021852
2090.0 0.0022153
2110.0 0.0022372
2130.0 0.0022522
2150.0 0.002259
2170.0 0.0022571
2190.0 0.00225
2210.0 0.0022372
2230.0 0.0022179
2250.0 0.002194
2270.0 0.002168
2290.0 0.0021381
2310.0 0.0021049
2330.0 0.0020712
2350.0 0.0020372
2370.0 0.002002
2390.0 0.0019678
2410.0 0.0019365
2430.0 0.0019067
2450.0 0.0018795
2470.0 0.0018572
2490.0 0.0018409
2510.0 0.0018296
2530.0 0.0018291
2550.0 0.0018465
2570.0 0.001888
2590.0 0.0019619
2610.0 0.0020925
2630.0 0.0022852
2650.0 0.002531
2670.0 0.0028375
2690.0 0.0032013
2710.0 0.0035818
2730.0 0.0039622
2750.0 0.0043587
2770.0 0.0047469
2790.0 0.0051197
2810.0 0.0055029
2830.0 0.0059202
2850.0 0.0063402
2870.0 0.0067843
2890.0 0.0072723
2910.0 0.0077912
2930.0 0.0083225
2950.0 0.0088996
2970.0 0.0095184
2990.0 0.010154
3010.0 0.010817
3030.0 0.011529
3050.0 0.012267
3070.0 0.012994
3090.0 0.01373
3110.0 0.014435
3130.0 0.015051
3150.0 0.015549
3170.0 0.015885
3190.0 0.016041
3210.0 0.016055
3230.0 0.015964
3250.0 0.015847
3270.0 0.015812
3290.0 0.015884
3310.0 0.016067
3330.0 0.016366
3350.0 0.016739
3370.0 0.017182
3390.0 0.017759
3410.0 0.018262
3430.0 0.018755
3450.0 0.019244
3470.0 0.019829
3490.0 0.021285
3510.0 0.0248
3530.0 0.029787
3550.0 0.034399
3570.0 0.037485
3590.0 0.039028
3610.0 0.038837
3630.0 0.037803
3650.0 0.040688
3670.0 0.047932
3690.0 0.054106
3710.0 0.057976
3730.0 0.061462
3750.0 0.064964
3770.0 0.064108
3790.0 0.060044
3810.0 0.055976
3830.0 0.052328
3850.0 0.051884
3870.0 0.056308
3890.0 0.061148
3910.0 0.064391
3930.0 0.067249
3950.0 0.074246
3970.0 0.080324
3990.0 0.076708
4010.0 0.067154
4030.0 0.058625
4050.0 0.056104
4070.0 0.056683
4090.0 0.056023
4110.0 0.055018
4130.0 0.054199
4150.0 0.05456
4170.0 0.058795
4190.0 0.064386
4210.0 0.064007
4230.0 0.061083
4250.0 0.060001
4270.0 0.060743
4290.0 0.064101
4310.0 0.067395
4330.0 0.064263
4350.0 0.055729
4370.0 0.048744
4390.0 0.04347
4410.0 0.038981
4430.0 0.038663
4450.0 0.041756
4470.0 0.044463
4490.0 0.047933
4510.0 0.054912
4530.0 0.070116
4550.0 0.091004
4570.0 0.1038
4590.0 0.11089
4610.0 0.12314
4630.0 0.13271
4650.0 0.12476
4670.0 0.10267
4690.0 0.083512
4710.0 0.074635
4730.0 0.071771
4750.0 0.066629
4770.0 0.062158
4790.0 0.065435
4810.0 0.07167
4830.0 0.072748
4850.0 0.068253
4870.0 0.067105
4890.0 0.072107
4910.0 0.0768
4930.0 0.07775
4950.0 0.075406
4970.0 0.070464
4990.0 0.063347
5010.0 0.057111
5030.0 0.053384
5050.0 0.051512
5070.0 0.049992
5090.0 0.04824
5110.0 0.047596
5130.0 0.047679
5150.0 0.049453
5170.0 0.054764
5190.0 0.061962
5210.0 0.070254
5230.0 0.076135
5250.0 0.079519
5270.0 0.084153
5290.0 0.089913
5310.0 0.092538
5330.0 0.089744
5350.0 0.084965
5370.0 0.084775
5390.0 0.090791
5410.0 0.099329
5430.0 0.10545
5450.0 0.10778
5470.0 0.10674
5490.0 0.10349
5510.0 0.10092
5530.0 0.10006
5550.0 0.10022
5570.0 0.099914
5590.0 0.097904
5610.0 0.09424
5630.0 0.088248
5650.0 0.081001
5670.0 0.076233
5690.0 0.074476
5710.0 0.073928
5730.0 0.073605
5750.0 0.07264
5770.0 0.071531
5790.0 0.07179
5810.0 0.072047
5830.0 0.072638
5850.0 0.073258
5870.0 0.071958
5890.0 0.069268
5910.0 0.065469
5930.0 0.059167
5950.0 0.053404
5970.0 0.051458
5990.0 0.052789
6010.0 0.053861
6030.0 0.052103
6050.0 0.05016
6070.0 0.052044
6090.0 0.056433
6110.0 0.059085
6130.0 0.057846
6150.0 0.054735
6170.0 0.052511
6190.0 0.05062
6210.0 0.047712
6230.0 0.0441
6250.0 0.042032
6270.0 0.042477
6290.0 0.043525
6310.0 0.04585
6330.0 0.049968
6350.0 0.054688
6370.0 0.057489
6390.0 0.058483
6410.0 0.0594
6430.0 0.060192
6450.0 0.061134
6470.0 0.062478
6490.0 0.0639
6510.0 0.06506
6530.0 0.065353
6550.0 0.064863
6570.0 0.062973
6590.0 0.059751
6610.0 0.057359
6630.0 0.056042
6650.0 0.054253
6670.0 0.051691
6690.0 0.049436
6710.0 0.048315
6730.0 0.047587
6750.0 0.046771
6770.0 0.046074
6790.0 0.045413
6810.0 0.044324
6830.0 0.04357
6850.0 0.044508
6870.0 0.045271
6890.0 0.044725
6910.0 0.043855
6930.0 0.043108
6950.0 0.042118
6970.0 0.040508
6990.0 0.038966
7010.0 0.038205
7030.0 0.037706
7050.0 0.036349
7070.0 0.034365
7090.0 0.033701
7110.0 0.034845
7130.0 0.037122
7150.0 0.039404
7170.0 0.040947
7190.0 0.040877
7210.0 0.03921
7230.0 0.038106
7250.0 0.038328
7270.0 0.038238
7290.0 0.037916
7310.0 0.038356
7330.0 0.039661
7350.0 0.041396
7370.0 0.042474
7390.0 0.042599
7410.0 0.04202
7430.0 0.040752
7450.0 0.039122
7470.0 0.037532
7490.0 0.036237
7510.0 0.035174
7530.0 0.03469
7550.0 0.034848
7570.0 0.035114
7590.0 0.035483
7610.0 0.03541
7630.0 0.035225
7650.0 0.035816
7670.0 0.036929
7690.0 0.038114
7710.0 0.039266
7730.0 0.040261
7750.0 0.041412
7770.0 0.042426
7790.0 0.043178
7810.0 0.043419
7830.0 0.043
7850.0 0.04179
7870.0 0.039861
7890.0 0.037891
7910.0 0.036801
7930.0 0.036129
7950.0 0.035328
7970.0 0.034714
7990.0 0.034679
8010.0 0.032901
8030.0 0.032567
8050.0 0.032158
8070.0 0.031615
8090.0 0.031078
8110.0 0.030998
8130.0 0.031093
8150.0 0.030917
8170.0 0.030624
8190.0 0.029749
8210.0 0.027994
8230.0 0.0262
8250.0 0.025214
8270.0 0.024318
8290.0 0.023154
8310.0 0.022326
8330.0 0.021913
8350.0 0.021301
8370.0 0.021221
8390.0 0.022145
8410.0 0.023508
8430.0 0.025146
8450.0 0.026961
8470.0 0.028173
8490.0 0.029319
8510.0 0.030259
8530.0 0.031174
8550.0 0.031985
8570.0 0.03255
8590.0 0.033022
8610.0 0.03382
8630.0 0.034095
8650.0 0.033416
8670.0 0.033425
8690.0 0.034129
8710.0 0.034928
8730.0 0.034976
8750.0 0.034197
8770.0 0.033935
8790.0 0.033788
8810.0 0.033101
8830.0 0.030808
8850.0 0.027985
8870.0 0.02596
8890.0 0.025018
8910.0 0.023785
8930.0 0.0221
8950.0 0.020893
8970.0 0.020614
8990.0 0.020823
9010.0 0.020818
9030.0 0.020648
9050.0 0.020499
9070.0 0.020381
9090.0 0.02027
9110.0 0.020159
9130.0 0.020049
9150.0 0.019941
9170.0 0.019832
9190.0 0.019725
9210.0 0.01962
9230.0 0.019513
9250.0 0.019407
9270.0 0.019302
9290.0 0.019198
9310.0 0.019095
9330.0 0.018993
9350.0 0.018891
9370.0 0.01879
9390.0 0.01869
9410.0 0.018591
9430.0 0.01849
9450.0 0.018378
9470.0 0.018272
9490.0 0.018187
9510.0 0.018096
9530.0 0.018006
9550.0 0.017913
9570.0 0.017819
9590.0 0.017727
9610.0 0.017635
9630.0 0.017542
9650.0 0.01745
9670.0 0.01736
9690.0 0.017269
9710.0 0.017179
9730.0 0.01709
9750.0 0.017001
9770.0 0.016911
9790.0 0.016823
9810.0 0.016736
9830.0 0.016647
9850.0 0.016554
9870.0 0.016469
9890.0 0.016385
9910.0 0.016299
9930.0 0.016213
9950.0 0.016126
9970.0 0.01604
9990.0 0.015953
10010.0 0.015861
10030.0 0.015772
10050.0 0.015691
10070.0 0.01561
10090.0 0.015528
10110.0 0.015438
10130.0 0.015317
10150.0 0.015238
10170.0 0.015166
10190.0 0.015086
10210.0 0.015006
10230.0 0.014926
10250.0 0.014839
10270.0 0.014753
10290.0 0.014669
10310.0 0.014581
10330.0 0.014489
10350.0 0.014402
10370.0 0.014315
10390.0 0.014223
10410.0 0.014132
10430.0 0.014045
10450.0 0.013954
10470.0 0.01386
10490.0 0.013769
10510.0 0.013679
10530.0 0.013581
10550.0 0.013486
10570.0 0.013394
10590.0 0.013298
10610.0 0.013199
10630.0 0.013105
10650.0 0.013009
10670.0 0.012907
10690.0 0.012807
10710.0 0.012709
10730.0 0.012607
10750.0 0.0125
10770.0 0.0124
10790.0 0.012298
10810.0 0.012191
10830.0 0.012085
10850.0 0.011983
10870.0 0.011872
10890.0 0.011761
10910.0 0.011655
10930.0 0.011547
10950.0 0.011435
10970.0 0.011326
10990.0 0.011223
11010.0 0.010696
11030.0 0.010583
11050.0 0.010477
11070.0 0.010375
11090.0 0.01027
11110.0 0.010175
11130.0 0.010086
11150.0 0.0099989
11170.0 0.0099171
11190.0 0.0098447
11210.0 0.0097761
11230.0 0.009712
11250.0 0.0096561
11270.0 0.009607
11290.0 0.0095615
11310.0 0.0095215
11330.0 0.0094883
11350.0 0.0094578
11370.0 0.0094298
11390.0 0.0094048
11410.0 0.0093813
11430.0 0.0093567
11450.0 0.0093319
11470.0 0.0093063
11490.0 0.0092779
11510.0 0.0092454
11530.0 0.0092105
11550.0 0.0091719
11570.0 0.0091271
11590.0 0.0090776
11610.0 0.0090243
11630.0 0.0089635
11650.0 0.0088946
11670.0 0.0088222
11690.0 0.0087435
11710.0 0.008655
11730.0 0.0085602
11750.0 0.0084623
11770.0 0.0083537
11790.0 0.0082366
11810.0 0.0081167
11830.0 0.0079912
11850.0 0.0078536
11870.0 0.0077154
11890.0 0.0075785
11910.0 0.0074355
11930.0 0.00729
11950.0 0.0071506
11970.0 0.0070118
11990.0 0.0068703
12010.0 0.0067365
12030.0 0.00661
12050.0 0.0064851
12070.0 0.0063637
12090.0 0.0062552
12110.0 0.0061512
12130.0 0.006051
12150.0 0.0059597
12170.0 0.0058775
12190.0 0.0057981
12210.0 0.0057273
12230.0 0.0056666
12250.0 0.0056132
12270.0 0.0055667
12290.0 0.0055295
12310.0 0.0055007
12330.0 0.0054784
12350.0 0.0054633
12370.0 0.0054545
12390.0 0.0054509
12410.0 0.0054526
12430.0 0.0054575
12450.0 0.0054652
12470.0 0.0054755
12490.0 0.0054874
12510.0 0.0054991
12530.0 0.0055117
12550.0 0.0055244
12570.0 0.0055355
12590.0 0.0055447
12610.0 0.0055523
12630.0 0.0055566
12650.0 0.0055566
12670.0 0.0055524
12690.0 0.0055432
12710.0 0.0055284
12730.0 0.0055081
12750.0 0.0054807
12770.0 0.0054474
12790.0 0.0054092
12810.0 0.0053649
12830.0 0.0053146
12850.0 0.0052623
12870.0 0.0052074
12890.0 0.0051486
12910.0 0.0050893
12930.0 0.0050313
12950.0 0.0049718
12970.0 0.0049124
12990.0 0.0048571
13010.0 0.0048035
13030.0 0.0047506
13050.0 0.0047007
13070.0 0.0046544
13090.0 0.0046088
13110.0 0.004565
13130.0 0.0045244
13150.0 0.0044857
13170.0 0.0044474
13190.0 0.004412
13210.0 0.0043793
13230.0 0.0043475
13250.0 0.0043172
13270.0 0.0042894
13290.0 0.0042627
13310.0 0.0042365
13330.0 0.0042118
13350.0 0.0041881
13370.0 0.0041641
13390.0 0.0041397
13410.0 0.004116
13430.0 0.0040911
13450.0 0.0040645
13470.0 0.004037
13490.0 0.0040085
13510.0 0.0039767
13530.0 0.0039432
13550.0 0.003909
13570.0 0.0038726
13590.0 0.0038335
13610.0 0.003794
13630.0 0.0037543
13650.0 0.0037121
13670.0 0.0036694
13690.0 0.0036277
13710.0 0.0035852
13730.0 0.0035407
13750.0 0.0034988
13770.0 0.0034575
13790.0 0.0034155
13810.0 0.0033741
13830.0 0.0033351
13850.0 0.0032956
13870.0 0.0032564
13890.0 0.0032196
13910.0 0.0031843
13930.0 0.0031491
13950.0 0.0031157
13970.0 0.0030857
13990.0 0.0030565
14010.0 0.0030287
14030.0 0.0030036
14050.0 0.0029804
14070.0 0.0029577
14090.0 0.0029371
14110.0 0.0029184
14130.0 0.0029004
14150.0 0.0028831
14170.0 0.0028674
14190.0 0.0028523
14210.0 0.0028372
14230.0 0.0028228
14250.0 0.0028092
14270.0 0.0027952
14290.0 0.0027811
14310.0 0.0027678
14330.0 0.0027544
14350.0 0.0027407
14370.0 0.0027272
14390.0 0.0027143
14410.0 0.0027009
14430.0 0.0026876
14450.0 0.0026749
14470.0 0.0026624
14490.0 0.0026496
14510.0 0.0026374
14530.0 0.0026257
14550.0 0.0026137
14570.0 0.0026015
14590.0 0.0025897
14610.0 0.0025772
14630.0 0.0025638
14650.0 0.0025504
14670.0 0.0025369
14690.0 0.0025228
14710.0 0.0025088
14730.0 0.0024966
14750.0 0.0024856
14770.0 0.0024767
14790.0 0.0024712
14810.0 0.0024698
14830.0 0.002473
14850.0 0.002482
14870.0 0.0024964
14890.0 0.0025165
14910.0 0.0025423
14930.0 0.002571
14950.0 0.0026011
14970.0 0.0026323
14990.0 0.0026612
15010.0 0.0026856
15030.0 0.0027061
15050.0 0.0027222
15070.0 0.0027334
15090.0 0.0027416
15110.0 0.0027476
15130.0 0.0027522
15150.0 0.0027561
15170.0 0.0027597
15190.0 0.0027631
15210.0 0.0027665
15230.0 0.0027701
15250.0 0.0027736
15270.0 0.0027773
15290.0 0.002781
15310.0 0.0027849
15330.0 0.0027888
15350.0 0.0027928
15370.0 0.0027969
15390.0 0.0028011
15410.0 0.0028053
15430.0 0.0028097
15450.0 0.0028141
15470.0 0.0028186
15490.0 0.0028232
15510.0 0.0028278
15530.0 0.0028325
15550.0 0.0028373
15570.0 0.0028423
15590.0 0.0028472
15610.0 0.0028522
15630.0 0.0028573
15650.0 0.0028625
15670.0 0.0028677
15690.0 0.0028729
15710.0 0.0028783
15730.0 0.0028837
15750.0 0.0028892
15770.0 0.0028948
15790.0 0.0029004
15810.0 0.002906
15830.0 0.0029117
15850.0 0.0029175
15870.0 0.0029233
15890.0 0.0029292
15910.0 0.0029351
15930.0 0.0029411
15950.0 0.0029471
15970.0 0.0029531
15990.0 0.0029593
16010.0 0.0029654
16030.0 0.0029715
16050.0 0.0029778
16070.0 0.0029841
16090.0 0.0029903
16110.0 0.0029967
16130.0 0.003003
16150.0 0.0030094
16170.0 0.0030158
16190.0 0.0030222
16210.0 0.0030287
16230.0 0.0030352
16250.0 0.0030417
16270.0 0.0030482
16290.0 0.0030547
16310.0 0.0030613
16330.0 0.0030678
16350.0 0.0030744
16370.0 0.0030809
16390.0 0.0030875
16410.0 0.0030941
16430.0 0.0031007
16450.0 0.0031073
16470.0 0.0031139
16490.0 0.0031204
16510.0 0.003127
16530.0 0.0031335
16550.0 0.0031401
16570.0 0.0031466
16590.0 0.0031531
16610.0 0.0031596
16630.0 0.0031661
16650.0 0.0031725
16670.0 0.0031789
16690.0 0.0031854
16710.0 0.0031917
16730.0 0.003198
16750.0 0.0032043
16770.0 0.0032106
16790.0 0.0032167
16810.0 0.0032229
16830.0 0.0032291
16850.0 0.0032351
16870.0 0.0032412
16890.0 0.0032472
16910.0 0.0032531
16930.0 0.0032589
16950.0 0.0032647
16970.0 0.0032705
16990.0 0.0032761
17010.0 0.0032818
17030.0 0.0032873
17050.0 0.0032928
17070.0 0.0032982
17090.0 0.0033035
17110.0 0.0033088
17130.0 0.0033139
17150.0 0.003319
17170.0 0.003324
17190.0 0.0033289
17210.0 0.0033337
17230.0 0.0033385
17250.0 0.0033431
17270.0 0.0033476
17290.0 0.0033521
17310.0 0.0033564
17330.0 0.0033606
17350.0 0.0033647
17370.0 0.0033688
17390.0 0.0033727
17410.0 0.0033765
17430.0 0.0033802
17450.0 0.0033838
17470.0 0.0033872
17490.0 0.0033905
17510.0 0.0033937
17530.0 0.0033968
17550.0 0.0033997
17570.0 0.0034026
17590.0 0.0034053
17610.0 0.0034078
17630.0 0.0034102
17650.0 0.0034125
17670.0 0.0034147
17690.0 0.0034166
17710.0 0.0034185
17730.0 0.0034203
17750.0 0.0034218
17770.0 0.0034233
17790.0 0.0034246
17810.0 0.0034257
17830.0 0.0034267
17850.0 0.0034275
17870.0 0.0034282
17890.0 0.0034287
17910.0 0.003429
17930.0 0.0034293
17950.0 0.0034293
17970.0 0.0034291
17990.0 0.0034289
18010.0 0.0034285
18030.0 0.0034278
18050.0 0.003427
18070.0 0.0034261
18090.0 0.003425
18110.0 0.0034237
18130.0 0.0034223
18150.0 0.0034207
18170.0 0.0034188
18190.0 0.0034169
18210.0 0.0034148
18230.0 0.0034124
18250.0 0.0034099
18270.0 0.0034073
18290.0 0.0034045
18310.0 0.0034015
18330.0 0.0033983
18350.0 0.003395
18370.0 0.0033914
18390.0 0.0033877
18410.0 0.0033838
18430.0 0.0033798
18450.0 0.0033755
18470.0 0.0033711
18490.0 0.0033665
18510.0 0.0033618
18530.0 0.0033568
18550.0 0.0033517
18570.0 0.0033465
18590.0 0.003341
18610.0 0.0033353
18630.0 0.0033295
18650.0 0.0033235
18670.0 0.0033174
18690.0 0.0033111
18710.0 0.0033046
18730.0 0.0032979
18750.0 0.003291
18770.0 0.0032841
18790.0 0.0032768
18810.0 0.0032695
18830.0 0.003262
18850.0 0.0032543
18870.0 0.0032464
18890.0 0.0032385
18910.0 0.0032303
18930.0 0.003222
18950.0 0.0032135
18970.0 0.0032048
18990.0 0.003196
19010.0 0.003187
19030.0 0.0031779
19050.0 0.0031687
19070.0 0.0031592
19090.0 0.0031497
19110.0 0.00314
19130.0 0.0031301
19150.0 0.0031201
19170.0 0.0031099
19190.0 0.0030997
19210.0 0.0030892
19230.0 0.0030786
19250.0 0.0030679
19270.0 0.0030571
19290.0 0.0030461
19310.0 0.003035
19330.0 0.0030238
19350.0 0.0030124
19370.0 0.0030009
19390.0 0.0029893
19410.0 0.0029776
19430.0 0.0029657
19450.0 0.0029538
19470.0 0.0029417
19490.0 0.0029295
19510.0 0.0029172
19530.0 0.0029048
19550.0 0.0028923
19570.0 0.0028797
19590.0 0.002867
19610.0 0.0028542
19630.0 0.0028412
19650.0 0.0028282
19670.0 0.0028152
19690.0 0.002802
19710.0 0.0027887
19730.0 0.0027753
19750.0 0.0027619
19770.0 0.0027483
19790.0 0.0027347
19810.0 0.0027211
19830.0 0.0027072
19850.0 0.0026933
19870.0 0.0026791
19890.0 0.0026643
19910.0 0.0026487
19930.0 0.0026318
19950.0 0.0026131
19970.0 0.0025914
19990.0 0.0025663
20010.0 0.0025382
20030.0 0.002506
20050.0 0.0024698
20070.0 0.0024315
20090.0 0.0023914
20110.0 0.002348
20130.0 0.0023049
20150.0 0.0022626
20170.0 0.0022198
20190.0 0.002177
20210.0 0.0021361
20230.0 0.002096
20250.0 0.0020558
20270.0 0.0020172
20290.0 0.0019806
20310.0 0.0019445
20330.0 0.001909
20350.0 0.0018766
20370.0 0.0018453
20390.0 0.0018151
20410.0 0.0017868
20430.0 0.0017606
20450.0 0.0017353
20470.0 0.0017117
20490.0 0.0016901
20510.0 0.00167
20530.0 0.0016512
20550.0 0.001634
20570.0 0.0016183
20590.0 0.0016036
20610.0 0.0015901
20630.0 0.0015777
20650.0 0.0015661
20670.0 0.0015553
20690.0 0.0015451
20710.0 0.0015354
20730.0 0.001526
20750.0 0.0015169
20770.0 0.0015077
20790.0 0.0014984
20810.0 0.001489
20830.0 0.0014793
20850.0 0.0014692
20870.0 0.0014586
20890.0 0.0014474
20910.0 0.0014356
20930.0 0.0014233
20950.0 0.0014102
20970.0 0.0013965
20990.0 0.0013823
21010.0 0.0013672
21030.0 0.0013516
21050.0 0.0013357
21070.0 0.0013192
21090.0 0.001302
21110.0 0.0012847
21130.0 0.0012673
21150.0 0.0012494
21170.0 0.0012314
21190.0 0.0012136
21210.0 0.0011955
21230.0 0.0011772
21250.0 0.0011594
21270.0 0.0011417
21290.0 0.001124
21310.0 0.0011065
21330.0 0.0010897
21350.0 0.0010729
21370.0 0.0010564
21390.0 0.0010405
21410.0 0.001025
21430.0 0.0010096
21450.0 0.000995
21470.0 0.00098106
21490.0 0.00096746
21510.0 0.00095433
21530.0 0.00094196
21550.0 0.00093006
21570.0 0.00091853
21590.0 0.00090761
21610.0 0.00089724
21630.0 0.00088722
21650.0 0.00087755
21670.0 0.0008684
21690.0 0.00085953
21710.0 0.00085088
21730.0 0.0008425
21750.0 0.00083434
21770.0 0.00082625
21790.0 0.00081827
21810.0 0.0008104
21830.0 0.00080256
21850.0 0.00079469
21870.0 0.00078684
21890.0 0.000779
21910.0 0.00077106
21930.0 0.00076306
21950.0 0.00075506
21970.0 0.00074696
21990.0 0.00073869
22010.0 0.00073042
22030.0 0.00072209
22050.0 0.0007136
22070.0 0.000705
22090.0 0.00069642
22110.0 0.00068768
22130.0 0.00067875
22150.0 0.00066981
22170.0 0.00066082
22190.0 0.00065156
22210.0 0.00064221
22230.0 0.00063295
22250.0 0.00062351
22270.0 0.0006139
22290.0 0.00060437
22310.0 0.00059482
22330.0 0.00058499
22350.0 0.00057521
22370.0 0.00056554
22390.0 0.00055575
22410.0 0.00054581
22430.0 0.00053613
22450.0 0.00052651
22470.0 0.00051676
22490.0 0.00050713
22510.0 0.00049776
22530.0 0.00048828
22550.0 0.00047884
22570.0 0.00046976
22590.0 0.00046083
22610.0 0.00045193
22630.0 0.00044331
22650.0 0.00043509
22670.0 0.00042695
22690.0 0.00041903
22710.0 0.00041153
22730.0 0.00040431
22750.0 0.0003972
22770.0 0.00039052
22790.0 0.00038424
22810.0 0.00037816
22830.0 0.00037236
22850.0 0.00036695
22870.0 0.00036179
22890.0 0.00035683
22910.0 0.00035217
22930.0 0.00034778
22950.0 0.00034357
22970.0 0.00033955
22990.0 0.00033577
23010.0 0.00033214
23030.0 0.00032864
23050.0 0.00032528
23070.0 0.00032204
23090.0 0.00031886
23110.0 0.00031574
23130.0 0.00031268
23150.0 0.00030964
23170.0 0.00030658
23190.0 0.00030351
23210.0 0.00030042
23230.0 0.00029725
23250.0 0.000294
23270.0 0.00029068
23290.0 0.00028724
23310.0 0.00028364
23330.0 0.00027995
23350.0 0.00027617
23370.0 0.0002722
23390.0 0.00026812
23410.0 0.00026402
23430.0 0.00025979
23450.0 0.00025546
23470.0 0.00025117
23490.0 0.00024692
23510.0 0.00024262
23530.0 0.00023843
23550.0 0.00023446
23570.0 0.00023059
23590.0 0.00022689
23610.0 0.00022346
23630.0 0.00022029
23650.0 0.00021733
23670.0 0.00021471
23690.0 0.00021243
23710.0 0.00021048
23730.0 0.00020889
23750.0 0.00020767
23770.0 0.00020682
23790.0 0.00020639
23810.0 0.00020634
23830.0 0.0002066
23850.0 0.00020734
23870.0 0.00020849
23890.0 0.00020984
23910.0 0.0002115
23930.0 0.00021352
23950.0 0.00021568
23970.0 0.00021781
23990.0 0.00022017
24010.0 0.00022256
24030.0 0.00022473
24050.0 0.00022677
24070.0 0.00022884
24090.0 0.00023051
24110.0 0.00023184
24130.0 0.000233
24150.0 0.0002339
24170.0 0.00023443
24190.0 0.00023476
24210.0 0.00023495
24230.0 0.00023489
24250.0 0.00023464
24270.0 0.00023433
24290.0 0.00023396
24310.0 0.00023344
24330.0 0.00023292
24350.0 0.00023243
24370.0 0.00023191
24390.0 0.00023139
24410.0 0.00023098
24430.0 0.0002306
24450.0 0.00023021
24470.0 0.00022987
24490.0 0.00022961
24510.0 0.00022932
24530.0 0.000229
24550.0 0.00022873
24570.0 0.00022843
24590.0 0.00022807
24610.0 0.0002277
24630.0 0.00022735
24650.0 0.00022692
24670.0 0.00022647
24690.0 0.00022606
24710.0 0.00022566
24730.0 0.00022524
24750.0 0.00022491
24770.0 0.00022463
24790.0 0.00022431
24810.0 0.00022391
24830.0 0.00022329
24850.0 0.000222
24870.0 0.00021949
24890.0 0.00021484
24910.0 0.00020675
24930.0 0.0001946
24950.0 0.0001777
24970.0 0.000155
24990.0 0.00013271
