#lamb flux
1010.0 3.3912e-05
1030.0 3.5652e-05
1050.0 3.7658e-05
1070.0 3.9917e-05
1090.0 4.2484e-05
1110.0 4.512e-05
1130.0 4.7775e-05
1150.0 5.056e-05
1170.0 5.3436e-05
1190.0 5.6169e-05
1210.0 5.8943e-05
1230.0 6.1813e-05
1250.0 6.4632e-05
1270.0 6.7376e-05
1290.0 7.0279e-05
1310.0 7.3187e-05
1330.0 7.5984e-05
1350.0 7.882e-05
1370.0 8.1753e-05
1390.0 8.4622e-05
1410.0 8.7416e-05
1430.0 9.0342e-05
1450.0 9.3277e-05
1470.0 9.6124e-05
1490.0 9.9009e-05
1510.0 0.00010206
1530.0 0.00010496
1550.0 0.00010784
1570.0 0.00011082
1590.0 0.0001138
1610.0 0.00011666
1630.0 0.00011962
1650.0 0.00012265
1670.0 0.00012559
1690.0 0.00012849
1710.0 0.00013151
1730.0 0.00013453
1750.0 0.00013739
1770.0 0.00014032
1790.0 0.0001433
1810.0 0.00014619
1830.0 0.00014902
1850.0 0.00015202
1870.0 0.00015493
1890.0 0.00015774
1910.0 0.0001606
1930.0 0.00016353
1950.0 0.00016632
1970.0 0.00016907
1990.0 0.00017193
2010.0 0.00017475
2030.0 0.00017746
2050.0 0.00018027
2070.0 0.00018317
2090.0 0.00018592
2110.0 0.00018868
2130.0 0.00019156
2150.0 0.00019441
2170.0 0.00019719
2190.0 0.00020011
2210.0 0.00020311
2230.0 0.00020605
2250.0 0.00020905
2270.0 0.00021225
2290.0 0.00021544
2310.0 0.00021861
2330.0 0.00022196
2350.0 0.00022545
2370.0 0.00022893
2390.0 0.00023255
2410.0 0.00023644
2430.0 0.00024036
2450.0 0.00024429
2470.0 0.00024832
2490.0 0.00025229
2510.0 0.00025601
2530.0 0.00025983
2550.0 0.00026436
2570.0 0.00027056
2590.0 0.00027981
2610.0 0.00029503
2630.0 0.00031807
2650.0 0.00034886
2670.0 0.0003886
2690.0 0.00043718
2710.0 0.00048952
2730.0 0.00054269
2750.0 0.00059764
2770.0 0.00065024
2790.0 0.00069878
2810.0 0.00074576
2830.0 0.00079344
2850.0 0.00083885
2870.0 0.00088462
2890.0 0.00093288
2910.0 0.00098251
2930.0 0.0010318
2950.0 0.0010838
2970.0 0.001138
2990.0 0.001192
3010.0 0.002372
3030.0 0.0024806
3050.0 0.0025901
3070.0 0.0026939
3090.0 0.0027953
3110.0 0.0028852
3130.0 0.0029495
3150.0 0.0029764
3170.0 0.0029428
3190.0 0.0028353
3210.0 0.0026519
3230.0 0.0024289
3250.0 0.0024315
3270.0 0.0018073
3290.0 0.0020291
3310.0 0.0014579
3330.0 0.0015689
3350.0 0.0017672
3370.0 0.001976
3390.0 0.0021899
3410.0 0.0024029
3430.0 0.0026201
3450.0 0.0028358
3470.0 0.0030404
3490.0 0.0031889
3510.0 0.0034602
3530.0 0.0040446
3550.0 0.004607
3570.0 0.0051633
3590.0 0.0063386
3610.0 0.0061602
3630.0 0.0066569
3650.0 0.0065373
3670.0 0.0071105
3690.0 0.0077653
3710.0 0.0082161
3730.0 0.0094795
3750.0 0.0098769
3770.0 0.010004
3790.0 0.009516
3810.0 0.0083906
3830.0 0.0077137
3850.0 0.0067826
3870.0 0.0073926
3890.0 0.0084113
3910.0 0.009918
3930.0 0.011507
3950.0 0.012503
3970.0 0.014225
3990.0 0.014636
4010.0 0.01423
4030.0 0.014456
4050.0 0.013266
4070.0 0.012699
4090.0 0.012363
4110.0 0.011796
4130.0 0.012728
4150.0 0.01227
4170.0 0.012253
4190.0 0.012014
4210.0 0.012879
4230.0 0.012346
4250.0 0.013313
4270.0 0.013277
4290.0 0.013338
4310.0 0.014236
4330.0 0.015161
4350.0 0.01527
4370.0 0.014955
4390.0 0.014245
4410.0 0.012607
4430.0 0.0105
4450.0 0.0096893
4470.0 0.0099764
4490.0 0.0099696
4510.0 0.011286
4530.0 0.01238
4550.0 0.014609
4570.0 0.018918
4590.0 0.023127
4610.0 0.025306
4630.0 0.02903
4650.0 0.031753
4670.0 0.031971
4690.0 0.029164
4710.0 0.027086
4730.0 0.024057
4750.0 0.019728
4770.0 0.016664
4790.0 0.014849
4810.0 0.016205
4830.0 0.018002
4850.0 0.020216
4870.0 0.019314
4890.0 0.022103
4910.0 0.023088
4930.0 0.025186
4950.0 0.02953
4970.0 0.0314
4990.0 0.033076
5010.0 0.030603
5030.0 0.025689
5050.0 0.02095
5070.0 0.016632
5090.0 0.014979
5110.0 0.014715
5130.0 0.014469
5150.0 0.015149
5170.0 0.014647
5190.0 0.01545
5210.0 0.015718
5230.0 0.016872
5250.0 0.019733
5270.0 0.021405
5290.0 0.023205
5310.0 0.026087
5330.0 0.028188
5350.0 0.028812
5370.0 0.028805
5390.0 0.028155
5410.0 0.027589
5430.0 0.027908
5450.0 0.031203
5470.0 0.036535
5490.0 0.041693
5510.0 0.046484
5530.0 0.047596
5550.0 0.04704
5570.0 0.045729
5590.0 0.044504
5610.0 0.043916
5630.0 0.043857
5650.0 0.04398
5670.0 0.043314
5690.0 0.040248
5710.0 0.036682
5730.0 0.032691
5750.0 0.03051
5770.0 0.028786
5790.0 0.029302
5810.0 0.030753
5830.0 0.03173
5850.0 0.030659
5870.0 0.029041
5890.0 0.028386
5910.0 0.027466
5930.0 0.026786
5950.0 0.026028
5970.0 0.02487
5990.0 0.021873
6010.0 0.01896
6030.0 0.017323
6050.0 0.016758
6070.0 0.016365
6090.0 0.016347
6110.0 0.016682
6130.0 0.016837
6150.0 0.017844
6170.0 0.019749
6190.0 0.021758
6210.0 0.022833
6230.0 0.023142
6250.0 0.021285
6270.0 0.018798
6290.0 0.016156
6310.0 0.014124
6330.0 0.013052
6350.0 0.012681
6370.0 0.013315
6390.0 0.014928
6410.0 0.017541
6430.0 0.020934
6450.0 0.023778
6470.0 0.02593
6490.0 0.027777
6510.0 0.028537
6530.0 0.028332
6550.0 0.028465
6570.0 0.028767
6590.0 0.028408
6610.0 0.028696
6630.0 0.028176
6650.0 0.027284
6670.0 0.025705
6690.0 0.023523
6710.0 0.022579
6730.0 0.021368
6750.0 0.021359
6770.0 0.021938
6790.0 0.0227
6810.0 0.02311
6830.0 0.022674
6850.0 0.021749
6870.0 0.021068
6890.0 0.020075
6910.0 0.019128
6930.0 0.019607
6950.0 0.019856
6970.0 0.020659
6990.0 0.021468
7010.0 0.021282
7030.0 0.020028
7050.0 0.017923
7070.0 0.015935
7090.0 0.014118
7110.0 0.013141
7130.0 0.012625
7150.0 0.01229
7170.0 0.012714
7190.0 0.012994
7210.0 0.013699
7230.0 0.015201
7250.0 0.016278
7270.0 0.016666
7290.0 0.016448
7310.0 0.015698
7330.0 0.014724
7350.0 0.014218
7370.0 0.01431
7390.0 0.015059
7410.0 0.016642
7430.0 0.018575
7450.0 0.020963
7470.0 0.022773
7490.0 0.023651
7510.0 0.02277
7530.0 0.020923
7550.0 0.018326
7570.0 0.015647
7590.0 0.014536
7610.0 0.014646
7630.0 0.015675
7650.0 0.017825
7670.0 0.019937
7690.0 0.021866
7710.0 0.023629
7730.0 0.025056
7750.0 0.026262
7770.0 0.02685
7790.0 0.027798
7810.0 0.028449
7830.0 0.028406
7850.0 0.028564
7870.0 0.02761
7890.0 0.026811
7910.0 0.025333
7930.0 0.02472
7950.0 0.023851
7970.0 0.024075
7990.0 0.023893
8010.0 0.023553
8030.0 0.023633
8050.0 0.024423
8070.0 0.023998
8090.0 0.024058
8110.0 0.023235
8130.0 0.023157
8150.0 0.022476
8170.0 0.02188
8190.0 0.021623
8210.0 0.021817
8230.0 0.020249
8250.0 0.01887
8270.0 0.016494
8290.0 0.013399
8310.0 0.010661
8330.0 0.0082914
8350.0 0.0072368
8370.0 0.0079744
8390.0 0.0089718
8410.0 0.0098721
8430.0 0.011242
8450.0 0.011908
8470.0 0.012492
8490.0 0.013972
8510.0 0.015483
8530.0 0.017991
8550.0 0.021218
8570.0 0.024064
8590.0 0.026337
8610.0 0.028465
8630.0 0.030258
8650.0 0.030613
8670.0 0.030778
8690.0 0.031846
8710.0 0.032205
8730.0 0.032665
8750.0 0.031818
8770.0 0.031917
8790.0 0.031494
8810.0 0.029316
8830.0 0.028766
8850.0 0.027209
8870.0 0.02611
8890.0 0.02474
8910.0 0.025621
8930.0 0.024008
8950.0 0.023275
8970.0 0.023044
8990.0 0.022465
9010.0 0.022276
9030.0 0.021631
9050.0 0.021505
9070.0 0.021452
9090.0 0.021399
9110.0 0.021349
9130.0 0.021292
9150.0 0.021231
9170.0 0.021138
9190.0 0.020998
9210.0 0.021129
9230.0 0.021019
9250.0 0.020932
9270.0 0.020849
9290.0 0.020769
9310.0 0.020691
9330.0 0.020614
9350.0 0.020536
9370.0 0.020457
9390.0 0.020377
9410.0 0.020297
9430.0 0.020214
9450.0 0.020125
9470.0 0.020037
9490.0 0.019958
9510.0 0.019875
9530.0 0.01979
9550.0 0.019704
9570.0 0.019617
9590.0 0.019529
9610.0 0.01944
9630.0 0.019351
9650.0 0.019261
9670.0 0.019172
9690.0 0.019081
9710.0 0.018991
9730.0 0.018901
9750.0 0.01881
9770.0 0.018719
9790.0 0.018628
9810.0 0.018538
9830.0 0.018447
9850.0 0.018356
9870.0 0.018266
9890.0 0.018175
9910.0 0.018085
9930.0 0.017994
9950.0 0.017807
9970.0 0.017747
9990.0 0.017681
10010.0 0.017612
10030.0 0.017536
10050.0 0.017452
10070.0 0.017361
10090.0 0.017281
10110.0 0.017196
10130.0 0.017113
10150.0 0.01703
10170.0 0.016945
10190.0 0.016856
10210.0 0.016772
10230.0 0.01669
10250.0 0.016605
10270.0 0.016521
10290.0 0.016441
10310.0 0.016358
10330.0 0.016272
10350.0 0.016192
10370.0 0.016113
10390.0 0.01603
10410.0 0.015948
10430.0 0.015872
10450.0 0.015792
10470.0 0.015711
10490.0 0.015634
10510.0 0.015557
10530.0 0.015475
10550.0 0.015397
10570.0 0.015322
10590.0 0.015245
10610.0 0.015166
10630.0 0.015092
10650.0 0.015017
10670.0 0.014938
10690.0 0.014862
10710.0 0.014789
10730.0 0.014712
10750.0 0.014633
10770.0 0.014561
10790.0 0.014487
10810.0 0.01441
10830.0 0.014335
10850.0 0.014264
10870.0 0.014184
10890.0 0.014102
10910.0 0.01402
10930.0 0.01393
10950.0 0.013823
10970.0 0.013704
10990.0 0.013572
11010.0 0.012554
11030.0 0.01239
11050.0 0.012221
11070.0 0.01204
11090.0 0.011839
11110.0 0.011647
11130.0 0.011456
11150.0 0.011259
11170.0 0.011062
11190.0 0.010878
11210.0 0.01069
11230.0 0.010499
11250.0 0.010319
11270.0 0.010146
11290.0 0.0099694
11310.0 0.0097989
11330.0 0.0096472
11350.0 0.0094979
11370.0 0.0093527
11390.0 0.0092211
11410.0 0.0090992
11430.0 0.0089745
11450.0 0.008858
11470.0 0.0087496
11490.0 0.0086393
11510.0 0.0085237
11530.0 0.0084124
11550.0 0.0082984
11570.0 0.0081725
11590.0 0.0080414
11610.0 0.007909
11630.0 0.0077624
11650.0 0.0076032
11670.0 0.0074464
11690.0 0.0072846
11710.0 0.007112
11730.0 0.0069396
11750.0 0.0067757
11770.0 0.006606
11790.0 0.0064375
11810.0 0.0062812
11830.0 0.006132
11850.0 0.0059812
11870.0 0.0058449
11890.0 0.0057227
11910.0 0.0056042
11930.0 0.0054927
11950.0 0.0053946
11970.0 0.0053022
11990.0 0.0052115
12010.0 0.0051299
12030.0 0.0050558
12050.0 0.0049831
12070.0 0.0049127
12090.0 0.0048522
12110.0 0.0047942
12130.0 0.0047381
12150.0 0.0046885
12170.0 0.0046459
12190.0 0.0046053
12210.0 0.0045725
12230.0 0.0045498
12250.0 0.0045354
12270.0 0.0045306
12290.0 0.0045384
12310.0 0.0045585
12330.0 0.0045915
12350.0 0.0046386
12370.0 0.004698
12390.0 0.0047704
12410.0 0.0048584
12430.0 0.0049539
12450.0 0.0050569
12470.0 0.0051693
12490.0 0.0052862
12510.0 0.0054011
12530.0 0.0055184
12550.0 0.0056354
12570.0 0.0057451
12590.0 0.0058478
12610.0 0.0059459
12630.0 0.0060346
12650.0 0.0061106
12670.0 0.0061782
12690.0 0.0062358
12710.0 0.006282
12730.0 0.0063181
12750.0 0.0063442
12770.0 0.0063601
12790.0 0.0063672
12810.0 0.0063653
12830.0 0.0063539
12850.0 0.0063366
12870.0 0.006313
12890.0 0.0062812
12910.0 0.0062443
12930.0 0.0062044
12950.0 0.0061573
12970.0 0.0061041
12990.0 0.0060503
13010.0 0.0059926
13030.0 0.0059285
13050.0 0.005862
13070.0 0.0057955
13090.0 0.0057226
13110.0 0.0056463
13130.0 0.0055715
13150.0 0.005496
13170.0 0.0054165
13190.0 0.0053424
13210.0 0.0052746
13230.0 0.0052097
13250.0 0.0051517
13270.0 0.005105
13290.0 0.0050672
13310.0 0.0050388
13330.0 0.0050231
13350.0 0.0050185
13370.0 0.0050235
13390.0 0.0050375
13410.0 0.0050572
13430.0 0.0050806
13450.0 0.0051052
13470.0 0.0051271
13490.0 0.0051437
13510.0 0.0051529
13530.0 0.0051517
13550.0 0.0051397
13570.0 0.0051156
13590.0 0.0050783
13610.0 0.0050308
13630.0 0.0049754
13650.0 0.0049091
13670.0 0.0048368
13690.0 0.0047631
13710.0 0.0046862
13730.0 0.0046053
13750.0 0.0045307
13770.0 0.0044595
13790.0 0.0043896
13810.0 0.0043247
13830.0 0.0042669
13850.0 0.0042118
13870.0 0.0041603
13890.0 0.0041146
13910.0 0.004073
13930.0 0.0040332
13950.0 0.0039967
13970.0 0.0039646
13990.0 0.0039338
14010.0 0.0039049
14030.0 0.0038788
14050.0 0.0038547
14070.0 0.0038314
14090.0 0.0038105
14110.0 0.0037916
14130.0 0.003774
14150.0 0.0037577
14170.0 0.0037433
14190.0 0.0037302
14210.0 0.0037183
14230.0 0.0037079
14250.0 0.003699
14270.0 0.0036916
14290.0 0.003686
14310.0 0.0036821
14330.0 0.0036798
14350.0 0.0036794
14370.0 0.0036805
14390.0 0.0036823
14410.0 0.0036854
14430.0 0.0036891
14450.0 0.0036923
14470.0 0.0036951
14490.0 0.0036976
14510.0 0.0036985
14530.0 0.0036978
14550.0 0.0036962
14570.0 0.0036936
14590.0 0.00369
14610.0 0.0036863
14630.0 0.0036835
14650.0 0.0036818
14670.0 0.0036819
14690.0 0.0036853
14710.0 0.0036929
14730.0 0.0037037
14750.0 0.0037198
14770.0 0.0037424
14790.0 0.0037701
14810.0 0.0038026
14830.0 0.0038446
14850.0 0.0038922
14870.0 0.0039428
14890.0 0.0039989
14910.0 0.0040595
14930.0 0.0041174
14950.0 0.0041707
14970.0 0.0042206
14990.0 0.0042601
15010.0 0.0042869
15030.0 0.0043028
15050.0 0.0043084
15070.0 0.0043034
15090.0 0.0042918
15110.0 0.0042757
15130.0 0.0042566
15150.0 0.004236
15170.0 0.0042144
15190.0 0.0041923
15210.0 0.0041702
15230.0 0.0041481
15250.0 0.0041257
15270.0 0.0041034
15290.0 0.0040813
15310.0 0.004059
15330.0 0.0040366
15350.0 0.0040145
15370.0 0.0039923
15390.0 0.0039699
15410.0 0.0039477
15430.0 0.0039257
15450.0 0.0039035
15470.0 0.0038813
15490.0 0.0038593
15510.0 0.0038374
15530.0 0.0038153
15550.0 0.0037934
15570.0 0.0037716
15590.0 0.0037498
15610.0 0.0037279
15630.0 0.0037063
15650.0 0.0036847
15670.0 0.0036631
15690.0 0.0036417
15710.0 0.0036204
15730.0 0.003599
15750.0 0.0035778
15770.0 0.0035567
15790.0 0.0035357
15810.0 0.0035146
15830.0 0.0034938
15850.0 0.0034731
15870.0 0.0034524
15890.0 0.0034318
15910.0 0.0034114
15930.0 0.0033911
15950.0 0.0033708
15970.0 0.0033506
15990.0 0.0033307
16010.0 0.0033107
16030.0 0.0032908
16050.0 0.0032713
16070.0 0.0032517
16090.0 0.0032322
16110.0 0.0032129
16130.0 0.0031938
16150.0 0.0031746
16170.0 0.0031556
16190.0 0.0031368
16210.0 0.0031181
16230.0 0.0030995
16250.0 0.0030811
16270.0 0.0030628
16290.0 0.0030446
16310.0 0.0030265
16330.0 0.0030086
16350.0 0.0029908
16370.0 0.002973
16390.0 0.0029555
16410.0 0.0029382
16430.0 0.0029208
16450.0 0.0029037
16470.0 0.0028868
16490.0 0.0028699
16510.0 0.002853
16530.0 0.0028365
16550.0 0.00282
16570.0 0.0028036
16590.0 0.0027874
16610.0 0.0027714
16630.0 0.0027554
16650.0 0.0027396
16670.0 0.002724
16690.0 0.0027085
16710.0 0.002693
16730.0 0.0026777
16750.0 0.0026626
16770.0 0.0026476
16790.0 0.0026327
16810.0 0.002618
16830.0 0.0026034
16850.0 0.0025889
16870.0 0.0025746
16890.0 0.0025604
16910.0 0.0025463
16930.0 0.0025322
16950.0 0.0025185
16970.0 0.0025048
16990.0 0.0024912
17010.0 0.0024778
17030.0 0.0024645
17050.0 0.0024513
17070.0 0.0024382
17090.0 0.0024253
17110.0 0.0024125
17130.0 0.0023997
17150.0 0.0023872
17170.0 0.0023748
17190.0 0.0023624
17210.0 0.0023502
17230.0 0.0023382
17250.0 0.0023262
17270.0 0.0023143
17290.0 0.0023026
17310.0 0.002291
17330.0 0.0022795
17350.0 0.002268
17370.0 0.0022569
17390.0 0.0022457
17410.0 0.0022346
17430.0 0.0022237
17450.0 0.002213
17470.0 0.0022022
17490.0 0.0021916
17510.0 0.0021811
17530.0 0.0021708
17550.0 0.0021604
17570.0 0.0021503
17590.0 0.0021403
17610.0 0.0021303
17630.0 0.0021204
17650.0 0.0021107
17670.0 0.0021011
17690.0 0.0020914
17710.0 0.002082
17730.0 0.0020727
17750.0 0.0020634
17770.0 0.0020542
17790.0 0.0020453
17810.0 0.0020363
17830.0 0.0020273
17850.0 0.0020186
17870.0 0.0020099
17890.0 0.0020013
17910.0 0.0019927
17930.0 0.0019844
17950.0 0.0019761
17970.0 0.0019678
17990.0 0.0019597
18010.0 0.0019517
18030.0 0.0019436
18050.0 0.0019357
18070.0 0.001928
18090.0 0.0019202
18110.0 0.0019126
18130.0 0.0019051
18150.0 0.0018976
18170.0 0.0018902
18190.0 0.0018829
18210.0 0.0018757
18230.0 0.0018685
18250.0 0.0018613
18270.0 0.0018544
18290.0 0.0018474
18310.0 0.0018405
18330.0 0.0018338
18350.0 0.0018271
18370.0 0.0018204
18390.0 0.0018138
18410.0 0.0018074
18430.0 0.0018009
18450.0 0.0017945
18470.0 0.0017882
18490.0 0.001782
18510.0 0.0017758
18530.0 0.0017697
18550.0 0.0017638
18570.0 0.0017578
18590.0 0.0017518
18610.0 0.001746
18630.0 0.0017402
18650.0 0.0017345
18670.0 0.0017288
18690.0 0.0017232
18710.0 0.0017177
18730.0 0.0017122
18750.0 0.0017068
18770.0 0.0017015
18790.0 0.0016961
18810.0 0.0016908
18830.0 0.0016856
18850.0 0.0016805
18870.0 0.0016753
18890.0 0.0016703
18910.0 0.0016654
18930.0 0.0016604
18950.0 0.0016555
18970.0 0.0016507
18990.0 0.0016459
19010.0 0.0016411
19030.0 0.0016364
19050.0 0.0016318
19070.0 0.0016272
19090.0 0.0016226
19110.0 0.0016182
19130.0 0.0016137
19150.0 0.0016092
19170.0 0.0016049
19190.0 0.0016006
19210.0 0.0015962
19230.0 0.001592
19250.0 0.0015879
19270.0 0.0015837
19290.0 0.0015795
19310.0 0.0015755
19330.0 0.0015715
19350.0 0.0015674
19370.0 0.0015634
19390.0 0.0015596
19410.0 0.0015556
19430.0 0.0015517
19450.0 0.001548
19470.0 0.0015442
19490.0 0.0015404
19510.0 0.0015367
19530.0 0.0015331
19550.0 0.0015294
19570.0 0.0015258
19590.0 0.0015222
19610.0 0.0015187
19630.0 0.0015152
19650.0 0.0015117
19670.0 0.0015083
19690.0 0.0015048
19710.0 0.0015014
19730.0 0.0014981
19750.0 0.0014948
19770.0 0.0014914
19790.0 0.0014882
19810.0 0.001485
19830.0 0.0014817
19850.0 0.0014784
19870.0 0.0014751
19890.0 0.0014714
19910.0 0.0014673
19930.0 0.0014625
19950.0 0.0014565
19970.0 0.0014487
19990.0 0.0014387
20010.0 0.0014267
20030.0 0.0014119
20050.0 0.0013942
20070.0 0.0013748
20090.0 0.001354
20110.0 0.0013305
20130.0 0.0013067
20150.0 0.0012833
20170.0 0.0012592
20190.0 0.0012348
20210.0 0.0012117
20230.0 0.0011892
20250.0 0.0011665
20270.0 0.0011453
20290.0 0.0011258
20310.0 0.001107
20330.0 0.0010891
20350.0 0.0010739
20370.0 0.0010601
20390.0 0.0010476
20410.0 0.0010371
20430.0 0.0010287
20450.0 0.0010216
20470.0 0.0010164
20490.0 0.0010131
20510.0 0.0010113
20530.0 0.001011
20550.0 0.0010122
20570.0 0.0010145
20590.0 0.001018
20610.0 0.0010226
20630.0 0.0010277
20650.0 0.0010334
20670.0 0.0010399
20690.0 0.0010463
20710.0 0.0010526
20730.0 0.001059
20750.0 0.0010652
20770.0 0.0010706
20790.0 0.0010756
20810.0 0.0010801
20830.0 0.0010836
20850.0 0.0010862
20870.0 0.001088
20890.0 0.0010887
20910.0 0.0010885
20930.0 0.0010873
20950.0 0.001085
20970.0 0.001082
20990.0 0.0010781
21010.0 0.0010733
21030.0 0.0010678
21050.0 0.0010619
21070.0 0.0010553
21090.0 0.001048
21110.0 0.0010408
21130.0 0.0010335
21150.0 0.0010258
21170.0 0.0010182
21190.0 0.001011
21210.0 0.0010038
21230.0 0.0009967
21250.0 0.00099036
21270.0 0.00098454
21290.0 0.00097912
21310.0 0.00097443
21330.0 0.00097064
21350.0 0.00096744
21370.0 0.00096503
21390.0 0.00096349
21410.0 0.00096275
21430.0 0.00096282
21450.0 0.00096373
21470.0 0.00096535
21490.0 0.00096775
21510.0 0.0009709
21530.0 0.00097456
21550.0 0.00097881
21570.0 0.0009838
21590.0 0.00098918
21610.0 0.00099487
21630.0 0.0010011
21650.0 0.001008
21670.0 0.0010146
21690.0 0.0010217
21710.0 0.0010292
21730.0 0.0010367
21750.0 0.0010441
21770.0 0.0010521
21790.0 0.0010601
21810.0 0.0010679
21830.0 0.0010758
21850.0 0.001084
21870.0 0.0010918
21890.0 0.0010994
21910.0 0.0011071
21930.0 0.0011146
21950.0 0.0011217
21970.0 0.0011285
21990.0 0.0011354
22010.0 0.0011415
22030.0 0.0011471
22050.0 0.0011523
22070.0 0.0011569
22090.0 0.0011607
22110.0 0.0011638
22130.0 0.0011662
22150.0 0.0011677
22170.0 0.0011683
22190.0 0.0011679
22210.0 0.0011664
22230.0 0.001164
22250.0 0.0011605
22270.0 0.0011559
22290.0 0.0011504
22310.0 0.001144
22330.0 0.0011362
22350.0 0.0011276
22370.0 0.0011184
22390.0 0.0011081
22410.0 0.0010967
22430.0 0.0010851
22450.0 0.0010731
22470.0 0.00106
22490.0 0.0010467
22510.0 0.0010336
22530.0 0.0010197
22550.0 0.0010054
22570.0 0.00099171
22590.0 0.0009781
22610.0 0.00096419
22630.0 0.00095073
22650.0 0.00093815
22670.0 0.00092548
22690.0 0.00091314
22710.0 0.00090172
22730.0 0.00089083
22750.0 0.0008799
22770.0 0.00086998
22790.0 0.00086089
22810.0 0.00085207
22830.0 0.00084372
22850.0 0.00083624
22870.0 0.00082914
22890.0 0.00082225
22910.0 0.000816
22930.0 0.00081027
22950.0 0.00080473
22970.0 0.00079944
22990.0 0.00079482
23010.0 0.0007904
23030.0 0.00078615
23050.0 0.00078227
23070.0 0.00077875
23090.0 0.00077523
23110.0 0.00077197
23130.0 0.00076902
23150.0 0.0007662
23170.0 0.00076345
23190.0 0.00076094
23210.0 0.00075863
23230.0 0.00075636
23250.0 0.00075426
23270.0 0.00075239
23290.0 0.00075066
23310.0 0.00074908
23330.0 0.00074782
23350.0 0.00074683
23370.0 0.00074609
23390.0 0.00074565
23410.0 0.00074552
23430.0 0.00074567
23450.0 0.0007461
23470.0 0.00074678
23490.0 0.00074766
23510.0 0.00074876
23530.0 0.00075
23550.0 0.00075127
23570.0 0.00075264
23590.0 0.00075406
23610.0 0.00075543
23630.0 0.00075679
23650.0 0.0007582
23670.0 0.00075958
23690.0 0.00076096
23710.0 0.00076244
23730.0 0.00076412
23750.0 0.00076593
23770.0 0.00076803
23790.0 0.00077062
23810.0 0.00077368
23830.0 0.00077722
23850.0 0.00078161
23870.0 0.0007869
23890.0 0.0007928
23910.0 0.00079955
23930.0 0.00080741
23950.0 0.00081599
23970.0 0.00082496
23990.0 0.00083492
24010.0 0.00084551
24030.0 0.00085608
24050.0 0.00086688
24070.0 0.00087831
24090.0 0.00088914
24110.0 0.00089942
24130.0 0.00090962
24150.0 0.00091935
24170.0 0.00092805
24190.0 0.00093623
24210.0 0.00094394
24230.0 0.00095063
24250.0 0.00095646
24270.0 0.00096172
24290.0 0.00096631
24310.0 0.00096997
24330.0 0.00097317
24350.0 0.00097597
24370.0 0.00097836
24390.0 0.00098048
24410.0 0.00098268
24430.0 0.00098493
24450.0 0.00098735
24470.0 0.00099017
24490.0 0.00099357
24510.0 0.00099739
24530.0 0.0010016
24550.0 0.0010066
24570.0 0.001012
24590.0 0.0010175
24610.0 0.0010233
24630.0 0.0010293
24650.0 0.0010347
24670.0 0.0010398
24690.0 0.0010446
24710.0 0.0010487
24730.0 0.0010521
24750.0 0.0010549
24770.0 0.0010571
24790.0 0.0010584
24810.0 0.0010587
24830.0 0.0010572
24850.0 0.0010524
24870.0 0.0010421
24890.0 0.0010216
24910.0 0.00098509
24930.0 0.00092974
24950.0 0.0008518
24970.0 0.00074473
24990.0 0.00062072
