#lamb flux
1010.0 1.268e-05
1030.0 1.3794e-05
1050.0 1.5108e-05
1070.0 1.6589e-05
1090.0 1.826e-05
1110.0 1.9977e-05
1130.0 2.1706e-05
1150.0 2.3518e-05
1170.0 2.5386e-05
1190.0 2.7156e-05
1210.0 2.8947e-05
1230.0 3.0793e-05
1250.0 3.2597e-05
1270.0 3.4341e-05
1290.0 3.6177e-05
1310.0 3.8003e-05
1330.0 3.9744e-05
1350.0 4.1498e-05
1370.0 4.3303e-05
1390.0 4.5056e-05
1410.0 4.6752e-05
1430.0 4.8527e-05
1450.0 5.0301e-05
1470.0 5.2017e-05
1490.0 5.3755e-05
1510.0 5.56e-05
1530.0 5.7353e-05
1550.0 5.9091e-05
1570.0 6.0899e-05
1590.0 6.2718e-05
1610.0 6.4469e-05
1630.0 6.6287e-05
1650.0 6.8164e-05
1670.0 6.9991e-05
1690.0 7.1805e-05
1710.0 7.3696e-05
1730.0 7.5604e-05
1750.0 7.7407e-05
1770.0 7.9263e-05
1790.0 8.1154e-05
1810.0 8.2981e-05
1830.0 8.4769e-05
1850.0 8.665e-05
1870.0 8.8466e-05
1890.0 9.0198e-05
1910.0 9.1938e-05
1930.0 9.3689e-05
1950.0 9.5322e-05
1970.0 9.6894e-05
1990.0 9.849e-05
2010.0 0.00010001
2030.0 0.00010142
2050.0 0.00010284
2070.0 0.00010426
2090.0 0.00010553
2110.0 0.00010676
2130.0 0.00010799
2150.0 0.00010916
2170.0 0.00011022
2190.0 0.00011132
2210.0 0.0001124
2230.0 0.00011339
2250.0 0.00011435
2270.0 0.00011538
2290.0 0.00011634
2310.0 0.00011723
2330.0 0.00011816
2350.0 0.00011911
2370.0 0.00012
2390.0 0.00012091
2410.0 0.00012192
2430.0 0.0001229
2450.0 0.0001239
2470.0 0.00012501
2490.0 0.00012625
2510.0 0.00012756
2530.0 0.0001293
2550.0 0.00013197
2570.0 0.0001361
2590.0 0.00014239
2610.0 0.00015266
2630.0 0.00016749
2650.0 0.00018626
2670.0 0.00020933
2690.0 0.00023593
2710.0 0.00026229
2730.0 0.00028618
2750.0 0.00030705
2770.0 0.00032184
2790.0 0.00032974
2810.0 0.00033145
2830.0 0.00032711
2850.0 0.00031845
2870.0 0.00030691
2890.0 0.00029296
2910.0 0.00027786
2930.0 0.00026293
2950.0 0.00024724
2970.0 0.00023116
2990.0 0.00021572
3010.0 0.00029178
3030.0 0.00026899
3050.0 0.00024646
3070.0 0.00022575
3090.0 0.00020503
3110.0 0.00018525
3130.0 0.00016819
3150.0 0.00015669
3170.0 0.0001475
3190.0 0.00024347
3210.0 0.00068524
3230.0 0.0014009
3250.0 0.0017776
3270.0 0.0015697
3290.0 0.0012048
3310.0 0.00099706
3330.0 0.00093421
3350.0 0.00095928
3370.0 0.0010102
3390.0 0.0010643
3410.0 0.001119
3430.0 0.0011701
3450.0 0.0012256
3470.0 0.0012859
3490.0 0.001327
3510.0 0.0012848
3530.0 0.0013123
3550.0 0.0016459
3570.0 0.0020668
3590.0 0.0022824
3610.0 0.0023538
3630.0 0.002412
3650.0 0.0024088
3670.0 0.0025534
3690.0 0.0030555
3710.0 0.0036207
3730.0 0.0039903
3750.0 0.0042529
3770.0 0.0043049
3790.0 0.0041383
3810.0 0.0038254
3830.0 0.0033445
3850.0 0.0028353
3870.0 0.0025725
3890.0 0.0028777
3910.0 0.00364
3930.0 0.0044024
3950.0 0.0048555
3970.0 0.0050472
3990.0 0.0052578
4010.0 0.0053794
4030.0 0.0048534
4050.0 0.0038302
4070.0 0.0033053
4090.0 0.003484
4110.0 0.0038356
4130.0 0.004033
4150.0 0.0040546
4170.0 0.0039621
4190.0 0.0038948
4210.0 0.0039935
4230.0 0.0042264
4250.0 0.0044158
4270.0 0.0044862
4290.0 0.0044243
4310.0 0.0044529
4330.0 0.0047232
4350.0 0.0050429
4370.0 0.0050195
4390.0 0.0046554
4410.0 0.004109
4430.0 0.0034399
4450.0 0.0029676
4470.0 0.0029522
4490.0 0.0032248
4510.0 0.0035732
4530.0 0.0039501
4550.0 0.0045402
4570.0 0.0056737
4590.0 0.0072898
4610.0 0.0086106
4630.0 0.0092764
4650.0 0.0098243
4670.0 0.010357
4690.0 0.010129
4710.0 0.0088336
4730.0 0.00712
4750.0 0.0057393
4770.0 0.0049063
4790.0 0.0045993
4810.0 0.0045982
4830.0 0.0049199
4850.0 0.0055627
4870.0 0.0061383
4890.0 0.006326
4910.0 0.0064746
4930.0 0.0070824
4950.0 0.0079023
4970.0 0.0083253
4990.0 0.0080951
5010.0 0.0072505
5030.0 0.0060722
5050.0 0.0050752
5070.0 0.0044653
5090.0 0.0042151
5110.0 0.0042152
5130.0 0.0042558
5150.0 0.004218
5170.0 0.0041249
5190.0 0.0041705
5210.0 0.0044877
5230.0 0.0050683
5250.0 0.0059373
5270.0 0.0068501
5290.0 0.0074849
5310.0 0.008003
5330.0 0.0086558
5350.0 0.0091534
5370.0 0.0090861
5390.0 0.0086333
5410.0 0.0083075
5430.0 0.0086083
5450.0 0.0096704
5470.0 0.010983
5490.0 0.011915
5510.0 0.012241
5530.0 0.012133
5550.0 0.011788
5570.0 0.011354
5590.0 0.010947
5610.0 0.010661
5630.0 0.01056
5650.0 0.010385
5670.0 0.0097808
5690.0 0.0088892
5710.0 0.008087
5730.0 0.0075181
5750.0 0.0073369
5770.0 0.0075256
5790.0 0.0077474
5810.0 0.0078395
5830.0 0.0078639
5850.0 0.0077396
5870.0 0.0075226
5890.0 0.0074879
5910.0 0.007616
5930.0 0.0075296
5950.0 0.007049
5970.0 0.0062571
5990.0 0.0053491
6010.0 0.0046729
6030.0 0.0044756
6050.0 0.0047192
6070.0 0.0049463
6090.0 0.0047803
6110.0 0.00451
6130.0 0.0046017
6150.0 0.0049902
6170.0 0.0053468
6190.0 0.0055509
6210.0 0.0056142
6230.0 0.005461
6250.0 0.0049759
6270.0 0.0042826
6290.0 0.0037125
6310.0 0.0035105
6330.0 0.0036172
6350.0 0.0038029
6370.0 0.0040417
6390.0 0.0045527
6410.0 0.0053207
6430.0 0.0059596
6450.0 0.006278
6470.0 0.0064543
6490.0 0.0065835
6510.0 0.0066368
6530.0 0.0066723
6550.0 0.0067622
6570.0 0.0068747
6590.0 0.0069513
6610.0 0.0068682
6630.0 0.0065602
6650.0 0.006094
6670.0 0.0056498
6690.0 0.0053635
6710.0 0.0051469
6730.0 0.0049176
6750.0 0.0048077
6770.0 0.004918
6790.0 0.005076
6810.0 0.0051248
6830.0 0.0050435
6850.0 0.0048461
6870.0 0.0046451
6890.0 0.0045321
6910.0 0.0045446
6930.0 0.0046217
6950.0 0.0046827
6970.0 0.0047361
6990.0 0.0047212
7010.0 0.0045716
7030.0 0.0042612
7050.0 0.003857
7070.0 0.003574
7090.0 0.0035366
7110.0 0.0035944
7130.0 0.0034711
7150.0 0.0032236
7170.0 0.003192
7190.0 0.0034771
7210.0 0.0038766
7230.0 0.0042006
7250.0 0.0043329
7270.0 0.0042389
7290.0 0.0040207
7310.0 0.0038539
7330.0 0.00386
7350.0 0.0039531
7370.0 0.0040285
7390.0 0.0042018
7410.0 0.004549
7430.0 0.0049465
7450.0 0.005255
7470.0 0.0053446
7490.0 0.0050886
7510.0 0.00472
7530.0 0.004509
7550.0 0.0042683
7570.0 0.004016
7590.0 0.0038872
7610.0 0.0038825
7630.0 0.0040088
7650.0 0.0042779
7670.0 0.0046228
7690.0 0.0049342
7710.0 0.0051548
7730.0 0.0053377
7750.0 0.0054859
7770.0 0.0055466
7790.0 0.0056169
7810.0 0.0056117
7830.0 0.0054262
7850.0 0.0052226
7870.0 0.0051033
7890.0 0.0050922
7910.0 0.0050893
7930.0 0.0049635
7950.0 0.0047902
7970.0 0.0046102
7990.0 0.0044545
8010.0 0.0042379
8030.0 0.0042381
8050.0 0.0042241
8070.0 0.0041611
8090.0 0.0041139
8110.0 0.0040439
8130.0 0.0040405
8150.0 0.004004
8170.0 0.0039274
8190.0 0.0038114
8210.0 0.0036806
8230.0 0.0035572
8250.0 0.0035103
8270.0 0.0033028
8290.0 0.0028637
8310.0 0.0023756
8330.0 0.002043
8350.0 0.0019574
8370.0 0.0021657
8390.0 0.0024699
8410.0 0.0026324
8430.0 0.0027281
8450.0 0.0029113
8470.0 0.0031381
8490.0 0.0034474
8510.0 0.0038063
8530.0 0.0041798
8550.0 0.0044747
8570.0 0.0046911
8590.0 0.0048512
8610.0 0.0049398
8630.0 0.0049184
8650.0 0.0048292
8670.0 0.0048306
8690.0 0.0050721
8710.0 0.0054012
8730.0 0.0055554
8750.0 0.0055097
8770.0 0.0055601
8790.0 0.005556
8810.0 0.0053071
8830.0 0.0049199
8850.0 0.0044367
8870.0 0.0040686
8890.0 0.0039533
8910.0 0.0038814
8930.0 0.0036309
8950.0 0.003358
8970.0 0.0032448
8990.0 0.0032516
9010.0 0.0031932
9030.0 0.0031364
9050.0 0.0031074
9070.0 0.0030919
9090.0 0.0030784
9110.0 0.0030652
9130.0 0.0030521
9150.0 0.0030393
9170.0 0.0030261
9190.0 0.0030152
9210.0 0.0030086
9230.0 0.0029936
9250.0 0.0029799
9270.0 0.0029671
9290.0 0.002955
9310.0 0.0029431
9330.0 0.0029315
9350.0 0.0029204
9370.0 0.0029094
9390.0 0.0028984
9410.0 0.0028877
9430.0 0.0028766
9450.0 0.0028616
9470.0 0.0028481
9490.0 0.002842
9510.0 0.0028339
9530.0 0.0028254
9550.0 0.0028163
9570.0 0.002807
9590.0 0.0027978
9610.0 0.0027886
9630.0 0.0027792
9650.0 0.00277
9670.0 0.002761
9690.0 0.0027519
9710.0 0.0027429
9730.0 0.0027341
9750.0 0.0027254
9770.0 0.0027164
9790.0 0.0027077
9810.0 0.0026991
9830.0 0.0026903
9850.0 0.0026815
9870.0 0.0026731
9890.0 0.0026645
9910.0 0.0026558
9930.0 0.0026471
9950.0 0.0026289
9970.0 0.002623
9990.0 0.0026164
10010.0 0.0026099
10030.0 0.0026023
10050.0 0.002594
10070.0 0.0025857
10090.0 0.0025774
10110.0 0.0025676
10130.0 0.0025556
10150.0 0.0025471
10170.0 0.0025388
10190.0 0.0025294
10210.0 0.0025205
10230.0 0.0025116
10250.0 0.0025015
10270.0 0.0024914
10290.0 0.0024819
10310.0 0.0024715
10330.0 0.0024602
10350.0 0.0024498
10370.0 0.0024392
10390.0 0.0024277
10410.0 0.0024162
10430.0 0.0024054
10450.0 0.0023936
10470.0 0.0023812
10490.0 0.0023693
10510.0 0.0023573
10530.0 0.0023437
10550.0 0.0023305
10570.0 0.0023179
10590.0 0.0023043
10610.0 0.0022901
10630.0 0.0022766
10650.0 0.0022626
10670.0 0.0022474
10690.0 0.0022324
10710.0 0.0022177
10730.0 0.0022019
10750.0 0.0021852
10770.0 0.0021696
10790.0 0.0021535
10810.0 0.0021363
10830.0 0.0021192
10850.0 0.0021026
10870.0 0.0020842
10890.0 0.0020656
10910.0 0.0020475
10930.0 0.0020288
10950.0 0.0020088
10970.0 0.0019891
10990.0 0.0019698
11010.0 0.0021099
11030.0 0.0020884
11050.0 0.0020679
11070.0 0.0020469
11090.0 0.0020245
11110.0 0.0020036
11130.0 0.0019832
11150.0 0.001962
11170.0 0.0019409
11190.0 0.0019211
11210.0 0.0019009
11230.0 0.0018802
11250.0 0.0018605
11270.0 0.0018415
11290.0 0.001822
11310.0 0.0018028
11330.0 0.0017851
11350.0 0.0017672
11370.0 0.0017489
11390.0 0.0017314
11410.0 0.0017139
11430.0 0.001695
11450.0 0.0016758
11470.0 0.0016563
11490.0 0.0016355
11510.0 0.0016128
11530.0 0.0015898
11550.0 0.0015657
11570.0 0.0015395
11590.0 0.0015124
11610.0 0.0014852
11630.0 0.0014561
11650.0 0.0014257
11670.0 0.0013962
11690.0 0.0013664
11710.0 0.0013356
11730.0 0.0013051
11750.0 0.0012759
11770.0 0.0012459
11790.0 0.0012157
11810.0 0.0011868
11830.0 0.0011583
11850.0 0.0011288
11870.0 0.0011004
11890.0 0.0010733
11910.0 0.0010459
11930.0 0.0010187
11950.0 0.00099312
11970.0 0.00096802
11990.0 0.00094284
12010.0 0.00091919
12030.0 0.00089698
12050.0 0.00087531
12070.0 0.00085454
12090.0 0.00083612
12110.0 0.00081882
12130.0 0.00080264
12150.0 0.00078834
12170.0 0.00077592
12190.0 0.00076472
12210.0 0.00075547
12230.0 0.00074822
12250.0 0.00074271
12270.0 0.00073903
12290.0 0.00073715
12310.0 0.00073678
12330.0 0.00073811
12350.0 0.00074088
12370.0 0.00074461
12390.0 0.00074943
12410.0 0.00075561
12430.0 0.00076186
12450.0 0.00076838
12470.0 0.00077547
12490.0 0.00078257
12510.0 0.00078902
12530.0 0.00079548
12550.0 0.00080172
12570.0 0.00080697
12590.0 0.00081133
12610.0 0.0008151
12630.0 0.0008177
12650.0 0.0008187
12670.0 0.00081857
12690.0 0.00081705
12710.0 0.00081394
12730.0 0.00080938
12750.0 0.00080327
12770.0 0.00079567
12790.0 0.00078684
12810.0 0.00077672
12830.0 0.00076532
12850.0 0.00075337
12870.0 0.00074082
12890.0 0.00072748
12910.0 0.00071399
12930.0 0.00070069
12950.0 0.0006871
12970.0 0.00067349
12990.0 0.00066062
13010.0 0.00064807
13030.0 0.00063563
13050.0 0.00062373
13070.0 0.00061252
13090.0 0.00060141
13110.0 0.00059062
13130.0 0.00058046
13150.0 0.00057065
13170.0 0.00056086
13190.0 0.00055166
13210.0 0.00054297
13230.0 0.00053443
13250.0 0.00052618
13270.0 0.00051846
13290.0 0.000511
13310.0 0.00050368
13330.0 0.00049681
13350.0 0.00049032
13370.0 0.00048401
13390.0 0.00047794
13410.0 0.00047237
13430.0 0.000467
13450.0 0.0004618
13470.0 0.00045691
13490.0 0.00045229
13510.0 0.0004477
13530.0 0.00044328
13550.0 0.00043907
13570.0 0.00043491
13590.0 0.00043072
13610.0 0.00042663
13630.0 0.00042262
13650.0 0.0004185
13670.0 0.00041438
13690.0 0.00041035
13710.0 0.00040629
13730.0 0.00040212
13750.0 0.00039814
13770.0 0.00039424
13790.0 0.00039032
13810.0 0.0003865
13830.0 0.00038289
13850.0 0.00037932
13870.0 0.00037582
13890.0 0.00037252
13910.0 0.00036936
13930.0 0.00036623
13950.0 0.0003632
13970.0 0.00036037
13990.0 0.00035753
14010.0 0.00035468
14030.0 0.00035192
14050.0 0.00034917
14070.0 0.00034625
14090.0 0.00034335
14110.0 0.00034046
14130.0 0.00033745
14150.0 0.00033434
14170.0 0.00033134
14190.0 0.00032834
14210.0 0.00032529
14230.0 0.00032236
14250.0 0.00031962
14270.0 0.00031694
14290.0 0.00031442
14310.0 0.00031223
14330.0 0.00031027
14350.0 0.00030851
14370.0 0.00030703
14390.0 0.00030583
14410.0 0.0003048
14430.0 0.00030397
14450.0 0.00030333
14470.0 0.00030282
14490.0 0.00030238
14510.0 0.00030204
14530.0 0.00030176
14550.0 0.00030152
14570.0 0.00030133
14590.0 0.00030122
14610.0 0.0003012
14630.0 0.00030131
14650.0 0.00030162
14670.0 0.00030219
14690.0 0.00030308
14710.0 0.0003044
14730.0 0.00030614
14750.0 0.00030843
14770.0 0.0003114
14790.0 0.000315
14810.0 0.00031922
14830.0 0.00032449
14850.0 0.00033055
14870.0 0.00033719
14890.0 0.00034463
14910.0 0.00035284
14930.0 0.0003611
14950.0 0.0003692
14970.0 0.00037723
14990.0 0.00038445
15010.0 0.00039053
15030.0 0.00039565
15050.0 0.00039981
15070.0 0.00040289
15090.0 0.00040533
15110.0 0.00040735
15130.0 0.00040907
15150.0 0.00041066
15170.0 0.00041219
15190.0 0.00041372
15210.0 0.00041526
15230.0 0.00041682
15250.0 0.00041842
15270.0 0.00042004
15290.0 0.0004217
15310.0 0.00042339
15330.0 0.00042511
15350.0 0.00042686
15370.0 0.00042865
15390.0 0.00043046
15410.0 0.0004323
15430.0 0.00043417
15450.0 0.00043606
15470.0 0.00043799
15490.0 0.00043994
15510.0 0.00044192
15530.0 0.00044393
15550.0 0.00044596
15570.0 0.00044802
15590.0 0.0004501
15610.0 0.0004522
15630.0 0.00045433
15650.0 0.00045649
15670.0 0.00045866
15690.0 0.00046086
15710.0 0.00046308
15730.0 0.00046532
15750.0 0.00046758
15770.0 0.00046986
15790.0 0.00047216
15810.0 0.00047448
15830.0 0.00047681
15850.0 0.00047917
15870.0 0.00048153
15890.0 0.00048392
15910.0 0.00048632
15930.0 0.00048873
15950.0 0.00049115
15970.0 0.00049359
15990.0 0.00049604
16010.0 0.0004985
16030.0 0.00050097
16050.0 0.00050345
16070.0 0.00050594
16090.0 0.00050844
16110.0 0.00051094
16130.0 0.00051345
16150.0 0.00051596
16170.0 0.00051848
16190.0 0.000521
16210.0 0.00052353
16230.0 0.00052605
16250.0 0.00052858
16270.0 0.00053111
16290.0 0.00053363
16310.0 0.00053616
16330.0 0.00053868
16350.0 0.00054119
16370.0 0.0005437
16390.0 0.00054621
16410.0 0.00054871
16430.0 0.0005512
16450.0 0.00055368
16470.0 0.00055616
16490.0 0.00055862
16510.0 0.00056106
16530.0 0.0005635
16550.0 0.00056593
16570.0 0.00056833
16590.0 0.00057073
16610.0 0.0005731
16630.0 0.00057546
16650.0 0.0005778
16670.0 0.00058012
16690.0 0.00058242
16710.0 0.0005847
16730.0 0.00058695
16750.0 0.00058919
16770.0 0.00059139
16790.0 0.00059357
16810.0 0.00059573
16830.0 0.00059786
16850.0 0.00059996
16870.0 0.00060203
16890.0 0.00060407
16910.0 0.00060608
16930.0 0.00060805
16950.0 0.00061
16970.0 0.00061191
16990.0 0.00061378
17010.0 0.00061562
17030.0 0.00061743
17050.0 0.00061919
17070.0 0.00062092
17090.0 0.00062261
17110.0 0.00062426
17130.0 0.00062586
17150.0 0.00062743
17170.0 0.00062896
17190.0 0.00063044
17210.0 0.00063187
17230.0 0.00063327
17250.0 0.00063462
17270.0 0.00063592
17290.0 0.00063718
17310.0 0.00063839
17330.0 0.00063956
17350.0 0.00064067
17370.0 0.00064174
17390.0 0.00064276
17410.0 0.00064373
17430.0 0.00064465
17450.0 0.00064552
17470.0 0.00064633
17490.0 0.0006471
17510.0 0.00064781
17530.0 0.00064848
17550.0 0.00064908
17570.0 0.00064964
17590.0 0.00065015
17610.0 0.0006506
17630.0 0.000651
17650.0 0.00065134
17670.0 0.00065163
17690.0 0.00065187
17710.0 0.00065205
17730.0 0.00065218
17750.0 0.00065225
17770.0 0.00065227
17790.0 0.00065224
17810.0 0.00065215
17830.0 0.000652
17850.0 0.0006518
17870.0 0.00065155
17890.0 0.00065124
17910.0 0.00065088
17930.0 0.00065046
17950.0 0.00064999
17970.0 0.00064947
17990.0 0.0006489
18010.0 0.00064827
18030.0 0.00064758
18050.0 0.00064684
18070.0 0.00064606
18090.0 0.00064522
18110.0 0.00064432
18130.0 0.00064338
18150.0 0.00064239
18170.0 0.00064134
18190.0 0.00064025
18210.0 0.0006391
18230.0 0.00063791
18250.0 0.00063666
18270.0 0.00063537
18290.0 0.00063403
18310.0 0.00063265
18330.0 0.00063121
18350.0 0.00062974
18370.0 0.00062821
18390.0 0.00062664
18410.0 0.00062503
18430.0 0.00062337
18450.0 0.00062167
18470.0 0.00061992
18490.0 0.00061814
18510.0 0.00061631
18530.0 0.00061445
18550.0 0.00061254
18570.0 0.0006106
18590.0 0.00060861
18610.0 0.00060659
18630.0 0.00060454
18650.0 0.00060244
18670.0 0.00060031
18690.0 0.00059815
18710.0 0.00059596
18730.0 0.00059373
18750.0 0.00059146
18770.0 0.00058917
18790.0 0.00058685
18810.0 0.00058449
18830.0 0.00058211
18850.0 0.0005797
18870.0 0.00057726
18890.0 0.0005748
18910.0 0.00057231
18930.0 0.00056979
18950.0 0.00056725
18970.0 0.00056469
18990.0 0.0005621
19010.0 0.00055949
19030.0 0.00055686
19050.0 0.00055421
19070.0 0.00055154
19090.0 0.00054885
19110.0 0.00054615
19130.0 0.00054343
19150.0 0.00054069
19170.0 0.00053793
19190.0 0.00053516
19210.0 0.00053238
19230.0 0.00052958
19250.0 0.00052677
19270.0 0.00052395
19290.0 0.00052112
19310.0 0.00051828
19330.0 0.00051543
19350.0 0.00051256
19370.0 0.00050969
19390.0 0.00050682
19410.0 0.00050393
19430.0 0.00050104
19450.0 0.00049815
19470.0 0.00049525
19490.0 0.00049234
19510.0 0.00048943
19530.0 0.00048652
19550.0 0.00048361
19570.0 0.00048069
19590.0 0.00047778
19610.0 0.00047486
19630.0 0.00047194
19650.0 0.00046903
19670.0 0.00046612
19690.0 0.0004632
19710.0 0.00046029
19730.0 0.00045739
19750.0 0.00045448
19770.0 0.00045158
19790.0 0.00044868
19810.0 0.00044579
19830.0 0.00044289
19850.0 0.00043998
19870.0 0.00043704
19890.0 0.00043402
19910.0 0.00043083
19930.0 0.00042741
19950.0 0.00042363
19970.0 0.00041928
19990.0 0.00041426
20010.0 0.00040865
20030.0 0.00040224
20050.0 0.00039505
20070.0 0.00038746
20090.0 0.00037955
20110.0 0.00037105
20130.0 0.00036263
20150.0 0.00035444
20170.0 0.00034621
20190.0 0.00033805
20210.0 0.00033035
20230.0 0.00032289
20250.0 0.0003155
20270.0 0.00030853
20290.0 0.00030199
20310.0 0.00029566
20330.0 0.00028955
20350.0 0.00028407
20370.0 0.00027887
20390.0 0.00027393
20410.0 0.0002694
20430.0 0.00026528
20450.0 0.00026135
20470.0 0.00025775
20490.0 0.00025451
20510.0 0.00025151
20530.0 0.00024873
20550.0 0.00024621
20570.0 0.0002439
20590.0 0.00024175
20610.0 0.00023975
20630.0 0.00023788
20650.0 0.00023611
20670.0 0.00023441
20690.0 0.00023277
20710.0 0.00023116
20730.0 0.00022955
20750.0 0.00022793
20770.0 0.00022628
20790.0 0.00022458
20810.0 0.00022282
20830.0 0.00022099
20850.0 0.0002191
20870.0 0.00021711
20890.0 0.00021503
20910.0 0.0002129
20930.0 0.00021069
20950.0 0.00020838
20970.0 0.00020604
20990.0 0.00020366
21010.0 0.00020119
21030.0 0.0001987
21050.0 0.00019622
21070.0 0.00019372
21090.0 0.00019116
21110.0 0.00018868
21130.0 0.00018623
21150.0 0.00018376
21170.0 0.00018133
21190.0 0.00017899
21210.0 0.00017665
21230.0 0.00017433
21250.0 0.00017212
21270.0 0.00016996
21290.0 0.00016783
21310.0 0.00016577
21330.0 0.00016382
21350.0 0.0001619
21370.0 0.00016004
21390.0 0.00015828
21410.0 0.0001566
21430.0 0.00015495
21450.0 0.0001534
21470.0 0.00015194
21490.0 0.00015053
21510.0 0.0001492
21530.0 0.00014794
21550.0 0.00014675
21570.0 0.00014561
21590.0 0.00014453
21610.0 0.0001435
21630.0 0.00014252
21650.0 0.00014157
21670.0 0.00014066
21690.0 0.00013979
21710.0 0.00013894
21730.0 0.00013811
21750.0 0.0001373
21770.0 0.00013651
21790.0 0.00013573
21810.0 0.00013497
21830.0 0.00013422
21850.0 0.00013348
21870.0 0.00013275
21890.0 0.00013203
21910.0 0.00013131
21930.0 0.0001306
21950.0 0.0001299
21970.0 0.00012919
21990.0 0.00012849
22010.0 0.00012778
22030.0 0.00012706
22050.0 0.00012634
22070.0 0.00012561
22090.0 0.00012486
22110.0 0.0001241
22130.0 0.00012332
22150.0 0.00012253
22170.0 0.00012172
22190.0 0.00012088
22210.0 0.00012003
22230.0 0.00011917
22250.0 0.00011828
22270.0 0.00011737
22290.0 0.00011645
22310.0 0.00011551
22330.0 0.00011452
22350.0 0.00011352
22370.0 0.00011249
22390.0 0.00011143
22410.0 0.00011031
22430.0 0.00010918
22450.0 0.00010801
22470.0 0.00010677
22490.0 0.0001055
22510.0 0.00010422
22530.0 0.00010286
22550.0 0.00010144
22570.0 0.00010002
22590.0 9.8579e-05
22610.0 9.7076e-05
22630.0 9.5568e-05
22650.0 9.4097e-05
22670.0 9.2585e-05
22690.0 9.107e-05
22710.0 8.9609e-05
22730.0 8.8174e-05
22750.0 8.6712e-05
22770.0 8.5333e-05
22790.0 8.4027e-05
22810.0 8.2742e-05
22830.0 8.1504e-05
22850.0 8.0361e-05
22870.0 7.9265e-05
22890.0 7.82e-05
22910.0 7.7214e-05
22930.0 7.6298e-05
22950.0 7.5415e-05
22970.0 7.4571e-05
22990.0 7.3808e-05
23010.0 7.3075e-05
23030.0 7.2367e-05
23050.0 7.17e-05
23070.0 7.1071e-05
23090.0 7.0442e-05
23110.0 6.9837e-05
23130.0 6.926e-05
23150.0 6.8692e-05
23170.0 6.8124e-05
23190.0 6.7577e-05
23210.0 6.7048e-05
23230.0 6.6517e-05
23250.0 6.5998e-05
23270.0 6.5503e-05
23290.0 6.5016e-05
23310.0 6.4534e-05
23330.0 6.4083e-05
23350.0 6.3654e-05
23370.0 6.3238e-05
23390.0 6.2845e-05
23410.0 6.2481e-05
23430.0 6.2132e-05
23450.0 6.1801e-05
23470.0 6.1494e-05
23490.0 6.1207e-05
23510.0 6.0933e-05
23530.0 6.0677e-05
23550.0 6.0441e-05
23570.0 6.0219e-05
23590.0 6.0013e-05
23610.0 5.9828e-05
23630.0 5.9662e-05
23650.0 5.9521e-05
23670.0 5.9409e-05
23690.0 5.9329e-05
23710.0 5.9289e-05
23730.0 5.93e-05
23750.0 5.9357e-05
23770.0 5.9469e-05
23790.0 5.9656e-05
23810.0 5.9911e-05
23830.0 6.0224e-05
23850.0 6.0636e-05
23870.0 6.1139e-05
23890.0 6.1692e-05
23910.0 6.2317e-05
23930.0 6.3034e-05
23950.0 6.3794e-05
23970.0 6.4561e-05
23990.0 6.5395e-05
24010.0 6.6254e-05
24030.0 6.7083e-05
24050.0 6.7906e-05
24070.0 6.876e-05
24090.0 6.9546e-05
24110.0 7.0277e-05
24130.0 7.1e-05
24150.0 7.169e-05
24170.0 7.2313e-05
24190.0 7.2916e-05
24210.0 7.3514e-05
24230.0 7.4067e-05
24250.0 7.4588e-05
24270.0 7.5113e-05
24290.0 7.5636e-05
24310.0 7.6109e-05
24330.0 7.6589e-05
24350.0 7.7079e-05
24370.0 7.755e-05
24390.0 7.8005e-05
24410.0 7.8494e-05
24430.0 7.8973e-05
24450.0 7.9432e-05
24470.0 7.9897e-05
24490.0 8.0375e-05
24510.0 8.0828e-05
24530.0 8.1259e-05
24550.0 8.1698e-05
24570.0 8.2114e-05
24590.0 8.2491e-05
24610.0 8.2851e-05
24630.0 8.3196e-05
24650.0 8.3487e-05
24670.0 8.3743e-05
24690.0 8.3977e-05
24710.0 8.4175e-05
24730.0 8.4336e-05
24750.0 8.4478e-05
24770.0 8.4591e-05
24790.0 8.4664e-05
24810.0 8.468e-05
24830.0 8.4572e-05
24850.0 8.4206e-05
24870.0 8.3405e-05
24890.0 8.1799e-05
24910.0 7.8905e-05
24930.0 7.4498e-05
24950.0 6.8275e-05
24970.0 5.971e-05
24990.0 4.9726e-05
