#lamb flux
1000.0 0.0
1010.0 0.0
1020.0 0.0
1030.0 0.0
1040.0 0.0
1050.0 0.0
1060.0 0.0
1070.0 0.0
1080.0 0.0
1090.0 0.0
1100.0 0.0
1110.0 0.0
1120.0 0.0
1130.0 0.0
1140.0 0.0
1150.0 0.0
1160.0 0.0
1170.0 0.0
1180.0 0.0
1190.0 0.0
1200.0 0.0
1210.0 0.0
1220.0 0.0
1230.0 0.0
1240.0 0.0
1250.0 0.0
1260.0 0.0
1270.0 0.0
1280.0 0.0
1290.0 0.0
1300.0 0.0
1310.0 0.0
1320.0 0.0
1330.0 0.0
1340.0 0.0
1350.0 0.0
1360.0 0.0
1370.0 0.0
1380.0 0.0
1390.0 0.0
1400.0 0.0
1410.0 0.0
1420.0 0.0
1430.0 0.0
1440.0 0.0
1450.0 0.0
1460.0 0.0
1470.0 0.0
1480.0 0.0
1490.0 0.0
1500.0 0.0
1510.0 0.0
1520.0 0.0
1530.0 0.0
1540.0 0.0
1550.0 0.0
1560.0 0.0
1570.0 0.0
1580.0 0.0
1590.0 0.0
1600.0 0.0
1610.0 0.0
1620.0 0.0
1630.0 0.0
1640.0 0.0
1650.0 0.0
1660.0 0.0
1670.0 0.0
1680.0 0.0
1690.0 0.0
1700.0 0.0
1710.0 0.0
1720.0 0.0
1730.0 0.0
1740.0 0.0
1750.0 0.0
1760.0 0.0
1770.0 0.0
1780.0 0.0
1790.0 0.0
1800.0 0.0
1810.0 0.0
1820.0 0.0
1830.0 0.0
1840.0 0.0
1850.0 0.0
1860.0 0.0
1870.0 0.0
1880.0 0.0
1890.0 0.0
1900.0 0.0
1910.0 0.0
1920.0 0.0
1930.0 0.0
1940.0 0.0
1950.0 0.0
1960.0 0.0
1970.0 0.0
1980.0 0.0
1990.0 0.0
2000.0 0.0
2010.0 0.0
2020.0 0.0
2030.0 0.0
2040.0 0.0
2050.0 0.0
2060.0 0.0
2070.0 0.0
2080.0 0.0
2090.0 0.0
2100.0 0.0
2110.0 0.0
2120.0 0.0
2130.0 0.0
2140.0 0.0
2150.0 0.0
2160.0 0.0
2170.0 0.0
2180.0 0.0
2190.0 0.0
2200.0 0.0
2210.0 0.0
2220.0 1.30033e-06
2230.0 2.30221e-05
2240.0 3.85466e-05
2250.0 5.43178e-05
2260.0 6.83999e-05
2270.0 7.16547e-05
2280.0 8.41242e-05
2290.0 0.000116302
2300.0 0.000166262
2310.0 0.000208519
2320.0 0.000247438
2330.0 0.000282461
2340.0 0.000312662
2350.0 0.000323665
2360.0 0.000319654
2370.0 0.000352047
2380.0 0.000358164
2390.0 0.000347265
2400.0 0.000337158
2410.0 0.000319308
2420.0 0.000281625
2430.0 0.000240146
2440.0 0.000208184
2450.0 0.00017841
2460.0 0.00015481
2470.0 0.00013652
2480.0 0.0001386
2490.0 0.000150841
2500.0 0.00014161
2510.0 0.000132387
2520.0 0.000121174
2530.0 9.65958e-05
2540.0 8.35243e-05
2550.0 7.18428e-05
2560.0 5.94462e-05
2570.0 5.77779e-05
2580.0 6.38731e-05
2590.0 7.53511e-05
2600.0 8.9152e-05
2610.0 0.000106604
2620.0 0.000127389
2630.0 0.000158055
2640.0 0.000201012
2650.0 0.000240568
2660.0 0.000302779
2670.0 0.000321006
2680.0 0.000353515
2690.0 0.000366396
2700.0 0.000405106
2710.0 0.000434226
2720.0 0.000478383
2730.0 0.000597395
2740.0 0.000706089
2750.0 0.000789586
2760.0 0.000843621
2770.0 0.000857848
2780.0 0.000859068
2790.0 0.000916776
2800.0 0.00102881
2810.0 0.00109372
2820.0 0.00114291
2830.0 0.00119007
2840.0 0.00126202
2850.0 0.0013977
2860.0 0.00158827
2870.0 0.00171287
2880.0 0.00176517
2890.0 0.00177811
2900.0 0.00164563
2910.0 0.00154649
2920.0 0.00151171
2930.0 0.00143641
2940.0 0.00137767
2950.0 0.00132012
2960.0 0.00124908
2970.0 0.00122425
2980.0 0.00120005
2990.0 0.00116134
3000.0 0.00115
3010.0 0.00116878
3020.0 0.00118176
3030.0 0.00115633
3040.0 0.00110922
3050.0 0.00104474
3060.0 0.000997265
3070.0 0.00098026
3080.0 0.000989674
3090.0 0.001043
3100.0 0.00113055
3110.0 0.00121531
3120.0 0.00128684
3130.0 0.00129264
3140.0 0.00124688
3150.0 0.00118606
3160.0 0.00109912
3170.0 0.000976571
3180.0 0.000919393
3190.0 0.000872885
3200.0 0.000837849
3210.0 0.000826591
3220.0 0.000836829
3230.0 0.000849482
3240.0 0.000874135
3250.0 0.000932744
3260.0 0.00101807
3270.0 0.00114277
3280.0 0.00129133
3290.0 0.00146831
3300.0 0.00168191
3310.0 0.00186671
3320.0 0.00204933
3330.0 0.00220102
3340.0 0.00224253
3350.0 0.00230295
3360.0 0.00247376
3370.0 0.00262331
3380.0 0.00289823
3390.0 0.00315321
3400.0 0.00327797
3410.0 0.00333581
3420.0 0.0032731
3430.0 0.00315381
3440.0 0.00303217
3450.0 0.00286281
3460.0 0.00265562
3470.0 0.00246986
3480.0 0.00239421
3490.0 0.00225668
3500.0 0.00203353
3510.0 0.00185446
3520.0 0.00175736
3530.0 0.00170834
3540.0 0.00165092
3550.0 0.00163633
3560.0 0.0015806
3570.0 0.00148366
3580.0 0.00142585
3590.0 0.0014106
3600.0 0.000962843
3610.0 0.0011804
3620.0 0.00130312
3630.0 0.00146618
3640.0 0.00148219
3650.0 0.00142884
3660.0 0.00133757
3670.0 0.00156212
3680.0 0.00197655
3690.0 0.00208052
3700.0 0.00168794
3710.0 0.0018947
3720.0 0.00193764
3730.0 0.00180058
3740.0 0.0019836
3750.0 0.00211171
3760.0 0.00142135
3770.0 0.00116671
3780.0 0.00133521
3790.0 0.000942019
3800.0 0.000654183
3810.0 0.000950022
3820.0 0.000749723
3830.0 0.000685942
3840.0 0.00069507
3850.0 0.00125402
3860.0 0.00153711
3870.0 0.00157027
3880.0 0.00222678
3890.0 0.00206776
3900.0 0.00230158
3910.0 0.00263943
3920.0 0.00255883
3930.0 0.00298111
3940.0 0.00330235
3950.0 0.00399505
3960.0 0.00470611
3970.0 0.00532486
3980.0 0.00561446
3990.0 0.00565562
4000.0 0.00555922
4010.0 0.00536437
4020.0 0.00505065
4030.0 0.00433495
4040.0 0.00362118
4050.0 0.00362569
4060.0 0.00330647
4070.0 0.00318903
4080.0 0.00280193
4090.0 0.00278405
4100.0 0.00244318
4110.0 0.00248721
4120.0 0.00294558
4130.0 0.00233115
4140.0 0.00197415
4150.0 0.00234131
4160.0 0.00244006
4170.0 0.00193631
4180.0 0.00222466
4190.0 0.0020885
4200.0 0.00186193
4210.0 0.00249756
4220.0 0.00226684
4230.0 0.00239031
4240.0 0.00245337
4250.0 0.00242243
4260.0 0.00263234
4270.0 0.00215426
4280.0 0.00280069
4290.0 0.00240354
4300.0 0.00262817
4310.0 0.00239163
4320.0 0.00230056
4330.0 0.00257983
4340.0 0.00247515
4350.0 0.00221454
4360.0 0.00241985
4370.0 0.00236674
4380.0 0.00239473
4390.0 0.00174089
4400.0 0.00218848
4410.0 0.00179703
4420.0 0.00190529
4430.0 0.00205498
4440.0 0.00192159
4450.0 0.0018448
4460.0 0.00164339
4470.0 0.00247317
4480.0 0.0023892
4490.0 0.00290105
4500.0 0.00284851
4510.0 0.00300915
4520.0 0.00294736
4530.0 0.0034041
4540.0 0.0036737
4550.0 0.00456473
4560.0 0.00438386
4570.0 0.00534907
4580.0 0.005385
4590.0 0.00611436
4600.0 0.00613449
4610.0 0.00671789
4620.0 0.00687728
4630.0 0.0067441
4640.0 0.00675122
4650.0 0.00663527
4660.0 0.00605377
4670.0 0.00537753
4680.0 0.00471198
4690.0 0.00402944
4700.0 0.00340715
4710.0 0.00289248
4720.0 0.00255229
4730.0 0.0022547
4740.0 0.00241841
4750.0 0.00264658
4760.0 0.0025572
4770.0 0.0025788
4780.0 0.00271564
4790.0 0.00310803
4800.0 0.00302127
4810.0 0.00357242
4820.0 0.00420574
4830.0 0.0044089
4840.0 0.00452205
4850.0 0.00408261
4860.0 0.00387113
4870.0 0.00360694
4880.0 0.0033067
4890.0 0.00352201
4900.0 0.00383948
4910.0 0.00386104
4920.0 0.00455563
4930.0 0.004816
4940.0 0.0054027
4950.0 0.00599594
4960.0 0.00616754
4970.0 0.00638847
4980.0 0.00645451
4990.0 0.00596555
5000.0 0.00481397
5010.0 0.00390456
5020.0 0.00354368
5030.0 0.00300605
5040.0 0.00325704
5050.0 0.00299889
5060.0 0.00284456
5070.0 0.00299526
5080.0 0.0031598
5090.0 0.00303214
5100.0 0.00329792
5110.0 0.00369326
5120.0 0.00355306
5130.0 0.00378368
5140.0 0.00341945
5150.0 0.003423
5160.0 0.00355349
5170.0 0.00369442
5180.0 0.00372679
5190.0 0.00394204
5200.0 0.00422235
5210.0 0.00423162
5220.0 0.00450176
5230.0 0.00467848
5240.0 0.00488429
5250.0 0.0052618
5260.0 0.00546046
5270.0 0.00544347
5280.0 0.00601994
5290.0 0.00604493
5300.0 0.00638047
5310.0 0.00661995
5320.0 0.00663008
5330.0 0.00664547
5340.0 0.00689323
5350.0 0.00662006
5360.0 0.00633501
5370.0 0.00636195
5380.0 0.00623266
5390.0 0.00607149
5400.0 0.00594207
5410.0 0.00597319
5420.0 0.00665817
5430.0 0.00703826
5440.0 0.00703542
5450.0 0.00749013
5460.0 0.00842118
5470.0 0.00895817
5480.0 0.0091737
5490.0 0.0101665
5500.0 0.0103125
5510.0 0.0107388
5520.0 0.0111398
5530.0 0.011473
5540.0 0.0112922
5550.0 0.0113612
5560.0 0.0111717
5570.0 0.0100492
5580.0 0.00993832
5590.0 0.00959574
5600.0 0.008999
5610.0 0.00847668
5620.0 0.00757711
5630.0 0.00708843
5640.0 0.00571765
5650.0 0.00443538
5660.0 0.00301301
5670.0 0.00234236
5680.0 0.00271474
5690.0 0.0031121
5700.0 0.00380236
5710.0 0.00431332
5720.0 0.00415525
5730.0 0.00422475
5740.0 0.00458628
5750.0 0.00463758
5760.0 0.00461457
5770.0 0.00481703
5780.0 0.00487062
5790.0 0.00489082
5800.0 0.00485021
5810.0 0.00515216
5820.0 0.00574229
5830.0 0.00563641
5840.0 0.00624973
5850.0 0.0066821
5860.0 0.00696466
5870.0 0.0075017
5880.0 0.00736614
5890.0 0.00779103
5900.0 0.00830048
5910.0 0.00768171
5920.0 0.00696093
5930.0 0.0065142
5940.0 0.00644436
5950.0 0.00606625
5960.0 0.00544548
5970.0 0.00556664
5980.0 0.00546712
5990.0 0.00529781
6000.0 0.00540151
6010.0 0.00520711
6020.0 0.00511839
6030.0 0.00534282
6040.0 0.0052505
6050.0 0.00538081
6060.0 0.00563112
6070.0 0.00566789
6080.0 0.00545004
6090.0 0.00556459
6100.0 0.00525771
6110.0 0.00553381
6120.0 0.00513282
6130.0 0.00534676
6140.0 0.00536888
6150.0 0.00525636
6160.0 0.00501318
6170.0 0.00511861
6180.0 0.00493341
6190.0 0.00491047
6200.0 0.00482987
6210.0 0.00463257
6220.0 0.00411531
6230.0 0.00413796
6240.0 0.0043478
6250.0 0.0044635
6260.0 0.00453176
6270.0 0.00416775
6280.0 0.00454255
6290.0 0.00469877
6300.0 0.00488984
6310.0 0.00476924
6320.0 0.00484044
6330.0 0.00522231
6340.0 0.0052419
6350.0 0.0056145
6360.0 0.0058462
6370.0 0.00596993
6380.0 0.00631511
6390.0 0.00644307
6400.0 0.00706658
6410.0 0.00724376
6420.0 0.00740038
6430.0 0.00820954
6440.0 0.0082155
6450.0 0.00812234
6460.0 0.00837121
6470.0 0.00835477
6480.0 0.00874041
6490.0 0.00957364
6500.0 0.00880686
6510.0 0.00892112
6520.0 0.00890516
6530.0 0.00884263
6540.0 0.00854065
6550.0 0.00812247
6560.0 0.00766291
6570.0 0.00768214
6580.0 0.00704517
6590.0 0.00645684
6600.0 0.00598914
6610.0 0.00530052
6620.0 0.00502711
6630.0 0.00438683
6640.0 0.00386996
6650.0 0.00370273
6660.0 0.0033096
6670.0 0.00321911
6680.0 0.00297192
6690.0 0.00271673
6700.0 0.00228601
6710.0 0.00272533
6720.0 0.00244796
6730.0 0.00236707
6740.0 0.00232813
6750.0 0.00199073
6760.0 0.00224972
6770.0 0.00213944
6780.0 0.00200346
6790.0 0.00209488
6800.0 0.00224762
6810.0 0.00220894
6820.0 0.00244928
6830.0 0.00232443
6840.0 0.00225802
6850.0 0.00204976
6860.0 0.00157346
6870.0 0.00191011
6880.0 0.00192982
6890.0 0.00219312
6900.0 0.00226481
6910.0 0.00224591
6920.0 0.00223011
6930.0 0.00263559
6940.0 0.00284599
6950.0 0.00290444
6960.0 0.00275524
6970.0 0.00272558
6980.0 0.00301772
6990.0 0.00303155
7000.0 0.00298462
7010.0 0.00311499
7020.0 0.00306805
7030.0 0.00337289
7040.0 0.00349552
7050.0 0.00400489
7060.0 0.00384968
7070.0 0.00428395
7080.0 0.00420671
7090.0 0.00445372
7100.0 0.00458579
7110.0 0.00467774
7120.0 0.0047993
7130.0 0.00465499
7140.0 0.0046527
7150.0 0.00447048
7160.0 0.00428386
7170.0 0.00414927
7180.0 0.00435223
7190.0 0.0044605
7200.0 0.00469703
7210.0 0.00474103
7220.0 0.00449376
7230.0 0.00466124
7240.0 0.00453179
7250.0 0.00446494
7260.0 0.00454767
7270.0 0.00470484
7280.0 0.00431419
7290.0 0.00432568
7300.0 0.00454529
7310.0 0.00461289
7320.0 0.00458992
7330.0 0.00464098
7340.0 0.00460297
7350.0 0.00474726
7360.0 0.00467404
7370.0 0.00458377
7380.0 0.00434687
7390.0 0.00442144
7400.0 0.00432643
7410.0 0.00545575
7420.0 0.0054375
7430.0 0.00495861
7440.0 0.00421612
7450.0 0.00360512
7460.0 0.00311666
7470.0 0.00274166
7480.0 0.00257808
7490.0 0.00220062
7500.0 0.00202282
7510.0 0.00197886
7520.0 0.00241213
7530.0 0.00253918
7540.0 0.00280463
7550.0 0.00305664
7560.0 0.00338586
7570.0 0.00361061
7580.0 0.00191586
7590.0 0.00102324
7600.0 0.0024703
7610.0 0.00190817
7620.0 0.00210936
7630.0 0.00281577
7640.0 0.00331153
7650.0 0.00374772
7660.0 0.00445649
7670.0 0.00485294
7680.0 0.00490936
7690.0 0.00550063
7700.0 0.00566508
7710.0 0.00549272
7720.0 0.00565367
7730.0 0.0063335
7740.0 0.0060139
7750.0 0.00588827
7760.0 0.00611474
7770.0 0.00626608
7780.0 0.00588239
7790.0 0.00578409
7800.0 0.00623513
7810.0 0.00615451
7820.0 0.0058062
7830.0 0.00595251
7840.0 0.00623466
7850.0 0.00601158
7860.0 0.00588405
7870.0 0.00604493
7880.0 0.00605394
7890.0 0.00571587
7900.0 0.00597286
7910.0 0.00571003
7920.0 0.00535007
7930.0 0.00546148
7940.0 0.00539291
7950.0 0.00489019
7960.0 0.00485627
7970.0 0.00509402
7980.0 0.00484158
7990.0 0.00453001
8000.0 0.00463649
8010.0 0.00467482
8020.0 0.00436447
8030.0 0.00422711
8040.0 0.00460689
8050.0 0.00439113
8060.0 0.00397294
8070.0 0.00401531
8080.0 0.00395445
8090.0 0.00359517
8100.0 0.00286866
8110.0 0.00256956
8120.0 0.00238733
8130.0 0.00197104
8140.0 0.00160602
8150.0 0.00137871
8160.0 0.00125608
8170.0 0.00113842
8180.0 0.000870907
8190.0 0.000945969
8200.0 0.000937666
8210.0 0.000857029
8220.0 0.00109069
8230.0 0.00116414
8240.0 0.00120275
8250.0 0.00154923
8260.0 0.00164451
8270.0 0.00161753
8280.0 0.00136135
8290.0 0.00129899
8300.0 0.00122321
8310.0 0.00137296
8320.0 0.00125572
8330.0 0.00114848
8340.0 0.0014787
8350.0 0.00164966
8360.0 0.00166136
8370.0 0.00164699
8380.0 0.001925
8390.0 0.00215889
8400.0 0.00226285
8410.0 0.0023576
8420.0 0.00246976
8430.0 0.00290975
8440.0 0.00259296
8450.0 0.00278043
8460.0 0.00317728
8470.0 0.00336918
8480.0 0.00340513
8490.0 0.00328445
8500.0 0.00360118
8510.0 0.00396455
8520.0 0.00398083
8530.0 0.00359033
8540.0 0.00377598
8550.0 0.0039123
8560.0 0.00397506
8570.0 0.00399073
8580.0 0.00377014
8590.0 0.00394146
8600.0 0.00403047
8610.0 0.00387034
8620.0 0.00396135
8630.0 0.0038013
8640.0 0.00377762
8650.0 0.00363835
8660.0 0.00348807
8670.0 0.00341556
8680.0 0.0034446
8690.0 0.00338851
8700.0 0.00341413
8710.0 0.00303493
8720.0 0.00290678
8730.0 0.00280463
8740.0 0.00276908
8750.0 0.00284179
8760.0 0.00260884
8770.0 0.00270519
8780.0 0.00282
8790.0 0.00299705
8800.0 0.0029699
8810.0 0.00279244
8820.0 0.00276456
8830.0 0.00300374
8840.0 0.00265277
8850.0 0.00243128
8860.0 0.00223391
8870.0 0.00204501
8880.0 0.00194055
8890.0 0.00159349
8900.0 0.00144969
8910.0 0.00181843
8920.0 0.00153928
8930.0 0.0014823
8940.0 0.00153552
8950.0 0.00147187
8960.0 0.00175826
8970.0 0.00183144
8980.0 0.00198611
8990.0 0.00203054
9000.0 0.00207452
9010.0 0.00217032
9020.0 0.00201246
9030.0 0.00195088
9040.0 0.0021391
9050.0 0.00200969
9060.0 0.00211412
9070.0 0.00209471
9080.0 0.00221625
9090.0 0.00231854
9100.0 0.00235773
9110.0 0.00231038
9120.0 0.00231298
9130.0 0.0023865
9140.0 0.00238917
9150.0 0.00240454
9160.0 0.00258892
9170.0 0.00260076
9180.0 0.00267659
9190.0 0.00263488
9200.0 0.00275957
9210.0 0.00255165
9220.0 0.00249171
9230.0 0.00235112
9240.0 0.00250123
9250.0 0.00260273
9260.0 0.00248543
9270.0 0.00246307
9280.0 0.00237219
9290.0 0.00230527
9300.0 0.00227821
9310.0 0.00222826
9320.0 0.0022974
9330.0 0.00230837
9340.0 0.0023344
9350.0 0.00233854
9360.0 0.00250389
9370.0 0.00257919
9380.0 0.0026758
9390.0 0.00261529
9400.0 0.00254911
9410.0 0.00258259
9420.0 0.00268178
9430.0 0.00262115
9440.0 0.00269747
9450.0 0.00249935
9460.0 0.00268345
9470.0 0.00261011
9480.0 0.00268862
9490.0 0.00273399
9500.0 0.00263309
9510.0 0.00289288
9520.0 0.00284315
9530.0 0.00257672
9540.0 0.00254881
9550.0 0.00258646
9560.0 0.00233548
9570.0 0.00223278
9580.0 0.00224966
9590.0 0.00219679
9600.0 0.00212159
9610.0 0.00212389
9620.0 0.00210672
9630.0 0.00197734
9640.0 0.00220473
9650.0 0.00213319
9660.0 0.00202631
9670.0 0.00194259
9680.0 0.00193224
9690.0 0.00233422
9700.0 0.00192053
9710.0 0.00205258
9720.0 0.00216562
9730.0 0.00202333
9740.0 0.00184565
9750.0 0.00155108
9760.0 0.00180769
9770.0 0.00163723
9780.0 0.00188886
9790.0 0.00165459
9800.0 0.00170131
9810.0 0.00199194
9820.0 0.00199422
9830.0 0.00150338
9840.0 0.00184529
9850.0 0.00227702
9860.0 0.00187183
9870.0 0.00191237
9880.0 0.00159543
9890.0 0.00178765
9900.0 0.00171708
9910.0 0.00165742
9920.0 0.0015979
9930.0 0.00153854
9940.0 0.00153137
9950.0 0.00152425
9960.0 0.00151716
9970.0 0.00151012
9980.0 0.00150311
9990.0 0.00149615
10000.0 0.00148922
10010.0 0.00148233
10020.0 0.00147548
10030.0 0.00146867
10040.0 0.0014619
10050.0 0.00145517
10060.0 0.00144848
10070.0 0.00144183
10080.0 0.0014352
10090.0 0.00142863
10100.0 0.00142209
10110.0 0.00141559
10120.0 0.00140912
10130.0 0.0014027
10140.0 0.00139631
10150.0 0.00138996
10160.0 0.00138364
10170.0 0.00137737
10180.0 0.00137114
10190.0 0.00136493
10200.0 0.00135876
10210.0 0.00135264
10220.0 0.00134654
10230.0 0.00134049
10240.0 0.00133447
10250.0 0.00132849
10260.0 0.00132255
10270.0 0.00131664
10280.0 0.00131076
10290.0 0.00130492
10300.0 0.00129912
10310.0 0.00129334
10320.0 0.00128761
10330.0 0.0012819
10340.0 0.00127623
10350.0 0.00127059
10360.0 0.00126498
10370.0 0.0012594
10380.0 0.00125386
10390.0 0.00124834
10400.0 0.00124286
10410.0 0.0012374
10420.0 0.00123198
10430.0 0.00122658
10440.0 0.00122121
10450.0 0.00121588
10460.0 0.00121056
10470.0 0.00120529
10480.0 0.00120003
10490.0 0.0011948
10500.0 0.0011896
10510.0 0.00118442
10520.0 0.00117928
10530.0 0.00117415
10540.0 0.00116906
10550.0 0.00116397
10560.0 0.00115893
10570.0 0.00115391
10580.0 0.00114891
10590.0 0.00114393
10600.0 0.00113898
10610.0 0.00113404
10620.0 0.00112915
10630.0 0.00112426
10640.0 0.00111939
10650.0 0.00111456
10660.0 0.00110973
10670.0 0.00110494
10680.0 0.00110017
10690.0 0.00109541
10700.0 0.00109067
10710.0 0.00108597
10720.0 0.00108127
10730.0 0.00107659
10740.0 0.00107194
10750.0 0.00106731
10760.0 0.00106269
10770.0 0.00105809
10780.0 0.00105352
10790.0 0.00104895
10800.0 0.00104441
10810.0 0.00103988
10820.0 0.00103537
10830.0 0.00103088
10840.0 0.00102642
10850.0 0.00102196
10860.0 0.00101752
10870.0 0.0010131
10880.0 0.00100868
10890.0 0.0010043
10900.0 0.000999923
10910.0 0.00099556
10920.0 0.000991226
10930.0 0.000986894
10940.0 0.000982573
10950.0 0.000978281
10960.0 0.000973999
10970.0 0.000969727
10980.0 0.000965475
10990.0 0.000961232
11000.0 0.000956998
11010.0 0.000952784
11020.0 0.000948588
11030.0 0.000944401
11040.0 0.000940222
11050.0 0.000936063
11060.0 0.000931914
11070.0 0.000927781
11080.0 0.000923657
11090.0 0.000919544
11100.0 0.000915449
11110.0 0.00091136
11120.0 0.000907285
11130.0 0.000903225
11140.0 0.000899172
11150.0 0.000895132
11160.0 0.000891105
11170.0 0.000887087
11180.0 0.000883081
11190.0 0.000879087
11200.0 0.000875101
11210.0 0.000871128
11220.0 0.000867166
11230.0 0.000863212
11240.0 0.00085927
11250.0 0.000855339
11260.0 0.000851415
11270.0 0.000847503
11280.0 0.000843603
11290.0 0.000839708
11300.0 0.000835826
11310.0 0.000831953
11320.0 0.000828088
11330.0 0.000824234
11340.0 0.000820389
11350.0 0.000816552
11360.0 0.000812725
11370.0 0.000808907
11380.0 0.000805097
11390.0 0.000801297
11400.0 0.000797505
11410.0 0.000793721
11420.0 0.000789946
11430.0 0.000786181
11440.0 0.000782421
11450.0 0.000778672
11460.0 0.000774931
11470.0 0.000771196
11480.0 0.000767472
11490.0 0.000763756
11500.0 0.000760052
11510.0 0.000753363
11520.0 0.000749337
11530.0 0.000745309
11540.0 0.000741282
11550.0 0.000737255
11560.0 0.000733227
11570.0 0.0007292
11580.0 0.000725172
11590.0 0.000721145
11600.0 0.000717118
11610.0 0.000713091
11620.0 0.000709064
11630.0 0.000705036
11640.0 0.000701009
11650.0 0.000696982
11660.0 0.000692954
11670.0 0.000688927
11680.0 0.000684899
11690.0 0.000680872
11700.0 0.000676846
11710.0 0.000672818
11720.0 0.000668791
11730.0 0.000664763
11740.0 0.000660736
11750.0 0.000656709
11760.0 0.000652681
11770.0 0.000648654
11780.0 0.000644626
11790.0 0.0006406
11800.0 0.000636573
11810.0 0.000632545
11820.0 0.000628518
11830.0 0.00062449
11840.0 0.000620463
11850.0 0.000616436
11860.0 0.000612408
11870.0 0.000608381
11880.0 0.000604354
11890.0 0.000600327
11900.0 0.0005963
11910.0 0.000592272
11920.0 0.000588245
11930.0 0.000584217
11940.0 0.00058019
11950.0 0.000576163
11960.0 0.000572135
11970.0 0.000568109
11980.0 0.000564081
11990.0 0.000560054
12000.0 0.000556027
