#lamb flux
1000.0 0.0
1010.0 1.87473e-05
1020.0 2.10689e-05
1030.0 1.66696e-05
1040.0 1.32737e-05
1050.0 9.38942e-06
1060.0 5.85014e-06
1070.0 2.12904e-06
1080.0 2.67096e-06
1090.0 1.66043e-06
1100.0 1.14404e-06
1110.0 2.21303e-08
1120.0 7.2673e-12
1130.0 5.26286e-08
1140.0 2.36465e-06
1150.0 6.963e-06
1160.0 6.86621e-06
1170.0 6.52987e-06
1180.0 6.68431e-06
1190.0 7.1974e-06
1200.0 5.47697e-06
1210.0 4.05846e-06
1220.0 5.66822e-06
1230.0 4.08256e-06
1240.0 2.62729e-06
1250.0 2.61582e-06
1260.0 2.61388e-07
1270.0 2.64218e-05
1280.0 1.63878e-05
1290.0 1.00481e-05
1300.0 4.58339e-05
1310.0 8.1987e-05
1320.0 0.000124468
1330.0 0.000146589
1340.0 0.000124038
1350.0 8.5622e-05
1360.0 5.87634e-05
1370.0 5.30181e-05
1380.0 3.85263e-05
1390.0 1.98887e-05
1400.0 1.06758e-05
1410.0 1.8073e-05
1420.0 6.03183e-05
1430.0 9.47354e-05
1440.0 0.000125291
1450.0 0.000125927
1460.0 0.000141534
1470.0 0.000182981
1480.0 0.000199205
1490.0 0.000238793
1500.0 0.000261806
1510.0 0.000313409
1520.0 0.000263063
1530.0 0.000254453
1540.0 0.00024105
1550.0 0.000194648
1560.0 0.000163527
1570.0 0.000173536
1580.0 0.000203197
1590.0 0.0002467
1600.0 0.00028139
1610.0 0.000262169
1620.0 0.000293333
1630.0 0.000376452
1640.0 0.000557359
1650.0 0.000567675
1660.0 0.000645012
1670.0 0.000448238
1680.0 0.000425416
1690.0 0.000315335
1700.0 0.0002798
1710.0 0.000307234
1720.0 0.000372174
1730.0 0.000660386
1740.0 0.00103465
1750.0 0.0013851
1760.0 0.00158609
1770.0 0.00144303
1780.0 0.00154333
1790.0 0.00143171
1800.0 0.00118566
1810.0 0.00103066
1820.0 0.000800591
1830.0 0.000826554
1840.0 0.00113886
1850.0 0.0021967
1860.0 0.00309178
1870.0 0.00462794
1880.0 0.00532276
1890.0 0.00556912
1900.0 0.00492731
1910.0 0.00379393
1920.0 0.00279213
1930.0 0.00179838
1940.0 0.00125352
1950.0 0.000888118
1960.0 0.00091935
1970.0 0.00126879
1980.0 0.00196298
1990.0 0.00274385
2000.0 0.00327741
2010.0 0.00332081
2020.0 0.00303584
2030.0 0.00278678
2040.0 0.00272031
2050.0 0.00288352
2060.0 0.00295806
2070.0 0.00331805
2080.0 0.00388868
2090.0 0.00459911
2100.0 0.00485163
2110.0 0.00452331
2120.0 0.00396384
2130.0 0.00372656
2140.0 0.00316793
2150.0 0.00292505
2160.0 0.00278632
2170.0 0.0026664
2180.0 0.00233915
2190.0 0.00184971
2200.0 0.00142229
2210.0 0.00113965
2220.0 0.000933714
2230.0 0.000941086
2240.0 0.00106277
2250.0 0.00124898
2260.0 0.00143883
2270.0 0.00171867
2280.0 0.00225651
2290.0 0.00343751
2300.0 0.0053519
2310.0 0.00724154
2320.0 0.00903529
2330.0 0.0101876
2340.0 0.0111416
2350.0 0.0113983
2360.0 0.0111278
2370.0 0.0121177
2380.0 0.0121925
2390.0 0.011694
2400.0 0.0112337
2410.0 0.0105288
2420.0 0.00919203
2430.0 0.00776018
2440.0 0.00666172
2450.0 0.00565434
2460.0 0.0048603
2470.0 0.00424658
2480.0 0.00427227
2490.0 0.00460829
2500.0 0.00428856
2510.0 0.0039749
2520.0 0.00360759
2530.0 0.00285207
2540.0 0.00244607
2550.0 0.00208718
2560.0 0.00171346
2570.0 0.00165252
2580.0 0.00181298
2590.0 0.0021228
2600.0 0.00249314
2610.0 0.00295963
2620.0 0.00351152
2630.0 0.00432631
2640.0 0.0054642
2650.0 0.0064951
2660.0 0.0081201
2670.0 0.00855226
2680.0 0.00935731
2690.0 0.00963632
2700.0 0.0105874
2710.0 0.0112781
2720.0 0.0123491
2730.0 0.0153284
2740.0 0.0180099
2750.0 0.0200218
2760.0 0.0212685
2770.0 0.0215042
2780.0 0.021414
2790.0 0.022726
2800.0 0.0253641
2810.0 0.0268194
2820.0 0.0278766
2830.0 0.028875
2840.0 0.0304624
2850.0 0.033565
2860.0 0.0379494
2870.0 0.0407233
2880.0 0.0417606
2890.0 0.0418629
2900.0 0.0385585
2910.0 0.0360643
2920.0 0.0350888
2930.0 0.0331873
2940.0 0.0316853
2950.0 0.0302256
2960.0 0.0284733
2970.0 0.0277963
2980.0 0.0275818
2990.0 0.0270227
3000.0 0.027092
3010.0 0.02788
3020.0 0.0285457
3030.0 0.0282869
3040.0 0.0274818
3050.0 0.0260788
3060.0 0.0249614
3070.0 0.0246042
3080.0 0.0249109
3090.0 0.026329
3100.0 0.0286232
3110.0 0.0308615
3120.0 0.0327776
3130.0 0.0330276
3140.0 0.0319589
3150.0 0.0304975
3160.0 0.0283542
3170.0 0.0252763
3180.0 0.0238762
3190.0 0.0227458
3200.0 0.0219086
3210.0 0.0216902
3220.0 0.0220372
3230.0 0.0224512
3240.0 0.0231876
3250.0 0.0248342
3260.0 0.0272085
3270.0 0.0306577
3280.0 0.0347774
3290.0 0.039699
3300.0 0.0456552
3310.0 0.050876
3320.0 0.0560814
3330.0 0.060482
3340.0 0.0618816
3350.0 0.0638192
3360.0 0.0688484
3370.0 0.0733299
3380.0 0.081374
3390.0 0.088931
3400.0 0.0928709
3410.0 0.0949466
3420.0 0.0935986
3430.0 0.0906164
3440.0 0.0875419
3450.0 0.0830572
3460.0 0.0774293
3470.0 0.072377
3480.0 0.0705196
3490.0 0.0668154
3500.0 0.0605276
3510.0 0.0554948
3520.0 0.0528773
3530.0 0.051689
3540.0 0.0502349
3550.0 0.0500786
3560.0 0.048658
3570.0 0.0459477
3580.0 0.0444275
3590.0 0.0442266
3600.0 0.0378278
3610.0 0.0388379
3620.0 0.0448059
3630.0 0.0570759
3640.0 0.0689181
3650.0 0.0781067
3660.0 0.0815482
3670.0 0.0849305
3680.0 0.0800186
3690.0 0.0747711
3700.0 0.0669495
3710.0 0.0622811
3720.0 0.0634198
3730.0 0.0605994
3740.0 0.051065
3750.0 0.0448187
3760.0 0.0442838
3770.0 0.0408957
3780.0 0.0400496
3790.0 0.0421157
3800.0 0.0404455
3810.0 0.0483131
3820.0 0.0544926
3830.0 0.0630893
3840.0 0.0702929
3850.0 0.0765216
3860.0 0.0848203
3870.0 0.090319
3880.0 0.101445
3890.0 0.109996
3900.0 0.117238
3910.0 0.123646
3920.0 0.130463
3930.0 0.130294
3940.0 0.138353
3950.0 0.138368
3960.0 0.126064
3970.0 0.119323
3980.0 0.11235
3990.0 0.106762
4000.0 0.104002
4010.0 0.0987008
4020.0 0.100178
4030.0 0.0990627
4040.0 0.098048
4050.0 0.0996339
4060.0 0.0958137
4070.0 0.090544
4080.0 0.096506
4090.0 0.103977
4100.0 0.102436
4110.0 0.0895421
4120.0 0.0803195
4130.0 0.0706247
4140.0 0.0696141
4150.0 0.0710643
4160.0 0.0718123
4170.0 0.078843
4180.0 0.0871212
4190.0 0.0890668
4200.0 0.0875688
4210.0 0.0741081
4220.0 0.0721812
4230.0 0.0703215
4240.0 0.0752798
4250.0 0.0788433
4260.0 0.0755586
4270.0 0.0757816
4280.0 0.0721314
4290.0 0.0635038
4300.0 0.0591353
4310.0 0.057899
4320.0 0.0597656
4330.0 0.0641416
4340.0 0.0620316
4350.0 0.0616687
4360.0 0.0595556
4370.0 0.0593802
4380.0 0.0585608
4390.0 0.0617556
4400.0 0.0669715
4410.0 0.0734375
4420.0 0.0778695
4430.0 0.0827993
4440.0 0.0875733
4450.0 0.0933475
4460.0 0.095707
4470.0 0.0976148
4480.0 0.102091
4490.0 0.107169
4500.0 0.107901
4510.0 0.107253
4520.0 0.109679
4530.0 0.113008
4540.0 0.116688
4550.0 0.119224
4560.0 0.115083
4570.0 0.111748
4580.0 0.105993
4590.0 0.105217
4600.0 0.10193
4610.0 0.0998673
4620.0 0.0986141
4630.0 0.096462
4640.0 0.0970103
4650.0 0.092551
4660.0 0.0865479
4670.0 0.0825124
4680.0 0.0798539
4690.0 0.0806414
4700.0 0.079052
4710.0 0.0792123
4720.0 0.0804019
4730.0 0.0800257
4740.0 0.0803855
4750.0 0.0796147
4760.0 0.0776165
4770.0 0.0772927
4780.0 0.0783925
4790.0 0.0790187
4800.0 0.0790069
4810.0 0.0787508
4820.0 0.0765017
4830.0 0.0718315
4840.0 0.0661307
4850.0 0.0602487
4860.0 0.0556171
4870.0 0.0554082
4880.0 0.0564426
4890.0 0.0596628
4900.0 0.0637467
4910.0 0.0671012
4920.0 0.0698454
4930.0 0.0711014
4940.0 0.0700105
4950.0 0.0691084
4960.0 0.0653473
4970.0 0.0619125
4980.0 0.0609782
4990.0 0.0600747
5000.0 0.0606406
5010.0 0.0608364
5020.0 0.0630967
5030.0 0.0644251
5040.0 0.0664245
5050.0 0.067448
5060.0 0.069099
5070.0 0.0715748
5080.0 0.0736243
5090.0 0.0756194
5100.0 0.0751656
5110.0 0.0766232
5120.0 0.0775524
5130.0 0.0788858
5140.0 0.0794448
5150.0 0.0791766
5160.0 0.0794562
5170.0 0.0791137
5180.0 0.0793446
5190.0 0.0792973
5200.0 0.0808566
5210.0 0.0814489
5220.0 0.0834664
5230.0 0.0838438
5240.0 0.0825371
5250.0 0.0814382
5260.0 0.0778624
5270.0 0.0763106
5280.0 0.0734822
5290.0 0.070433
5300.0 0.0699278
5310.0 0.0705973
5320.0 0.0710867
5330.0 0.070442
5340.0 0.0711309
5350.0 0.0712204
5360.0 0.0715985
5370.0 0.0704507
5380.0 0.0700048
5390.0 0.0705973
5400.0 0.0690835
5410.0 0.0677495
5420.0 0.0654962
5430.0 0.0655674
5440.0 0.0628471
5450.0 0.0607129
5460.0 0.0591088
5470.0 0.0593098
5480.0 0.0585101
5490.0 0.0575991
5500.0 0.0580778
5510.0 0.0590921
5520.0 0.0610147
5530.0 0.0645752
5540.0 0.0655836
5550.0 0.0672711
5560.0 0.0699732
5570.0 0.069235
5580.0 0.0700333
5590.0 0.0701107
5600.0 0.0698011
5610.0 0.0705296
5620.0 0.0705317
5630.0 0.0686657
5640.0 0.0668591
5650.0 0.0672479
5660.0 0.0678331
5670.0 0.0668801
5680.0 0.0657296
5690.0 0.0669513
5700.0 0.0653631
5710.0 0.0629406
5720.0 0.0586647
5730.0 0.0534599
5740.0 0.0498039
5750.0 0.0484906
5760.0 0.0466246
5770.0 0.0478844
5780.0 0.0500886
5790.0 0.0533175
5800.0 0.0549878
5810.0 0.0573944
5820.0 0.0599184
5830.0 0.0615982
5840.0 0.0637613
5850.0 0.0671602
5860.0 0.0694122
5870.0 0.0702849
5880.0 0.070772
5890.0 0.0726039
5900.0 0.0727069
5910.0 0.0707936
5920.0 0.0707397
5930.0 0.0697334
5940.0 0.0707357
5950.0 0.0703499
5960.0 0.0700197
5970.0 0.070096
5980.0 0.0703679
5990.0 0.0692074
6000.0 0.0687858
6010.0 0.0662696
6020.0 0.0647916
6030.0 0.0632957
6040.0 0.0627036
6050.0 0.0619621
6060.0 0.0600929
6070.0 0.0521276
6080.0 0.0462307
6090.0 0.0398025
6100.0 0.0351229
6110.0 0.0318964
6120.0 0.0303608
6130.0 0.0302408
6140.0 0.0315873
6150.0 0.033299
6160.0 0.0362233
6170.0 0.0385734
6180.0 0.0407366
6190.0 0.0442154
6200.0 0.0457473
6210.0 0.048453
6220.0 0.0515223
6230.0 0.0532721
6240.0 0.0559389
6250.0 0.0593138
6260.0 0.0593607
6270.0 0.0600489
6280.0 0.0607309
6290.0 0.0605119
6300.0 0.0606924
6310.0 0.0619529
6320.0 0.0640131
6330.0 0.0644248
6340.0 0.0656049
6350.0 0.0649243
6360.0 0.0652732
6370.0 0.0666334
6380.0 0.0667349
6390.0 0.0670025
6400.0 0.0665039
6410.0 0.0665296
6420.0 0.0656818
6430.0 0.064357
6440.0 0.062373
6450.0 0.0611198
6460.0 0.0597014
6470.0 0.0584749
6480.0 0.058813
6490.0 0.0592756
6500.0 0.0578588
6510.0 0.0569983
6520.0 0.0566845
6530.0 0.0561073
6540.0 0.0597296
6550.0 0.0598867
6560.0 0.0579127
6570.0 0.0573215
6580.0 0.0557525
6590.0 0.0546778
6600.0 0.0537724
6610.0 0.0534086
6620.0 0.0533533
6630.0 0.0528582
6640.0 0.0524162
6650.0 0.0518824
6660.0 0.0527443
6670.0 0.0517763
6680.0 0.0494866
6690.0 0.0494362
6700.0 0.0484399
6710.0 0.0470718
6720.0 0.0472845
6730.0 0.0473239
6740.0 0.0459453
6750.0 0.0468813
6760.0 0.0462446
6770.0 0.0451047
6780.0 0.0450591
6790.0 0.0433455
6800.0 0.0428654
6810.0 0.0431883
6820.0 0.0416994
6830.0 0.0416187
6840.0 0.043018
6850.0 0.0407484
6860.0 0.0418862
6870.0 0.0426609
6880.0 0.0430221
6890.0 0.0431766
6900.0 0.0424335
6910.0 0.0418858
6920.0 0.0416125
6930.0 0.0421581
6940.0 0.0413083
6950.0 0.0414278
6960.0 0.0413851
6970.0 0.0406723
6980.0 0.0398152
6990.0 0.0400039
7000.0 0.0397877
7010.0 0.0395639
7020.0 0.0398607
7030.0 0.0397093
7040.0 0.0390244
7050.0 0.0385994
7060.0 0.038346
7070.0 0.038033
7080.0 0.0373077
7090.0 0.037105
7100.0 0.0370311
7110.0 0.0382827
7120.0 0.0390331
7130.0 0.0383938
7140.0 0.0387157
7150.0 0.0389595
7160.0 0.0389615
7170.0 0.0389991
7180.0 0.0379729
7190.0 0.0379044
7200.0 0.0376622
7210.0 0.0378367
7220.0 0.0373871
7230.0 0.0372502
7240.0 0.0374569
7250.0 0.0371136
7260.0 0.0371475
7270.0 0.0371471
7280.0 0.0367381
7290.0 0.0354738
7300.0 0.0362319
7310.0 0.0359979
7320.0 0.036598
7330.0 0.0360939
7340.0 0.0357362
7350.0 0.0360643
7360.0 0.0361614
7370.0 0.0351405
7380.0 0.0349117
7390.0 0.0337462
7400.0 0.0325821
7410.0 0.0321315
7420.0 0.031137
7430.0 0.0285049
7440.0 0.0249838
7450.0 0.0213792
7460.0 0.0192142
7470.0 0.0180614
7480.0 0.0164238
7490.0 0.0144641
7500.0 0.0141712
7510.0 0.0142108
7520.0 0.0156792
7530.0 0.0168316
7540.0 0.0186219
7550.0 0.0198253
7560.0 0.0211011
7570.0 0.0213351
7580.0 0.0205765
7590.0 0.0202559
7600.0 0.0198618
7610.0 0.0192836
7620.0 0.0191007
7630.0 0.0201467
7640.0 0.0225819
7650.0 0.025375
7660.0 0.0259386
7670.0 0.0277643
7680.0 0.0290882
7690.0 0.0306228
7700.0 0.0319719
7710.0 0.0327027
7720.0 0.0328168
7730.0 0.0344194
7740.0 0.0346024
7750.0 0.0362494
7760.0 0.0360405
7770.0 0.0361641
7780.0 0.0370645
7790.0 0.0381619
7800.0 0.0381155
7810.0 0.0375028
7820.0 0.0366709
7830.0 0.0346236
7840.0 0.0352549
7850.0 0.0353392
7860.0 0.0351635
7870.0 0.0344129
7880.0 0.0349416
7890.0 0.0352501
7900.0 0.0326115
7910.0 0.0319724
7920.0 0.0296056
7930.0 0.0290515
7940.0 0.0279868
7950.0 0.0276651
7960.0 0.0271962
7970.0 0.0271316
7980.0 0.0278508
7990.0 0.0255795
8000.0 0.0257301
8010.0 0.0249915
8020.0 0.0242074
8030.0 0.0241712
8040.0 0.0253656
8050.0 0.0255436
8060.0 0.025062
8070.0 0.0244534
8080.0 0.0239918
8090.0 0.0211775
8100.0 0.0194438
8110.0 0.0171428
8120.0 0.015466
8130.0 0.0132181
8140.0 0.0111289
8150.0 0.00987479
8160.0 0.00850158
8170.0 0.00707888
8180.0 0.00663779
8190.0 0.0069467
8200.0 0.00609574
8210.0 0.00619967
8220.0 0.00653438
8230.0 0.00777024
8240.0 0.00975797
8250.0 0.0103319
8260.0 0.0103727
8270.0 0.00962721
8280.0 0.0103182
8290.0 0.0105487
8300.0 0.00848185
8310.0 0.0091892
8320.0 0.00916553
8330.0 0.00847681
8340.0 0.00947552
8350.0 0.0110833
8360.0 0.0106912
8370.0 0.0119862
8380.0 0.0127271
8390.0 0.0128077
8400.0 0.0142927
8410.0 0.0161267
8420.0 0.0179918
8430.0 0.0168693
8440.0 0.0195486
8450.0 0.0194907
8460.0 0.0205797
8470.0 0.0214112
8480.0 0.0217291
8490.0 0.0226431
8500.0 0.0249646
8510.0 0.0238623
8520.0 0.0257092
8530.0 0.0240363
8540.0 0.0256766
8550.0 0.0247003
8560.0 0.0250649
8570.0 0.0251319
8580.0 0.0237126
8590.0 0.0247587
8600.0 0.0252855
8610.0 0.0242499
8620.0 0.0247884
8630.0 0.0237564
8640.0 0.023578
8650.0 0.0226796
8660.0 0.0217147
8670.0 0.0212359
8680.0 0.0213887
8690.0 0.021013
8700.0 0.0211444
8710.0 0.0187714
8720.0 0.0179553
8730.0 0.0173017
8740.0 0.01706
8750.0 0.0174849
8760.0 0.0160304
8770.0 0.0166007
8780.0 0.0172822
8790.0 0.0183431
8800.0 0.0181529
8810.0 0.0170455
8820.0 0.0168529
8830.0 0.0182865
8840.0 0.0161284
8850.0 0.014762
8860.0 0.0135454
8870.0 0.0123835
8880.0 0.0117351
8890.0 0.00962344
8900.0 0.00874319
8910.0 0.0109523
8920.0 0.00925853
8930.0 0.00890378
8940.0 0.00921093
8950.0 0.00881719
8960.0 0.0105185
8970.0 0.0109416
8980.0 0.0118494
8990.0 0.0120981
9000.0 0.0123433
9010.0 0.0128958
9020.0 0.0119415
9030.0 0.0115603
9040.0 0.0126584
9050.0 0.0118764
9060.0 0.0124764
9070.0 0.0123451
9080.0 0.0130435
9090.0 0.0136268
9100.0 0.0138388
9110.0 0.0135424
9120.0 0.0135391
9130.0 0.0139504
9140.0 0.013947
9150.0 0.0140176
9160.0 0.0150719
9170.0 0.0151203
9180.0 0.0155399
9190.0 0.0152769
9200.0 0.0159781
9210.0 0.0147543
9220.0 0.0143881
9230.0 0.0135579
9240.0 0.014404
9250.0 0.0149682
9260.0 0.0142743
9270.0 0.0141268
9280.0 0.0135872
9290.0 0.0131861
9300.0 0.0130138
9310.0 0.0127114
9320.0 0.0130883
9330.0 0.0131331
9340.0 0.0132635
9350.0 0.0132693
9360.0 0.0141885
9370.0 0.0145958
9380.0 0.0151225
9390.0 0.014761
9400.0 0.0143684
9410.0 0.014538
9420.0 0.0150765
9430.0 0.0147163
9440.0 0.015125
9450.0 0.0139959
9460.0 0.0150073
9470.0 0.0145781
9480.0 0.0149972
9490.0 0.0152307
9500.0 0.0146497
9510.0 0.0160745
9520.0 0.0157781
9530.0 0.0142813
9540.0 0.0141087
9550.0 0.0142991
9560.0 0.0128954
9570.0 0.0123129
9580.0 0.0123904
9590.0 0.0120842
9600.0 0.0116562
9610.0 0.0116545
9620.0 0.0115461
9630.0 0.0108238
9640.0 0.0120539
9650.0 0.0116487
9660.0 0.0110518
9670.0 0.0105826
9680.0 0.0105137
9690.0 0.0126859
9700.0 0.0104254
9710.0 0.0111293
9720.0 0.0117286
9730.0 0.0109454
9740.0 0.00997275
9750.0 0.00837161
9760.0 0.00974555
9770.0 0.00881673
9780.0 0.0101605
9790.0 0.0088905
9800.0 0.00913154
9810.0 0.0106798
9820.0 0.0106805
9830.0 0.00804314
9840.0 0.00986201
9850.0 0.0121565
9860.0 0.00998289
9870.0 0.0101886
9880.0 0.00849132
9890.0 0.00950484
9900.0 0.00906544
9910.0 0.00865764
9920.0 0.00860798
9930.0 0.00855872
9940.0 0.00850978
9950.0 0.00846134
9960.0 0.00841327
9970.0 0.00836556
9980.0 0.00831832
9990.0 0.00827144
10000.0 0.00822492
10010.0 0.00817887
10020.0 0.00813317
10030.0 0.00808783
10040.0 0.00804295
10050.0 0.00799841
10060.0 0.00795423
10070.0 0.00791051
10080.0 0.00786713
10090.0 0.0078241
10100.0 0.00778152
10110.0 0.00773926
10120.0 0.00769738
10130.0 0.00765591
10140.0 0.00761478
10150.0 0.00757401
10160.0 0.00753366
10170.0 0.00749364
10180.0 0.00745398
10190.0 0.00741471
10200.0 0.00737578
10210.0 0.0073372
10220.0 0.00729903
10230.0 0.00726116
10240.0 0.00722366
10250.0 0.00718654
10260.0 0.00714974
10270.0 0.00711329
10280.0 0.00707721
10290.0 0.00704143
10300.0 0.007006
10310.0 0.0069709
10320.0 0.00693609
10330.0 0.00690162
10340.0 0.00686747
10350.0 0.00683359
10360.0 0.00680005
10370.0 0.0067668
10380.0 0.0067338
10390.0 0.00670113
10400.0 0.00666873
10410.0 0.00663658
10420.0 0.00660474
10430.0 0.00657315
10440.0 0.00654181
10450.0 0.00651076
10460.0 0.00647995
10470.0 0.00644936
10480.0 0.00641907
10490.0 0.00638899
10500.0 0.00635912
10510.0 0.00632954
10520.0 0.00630017
10530.0 0.00627099
10540.0 0.00624208
10550.0 0.00621337
10560.0 0.00618484
10570.0 0.00615657
10580.0 0.00612848
10590.0 0.00610058
10600.0 0.00607291
10610.0 0.00604542
10620.0 0.00601809
10630.0 0.005991
10640.0 0.00596407
10650.0 0.00593729
10660.0 0.00591074
10670.0 0.00588433
10680.0 0.00585808
10690.0 0.00583204
10700.0 0.00580613
10710.0 0.00578037
10720.0 0.00575481
10730.0 0.00572937
10740.0 0.00570407
10750.0 0.00567896
10760.0 0.00565395
10770.0 0.0056291
10780.0 0.00560441
10790.0 0.00557983
10800.0 0.00555539
10810.0 0.00553109
10820.0 0.00550689
10830.0 0.00548283
10840.0 0.00545891
10850.0 0.00543508
10860.0 0.00541138
10870.0 0.00538781
10880.0 0.00536432
10890.0 0.00534096
10900.0 0.00531771
10910.0 0.00529454
10920.0 0.00527149
10930.0 0.00524855
10940.0 0.00522568
10950.0 0.00520293
10960.0 0.00518027
10970.0 0.00515768
10980.0 0.0051352
10990.0 0.00511281
11000.0 0.00509047
11010.0 0.00506825
11020.0 0.00504609
11030.0 0.005024
11040.0 0.00500202
11050.0 0.00498009
11060.0 0.00495821
11070.0 0.00493645
11080.0 0.00491474
11090.0 0.00489306
11100.0 0.0048715
11110.0 0.00484999
11120.0 0.00482851
11130.0 0.00480713
11140.0 0.00478579
11150.0 0.00476448
11160.0 0.00474328
11170.0 0.0047221
11180.0 0.00470096
11190.0 0.00467991
11200.0 0.00465888
11210.0 0.00463789
11220.0 0.00461698
11230.0 0.00459609
11240.0 0.00457524
11250.0 0.00455446
11260.0 0.0045337
11270.0 0.00451297
11280.0 0.00449231
11290.0 0.00447165
11300.0 0.00445104
11310.0 0.00443049
11320.0 0.00440994
11330.0 0.00438943
11340.0 0.00436897
11350.0 0.00434852
11360.0 0.00432811
11370.0 0.00430774
11380.0 0.00428736
11390.0 0.00426704
11400.0 0.00424674
11410.0 0.00422645
11420.0 0.00420619
11430.0 0.00418597
11440.0 0.00416574
11450.0 0.00414555
11460.0 0.00412539
11470.0 0.00410523
11480.0 0.0040851
11490.0 0.00406501
11500.0 0.00404497
11510.0 0.00400736
11520.0 0.00398543
11530.0 0.0039635
11540.0 0.00394158
11550.0 0.00391965
11560.0 0.00389772
11570.0 0.00387579
11580.0 0.00385386
11590.0 0.00383194
11600.0 0.00381001
11610.0 0.00378808
11620.0 0.00376615
11630.0 0.00374422
11640.0 0.0037223
11650.0 0.00370037
11660.0 0.00367844
11670.0 0.00365651
11680.0 0.00363458
11690.0 0.00361266
11700.0 0.00359073
11710.0 0.0035688
11720.0 0.00354687
11730.0 0.00352494
11740.0 0.00350302
11750.0 0.00348109
11760.0 0.00345916
11770.0 0.00343723
11780.0 0.0034153
11790.0 0.00339338
11800.0 0.00337145
11810.0 0.00334952
11820.0 0.00332759
11830.0 0.00330566
11840.0 0.00328374
11850.0 0.00326181
11860.0 0.00323988
11870.0 0.00321795
11880.0 0.00319602
11890.0 0.0031741
11900.0 0.00315217
11910.0 0.00313024
11920.0 0.00310831
11930.0 0.00308638
11940.0 0.00306446
11950.0 0.00304253
11960.0 0.0030206
11970.0 0.00299867
11980.0 0.00297674
11990.0 0.00295482
12000.0 0.00293289
