#lamb flux
1000.0 0.0
1010.0 1.61599e-07
1020.0 1.81611e-07
1030.0 1.4369e-07
1040.0 1.14417e-07
1050.0 8.09355e-08
1060.0 5.04273e-08
1070.0 1.8352e-08
1080.0 2.30233e-08
1090.0 1.43127e-08
1100.0 9.86149e-09
1110.0 1.9076e-10
1120.0 6.26431e-14
1130.0 4.53651e-10
1140.0 2.03831e-08
1150.0 6.002e-08
1160.0 5.91857e-08
1170.0 5.62864e-08
1180.0 5.76178e-08
1190.0 6.20407e-08
1200.0 4.72108e-08
1210.0 3.49834e-08
1220.0 4.88591e-08
1230.0 3.51911e-08
1240.0 2.26469e-08
1250.0 2.2548e-08
1260.0 2.25312e-09
1270.0 2.27752e-07
1280.0 1.4126e-07
1290.0 8.66132e-08
1300.0 3.95081e-07
1310.0 7.06715e-07
1320.0 1.0729e-06
1330.0 1.26358e-06
1340.0 1.06919e-06
1350.0 7.3805e-07
1360.0 5.0653e-07
1370.0 4.57009e-07
1380.0 3.32091e-07
1390.0 1.71437e-07
1400.0 9.2024e-08
1410.0 1.55787e-07
1420.0 5.19934e-07
1430.0 8.16606e-07
1440.0 1.07999e-06
1450.0 1.08547e-06
1460.0 1.22e-06
1470.0 1.57727e-06
1480.0 1.71712e-06
1490.0 2.05836e-06
1500.0 2.25674e-06
1510.0 2.70153e-06
1520.0 2.26756e-06
1530.0 2.19335e-06
1540.0 2.07782e-06
1550.0 1.67784e-06
1560.0 1.40958e-06
1570.0 1.49585e-06
1580.0 1.75153e-06
1590.0 2.12652e-06
1600.0 2.42555e-06
1610.0 2.25986e-06
1620.0 2.52849e-06
1630.0 3.24497e-06
1640.0 4.80436e-06
1650.0 4.89328e-06
1660.0 5.55989e-06
1670.0 3.86374e-06
1680.0 3.66701e-06
1690.0 2.71815e-06
1700.0 2.41183e-06
1710.0 2.64832e-06
1720.0 3.20808e-06
1730.0 5.69244e-06
1740.0 8.91858e-06
1750.0 1.19393e-05
1760.0 1.36719e-05
1770.0 1.24387e-05
1780.0 1.33032e-05
1790.0 1.23411e-05
1800.0 1.02202e-05
1810.0 8.88418e-06
1820.0 6.90098e-06
1830.0 7.12477e-06
1840.0 9.81679e-06
1850.0 1.89352e-05
1860.0 2.66507e-05
1870.0 3.98922e-05
1880.0 4.58815e-05
1890.0 4.80049e-05
1900.0 4.24728e-05
1910.0 3.27033e-05
1920.0 2.40678e-05
1930.0 1.55018e-05
1940.0 1.08052e-05
1950.0 7.65544e-06
1960.0 7.92467e-06
1970.0 1.09368e-05
1980.0 1.69207e-05
1990.0 2.36517e-05
2000.0 2.82508e-05
2010.0 2.86249e-05
2020.0 2.61686e-05
2030.0 2.40216e-05
2040.0 2.34486e-05
2050.0 2.48556e-05
2060.0 2.5498e-05
2070.0 2.86012e-05
2080.0 3.35198e-05
2090.0 3.96436e-05
2100.0 4.18204e-05
2110.0 3.89901e-05
2120.0 3.41676e-05
2130.0 3.21223e-05
2140.0 2.73072e-05
2150.0 2.52135e-05
2160.0 2.40178e-05
2170.0 2.2984e-05
2180.0 2.01631e-05
2190.0 1.59442e-05
2200.0 1.22599e-05
2210.0 9.82359e-06
2220.0 8.04848e-06
2230.0 0.000160516
2240.0 0.000316852
2250.0 0.000469805
2260.0 0.000616949
2270.0 0.000802086
2280.0 0.00102611
2290.0 0.00139084
2300.0 0.00195004
2310.0 0.00239941
2320.0 0.00279429
2330.0 0.00313145
2340.0 0.00340383
2350.0 0.00346118
2360.0 0.00335866
2370.0 0.00363545
2380.0 0.00363601
2390.0 0.00346657
2400.0 0.00331035
2410.0 0.00308427
2420.0 0.00267682
2430.0 0.00224658
2440.0 0.00191729
2450.0 0.00161788
2460.0 0.00138261
2470.0 0.00120104
2480.0 0.00120135
2490.0 0.00128839
2500.0 0.00119215
2510.0 0.00109866
2520.0 0.000991475
2530.0 0.000779401
2540.0 0.000664687
2550.0 0.000563972
2560.0 0.0004604
2570.0 0.000441549
2580.0 0.000481729
2590.0 0.000560926
2600.0 0.000655148
2610.0 0.000773454
2620.0 0.000912649
2630.0 0.00111827
2640.0 0.0014047
2650.0 0.00166065
2660.0 0.0020649
2670.0 0.00216306
2680.0 0.00235396
2690.0 0.00241116
2700.0 0.002635
2710.0 0.00279194
2720.0 0.00304085
2730.0 0.00375451
2740.0 0.00438804
2750.0 0.00485259
2760.0 0.00512776
2770.0 0.00515749
2780.0 0.0051091
2790.0 0.00539398
2800.0 0.00598896
2810.0 0.00629989
2820.0 0.00651456
2830.0 0.00671322
2840.0 0.00704605
2850.0 0.00772413
2860.0 0.00868869
2870.0 0.00927648
2880.0 0.00946466
2890.0 0.00944002
2900.0 0.0086512
2910.0 0.00805103
2920.0 0.00779411
2930.0 0.007335
2940.0 0.00696818
2950.0 0.00661422
2960.0 0.00619991
2970.0 0.00602251
2980.0 0.00594644
2990.0 0.0057868
3000.0 0.00575129
3010.0 0.00586707
3020.0 0.0059548
3030.0 0.00584923
3040.0 0.00563303
3050.0 0.00532676
3060.0 0.00510539
3070.0 0.00503908
3080.0 0.00510886
3090.0 0.00540709
3100.0 0.00588641
3110.0 0.0063556
3120.0 0.00675972
3130.0 0.00682106
3140.0 0.00660989
3150.0 0.00631686
3160.0 0.00588158
3170.0 0.00525098
3180.0 0.00496767
3190.0 0.00473975
3200.0 0.00457237
3210.0 0.00453394
3220.0 0.00461385
3230.0 0.00470819
3240.0 0.00487061
3250.0 0.00522522
3260.0 0.00573449
3270.0 0.00647261
3280.0 0.00735528
3290.0 0.00841108
3300.0 0.00969057
3310.0 0.0108185
3320.0 0.0119478
3330.0 0.0129099
3340.0 0.0132342
3350.0 0.0136755
3360.0 0.0147828
3370.0 0.0157771
3380.0 0.0175443
3390.0 0.0192142
3400.0 0.0201087
3410.0 0.0206033
3420.0 0.0203562
3430.0 0.0197526
3440.0 0.0191268
3450.0 0.0181899
3460.0 0.0169983
3470.0 0.0159283
3480.0 0.0155586
3490.0 0.0147791
3500.0 0.0134232
3510.0 0.0123399
3520.0 0.0117899
3530.0 0.0115569
3540.0 0.0112636
3550.0 0.011261
3560.0 0.0109738
3570.0 0.0103938
3580.0 0.0100809
3590.0 0.0100667
3600.0 0.00452023
3610.0 0.00562075
3620.0 0.00626444
3630.0 0.00714191
3640.0 0.00907722
3650.0 0.0102953
3660.0 0.0112787
3670.0 0.0116547
3680.0 0.0112743
3690.0 0.0107959
3700.0 0.0110346
3710.0 0.0101752
3720.0 0.011546
3730.0 0.0131544
3740.0 0.0113432
3750.0 0.0116754
3760.0 0.00952016
3770.0 0.00781869
3780.0 0.00928679
3790.0 0.00728937
3800.0 0.00666841
3810.0 0.00669796
3820.0 0.00820686
3830.0 0.0104398
3840.0 0.0110112
3850.0 0.0129441
3860.0 0.0135203
3870.0 0.0139156
3880.0 0.015113
3890.0 0.0168858
3900.0 0.0181862
3910.0 0.0197974
3920.0 0.0217008
3930.0 0.0241281
3940.0 0.0255692
3950.0 0.0284048
3960.0 0.0291234
3970.0 0.0317238
3980.0 0.03209
3990.0 0.0306356
4000.0 0.0290548
4010.0 0.0259579
4020.0 0.0249637
4030.0 0.0228844
4040.0 0.0215791
4050.0 0.0213977
4060.0 0.020283
4070.0 0.0190324
4080.0 0.0168354
4090.0 0.0162174
4100.0 0.016363
4110.0 0.0160946
4120.0 0.0144537
4130.0 0.0129154
4140.0 0.0122699
4150.0 0.0113345
4160.0 0.0104157
4170.0 0.0105319
4180.0 0.0116638
4190.0 0.0122297
4200.0 0.0124657
4210.0 0.0124301
4220.0 0.0116472
4230.0 0.0113248
4240.0 0.0120626
4250.0 0.0128212
4260.0 0.0127698
4270.0 0.0131027
4280.0 0.0131394
4290.0 0.0121703
4300.0 0.0128619
4310.0 0.0129255
4320.0 0.0125576
4330.0 0.0134109
4340.0 0.0137127
4350.0 0.0128245
4360.0 0.0123369
4370.0 0.0114614
4380.0 0.0117773
4390.0 0.0111638
4400.0 0.0113965
4410.0 0.0129863
4420.0 0.0134576
4430.0 0.0154022
4440.0 0.0170413
4450.0 0.0190826
4460.0 0.0201926
4470.0 0.0211907
4480.0 0.0223968
4490.0 0.0234026
4500.0 0.0254698
4510.0 0.0257448
4520.0 0.0272938
4530.0 0.0300727
4540.0 0.0324124
4550.0 0.0347208
4560.0 0.03826
4570.0 0.0399518
4580.0 0.0404274
4590.0 0.0404639
4600.0 0.0381282
4610.0 0.0362816
4620.0 0.0350295
4630.0 0.0352176
4640.0 0.0350981
4650.0 0.0338127
4660.0 0.0316554
4670.0 0.0296852
4680.0 0.0271524
4690.0 0.0246811
4700.0 0.0239995
4710.0 0.0227406
4720.0 0.022323
4730.0 0.0222608
4740.0 0.0220655
4750.0 0.0217444
4760.0 0.0215132
4770.0 0.0227809
4780.0 0.0233646
4790.0 0.0248563
4800.0 0.0264031
4810.0 0.0286983
4820.0 0.0305561
4830.0 0.0306271
4840.0 0.0293913
4850.0 0.0270251
4860.0 0.0258469
4870.0 0.0256274
4880.0 0.0262231
4890.0 0.0275274
4900.0 0.0287307
4910.0 0.0288454
4920.0 0.029634
4930.0 0.0301656
4940.0 0.0293947
4950.0 0.0277364
4960.0 0.0255757
4970.0 0.0231759
4980.0 0.0215253
4990.0 0.0195835
5000.0 0.0187993
5010.0 0.018126
5020.0 0.0177277
5030.0 0.0177756
5040.0 0.0179865
5050.0 0.0183222
5060.0 0.0183459
5070.0 0.018836
5080.0 0.0199692
5090.0 0.0209048
5100.0 0.0214105
5110.0 0.0227578
5120.0 0.0229429
5130.0 0.0226473
5140.0 0.02269
5150.0 0.0227032
5160.0 0.0227323
5170.0 0.0234061
5180.0 0.0235623
5190.0 0.0239705
5200.0 0.0249955
5210.0 0.0263195
5220.0 0.0278297
5230.0 0.028562
5240.0 0.0288094
5250.0 0.0293041
5260.0 0.0302529
5270.0 0.0316268
5280.0 0.0331209
5290.0 0.0349948
5300.0 0.035545
5310.0 0.0352221
5320.0 0.0334978
5330.0 0.03145
5340.0 0.0304843
5350.0 0.0301406
5360.0 0.0299938
5370.0 0.0312113
5380.0 0.0333994
5390.0 0.0358459
5400.0 0.0390948
5410.0 0.0426387
5420.0 0.0459136
5430.0 0.0489879
5440.0 0.0505727
5450.0 0.0521719
5460.0 0.0522834
5470.0 0.0512173
5480.0 0.0515643
5490.0 0.0514876
5500.0 0.0515966
5510.0 0.0507624
5520.0 0.0509774
5530.0 0.0504348
5540.0 0.0502354
5550.0 0.0507858
5560.0 0.0508368
5570.0 0.0509853
5580.0 0.0513879
5590.0 0.0519123
5600.0 0.0522592
5610.0 0.0529016
5620.0 0.0531068
5630.0 0.0512238
5640.0 0.0482071
5650.0 0.0464128
5660.0 0.0440135
5670.0 0.0429537
5680.0 0.042248
5690.0 0.0420714
5700.0 0.0418226
5710.0 0.0411548
5720.0 0.0401035
5730.0 0.0398221
5740.0 0.0378959
5750.0 0.0385258
5760.0 0.0383147
5770.0 0.0384698
5780.0 0.0377653
5790.0 0.0368812
5800.0 0.0353184
5810.0 0.0333903
5820.0 0.0325458
5830.0 0.0319037
5840.0 0.0321391
5850.0 0.0331197
5860.0 0.0348768
5870.0 0.0365841
5880.0 0.0377521
5890.0 0.0382062
5900.0 0.0395606
5910.0 0.0402737
5920.0 0.0411705
5930.0 0.0401899
5940.0 0.039272
5950.0 0.0377372
5960.0 0.0361492
5970.0 0.0341328
5980.0 0.0341146
5990.0 0.0337352
6000.0 0.0345541
6010.0 0.034997
6020.0 0.0366857
6030.0 0.0368563
6040.0 0.0358585
6050.0 0.0347583
6060.0 0.0336504
6070.0 0.0326822
6080.0 0.0322063
6090.0 0.031707
6100.0 0.0302303
6110.0 0.0268102
6120.0 0.0240832
6130.0 0.0215983
6140.0 0.0197009
6150.0 0.0184636
6160.0 0.0178889
6170.0 0.0185502
6180.0 0.0197609
6190.0 0.0217012
6200.0 0.0236125
6210.0 0.0254789
6220.0 0.0273789
6230.0 0.0282428
6240.0 0.0288962
6250.0 0.0297263
6260.0 0.0300932
6270.0 0.0306386
6280.0 0.0310814
6290.0 0.032867
6300.0 0.0339667
6310.0 0.0355546
6320.0 0.0367731
6330.0 0.0374917
6340.0 0.0394491
6350.0 0.0414975
6360.0 0.0433135
6370.0 0.046177
6380.0 0.0489125
6390.0 0.0511823
6400.0 0.0524945
6410.0 0.052828
6420.0 0.0532126
6430.0 0.0525278
6440.0 0.0529623
6450.0 0.0526081
6460.0 0.0520846
6470.0 0.052604
6480.0 0.0524208
6490.0 0.0528997
6500.0 0.0524708
6510.0 0.0531552
6520.0 0.0525741
6530.0 0.0522401
6540.0 0.0525794
6550.0 0.0522698
6560.0 0.0514616
6570.0 0.0506966
6580.0 0.0498609
6590.0 0.0485314
6600.0 0.0470065
6610.0 0.0447772
6620.0 0.0434069
6630.0 0.0412568
6640.0 0.0400652
6650.0 0.0391697
6660.0 0.0387753
6670.0 0.0386257
6680.0 0.0384531
6690.0 0.0386568
6700.0 0.0385218
6710.0 0.0382067
6720.0 0.0375282
6730.0 0.0371077
6740.0 0.0364337
6750.0 0.0354987
6760.0 0.0344919
6770.0 0.0330523
6780.0 0.03237
6790.0 0.0318008
6800.0 0.0314752
6810.0 0.0313364
6820.0 0.0305719
6830.0 0.0307338
6840.0 0.0303445
6850.0 0.0290808
6860.0 0.0241045
6870.0 0.027451
6880.0 0.0270083
6890.0 0.0279209
6900.0 0.0294706
6910.0 0.0303146
6920.0 0.030171
6930.0 0.0305629
6940.0 0.0301061
6950.0 0.0300347
6960.0 0.0301225
6970.0 0.0291733
6980.0 0.0284445
6990.0 0.0278288
7000.0 0.0271526
7010.0 0.026431
7020.0 0.0265267
7030.0 0.0267813
7040.0 0.0270057
7050.0 0.0278418
7060.0 0.0272573
7070.0 0.027353
7080.0 0.026406
7090.0 0.0255384
7100.0 0.0255415
7110.0 0.0249549
7120.0 0.0253371
7130.0 0.0255288
7140.0 0.0263389
7150.0 0.0265453
7160.0 0.027073
7170.0 0.025266
7180.0 0.0270418
7190.0 0.0273041
7200.0 0.028228
7210.0 0.0280051
7220.0 0.0261401
7230.0 0.026288
7240.0 0.0271539
7250.0 0.025861
7260.0 0.0261512
7270.0 0.027155
7280.0 0.026646
7290.0 0.026766
7300.0 0.02698
7310.0 0.0278397
7320.0 0.0273717
7330.0 0.0284299
7340.0 0.029487
7350.0 0.028892
7360.0 0.0296667
7370.0 0.0292923
7380.0 0.0296073
7390.0 0.0284703
7400.0 0.029351
7410.0 0.0288505
7420.0 0.028792
7430.0 0.026291
7440.0 0.0223839
7450.0 0.0191655
7460.0 0.0165909
7470.0 0.0146141
7480.0 0.0137604
7490.0 0.0117615
7500.0 0.0108256
7510.0 0.0106046
7520.0 0.0129437
7530.0 0.0136437
7540.0 0.0150903
7550.0 0.0164682
7560.0 0.0182664
7570.0 0.019505
7580.0 0.0103637
7590.0 0.00554251
7600.0 0.0133987
7610.0 0.0103636
7620.0 0.0114716
7630.0 0.0153339
7640.0 0.0180578
7650.0 0.0204636
7660.0 0.0243662
7670.0 0.0265691
7680.0 0.0269139
7690.0 0.0301956
7700.0 0.0311395
7710.0 0.0302322
7720.0 0.0311593
7730.0 0.0349523
7740.0 0.0332322
7750.0 0.032581
7760.0 0.0338785
7770.0 0.0347625
7780.0 0.0326768
7790.0 0.0321726
7800.0 0.0347266
7810.0 0.034322
7820.0 0.0324216
7830.0 0.0332816
7840.0 0.0349041
7850.0 0.0336984
7860.0 0.0330257
7870.0 0.033972
7880.0 0.0340659
7890.0 0.0322044
7900.0 0.0336948
7910.0 0.0322528
7920.0 0.0302574
7930.0 0.030926
7940.0 0.0305757
7950.0 0.0277598
7960.0 0.0276013
7970.0 0.028988
7980.0 0.0275851
7990.0 0.0258413
8000.0 0.0264809
8010.0 0.0267314
8020.0 0.0249839
8030.0 0.0242237
8040.0 0.0264291
8050.0 0.0252208
8060.0 0.0228456
8070.0 0.0231159
8080.0 0.0227919
8090.0 0.0207448
8100.0 0.0165716
8110.0 0.0148607
8120.0 0.0138224
8130.0 0.0114249
8140.0 0.00931956
8150.0 0.0080094
8160.0 0.00730511
8170.0 0.0066281
8180.0 0.00507617
8190.0 0.00551968
8200.0 0.00547718
8210.0 0.00501156
8220.0 0.00638478
8230.0 0.00682203
8240.0 0.00705578
8250.0 0.00909797
8260.0 0.0096677
8270.0 0.00951903
8280.0 0.00801984
8290.0 0.00766042
8300.0 0.00722095
8310.0 0.00811327
8320.0 0.00742807
8330.0 0.00680056
8340.0 0.00876475
8350.0 0.00978793
8360.0 0.00986721
8370.0 0.00979159
8380.0 0.0114558
8390.0 0.0128603
8400.0 0.0134927
8410.0 0.0140714
8420.0 0.014755
8430.0 0.0174004
8440.0 0.0155209
8450.0 0.0166589
8460.0 0.0190546
8470.0 0.0202246
8480.0 0.0204595
8490.0 0.019753
8500.0 0.0216779
8510.0 0.0238872
8520.0 0.0240074
8530.0 0.0216721
8540.0 0.0228135
8550.0 0.0236586
8560.0 0.0240598
8570.0 0.0241761
8580.0 0.0228601
8590.0 0.02392
8600.0 0.0244819
8610.0 0.0235298
8620.0 0.024104
8630.0 0.0231502
8640.0 0.0230259
8650.0 0.022196
8660.0 0.0212974
8670.0 0.0208725
8680.0 0.0210676
8690.0 0.0207421
8700.0 0.0209164
8710.0 0.0186086
8720.0 0.0178378
8730.0 0.0172251
8740.0 0.0170207
8750.0 0.0174819
8760.0 0.0160618
8770.0 0.0166686
8780.0 0.0173899
8790.0 0.0184966
8800.0 0.0183437
8810.0 0.0172613
8820.0 0.0171023
8830.0 0.0185966
8840.0 0.0164366
8850.0 0.0150759
8860.0 0.0138628
8870.0 0.0127004
8880.0 0.0120609
8890.0 0.00991142
8900.0 0.00902383
8910.0 0.0113277
8920.0 0.00959602
8930.0 0.00924775
8940.0 0.00958689
8950.0 0.00919636
8960.0 0.0109939
8970.0 0.01146
8980.0 0.012437
8990.0 0.0127245
9000.0 0.0130097
9010.0 0.0136204
9020.0 0.0126388
9030.0 0.0122609
9040.0 0.0134536
9050.0 0.0126488
9060.0 0.0133155
9070.0 0.0132028
9080.0 0.0139788
9090.0 0.0146343
9100.0 0.0148922
9110.0 0.0146034
9120.0 0.0146302
9130.0 0.0151058
9140.0 0.0151332
9150.0 0.0152413
9160.0 0.0164214
9170.0 0.016508
9180.0 0.0170012
9190.0 0.0167477
9200.0 0.0175525
9210.0 0.0162411
9220.0 0.0158706
9230.0 0.0149854
9240.0 0.0159531
9250.0 0.0166119
9260.0 0.0158741
9270.0 0.015742
9280.0 0.0151716
9290.0 0.0147537
9300.0 0.0145904
9310.0 0.0142803
9320.0 0.0147334
9330.0 0.0148139
9340.0 0.0149912
9350.0 0.0150281
9360.0 0.0161015
9370.0 0.016597
9380.0 0.0172305
9390.0 0.0168524
9400.0 0.0164372
9410.0 0.0166643
9420.0 0.0173163
9430.0 0.0169364
9440.0 0.0174416
9450.0 0.0161717
9460.0 0.0173748
9470.0 0.0169115
9480.0 0.0174323
9490.0 0.0177388
9500.0 0.0170959
9510.0 0.0187958
9520.0 0.0184855
9530.0 0.0167649
9540.0 0.016595
9550.0 0.0168521
9560.0 0.0152276
9570.0 0.0145682
9580.0 0.0146888
9590.0 0.0143538
9600.0 0.0138723
9610.0 0.0138975
9620.0 0.013795
9630.0 0.0129571
9640.0 0.0144577
9650.0 0.0139988
9660.0 0.0133072
9670.0 0.0127668
9680.0 0.0127082
9690.0 0.0153634
9700.0 0.01265
9710.0 0.01353
9720.0 0.014286
9730.0 0.0133574
9740.0 0.0121938
9750.0 0.0102556
9760.0 0.0119614
9770.0 0.010842
9780.0 0.0125181
9790.0 0.0109742
9800.0 0.0112931
9810.0 0.0132327
9820.0 0.0132585
9830.0 0.0100033
9840.0 0.0122884
9850.0 0.0151759
9860.0 0.0124857
9870.0 0.0127667
9880.0 0.0106598
9890.0 0.0119543
9900.0 0.0114922
9910.0 0.0111024
9920.0 0.0107131
9930.0 0.010324
9940.0 0.010285
9950.0 0.0102462
9960.0 0.0102077
9970.0 0.0101695
9980.0 0.0101315
9990.0 0.0100938
10000.0 0.0100564
10010.0 0.0100192
10020.0 0.00998228
10030.0 0.00994567
10040.0 0.0099093
10050.0 0.00987317
10060.0 0.00983737
10070.0 0.0098018
10080.0 0.00976648
10090.0 0.00973149
10100.0 0.00969671
10110.0 0.00966221
10120.0 0.00962801
10130.0 0.00959406
10140.0 0.00956036
10150.0 0.00952697
10160.0 0.00949382
10170.0 0.00946093
10180.0 0.00942835
10190.0 0.00939601
10200.0 0.00936393
10210.0 0.00933216
10220.0 0.00930063
10230.0 0.00926936
10240.0 0.0092384
10250.0 0.00920767
10260.0 0.00917721
10270.0 0.00914705
10280.0 0.00911713
10290.0 0.00908749
10300.0 0.00905812
10310.0 0.00902899
10320.0 0.00900013
10330.0 0.00897154
10340.0 0.00894315
10350.0 0.00891503
10360.0 0.00888716
10370.0 0.0088595
10380.0 0.00883208
10390.0 0.0088049
10400.0 0.00877791
10410.0 0.00875115
10420.0 0.00872463
10430.0 0.00869828
10440.0 0.00867216
10450.0 0.00864623
10460.0 0.00862049
10470.0 0.00859495
10480.0 0.00856961
10490.0 0.00854443
10500.0 0.00851945
10510.0 0.00849465
10520.0 0.00847001
10530.0 0.00844555
10540.0 0.00842126
10550.0 0.00839711
10560.0 0.00837313
10570.0 0.00834931
10580.0 0.00832562
10590.0 0.00830211
10600.0 0.00827874
10610.0 0.00825547
10620.0 0.00823237
10630.0 0.00820941
10640.0 0.00818655
10650.0 0.00816384
10660.0 0.00814124
10670.0 0.00811875
10680.0 0.00809641
10690.0 0.00807416
10700.0 0.00805199
10710.0 0.00802998
10720.0 0.00800805
10730.0 0.00798619
10740.0 0.00796447
10750.0 0.00794283
10760.0 0.00792125
10770.0 0.00789979
10780.0 0.00787841
10790.0 0.00785707
10800.0 0.00783587
10810.0 0.00781471
10820.0 0.00779359
10830.0 0.0077726
10840.0 0.00775165
10850.0 0.00773074
10860.0 0.00770992
10870.0 0.00768916
10880.0 0.00766841
10890.0 0.00764776
10900.0 0.00762714
10910.0 0.00760654
10920.0 0.00758603
10930.0 0.00756554
10940.0 0.00754506
10950.0 0.00752466
10960.0 0.00750426
10970.0 0.00748389
10980.0 0.00746357
10990.0 0.00744326
11000.0 0.00742297
11010.0 0.00740271
11020.0 0.00738247
11030.0 0.00736221
11040.0 0.00734201
11050.0 0.0073218
11060.0 0.00730159
11070.0 0.00728141
11080.0 0.00726121
11090.0 0.00724101
11100.0 0.00722084
11110.0 0.00720063
11120.0 0.00718043
11130.0 0.00716024
11140.0 0.00714002
11150.0 0.00711979
11160.0 0.00709956
11170.0 0.00707929
11180.0 0.00705903
11190.0 0.00703875
11200.0 0.00701843
11210.0 0.0069981
11220.0 0.00697776
11230.0 0.00695736
11240.0 0.00693695
11250.0 0.00691652
11260.0 0.00689604
11270.0 0.00687553
11280.0 0.00685501
11290.0 0.00683443
11300.0 0.00681382
11310.0 0.00679317
11320.0 0.00677247
11330.0 0.00675174
11340.0 0.00673097
11350.0 0.00671014
11360.0 0.00668927
11370.0 0.00666836
11380.0 0.00664738
11390.0 0.00662636
11400.0 0.0066053
11410.0 0.00658416
11420.0 0.006563
11430.0 0.00654176
11440.0 0.00652046
11450.0 0.00649912
11460.0 0.00647772
11470.0 0.00645623
11480.0 0.00643471
11490.0 0.00641314
11500.0 0.00639159
11510.0 0.0063655
11520.0 0.00634343
11530.0 0.00632136
11540.0 0.00629929
11550.0 0.00627721
11560.0 0.00625514
11570.0 0.00623307
11580.0 0.006211
11590.0 0.00618893
11600.0 0.00616685
11610.0 0.00614478
11620.0 0.00612271
11630.0 0.00610064
11640.0 0.00607857
11650.0 0.0060565
11660.0 0.00603442
11670.0 0.00601235
11680.0 0.00599028
11690.0 0.00596821
11700.0 0.00594614
11710.0 0.00592407
11720.0 0.00590199
11730.0 0.00587992
11740.0 0.00585785
11750.0 0.00583578
11760.0 0.00581371
11770.0 0.00579163
11780.0 0.00576956
11790.0 0.00574749
11800.0 0.00572542
11810.0 0.00570335
11820.0 0.00568128
11830.0 0.0056592
11840.0 0.00563713
11850.0 0.00561506
11860.0 0.00559299
11870.0 0.00557092
11880.0 0.00554885
11890.0 0.00552677
11900.0 0.0055047
11910.0 0.00548263
11920.0 0.00546056
11930.0 0.00543849
11940.0 0.00541641
11950.0 0.00539434
11960.0 0.00537227
11970.0 0.0053502
11980.0 0.00532813
11990.0 0.00530606
12000.0 0.00528398
