#lamb flux
1200 0.0
1210 4.522015e-06
1220 9.044031e-06
1230 1.356605e-05
1240 1.808806e-05
1250 2.261008e-05
1260 2.713209e-05
1270 3.165411e-05
1280 3.617612e-05
1290 4.069814e-05
1300 4.522016e-05
1310 4.974217e-05
1320 5.426419e-05
1330 5.87862e-05
1340 6.330822e-05
1350 6.783023e-05
1360 7.235225e-05
1370 7.687426e-05
1380 8.139628e-05
1390 8.591829e-05
1400 9.044031e-05
1410 9.496233e-05
1420 9.948434e-05
1430 0.0001040064
1440 0.0001085284
1450 0.0001130504
1460 0.0001175724
1470 0.0001220944
1480 0.0001266164
1490 0.0001311385
1500 0.0001356605
1510 0.0001401825
1520 0.0001447045
1530 0.0001492265
1540 0.0001537485
1550 0.0001582705
1560 0.0001627926
1570 0.0001673146
1580 0.0001718366
1590 0.0001763586
1600 0.0001808806
1610 0.0001854026
1620 0.0001899247
1630 0.0001944467
1640 0.0001989687
1650 0.0002034907
1660 0.0002080127
1670 0.0002125347
1680 0.0002170567
1690 0.0002215788
1700 0.0002261008
1710 0.0002306228
1720 0.0002351448
1730 0.0002396668
1740 0.0002441888
1750 0.0002487108
1760 0.0002532329
1770 0.0002577549
1780 0.0002622769
1790 0.0002667989
1800 0.0002713209
1810 0.0002758429
1820 0.000280365
1830 0.000284887
1840 0.000289409
1850 0.000293931
1860 0.000298453
1870 0.000302975
1880 0.0003074971
1890 0.0003120191
1900 0.0003165411
1910 0.0003210631
1920 0.0003255851
1930 0.0003301071
1940 0.0003346292
1950 0.0003391512
1960 0.0003436732
1970 0.0003481952
1980 0.0003527172
1990 0.0003572392
2000 0.0003617612
2010 0.0003662833
2020 0.0003708053
2030 0.0003753273
2040 0.0003798493
2050 0.0003843713
2060 0.0003888933
2070 0.0003934153
2080 0.0003979374
2090 0.0004024594
2100 0.0004069814
2110 0.0004115034
2120 0.0004160254
2130 0.0004205474
2140 0.0004250695
2150 0.0004295915
2160 0.0004341135
2170 0.0004386355
2180 0.0004431575
2190 0.0004476795
2200 0.0004522015
2210 0.0004567236
2220 0.0004612456
2230 0.0004657676
2240 0.0004702896
2250 0.0004748116
2260 0.0004793336
2270 0.0004838557
2280 0.0004883777
2290 0.0004928997
2300 0.0004974217
2310 0.0005019437
2320 0.0005064657
2330 0.0005109878
2340 0.0005155098
2350 0.0005200318
2360 0.0005245538
2370 0.0005290758
2380 0.0005335978
2390 0.0005381198
2400 0.0005426419
2410 0.0005471639
2420 0.0005516859
2430 0.0005562079
2440 0.0005607299
2450 0.0005652519
2460 0.0005697739
2470 0.000574296
2480 0.000578818
2490 0.00058334
2500 0.00061751
2510 0.00065299
2520 0.00068905
2530 0.00072497
2540 0.00076179
2550 0.00079986
2560 0.00084054
2570 0.00088192
2580 0.00092517
2590 0.00096888
2600 0.0010155
2610 0.0010648
2620 0.0011129
2630 0.0011611
2640 0.0012095
2650 0.0012618
2660 0.0013144
2670 0.0013664
2680 0.0014181
2690 0.0014708
2700 0.0015243
2710 0.0015789
2720 0.0016317
2730 0.0016844
2740 0.0017395
2750 0.0017947
2760 0.0018475
2770 0.0018993
2780 0.0019513
2790 0.0020034
2800 0.0020564
2810 0.0021071
2820 0.0021575
2830 0.0022076
2840 0.0022578
2850 0.0023091
2860 0.0023586
2870 0.0024089
2880 0.0024601
2890 0.0025118
2900 0.0025645
2910 0.0026158
2920 0.0026679
2930 0.0027187
2940 0.0027703
2950 0.0028208
2960 0.0028713
2970 0.0029235
2980 0.0029747
2990 0.0030253
3000 0.0030768
3010 0.0031268
3020 0.0031769
3030 0.0032244
3040 0.0032721
3050 0.0033199
3060 0.0033668
3070 0.0034111
3080 0.0034554
3090 0.0034959
3100 0.0035347
3110 0.0035717
3120 0.0036046
3130 0.0036359
3140 0.0036638
3150 0.0036892
3160 0.0037117
3170 0.0037301
3180 0.0037465
3190 0.0037584
3200 0.0037671
3210 0.0037716
3220 0.0037716
3230 0.0037675
3240 0.0037575
3250 0.003743
3260 0.0037219
3270 0.0036956
3280 0.0036639
3290 0.0036263
3300 0.0035827
3310 0.003533
3320 0.0034767
3330 0.0034144
3340 0.0033459
3350 0.0032707
3360 0.0031895
3370 0.0031025
3380 0.0030093
3390 0.0029108
3400 0.0028071
3410 0.002699
3420 0.0025876
3430 0.0024733
3440 0.0023581
3450 0.0022427
3460 0.0021284
3470 0.0020174
3480 0.0019114
3490 0.0018123
3500 0.0017224
3510 0.0016443
3520 0.0015804
3530 0.0015337
3540 0.0015073
3550 0.0015054
3560 0.0015351
3570 0.0015912
3580 0.0016699
3590 0.0017688
3600 0.0018859
3610 0.0020192
3620 0.0021663
3630 0.0023257
3640 0.0024949
3650 0.002672
3660 0.0028556
3670 0.0030444
3680 0.0032363
3690 0.0034303
3700 0.0036245
3710 0.003819
3720 0.0040119
3730 0.0042038
3740 0.0043921
3750 0.0045782
3760 0.0047602
3770 0.0049381
3780 0.0051118
3790 0.0052807
3800 0.0054453
3810 0.0056048
3820 0.0057603
3830 0.0059108
3840 0.0060562
3850 0.0061972
3860 0.006334
3870 0.0064653
3880 0.0065925
3890 0.0067145
3900 0.0068319
3910 0.0069444
3920 0.0070523
3930 0.0071556
3940 0.007253
3950 0.0073453
3960 0.0074335
3970 0.0075171
3980 0.007596
3990 0.0076698
4000 0.0077402
4010 0.0078063
4020 0.0078684
4030 0.0079263
4040 0.0079798
4050 0.0080294
4060 0.0080741
4070 0.0081148
4080 0.0081508
4090 0.0081826
4100 0.0082103
4110 0.0082334
4120 0.0082524
4130 0.0082673
4140 0.0082783
4150 0.0082847
4160 0.0082872
4170 0.0082857
4180 0.00828
4190 0.0082691
4200 0.0082541
4210 0.0082348
4220 0.0082115
4230 0.0081829
4240 0.0081503
4250 0.008114
4260 0.0080736
4270 0.0080281
4280 0.007977
4290 0.0079215
4300 0.0078613
4310 0.0077966
4320 0.007727
4330 0.0076521
4340 0.0075718
4350 0.0074865
4360 0.0073957
4370 0.0072992
4380 0.007197
4390 0.0070891
4400 0.0069754
4410 0.0068551
4420 0.006729
4430 0.0065964
4440 0.0064574
4450 0.0063125
4460 0.0061618
4470 0.0060049
4480 0.0058422
4490 0.0056733
4500 0.0054989
4510 0.0053193
4520 0.0051342
4530 0.004944
4540 0.0047496
4550 0.0045514
4560 0.0043507
4570 0.0041484
4580 0.0039458
4590 0.003744
4600 0.0035452
4610 0.0033517
4620 0.003165
4630 0.0029881
4640 0.0028242
4650 0.0026753
4660 0.0025446
4670 0.0024356
4680 0.002353
4690 0.0023035
4700 0.002304
4710 0.0023502
4720 0.0024269
4730 0.0025278
4740 0.0026485
4750 0.0027849
4760 0.0029343
4770 0.0030935
4780 0.0032599
4790 0.003432
4800 0.0036069
4810 0.0037815
4820 0.0039567
4830 0.0041305
4840 0.0043004
4850 0.0044657
4860 0.0046275
4870 0.0047817
4880 0.0049312
4890 0.0050728
4900 0.005208
4910 0.0053363
4920 0.0054576
4930 0.0055721
4940 0.0056809
4950 0.0057838
4960 0.0058807
4970 0.0059718
4980 0.0060584
4990 0.0061399
5000 0.0062164
5010 0.0062874
5020 0.0063542
5030 0.0064167
5040 0.006475
5050 0.0065297
5060 0.0065811
5070 0.0066299
5080 0.0066772
5090 0.0067223
5100 0.0067656
5110 0.0068077
5120 0.006849
5130 0.0068894
5140 0.0069281
5150 0.0069647
5160 0.0069992
5170 0.0070306
5180 0.0070597
5190 0.0070858
5200 0.0071093
5210 0.0071294
5220 0.0071469
5230 0.0071614
5240 0.0071724
5250 0.0071807
5260 0.0071849
5270 0.0071844
5280 0.0071807
5290 0.0071732
5300 0.0071629
5310 0.0071499
5320 0.0071339
5330 0.0071156
5340 0.0070953
5350 0.0070742
5360 0.0070514
5370 0.0070286
5380 0.0070061
5390 0.0069833
5400 0.0069605
5410 0.0069384
5420 0.0069164
5430 0.0068947
5440 0.0068736
5450 0.0068481
5460 0.0068244
5470 0.0067984
5480 0.0067722
5490 0.0067477
5500 0.0067198
5510 0.0066937
5520 0.0066685
5530 0.0066449
5540 0.0066222
5550 0.0065984
5560 0.0065728
5570 0.0065452
5580 0.0065196
5590 0.0064904
5600 0.0064558
5610 0.0064216
5620 0.0063842
5630 0.0063489
5640 0.0063085
5650 0.0062711
5660 0.0062311
5670 0.0061915
5680 0.006143
5690 0.0060941
5700 0.0060433
5710 0.0059912
5720 0.0059376
5730 0.0058799
5740 0.0058184
5750 0.0057538
5760 0.0056909
5770 0.0056225
5780 0.0055512
5790 0.0054757
5800 0.0053977
5810 0.0053157
5820 0.0052314
5830 0.0051444
5840 0.0050538
5850 0.0049598
5860 0.0048602
5870 0.0047569
5880 0.0046488
5890 0.0045372
5900 0.0044198
5910 0.0042973
5920 0.0041718
5930 0.0040433
5940 0.0039107
5950 0.0037729
5960 0.0036327
5970 0.0034905
5980 0.0033468
5990 0.003201
6000 0.0030544
6010 0.0029077
6020 0.0027633
6030 0.0026218
6040 0.0024833
6050 0.0023505
6060 0.0022263
6070 0.0021119
6080 0.0020092
6090 0.0019205
6100 0.0018488
6110 0.0017992
6120 0.0017795
6130 0.0018024
6140 0.0018525
6150 0.0019224
6160 0.0020088
6170 0.002108
6180 0.0022174
6190 0.0023348
6200 0.0024578
6210 0.0025858
6220 0.0027159
6230 0.0028479
6240 0.0029795
6250 0.0031105
6260 0.0032395
6270 0.0033648
6280 0.0034871
6290 0.0036058
6300 0.0037194
6310 0.0038291
6320 0.0039336
6330 0.0040346
6340 0.0041299
6350 0.0042193
6360 0.0043035
6370 0.0043836
6380 0.0044576
6390 0.0045284
6400 0.0045945
6410 0.0046558
6420 0.0047144
6430 0.004768
6440 0.0048182
6450 0.0048643
6460 0.0049063
6470 0.0049455
6480 0.0049797
6490 0.0050113
6500 0.0050388
6510 0.0050632
6520 0.0050845
6530 0.0051024
6540 0.0051189
6550 0.0051319
6560 0.0051443
6570 0.0051541
6580 0.0051613
6590 0.0051667
6600 0.0051701
6610 0.0051718
6620 0.0051722
6630 0.0051706
6640 0.0051672
6650 0.0051634
6660 0.0051579
6670 0.0051506
6680 0.0051433
6690 0.0051347
6700 0.0051258
6710 0.0051166
6720 0.0051061
6730 0.0050958
6740 0.0050834
6750 0.0050707
6760 0.005058
6770 0.0050439
6780 0.0050294
6790 0.0050143
6800 0.0049987
6810 0.004982
6820 0.0049647
6830 0.004946
6840 0.0049257
6850 0.0049046
6860 0.0048839
6870 0.0048621
6880 0.0048396
6890 0.0048164
6900 0.0047919
6910 0.0047658
6920 0.0047385
6930 0.0047091
6940 0.0046792
6950 0.0046485
6960 0.0046161
6970 0.0045815
6980 0.004546
6990 0.0045088
7000 0.0044716
7010 0.0044319
7020 0.0043918
7030 0.0043484
7040 0.0043056
7050 0.0042599
7060 0.0042137
7070 0.0041662
7080 0.0041173
7090 0.0040674
7100 0.0040153
7110 0.003962
7120 0.0039058
7130 0.003848
7140 0.0037884
7150 0.0037262
7160 0.0036612
7170 0.0035945
7180 0.003525
7190 0.0034535
7200 0.0033796
7210 0.0033036
7220 0.0032249
7230 0.0031439
7240 0.0030619
7250 0.0029778
7260 0.002891
7270 0.0028022
7280 0.0027112
7290 0.0026187
7300 0.0025233
7310 0.0024262
7320 0.0023273
7330 0.002227
7340 0.0021258
7350 0.002024
7360 0.0019225
7370 0.0018216
7380 0.0017222
7390 0.0016249
7400 0.0015305
7410 0.0014402
7420 0.001355
7430 0.0012759
7440 0.0012042
7450 0.0011414
7460 0.001089
7470 0.0010488
7480 0.0010243
7490 0.0010237
7500 0.0010421
7510 0.0010731
7520 0.0011139
7530 0.0011631
7540 0.0012185
7550 0.0012784
7560 0.0013416
7570 0.0014075
7580 0.0014751
7590 0.0015431
7600 0.0016106
7610 0.0016768
7620 0.0017414
7630 0.0018041
7640 0.0018645
7650 0.0019219
7660 0.0019765
7670 0.0020283
7680 0.0020769
7690 0.0021222
7700 0.0021643
7710 0.0022039
7720 0.0022399
7730 0.0022731
7740 0.0023037
7750 0.0023313
7760 0.0023559
7770 0.0023782
7780 0.0023978
7790 0.0024156
7800 0.0024311
7810 0.0024437
7820 0.0024548
7830 0.0024642
7840 0.0024716
7850 0.0024772
7860 0.0024811
7870 0.0024836
7880 0.0024847
7890 0.0024854
7900 0.0024846
7910 0.0024818
7920 0.0024782
7930 0.0024736
7940 0.0024666
7950 0.0024586
7960 0.0024499
7970 0.0024408
7980 0.002431
7990 0.0024202
8000 0.0024093
8010 0.002398
8020 0.0023857
8030 0.0023734
8040 0.0023611
8050 0.0023484
8060 0.002335
8070 0.0023212
8080 0.0023068
8090 0.0022921
8100 0.0022768
8110 0.0022613
8120 0.0022452
8130 0.0022289
8140 0.0022122
8150 0.002196
8160 0.002179
8170 0.0021631
8180 0.0021458
8190 0.0021286
8200 0.0021115
8210 0.0020942
8220 0.0020772
8230 0.0020602
8240 0.0020426
8250 0.0020247
8260 0.0020073
8270 0.0019901
8280 0.0019724
8290 0.0019545
8300 0.0019366
8310 0.0019194
8320 0.0019015
8330 0.0018834
8340 0.0018651
8350 0.0018467
8360 0.0018284
8370 0.0018099
8380 0.0017914
8390 0.0017732
8400 0.0017553
8410 0.0017369
8420 0.0017179
8430 0.0016992
8440 0.0016803
8450 0.0016614
8460 0.0016429
8470 0.0016244
8480 0.0016059
8490 0.0015873
8500 0.0015685
8510 0.0015501
8520 0.0015312
8530 0.0015115
8540 0.0014923
8550 0.0014727
8560 0.0014534
8570 0.0014346
8580 0.0014157
8590 0.0013973
8600 0.001379
8610 0.0013608
8620 0.0013428
8630 0.0013253
8640 0.0013081
8650 0.0012904
8660 0.0012733
8670 0.0012561
8680 0.0012391
8690 0.0012223
8700 0.0012059
8710 0.0011896
8720 0.0011738
8730 0.0011577
8740 0.001142
8750 0.0011265
8760 0.0011108
8770 0.0010953
8780 0.00108
8790 0.0010649
8800 0.0010501
8810 0.0010354
8820 0.0010209
8830 0.0010061
8840 0.00099161
8850 0.00097685
8860 0.00096219
8870 0.00094781
8880 0.00093372
8890 0.00091956
8900 0.00090566
8910 0.00089173
8920 0.00087771
8930 0.00086369
8940 0.00084973
8950 0.00083579
8960 0.00082221
8970 0.00080886
8980 0.00079537
8990 0.00078208
9000 0.00076902
9010 0.00075607
9020 0.00074292
9030 0.00073016
9040 0.00071765
9050 0.00070548
9060 0.00069316
9070 0.00068104
9080 0.00066905
9090 0.00065724
9100 0.0006455
9110 0.00063415
9120 0.00062261
9130 0.00061136
9140 0.00060033
9150 0.00058924
9160 0.0005785
9170 0.0005679
9180 0.00055754
9190 0.0005473
9200 0.00053732
9210 0.00052743
9220 0.00051775
9230 0.00050801
9240 0.00049895
9250 0.00048986
9260 0.00048068
9270 0.00047155
9280 0.00046253
9290 0.00045387
9300 0.00044534
9310 0.00043693
9320 0.00042865
9330 0.0004205
9340 0.00041247
9350 0.00040456
9360 0.00039677
9370 0.0003891
9380 0.00038155
9390 0.00037411
9400 0.00036679
9410 0.00035959
9420 0.0003525
9430 0.00034553
9440 0.00033866
9450 0.00033191
9460 0.00032527
9470 0.00031873
9480 0.0003123
9490 0.00030597
9500 0.00029975
9510 0.00029364
9520 0.00028762
9530 0.00028171
9540 0.00027589
9550 0.00027018
9560 0.00026456
9570 0.00025903
9580 0.0002536
9590 0.00024827
9600 0.00024303
9610 0.00023788
9620 0.00023281
9630 0.00022784
9640 0.00022296
9650 0.00021816
9660 0.00021345
9670 0.00020882
9680 0.00020427
9690 0.00019981
9700 0.00019543
9710 0.00019113
9720 0.0001869
9730 0.0001869
9740 0.0001869
9750 0.0001869
9760 0.0001869
9770 0.0001869
9780 0.0001869
9790 0.0001869
9800 0.0001869
9810 0.0001869
9820 0.0001869
9830 0.0001869
9840 0.0001869
9850 0.0001869
9860 0.0001869
9870 0.0001869
9880 0.0001869
9890 0.0001869
9900 0.0001869
9910 0.0001869
9920 0.0001869
9930 0.0001869
9940 0.0001869
9950 0.0001869
9960 0.0001869
9970 0.0001869
9980 0.0001869
9990 0.0001869
10000 0.0001869
10010 0.0001869
10020 0.0001869
10030 0.0001869
10040 0.0001869
10050 0.0001869
10060 0.0001869
10070 0.0001869
10080 0.0001869
10090 0.0001869
10100 0.0001869
10110 0.0001869
10120 0.0001869
10130 0.0001869
10140 0.0001869
10150 0.0001869
10160 0.0001869
10170 0.0001869
10180 0.0001869
10190 0.0001869
10200 0.0001869
10210 0.0001869
10220 0.0001869
10230 0.0001869
10240 0.0001869
10250 0.0001869
10260 0.0001869
10270 0.0001869
10280 0.0001869
10290 0.0001869
10300 0.0001869
10310 0.0001869
10320 0.0001869
10330 0.0001869
10340 0.0001869
10350 0.0001869
10360 0.0001869
10370 0.0001869
10380 0.0001869
10390 0.0001869
10400 0.0001869
10410 0.0001869
10420 0.0001869
10430 0.0001869
10440 0.0001869
10450 0.0001869
10460 0.0001869
10470 0.0001869
10480 0.0001869
10490 0.0001869
10500 0.0001869
10510 0.0001869
10520 0.0001869
10530 0.0001869
10540 0.0001869
10550 0.0001869
10560 0.0001869
10570 0.0001869
10580 0.0001869
10590 0.0001869
10600 0.0001869
10610 0.0001869
10620 0.0001869
10630 0.0001893455
10640 0.0001917911
10650 0.0001942366
10660 0.0001966821
10670 0.0001991276
10680 0.0002015732
10690 0.0002040187
10700 0.0002064642
10710 0.0002089097
10720 0.0002113553
10730 0.0002138008
10740 0.0002162463
10750 0.0002186919
10760 0.0002211374
10770 0.0002235829
10780 0.0002260284
10790 0.000228474
10800 0.0002309195
10810 0.000233365
10820 0.0002358105
10830 0.0002382561
10840 0.0002407016
10850 0.0002431471
10860 0.0002455927
10870 0.0002480382
10880 0.0002504837
10890 0.0002529292
10900 0.0002553748
10910 0.0002578203
10920 0.0002602658
10930 0.0002627113
10940 0.0002651569
10950 0.0002676024
10960 0.0002700479
10970 0.0002724935
10980 0.000274939
10990 0.0002773845
11000 0.00027983
11010 0.0002822756
11020 0.0002847211
11030 0.0002871666
11040 0.0002896121
11050 0.0002920577
11060 0.0002945032
11070 0.0002969487
11080 0.0002993942
11090 0.0003018398
11100 0.0003042853
11110 0.0003067308
11120 0.0003091764
11130 0.0003116219
11140 0.0003140674
11150 0.0003165129
11160 0.0003189585
11170 0.000321404
11180 0.0003238495
11190 0.000326295
11200 0.0003287406
11210 0.0003311861
11220 0.0003336316
11230 0.0003360772
11240 0.0003385227
11250 0.0003409682
11260 0.0003434137
11270 0.0003458593
11280 0.0003483048
11290 0.0003507503
11300 0.0003531958
11310 0.0003556414
11320 0.0003580869
11330 0.0003605324
11340 0.000362978
11350 0.0003654235
11360 0.000367869
11370 0.0003703145
11380 0.0003727601
11390 0.0003752056
11400 0.0003776511
11410 0.0003800966
11420 0.0003825422
11430 0.0003849877
11440 0.0003874332
11450 0.0003898788
11460 0.0003923243
11470 0.0003947698
11480 0.0003972153
11490 0.0003996609
11500 0.0004021064
11510 0.0004045519
11520 0.0004069974
11530 0.000409443
11540 0.0004118885
11550 0.000414334
11560 0.0004167796
11570 0.0004192251
11580 0.0004216706
11590 0.0004241161
11600 0.0004265617
11610 0.0004290072
11620 0.0004314527
11630 0.0004338982
11640 0.0004363438
11650 0.0004387893
11660 0.0004412348
11670 0.0004436804
11680 0.0004461259
11690 0.0004485714
11700 0.0004510169
11710 0.0004534625
11720 0.000455908
11730 0.0004583535
11740 0.000460799
11750 0.0004632446
11760 0.0004656901
11770 0.0004681356
11780 0.0004705811
11790 0.0004730267
11800 0.0004754722
11810 0.0004779177
11820 0.0004803633
11830 0.0004828088
11840 0.0004852543
11850 0.0004876998
11860 0.0004901454
11870 0.0004925909
11880 0.0004950364
11890 0.0004974819
11900 0.0004999275
11910 0.000502373
11920 0.0005048185
11930 0.0005072641
11940 0.0005097096
11950 0.0005121551
11960 0.0005146006
11970 0.0005170462
11980 0.0005194917
11990 0.0005219372
