#lamb flux
1605.0 3.82e-05
1610.0 3.83e-05
1615.0 3.84e-05
1620.0 3.85e-05
1625.0 3.87e-05
1630.0 3.88e-05
1635.0 3.89e-05
1640.0 3.9e-05
1645.0 3.91e-05
1650.0 3.92e-05
1655.0 3.93e-05
1660.0 3.94e-05
1665.0 3.95e-05
1670.0 3.96e-05
1675.0 3.98e-05
1680.0 3.99e-05
1685.0 4e-05
1690.0 4.01e-05
1695.0 4.02e-05
1700.0 4.03e-05
1705.0 4.05e-05
1710.0 4.06e-05
1715.0 4.07e-05
1720.0 4.08e-05
1725.0 4.09e-05
1730.0 4.1e-05
1735.0 4.12e-05
1740.0 4.13e-05
1745.0 4.14e-05
1750.0 4.15e-05
1755.0 4.16e-05
1760.0 4.18e-05
1765.0 4.19e-05
1770.0 4.2e-05
1775.0 4.21e-05
1780.0 4.23e-05
1785.0 4.24e-05
1790.0 4.25e-05
1795.0 4.26e-05
1800.0 4.28e-05
1805.0 4.29e-05
1810.0 4.3e-05
1815.0 4.32e-05
1820.0 4.33e-05
1825.0 4.34e-05
1830.0 4.36e-05
1835.0 4.37e-05
1840.0 4.38e-05
1845.0 4.4e-05
1850.0 4.41e-05
1855.0 4.42e-05
1860.0 4.44e-05
1865.0 4.45e-05
1870.0 4.46e-05
1875.0 4.48e-05
1880.0 4.49e-05
1885.0 4.5e-05
1890.0 4.52e-05
1895.0 4.53e-05
1900.0 4.55e-05
1905.0 4.56e-05
1910.0 4.58e-05
1915.0 4.59e-05
1920.0 4.6e-05
1925.0 4.62e-05
1930.0 4.63e-05
1935.0 4.65e-05
1940.0 4.66e-05
1945.0 4.68e-05
1950.0 4.69e-05
1955.0 4.71e-05
1960.0 4.72e-05
1965.0 4.74e-05
1970.0 4.75e-05
1975.0 4.77e-05
1980.0 4.78e-05
1985.0 4.8e-05
1990.0 4.82e-05
1995.0 4.83e-05
2000.0 4.85e-05
2005.0 4.86e-05
2010.0 4.88e-05
2015.0 4.89e-05
2020.0 4.91e-05
2025.0 4.93e-05
2030.0 4.94e-05
2035.0 4.96e-05
2040.0 4.98e-05
2045.0 4.99e-05
2050.0 5.01e-05
2055.0 5.03e-05
2060.0 5.04e-05
2065.0 5.06e-05
2070.0 5.08e-05
2075.0 5.09e-05
2080.0 5.11e-05
2085.0 5.13e-05
2090.0 5.15e-05
2095.0 5.16e-05
2100.0 5.18e-05
2105.0 5.2e-05
2110.0 5.22e-05
2115.0 5.23e-05
2120.0 5.25e-05
2125.0 5.27e-05
2130.0 5.29e-05
2135.0 5.31e-05
2140.0 5.32e-05
2145.0 5.34e-05
2150.0 5.36e-05
2155.0 5.38e-05
2160.0 5.4e-05
2165.0 5.42e-05
2170.0 5.44e-05
2175.0 5.46e-05
2180.0 5.47e-05
2185.0 5.49e-05
2190.0 5.51e-05
2195.0 5.53e-05
2200.0 5.55e-05
2205.0 5.57e-05
2210.0 5.59e-05
2215.0 5.61e-05
2220.0 5.63e-05
2225.0 5.65e-05
2230.0 5.67e-05
2235.0 5.69e-05
2240.0 5.71e-05
2245.0 5.73e-05
2250.0 5.75e-05
2255.0 5.78e-05
2260.0 5.8e-05
2265.0 5.82e-05
2270.0 5.84e-05
2275.0 5.86e-05
2280.0 5.88e-05
2285.0 5.9e-05
2290.0 5.93e-05
2295.0 5.95e-05
2300.0 5.97e-05
2305.0 5.99e-05
2310.0 6.01e-05
2315.0 6.04e-05
2320.0 6.06e-05
2325.0 6.08e-05
2330.0 6.1e-05
2335.0 6.13e-05
2340.0 6.15e-05
2345.0 6.17e-05
2350.0 6.2e-05
2355.0 6.22e-05
2360.0 6.24e-05
2365.0 6.27e-05
2370.0 6.29e-05
2375.0 6.32e-05
2380.0 6.34e-05
2385.0 6.36e-05
2390.0 6.39e-05
2395.0 6.41e-05
2400.0 6.44e-05
2405.0 6.46e-05
2410.0 6.49e-05
2415.0 6.51e-05
2420.0 6.54e-05
2425.0 6.56e-05
2430.0 6.59e-05
2435.0 6.62e-05
2440.0 6.64e-05
2445.0 6.67e-05
2450.0 6.7e-05
2455.0 6.72e-05
2460.0 6.75e-05
2465.0 6.78e-05
2470.0 6.8e-05
2475.0 6.83e-05
2480.0 6.86e-05
2485.0 6.89e-05
2490.0 6.91e-05
2495.0 6.94e-05
2500.0 6.97e-05
2505.0 7e-05
2510.0 7.03e-05
2515.0 7.05e-05
2520.0 7.08e-05
2525.0 7.11e-05
2530.0 7.14e-05
2535.0 7.17e-05
2540.0 7.2e-05
2545.0 7.23e-05
2550.0 7.26e-05
2555.0 7.29e-05
2560.0 7.32e-05
2565.0 7.35e-05
2570.0 7.38e-05
2575.0 7.41e-05
2580.0 7.44e-05
2585.0 7.47e-05
2590.0 7.5e-05
2595.0 7.54e-05
2600.0 7.57e-05
2605.0 7.6e-05
2610.0 7.63e-05
2615.0 7.67e-05
2620.0 7.7e-05
2625.0 7.73e-05
2630.0 7.76e-05
2635.0 7.8e-05
2640.0 7.83e-05
2645.0 7.87e-05
2650.0 7.9e-05
2655.0 7.93e-05
2660.0 7.97e-05
2665.0 8e-05
2670.0 8.04e-05
2675.0 8.07e-05
2680.0 8.11e-05
2685.0 8.14e-05
2690.0 8.18e-05
2695.0 8.22e-05
2700.0 8.25e-05
2705.0 8.29e-05
2710.0 8.32e-05
2715.0 8.36e-05
2720.0 8.4e-05
2725.0 8.44e-05
2730.0 8.47e-05
2735.0 8.51e-05
2740.0 8.55e-05
2745.0 8.59e-05
2750.0 8.63e-05
2755.0 8.67e-05
2760.0 8.71e-05
2765.0 8.75e-05
2770.0 8.79e-05
2775.0 8.83e-05
2780.0 8.87e-05
2785.0 8.91e-05
2790.0 8.95e-05
2795.0 8.99e-05
2800.0 9.03e-05
2805.0 9.07e-05
2810.0 9.12e-05
2815.0 9.16e-05
2820.0 9.2e-05
2825.0 9.24e-05
2830.0 9.28e-05
2835.0 9.33e-05
2840.0 9.37e-05
2845.0 9.42e-05
2850.0 9.46e-05
2855.0 9.51e-05
2860.0 9.55e-05
2865.0 9.6e-05
2870.0 9.64e-05
2875.0 9.69e-05
2880.0 9.73e-05
2885.0 9.78e-05
2890.0 9.83e-05
2895.0 9.88e-05
2900.0 9.92e-05
2905.0 9.97e-05
2910.0 0.0001
2915.0 0.000101
2920.0 0.000101
2925.0 0.000102
2930.0 0.000102
2935.0 0.000103
2940.0 0.000103
2945.0 0.000104
2950.0 0.000104
2955.0 0.000105
2960.0 0.000105
2965.0 0.000106
2970.0 0.000106
2975.0 0.000107
2980.0 0.000107
2985.0 0.000108
2990.0 0.000108
2995.0 0.000109
3000.0 0.000109
3005.0 0.00011
3010.0 0.000111
3015.0 0.000111
3020.0 0.000112
3025.0 0.000112
3030.0 0.000113
3035.0 0.000113
3040.0 0.000114
3045.0 0.000115
3050.0 0.000115
3055.0 0.000116
3060.0 0.000116
3065.0 0.000117
3070.0 0.000117
3075.0 0.000118
3080.0 0.000119
3085.0 0.000119
3090.0 0.00012
3095.0 0.000121
3100.0 0.000121
3105.0 0.000122
3110.0 0.000122
3115.0 0.000123
3120.0 0.000124
3125.0 0.000124
3130.0 0.000125
3135.0 0.000126
3140.0 0.000126
3145.0 0.000127
3150.0 0.000128
3155.0 0.000128
3160.0 0.000129
3165.0 0.00013
3170.0 0.00013
3175.0 0.000131
3180.0 0.000132
3185.0 0.000133
3190.0 0.000133
3195.0 0.000134
3200.0 0.000135
3205.0 0.000135
3210.0 0.000136
3215.0 0.000137
3220.0 0.000138
3225.0 0.000138
3230.0 0.000139
3235.0 0.00014
3240.0 0.000141
3245.0 0.000141
3250.0 0.000142
3255.0 0.000143
3260.0 0.000144
3265.0 0.000145
3270.0 0.000145
3275.0 0.000146
3280.0 0.000147
3285.0 0.000148
3290.0 0.000149
3295.0 0.000149
3300.0 0.00015
3305.0 0.000151
3310.0 0.000152
3315.0 0.000153
3320.0 0.000154
3325.0 0.000155
3330.0 0.000155
3335.0 0.000156
3340.0 0.000157
3345.0 0.000158
3350.0 0.000159
3355.0 0.00016
3360.0 0.000161
3365.0 0.000162
3370.0 0.000163
3375.0 0.000163
3380.0 0.000164
3385.0 0.000165
3390.0 0.000166
3395.0 0.000167
3400.0 0.000168
3405.0 0.000169
3410.0 0.00017
3415.0 0.000171
3420.0 0.000172
3425.0 0.000173
3430.0 0.000174
3435.0 0.000175
3440.0 0.000176
3445.0 0.000177
3450.0 0.000178
3455.0 0.000179
3460.0 0.00018
3465.0 0.000181
3470.0 0.000182
3475.0 0.000183
3480.0 0.000184
3485.0 0.000185
3490.0 0.000186
3495.0 0.000187
3500.0 0.000188
3505.0 0.000189
3510.0 0.000191
3515.0 0.000192
3520.0 0.000193
3525.0 0.000194
3530.0 0.000195
3535.0 0.000196
3540.0 0.000197
3545.0 0.000198
3550.0 0.0002
3555.0 0.000201
3560.0 0.000202
3565.0 0.000203
3570.0 0.000204
3575.0 0.000205
3580.0 0.000206
3585.0 0.000208
3590.0 0.000209
3595.0 0.00021
3600.0 0.000211
3605.0 0.000213
3610.0 0.000214
3615.0 0.000215
3620.0 0.000216
3625.0 0.000217
3630.0 0.000219
3635.0 0.00022
3640.0 0.000221
3645.0 0.000222
3650.0 0.000224
3655.0 0.000225
3660.0 0.000226
3665.0 0.000228
3670.0 0.000229
3675.0 0.00023
3680.0 0.000232
3685.0 0.000233
3690.0 0.000234
3695.0 0.000235
3700.0 0.000237
3705.0 0.000238
3710.0 0.00024
3715.0 0.000241
3720.0 0.000242
3725.0 0.000244
3730.0 0.000245
3735.0 0.000246
3740.0 0.000248
3745.0 0.000249
3750.0 0.000251
3755.0 0.000252
3760.0 0.000253
3765.0 0.000255
3770.0 0.000256
3775.0 0.000258
3780.0 0.000259
3785.0 0.000261
3790.0 0.000262
3795.0 0.000263
3800.0 0.000265
3805.0 0.000266
3810.0 0.000268
3815.0 0.000269
3820.0 0.000271
3825.0 0.000272
3830.0 0.000274
3835.0 0.000275
3840.0 0.000277
3845.0 0.000278
3850.0 0.00028
3855.0 0.000281
3860.0 0.000283
3865.0 0.000284
3870.0 0.000286
3875.0 0.000288
3880.0 0.000289
3885.0 0.000291
3890.0 0.000292
3895.0 0.000294
3900.0 0.000295
3905.0 0.000297
3910.0 0.000299
3915.0 0.0003
3920.0 0.000302
3925.0 0.000303
3930.0 0.000305
3935.0 0.000306
3940.0 0.000308
3945.0 0.00031
3950.0 0.000311
3955.0 0.000313
3960.0 0.000315
3965.0 0.000316
3970.0 0.000318
3975.0 0.000319
3980.0 0.000321
3985.0 0.000323
3990.0 0.000324
3995.0 0.000326
4000.0 0.000328
4005.0 0.000329
4010.0 0.000331
4015.0 0.000333
4020.0 0.000334
4025.0 0.000336
4030.0 0.000338
4035.0 0.000339
4040.0 0.000341
4045.0 0.000343
4050.0 0.000344
4055.0 0.000346
4060.0 0.000348
4065.0 0.00035
4070.0 0.000351
4075.0 0.000353
4080.0 0.000355
4085.0 0.000356
4090.0 0.000358
4095.0 0.00036
4100.0 0.000361
4105.0 0.000363
4110.0 0.000365
4115.0 0.000367
4120.0 0.000368
4125.0 0.00037
4130.0 0.000372
4135.0 0.000373
4140.0 0.000375
4145.0 0.000377
4150.0 0.000379
4155.0 0.00038
4160.0 0.000382
4165.0 0.000384
4170.0 0.000385
4175.0 0.000387
4180.0 0.000389
4185.0 0.000391
4190.0 0.000392
4195.0 0.000394
4200.0 0.000396
4205.0 0.000397
4210.0 0.000399
4215.0 0.000401
4220.0 0.000402
4225.0 0.000404
4230.0 0.000406
4235.0 0.000407
4240.0 0.000409
4245.0 0.000411
4250.0 0.000412
4255.0 0.000414
4260.0 0.000416
4265.0 0.000417
4270.0 0.000419
4275.0 0.00042
4280.0 0.000422
4285.0 0.000424
4290.0 0.000425
4295.0 0.000427
4300.0 0.000428
4305.0 0.00043
4310.0 0.000431
4315.0 0.000433
4320.0 0.000434
4325.0 0.000436
4330.0 0.000437
4335.0 0.000439
4340.0 0.00044
4345.0 0.000442
4350.0 0.000443
4355.0 0.000445
4360.0 0.000446
4365.0 0.000448
4370.0 0.000449
4375.0 0.000451
4380.0 0.000452
4385.0 0.000454
4390.0 0.000455
4395.0 0.000457
4400.0 0.000458
4405.0 0.00046
4410.0 0.000461
4415.0 0.000463
4420.0 0.000464
4425.0 0.000466
4430.0 0.000467
4435.0 0.000468
4440.0 0.00047
4445.0 0.000471
4450.0 0.000473
4455.0 0.000474
4460.0 0.000475
4465.0 0.000477
4470.0 0.000478
4475.0 0.00048
4480.0 0.000481
4485.0 0.000482
4490.0 0.000484
4495.0 0.000485
4500.0 0.000486
4505.0 0.000487
4510.0 0.000489
4515.0 0.00049
4520.0 0.000491
4525.0 0.000492
4530.0 0.000494
4535.0 0.000495
4540.0 0.000496
4545.0 0.000497
4550.0 0.000499
4555.0 0.0005
4560.0 0.000501
4565.0 0.000502
4570.0 0.000503
4575.0 0.000505
4580.0 0.000506
4585.0 0.000507
4590.0 0.000508
4595.0 0.000509
4600.0 0.000511
4605.0 0.000512
4610.0 0.000513
4615.0 0.000514
4620.0 0.000515
4625.0 0.000517
4630.0 0.000518
4635.0 0.000519
4640.0 0.00052
4645.0 0.000521
4650.0 0.000522
4655.0 0.000524
4660.0 0.000525
4665.0 0.000526
4670.0 0.000527
4675.0 0.000528
4680.0 0.00053
4685.0 0.000531
4690.0 0.000532
4695.0 0.000533
4700.0 0.000534
4705.0 0.000535
4710.0 0.000537
4715.0 0.000538
4720.0 0.000539
4725.0 0.00054
4730.0 0.000542
4735.0 0.000543
4740.0 0.000544
4745.0 0.000545
4750.0 0.000547
4755.0 0.000548
4760.0 0.000549
4765.0 0.00055
4770.0 0.000552
4775.0 0.000553
4780.0 0.000554
4785.0 0.000556
4790.0 0.000557
4795.0 0.000558
4800.0 0.00056
4805.0 0.000561
4810.0 0.000562
4815.0 0.000564
4820.0 0.000565
4825.0 0.000566
4830.0 0.000568
4835.0 0.000569
4840.0 0.000571
4845.0 0.000572
4850.0 0.000573
4855.0 0.000575
4860.0 0.000576
4865.0 0.000578
4870.0 0.000579
4875.0 0.000581
4880.0 0.000582
4885.0 0.000584
4890.0 0.000585
4895.0 0.000587
4900.0 0.000588
4905.0 0.00059
4910.0 0.000592
4915.0 0.000593
4920.0 0.000595
4925.0 0.000596
4930.0 0.000598
4935.0 0.0006
4940.0 0.000601
4945.0 0.000603
4950.0 0.000605
4955.0 0.000607
4960.0 0.000608
4965.0 0.00061
4970.0 0.000612
4975.0 0.000614
4980.0 0.000615
4985.0 0.000617
4990.0 0.000619
4995.0 0.000621
5000.0 0.000623
5005.0 0.000625
5010.0 0.000627
5015.0 0.000629
5020.0 0.000631
5025.0 0.000633
5030.0 0.000635
5035.0 0.000637
5040.0 0.000639
5045.0 0.000641
5050.0 0.000643
5055.0 0.000645
5060.0 0.000647
5065.0 0.000649
5070.0 0.000651
5075.0 0.000653
5080.0 0.000656
5085.0 0.000658
5090.0 0.00066
5095.0 0.000662
5100.0 0.000665
5105.0 0.000667
5110.0 0.000669
5115.0 0.000672
5120.0 0.000674
5125.0 0.000676
5130.0 0.000679
5135.0 0.000681
5140.0 0.000684
5145.0 0.000686
5150.0 0.000689
5155.0 0.000691
5160.0 0.000694
5165.0 0.000696
5170.0 0.000699
5175.0 0.000701
5180.0 0.000704
5185.0 0.000707
5190.0 0.000709
5195.0 0.000712
5200.0 0.000715
5205.0 0.000718
5210.0 0.00072
5215.0 0.000723
5220.0 0.000726
5225.0 0.000729
5230.0 0.000732
5235.0 0.000734
5240.0 0.000737
5245.0 0.00074
5250.0 0.000743
5255.0 0.000746
5260.0 0.000749
5265.0 0.000752
5270.0 0.000755
5275.0 0.000758
5280.0 0.000761
5285.0 0.000764
5290.0 0.000767
5295.0 0.00077
5300.0 0.000774
5305.0 0.000777
5310.0 0.00078
5315.0 0.000783
5320.0 0.000786
5325.0 0.000789
5330.0 0.000793
5335.0 0.000796
5340.0 0.000799
5345.0 0.000803
5350.0 0.000806
5355.0 0.000809
5360.0 0.000813
5365.0 0.000816
5370.0 0.000819
5375.0 0.000823
5380.0 0.000826
5385.0 0.000829
5390.0 0.000833
5395.0 0.000836
5400.0 0.00084
5405.0 0.000843
5410.0 0.000847
5415.0 0.00085
5420.0 0.000854
5425.0 0.000857
5430.0 0.000861
5435.0 0.000865
5440.0 0.000868
5445.0 0.000872
5450.0 0.000875
5455.0 0.000879
5460.0 0.000883
5465.0 0.000886
5470.0 0.00089
5475.0 0.000894
5480.0 0.000897
5485.0 0.000901
5490.0 0.000905
5495.0 0.000909
5500.0 0.000912
5505.0 0.000916
5510.0 0.00092
5515.0 0.000924
5520.0 0.000928
5525.0 0.000932
5530.0 0.000935
5535.0 0.000939
5540.0 0.000943
5545.0 0.000947
5550.0 0.000951
5555.0 0.000955
5560.0 0.000959
5565.0 0.000963
5570.0 0.000967
5575.0 0.000971
5580.0 0.000975
5585.0 0.000979
5590.0 0.000983
5595.0 0.000987
5600.0 0.000991
5605.0 0.000995
5610.0 0.000999
5615.0 0.001
5620.0 0.00101
5625.0 0.00101
5630.0 0.00101
5635.0 0.00102
5640.0 0.00102
5645.0 0.00103
5650.0 0.00103
5655.0 0.00104
5660.0 0.00104
5665.0 0.00104
5670.0 0.00105
5675.0 0.00105
5680.0 0.00106
5685.0 0.00106
5690.0 0.00107
5695.0 0.00107
5700.0 0.00107
5705.0 0.00108
5710.0 0.00108
5715.0 0.00109
5720.0 0.00109
5725.0 0.0011
5730.0 0.0011
5735.0 0.0011
5740.0 0.00111
5745.0 0.00111
5750.0 0.00112
5755.0 0.00112
5760.0 0.00113
5765.0 0.00113
5770.0 0.00113
5775.0 0.00114
5780.0 0.00114
5785.0 0.00115
5790.0 0.00115
5795.0 0.00116
5800.0 0.00116
5805.0 0.00117
5810.0 0.00117
5815.0 0.00118
5820.0 0.00118
5825.0 0.00118
5830.0 0.00119
5835.0 0.00119
5840.0 0.0012
5845.0 0.0012
5850.0 0.00121
5855.0 0.00121
5860.0 0.00122
5865.0 0.00122
5870.0 0.00123
5875.0 0.00123
5880.0 0.00124
5885.0 0.00124
5890.0 0.00125
5895.0 0.00125
5900.0 0.00126
5905.0 0.00126
5910.0 0.00127
5915.0 0.00127
5920.0 0.00128
5925.0 0.00128
5930.0 0.00128
5935.0 0.00129
5940.0 0.00129
5945.0 0.0013
5950.0 0.0013
5955.0 0.00131
5960.0 0.00131
5965.0 0.00132
5970.0 0.00132
5975.0 0.00133
5980.0 0.00133
5985.0 0.00134
5990.0 0.00134
5995.0 0.00135
6000.0 0.00135
6005.0 0.00136
6010.0 0.00136
6015.0 0.00137
6020.0 0.00138
6025.0 0.00138
6030.0 0.00139
6035.0 0.00139
6040.0 0.0014
6045.0 0.0014
6050.0 0.00141
6055.0 0.00141
6060.0 0.00142
6065.0 0.00142
6070.0 0.00143
6075.0 0.00143
6080.0 0.00144
6085.0 0.00144
6090.0 0.00145
6095.0 0.00145
6100.0 0.00146
6105.0 0.00146
6110.0 0.00147
6115.0 0.00147
6120.0 0.00148
6125.0 0.00148
6130.0 0.00149
6135.0 0.00149
6140.0 0.0015
6145.0 0.0015
6150.0 0.00151
6155.0 0.00151
6160.0 0.00152
6165.0 0.00152
6170.0 0.00153
6175.0 0.00153
6180.0 0.00154
6185.0 0.00154
6190.0 0.00155
6195.0 0.00155
6200.0 0.00156
6205.0 0.00156
6210.0 0.00157
6215.0 0.00158
6220.0 0.00158
6225.0 0.00158
6230.0 0.00159
6235.0 0.00159
6240.0 0.0016
6245.0 0.0016
6250.0 0.00161
6255.0 0.00161
6260.0 0.00162
6265.0 0.00162
6270.0 0.00163
6275.0 0.00163
6280.0 0.00164
6285.0 0.00164
6290.0 0.00165
6295.0 0.00165
6300.0 0.00166
6305.0 0.00166
6310.0 0.00167
6315.0 0.00167
6320.0 0.00167
6325.0 0.00168
6330.0 0.00168
6335.0 0.00169
6340.0 0.00169
6345.0 0.00169
6350.0 0.0017
6355.0 0.0017
6360.0 0.00171
6365.0 0.00171
6370.0 0.00171
6375.0 0.00172
6380.0 0.00172
6385.0 0.00172
6390.0 0.00173
6395.0 0.00173
6400.0 0.00173
6405.0 0.00173
6410.0 0.00174
6415.0 0.00174
6420.0 0.00174
6425.0 0.00174
6430.0 0.00175
6435.0 0.00175
6440.0 0.00175
6445.0 0.00175
6450.0 0.00175
6455.0 0.00175
6460.0 0.00176
6465.0 0.00176
6470.0 0.00176
6475.0 0.00176
6480.0 0.00176
6485.0 0.00176
6490.0 0.00176
6495.0 0.00176
6500.0 0.00176
6505.0 0.00176
6510.0 0.00176
6515.0 0.00176
6520.0 0.00176
6525.0 0.00175
6530.0 0.00175
6535.0 0.00175
6540.0 0.00175
6545.0 0.00175
6550.0 0.00175
6555.0 0.00174
6560.0 0.00174
6565.0 0.00174
6570.0 0.00174
6575.0 0.00173
6580.0 0.00173
6585.0 0.00173
6590.0 0.00172
6595.0 0.00172
6600.0 0.00172
6605.0 0.00171
6610.0 0.00171
6615.0 0.00171
6620.0 0.0017
6625.0 0.0017
6630.0 0.00169
6635.0 0.00169
6640.0 0.00168
6645.0 0.00168
6650.0 0.00168
6655.0 0.00167
6660.0 0.00167
6665.0 0.00166
6670.0 0.00166
6675.0 0.00165
6680.0 0.00164
6685.0 0.00164
6690.0 0.00163
6695.0 0.00163
6700.0 0.00162
6705.0 0.00162
6710.0 0.00161
6715.0 0.00161
6720.0 0.0016
6725.0 0.00159
6730.0 0.00159
6735.0 0.00158
6740.0 0.00158
6745.0 0.00157
6750.0 0.00156
6755.0 0.00156
6760.0 0.00155
6765.0 0.00155
6770.0 0.00154
6775.0 0.00153
6780.0 0.00153
6785.0 0.00152
6790.0 0.00151
6795.0 0.00151
6800.0 0.0015
6805.0 0.0015
6810.0 0.00149
6815.0 0.00148
6820.0 0.00148
6825.0 0.00147
6830.0 0.00146
6835.0 0.00146
6840.0 0.00145
6845.0 0.00145
6850.0 0.00144
6855.0 0.00143
6860.0 0.00143
6865.0 0.00142
6870.0 0.00141
6875.0 0.00141
6880.0 0.0014
6885.0 0.00139
6890.0 0.00139
6895.0 0.00138
6900.0 0.00138
6905.0 0.00137
6910.0 0.00136
6915.0 0.00136
6920.0 0.00135
6925.0 0.00134
6930.0 0.00134
6935.0 0.00133
6940.0 0.00132
6945.0 0.00132
6950.0 0.00131
6955.0 0.00131
6960.0 0.0013
6965.0 0.00129
6970.0 0.00129
6975.0 0.00128
6980.0 0.00128
6985.0 0.00127
6990.0 0.00126
6995.0 0.00126
7000.0 0.00125
7005.0 0.00124
7010.0 0.00124
7015.0 0.00123
7020.0 0.00123
7025.0 0.00122
7030.0 0.00122
7035.0 0.00121
7040.0 0.0012
7045.0 0.0012
7050.0 0.00119
7055.0 0.00119
7060.0 0.00118
7065.0 0.00117
7070.0 0.00117
7075.0 0.00116
7080.0 0.00116
7085.0 0.00115
7090.0 0.00115
7095.0 0.00114
7100.0 0.00114
7105.0 0.00113
7110.0 0.00112
7115.0 0.00112
7120.0 0.00111
7125.0 0.00111
7130.0 0.0011
7135.0 0.0011
7140.0 0.00109
7145.0 0.00109
7150.0 0.00108
7155.0 0.00108
7160.0 0.00107
7165.0 0.00107
7170.0 0.00106
7175.0 0.00106
7180.0 0.00105
7185.0 0.00105
7190.0 0.00104
7195.0 0.00104
7200.0 0.00103
7205.0 0.00103
7210.0 0.00102
7215.0 0.00102
7220.0 0.00101
7225.0 0.00101
7230.0 0.001
7235.0 0.000998
7240.0 0.000993
7245.0 0.000988
7250.0 0.000984
7255.0 0.000979
7260.0 0.000974
7265.0 0.00097
7270.0 0.000965
7275.0 0.000961
7280.0 0.000956
7285.0 0.000952
7290.0 0.000947
7295.0 0.000943
7300.0 0.000939
7305.0 0.000934
7310.0 0.00093
7315.0 0.000926
7320.0 0.000922
7325.0 0.000917
7330.0 0.000913
7335.0 0.000909
7340.0 0.000905
7345.0 0.000901
7350.0 0.000897
7355.0 0.000893
7360.0 0.000889
7365.0 0.000885
7370.0 0.000881
7375.0 0.000877
7380.0 0.000873
7385.0 0.000869
7390.0 0.000865
7395.0 0.000861
7400.0 0.000857
7405.0 0.000854
7410.0 0.00085
7415.0 0.000846
7420.0 0.000842
7425.0 0.000839
7430.0 0.000835
7435.0 0.000832
7440.0 0.000828
7445.0 0.000824
7450.0 0.000821
7455.0 0.000817
7460.0 0.000814
7465.0 0.00081
7470.0 0.000807
7475.0 0.000803
7480.0 0.0008
7485.0 0.000797
7490.0 0.000793
7495.0 0.00079
7500.0 0.000787
7505.0 0.000783
7510.0 0.00078
7515.0 0.000777
7520.0 0.000774
7525.0 0.000771
7530.0 0.000767
7535.0 0.000764
7540.0 0.000761
7545.0 0.000758
7550.0 0.000755
7555.0 0.000752
7560.0 0.000749
7565.0 0.000746
7570.0 0.000743
7575.0 0.00074
7580.0 0.000737
7585.0 0.000734
7590.0 0.000731
7595.0 0.000728
7600.0 0.000725
7605.0 0.000722
7610.0 0.00072
7615.0 0.000717
7620.0 0.000714
7625.0 0.000711
7630.0 0.000709
7635.0 0.000706
7640.0 0.000703
7645.0 0.0007
7650.0 0.000698
7655.0 0.000695
7660.0 0.000692
7665.0 0.00069
7670.0 0.000687
7675.0 0.000685
7680.0 0.000682
7685.0 0.00068
7690.0 0.000677
7695.0 0.000674
7700.0 0.000672
7705.0 0.000669
7710.0 0.000667
7715.0 0.000665
7720.0 0.000662
7725.0 0.00066
7730.0 0.000657
7735.0 0.000655
7740.0 0.000652
7745.0 0.00065
7750.0 0.000648
7755.0 0.000645
7760.0 0.000643
7765.0 0.000641
7770.0 0.000638
7775.0 0.000636
7780.0 0.000634
7785.0 0.000631
7790.0 0.000629
7795.0 0.000627
7800.0 0.000625
7805.0 0.000622
7810.0 0.00062
7815.0 0.000618
7820.0 0.000616
7825.0 0.000613
7830.0 0.000611
7835.0 0.000609
7840.0 0.000607
7845.0 0.000605
7850.0 0.000602
7855.0 0.0006
7860.0 0.000598
7865.0 0.000596
7870.0 0.000594
7875.0 0.000591
7880.0 0.000589
7885.0 0.000587
7890.0 0.000585
7895.0 0.000583
7900.0 0.00058
7905.0 0.000578
7910.0 0.000576
7915.0 0.000574
7920.0 0.000571
7925.0 0.000569
7930.0 0.000567
7935.0 0.000565
7940.0 0.000562
7945.0 0.00056
7950.0 0.000558
7955.0 0.000556
7960.0 0.000553
7965.0 0.000551
7970.0 0.000549
7975.0 0.000546
7980.0 0.000544
7985.0 0.000542
7990.0 0.000539
7995.0 0.000537
8000.0 0.000535
8005.0 0.000532
8010.0 0.00053
8015.0 0.000528
8020.0 0.000525
8025.0 0.000523
8030.0 0.000521
8035.0 0.000518
8040.0 0.000516
8045.0 0.000514
8050.0 0.000511
8055.0 0.000509
8060.0 0.000507
8065.0 0.000504
8070.0 0.000502
8075.0 0.0005
8080.0 0.000497
8085.0 0.000495
8090.0 0.000493
8095.0 0.00049
8100.0 0.000488
8105.0 0.000486
8110.0 0.000483
8115.0 0.000481
8120.0 0.000479
8125.0 0.000476
8130.0 0.000474
8135.0 0.000472
8140.0 0.000469
8145.0 0.000467
8150.0 0.000464
8155.0 0.000462
8160.0 0.00046
8165.0 0.000458
8170.0 0.000455
8175.0 0.000453
8180.0 0.000451
8185.0 0.000449
8190.0 0.000446
8195.0 0.000444
8200.0 0.000442
8205.0 0.00044
8210.0 0.000437
8215.0 0.000435
8220.0 0.000433
8225.0 0.000431
8230.0 0.000429
8235.0 0.000427
8240.0 0.000425
8245.0 0.000423
8250.0 0.000421
8255.0 0.000419
8260.0 0.000416
8265.0 0.000414
8270.0 0.000412
8275.0 0.000411
8280.0 0.000409
8285.0 0.000407
8290.0 0.000405
8295.0 0.000403
8300.0 0.000401
8305.0 0.000399
8310.0 0.000397
8315.0 0.000395
8320.0 0.000393
8325.0 0.000392
8330.0 0.00039
8335.0 0.000388
8340.0 0.000386
8345.0 0.000384
8350.0 0.000383
8355.0 0.000381
8360.0 0.000379
8365.0 0.000378
8370.0 0.000376
8375.0 0.000374
8380.0 0.000373
8385.0 0.000371
8390.0 0.000369
8395.0 0.000368
8400.0 0.000366
8405.0 0.000365
8410.0 0.000363
8415.0 0.000362
8420.0 0.00036
8425.0 0.000358
8430.0 0.000357
8435.0 0.000355
8440.0 0.000354
8445.0 0.000353
8450.0 0.000351
8455.0 0.00035
8460.0 0.000348
8465.0 0.000347
8470.0 0.000345
8475.0 0.000344
8480.0 0.000343
8485.0 0.000341
8490.0 0.00034
8495.0 0.000338
8500.0 0.000337
8505.0 0.000336
8510.0 0.000334
8515.0 0.000333
8520.0 0.000332
8525.0 0.000331
8530.0 0.000329
8535.0 0.000328
8540.0 0.000327
8545.0 0.000325
8550.0 0.000324
8555.0 0.000323
8560.0 0.000322
8565.0 0.00032
8570.0 0.000319
8575.0 0.000318
8580.0 0.000317
8585.0 0.000315
8590.0 0.000314
8595.0 0.000313
8600.0 0.000312
8605.0 0.000311
8610.0 0.000309
8615.0 0.000308
8620.0 0.000307
8625.0 0.000306
8630.0 0.000305
8635.0 0.000304
8640.0 0.000302
8645.0 0.000301
8650.0 0.0003
8655.0 0.000299
8660.0 0.000298
8665.0 0.000297
8670.0 0.000296
8675.0 0.000294
8680.0 0.000293
8685.0 0.000292
8690.0 0.000291
8695.0 0.00029
8700.0 0.000289
8705.0 0.000288
8710.0 0.000287
8715.0 0.000285
8720.0 0.000284
8725.0 0.000283
8730.0 0.000282
8735.0 0.000281
8740.0 0.00028
8745.0 0.000279
8750.0 0.000278
8755.0 0.000277
8760.0 0.000276
8765.0 0.000275
8770.0 0.000273
8775.0 0.000272
8780.0 0.000271
8785.0 0.00027
8790.0 0.000269
8795.0 0.000268
8800.0 0.000267
8805.0 0.000266
8810.0 0.000265
8815.0 0.000264
8820.0 0.000263
8825.0 0.000262
8830.0 0.000261
8835.0 0.000259
8840.0 0.000258
8845.0 0.000257
8850.0 0.000256
8855.0 0.000255
8860.0 0.000254
8865.0 0.000253
8870.0 0.000252
8875.0 0.000251
8880.0 0.00025
8885.0 0.000249
8890.0 0.000248
8895.0 0.000247
8900.0 0.000246
8905.0 0.000245
8910.0 0.000244
8915.0 0.000243
8920.0 0.000242
8925.0 0.000241
8930.0 0.00024
8935.0 0.000239
8940.0 0.000238
8945.0 0.000236
8950.0 0.000235
8955.0 0.000234
8960.0 0.000233
8965.0 0.000232
8970.0 0.000231
8975.0 0.00023
8980.0 0.000229
8985.0 0.000228
8990.0 0.000227
8995.0 0.000226
9000.0 0.000225
9005.0 0.000224
9010.0 0.000223
9015.0 0.000222
9020.0 0.000221
9025.0 0.000221
9030.0 0.00022
9035.0 0.000219
9040.0 0.000218
9045.0 0.000217
9050.0 0.000216
9055.0 0.000215
9060.0 0.000214
9065.0 0.000213
9070.0 0.000212
9075.0 0.000211
9080.0 0.00021
9085.0 0.000209
9090.0 0.000208
9095.0 0.000207
9100.0 0.000206
9105.0 0.000205
9110.0 0.000204
9115.0 0.000204
9120.0 0.000203
9125.0 0.000202
9130.0 0.000201
9135.0 0.0002
9140.0 0.000199
9145.0 0.000198
9150.0 0.000197
9155.0 0.000196
9160.0 0.000196
9165.0 0.000195
9170.0 0.000194
9175.0 0.000193
9180.0 0.000192
9185.0 0.000191
9190.0 0.00019
9195.0 0.00019
9200.0 0.000189
9205.0 0.000188
9210.0 0.000187
9215.0 0.000186
9220.0 0.000185
9225.0 0.000185
9230.0 0.000184
9235.0 0.000183
9240.0 0.000182
9245.0 0.000181
9250.0 0.000181
9255.0 0.00018
9260.0 0.000179
9265.0 0.000178
9270.0 0.000177
9275.0 0.000177
9280.0 0.000176
9285.0 0.000175
9290.0 0.000174
9295.0 0.000174
9300.0 0.000173
9305.0 0.000172
9310.0 0.000171
9315.0 0.000171
9320.0 0.00017
9325.0 0.000169
9330.0 0.000168
9335.0 0.000168
9340.0 0.000167
9345.0 0.000166
9350.0 0.000166
9355.0 0.000165
9360.0 0.000164
9365.0 0.000164
9370.0 0.000163
9375.0 0.000162
9380.0 0.000162
9385.0 0.000161
9390.0 0.00016
9395.0 0.00016
9400.0 0.000159
9405.0 0.000158
9410.0 0.000158
9415.0 0.000157
9420.0 0.000156
9425.0 0.000156
9430.0 0.000155
9435.0 0.000154
9440.0 0.000154
9445.0 0.000153
9450.0 0.000153
9455.0 0.000152
9460.0 0.000151
9465.0 0.000151
9470.0 0.00015
9475.0 0.00015
9480.0 0.000149
9485.0 0.000148
9490.0 0.000148
9495.0 0.000147
9500.0 0.000147
9505.0 0.000146
9510.0 0.000145
9515.0 0.000145
9520.0 0.000144
9525.0 0.000144
9530.0 0.000143
9535.0 0.000143
9540.0 0.000142
9545.0 0.000141
9550.0 0.000141
9555.0 0.00014
9560.0 0.00014
9565.0 0.000139
9570.0 0.000139
9575.0 0.000138
9580.0 0.000138
9585.0 0.000137
9590.0 0.000137
9595.0 0.000136
9600.0 0.000136
9605.0 0.000135
9610.0 0.000135
9615.0 0.000134
9620.0 0.000134
9625.0 0.000133
9630.0 0.000133
9635.0 0.000132
9640.0 0.000132
9645.0 0.000131
9650.0 0.000131
9655.0 0.00013
9660.0 0.00013
9665.0 0.000129
9670.0 0.000129
9675.0 0.000128
9680.0 0.000128
9685.0 0.000127
9690.0 0.000127
9695.0 0.000126
9700.0 0.000126
9705.0 0.000125
9710.0 0.000125
9715.0 0.000124
9720.0 0.000124
9725.0 0.000124
9730.0 0.000123
9735.0 0.000123
9740.0 0.000122
9745.0 0.000122
9750.0 0.000121
9755.0 0.000121
9760.0 0.00012
9765.0 0.00012
9770.0 0.00012
9775.0 0.000119
9780.0 0.000119
9785.0 0.000118
9790.0 0.000118
9795.0 0.000117
9800.0 0.000117
9805.0 0.000117
9810.0 0.000116
9815.0 0.000116
9820.0 0.000115
9825.0 0.000115
9830.0 0.000114
9835.0 0.000114
9840.0 0.000114
9845.0 0.000113
9850.0 0.000113
9855.0 0.000112
9860.0 0.000112
9865.0 0.000112
9870.0 0.000111
9875.0 0.000111
9880.0 0.00011
9885.0 0.00011
9890.0 0.00011
9895.0 0.000109
9900.0 0.000109
9905.0 0.000108
9910.0 0.000108
9915.0 0.000108
9920.0 0.000107
9925.0 0.000107
9930.0 0.000106
9935.0 0.000106
9940.0 0.000106
9945.0 0.000105
9950.0 0.000105
9955.0 0.000105
9960.0 0.000104
9965.0 0.000104
9970.0 0.000103
9975.0 0.000103
9980.0 0.000103
9985.0 0.000102
9990.0 0.000102
9995.0 0.000102
10000.0 0.000101
10005.0 0.000101
10010.0 0.000101
10015.0 0.0001
10020.0 9.98e-05
10025.0 9.95e-05
10030.0 9.91e-05
10035.0 9.88e-05
10040.0 9.84e-05
10045.0 9.8e-05
10050.0 9.77e-05
10055.0 9.73e-05
10060.0 9.7e-05
10065.0 9.67e-05
10070.0 9.63e-05
10075.0 9.6e-05
10080.0 9.56e-05
10085.0 9.53e-05
10090.0 9.49e-05
10095.0 9.46e-05
10100.0 9.43e-05
10105.0 9.39e-05
10110.0 9.36e-05
10115.0 9.33e-05
10120.0 9.29e-05
10125.0 9.26e-05
10130.0 9.23e-05
10135.0 9.19e-05
10140.0 9.16e-05
10145.0 9.13e-05
10150.0 9.1e-05
10155.0 9.06e-05
10160.0 9.03e-05
10165.0 9e-05
10170.0 8.97e-05
10175.0 8.94e-05
10180.0 8.9e-05
10185.0 8.87e-05
10190.0 8.84e-05
10195.0 8.81e-05
10200.0 8.78e-05
10205.0 8.75e-05
10210.0 8.72e-05
10215.0 8.68e-05
10220.0 8.65e-05
10225.0 8.62e-05
10230.0 8.59e-05
10235.0 8.56e-05
10240.0 8.53e-05
10245.0 8.5e-05
10250.0 8.47e-05
10255.0 8.44e-05
10260.0 8.41e-05
10265.0 8.38e-05
10270.0 8.35e-05
10275.0 8.32e-05
10280.0 8.3e-05
10285.0 8.27e-05
10290.0 8.24e-05
10295.0 1e-12
10300.0 1e-12
10305.0 1e-12
10310.0 1e-12
10315.0 1e-12
10320.0 1e-12
10325.0 1e-12
10330.0 1e-12
10335.0 1e-12
10340.0 1e-12
10345.0 1e-12
10350.0 1e-12
10355.0 1e-12
10360.0 1e-12
10365.0 1e-12
10370.0 1e-12
10375.0 1e-12
10380.0 1e-12
10385.0 1e-12
10390.0 1e-12
10395.0 1e-12
10400.0 1e-12
10405.0 1e-12
10410.0 1e-12
10415.0 1e-12
10420.0 1e-12
10425.0 1e-12
10430.0 1e-12
10435.0 1e-12
10440.0 1e-12
10445.0 1e-12
10450.0 1e-12
10455.0 1e-12
10460.0 1e-12
10465.0 1e-12
10470.0 1e-12
10475.0 1e-12
10480.0 1e-12
10485.0 1e-12
10490.0 1e-12
10495.0 1e-12
10500.0 1e-12
10505.0 1e-12
10510.0 1e-12
10515.0 1e-12
10520.0 1e-12
10525.0 1e-12
10530.0 1e-12
10535.0 1e-12
10540.0 1e-12
10545.0 1e-12
10550.0 1e-12
10555.0 1e-12
10560.0 1e-12
10565.0 1e-12
10570.0 1e-12
10575.0 1e-12
10580.0 1e-12
10585.0 1e-12
10590.0 1e-12
10595.0 1e-12
10600.0 1e-12
10605.0 1e-12
10610.0 1e-12
10615.0 1e-12
10620.0 1e-12
10625.0 1e-12
10630.0 1e-12
10635.0 1e-12
10640.0 1e-12
10645.0 1e-12
10650.0 1e-12
10655.0 1e-12
10660.0 1e-12
10665.0 1e-12
10670.0 1e-12
10675.0 1e-12
10680.0 1e-12
10685.0 1e-12
10690.0 1e-12
10695.0 1e-12
10700.0 1e-12
10705.0 1e-12
10710.0 1e-12
10715.0 1e-12
10720.0 1e-12
10725.0 1e-12
10730.0 1e-12
10735.0 1e-12
10740.0 1e-12
10745.0 1e-12
10750.0 1e-12
10755.0 1e-12
10760.0 1e-12
10765.0 1e-12
10770.0 1e-12
10775.0 1e-12
10780.0 1e-12
10785.0 1e-12
10790.0 1e-12
10795.0 1e-12
10800.0 1e-12
10805.0 1e-12
10810.0 1e-12
10815.0 1e-12
10820.0 1e-12
10825.0 1e-12
10830.0 1e-12
10835.0 1e-12
10840.0 1e-12
10845.0 1e-12
10850.0 1e-12
10855.0 1e-12
10860.0 1e-12
10865.0 1e-12
10870.0 1e-12
10875.0 1e-12
10880.0 1e-12
10885.0 1e-12
10890.0 1e-12
10895.0 1e-12
10900.0 1e-12
10905.0 1e-12
10910.0 1e-12
10915.0 1e-12
10920.0 1e-12
10925.0 1e-12
10930.0 1e-12
10935.0 1e-12
10940.0 1e-12
10945.0 1e-12
10950.0 1e-12
10955.0 1e-12
10960.0 1e-12
10965.0 1e-12
10970.0 1e-12
10975.0 1e-12
10980.0 1e-12
10985.0 1e-12
10990.0 1e-12
10995.0 1e-12
11000.0 1e-12
