#lamb flux
1605.0 7.49e-06
1610.0 7.49e-06
1615.0 7.49e-06
1620.0 7.49e-06
1625.0 7.49e-06
1630.0 7.49e-06
1635.0 7.49e-06
1640.0 7.49e-06
1645.0 7.49e-06
1650.0 7.49e-06
1655.0 7.49e-06
1660.0 7.49e-06
1665.0 7.49e-06
1670.0 7.49e-06
1675.0 7.49e-06
1680.0 7.5e-06
1685.0 7.5e-06
1690.0 7.5e-06
1695.0 7.5e-06
1700.0 7.5e-06
1705.0 7.5e-06
1710.0 7.5e-06
1715.0 7.51e-06
1720.0 7.51e-06
1725.0 7.51e-06
1730.0 7.51e-06
1735.0 7.52e-06
1740.0 7.52e-06
1745.0 7.52e-06
1750.0 7.53e-06
1755.0 7.53e-06
1760.0 7.53e-06
1765.0 7.54e-06
1770.0 7.54e-06
1775.0 7.55e-06
1780.0 7.55e-06
1785.0 7.56e-06
1790.0 7.56e-06
1795.0 7.57e-06
1800.0 7.57e-06
1805.0 7.58e-06
1810.0 7.58e-06
1815.0 7.59e-06
1820.0 7.59e-06
1825.0 7.6e-06
1830.0 7.6e-06
1835.0 7.61e-06
1840.0 7.62e-06
1845.0 7.62e-06
1850.0 7.63e-06
1855.0 7.64e-06
1860.0 7.65e-06
1865.0 7.66e-06
1870.0 7.67e-06
1875.0 7.67e-06
1880.0 7.68e-06
1885.0 7.69e-06
1890.0 7.7e-06
1895.0 7.71e-06
1900.0 7.72e-06
1905.0 7.73e-06
1910.0 7.74e-06
1915.0 7.75e-06
1920.0 7.76e-06
1925.0 7.77e-06
1930.0 7.78e-06
1935.0 7.8e-06
1940.0 7.81e-06
1945.0 7.82e-06
1950.0 7.83e-06
1955.0 7.84e-06
1960.0 7.86e-06
1965.0 7.87e-06
1970.0 7.89e-06
1975.0 7.9e-06
1980.0 7.92e-06
1985.0 7.93e-06
1990.0 7.95e-06
1995.0 7.96e-06
2000.0 7.98e-06
2005.0 8e-06
2010.0 8.01e-06
2015.0 8.03e-06
2020.0 8.05e-06
2025.0 8.07e-06
2030.0 8.08e-06
2035.0 8.1e-06
2040.0 8.12e-06
2045.0 8.14e-06
2050.0 8.16e-06
2055.0 8.18e-06
2060.0 8.2e-06
2065.0 8.22e-06
2070.0 8.24e-06
2075.0 8.26e-06
2080.0 8.29e-06
2085.0 8.31e-06
2090.0 8.33e-06
2095.0 8.36e-06
2100.0 8.38e-06
2105.0 8.4e-06
2110.0 8.43e-06
2115.0 8.45e-06
2120.0 8.48e-06
2125.0 8.51e-06
2130.0 8.53e-06
2135.0 8.56e-06
2140.0 8.59e-06
2145.0 8.62e-06
2150.0 8.64e-06
2155.0 8.67e-06
2160.0 8.7e-06
2165.0 8.73e-06
2170.0 8.77e-06
2175.0 8.8e-06
2180.0 8.83e-06
2185.0 8.86e-06
2190.0 8.89e-06
2195.0 8.92e-06
2200.0 8.96e-06
2205.0 8.99e-06
2210.0 9.03e-06
2215.0 9.06e-06
2220.0 9.1e-06
2225.0 9.13e-06
2230.0 9.17e-06
2235.0 9.2e-06
2240.0 9.24e-06
2245.0 9.28e-06
2250.0 9.32e-06
2255.0 9.36e-06
2260.0 9.4e-06
2265.0 9.44e-06
2270.0 9.48e-06
2275.0 9.52e-06
2280.0 9.56e-06
2285.0 9.61e-06
2290.0 9.65e-06
2295.0 9.7e-06
2300.0 9.74e-06
2305.0 9.79e-06
2310.0 9.83e-06
2315.0 9.88e-06
2320.0 9.93e-06
2325.0 9.98e-06
2330.0 1e-05
2335.0 1.01e-05
2340.0 1.01e-05
2345.0 1.02e-05
2350.0 1.02e-05
2355.0 1.03e-05
2360.0 1.03e-05
2365.0 1.04e-05
2370.0 1.04e-05
2375.0 1.05e-05
2380.0 1.05e-05
2385.0 1.06e-05
2390.0 1.07e-05
2395.0 1.07e-05
2400.0 1.08e-05
2405.0 1.08e-05
2410.0 1.09e-05
2415.0 1.1e-05
2420.0 1.1e-05
2425.0 1.11e-05
2430.0 1.11e-05
2435.0 1.12e-05
2440.0 1.13e-05
2445.0 1.13e-05
2450.0 1.14e-05
2455.0 1.15e-05
2460.0 1.15e-05
2465.0 1.16e-05
2470.0 1.17e-05
2475.0 1.17e-05
2480.0 1.18e-05
2485.0 1.19e-05
2490.0 1.19e-05
2495.0 1.2e-05
2500.0 1.21e-05
2505.0 1.22e-05
2510.0 1.22e-05
2515.0 1.23e-05
2520.0 1.24e-05
2525.0 1.25e-05
2530.0 1.25e-05
2535.0 1.26e-05
2540.0 1.27e-05
2545.0 1.28e-05
2550.0 1.28e-05
2555.0 1.29e-05
2560.0 1.3e-05
2565.0 1.31e-05
2570.0 1.32e-05
2575.0 1.33e-05
2580.0 1.34e-05
2585.0 1.34e-05
2590.0 1.35e-05
2595.0 1.36e-05
2600.0 1.37e-05
2605.0 1.38e-05
2610.0 1.39e-05
2615.0 1.4e-05
2620.0 1.41e-05
2625.0 1.42e-05
2630.0 1.42e-05
2635.0 1.43e-05
2640.0 1.44e-05
2645.0 1.45e-05
2650.0 1.46e-05
2655.0 1.47e-05
2660.0 1.48e-05
2665.0 1.49e-05
2670.0 1.5e-05
2675.0 1.51e-05
2680.0 1.52e-05
2685.0 1.53e-05
2690.0 1.54e-05
2695.0 1.55e-05
2700.0 1.57e-05
2705.0 1.58e-05
2710.0 1.59e-05
2715.0 1.6e-05
2720.0 1.61e-05
2725.0 1.62e-05
2730.0 1.63e-05
2735.0 1.64e-05
2740.0 1.65e-05
2745.0 1.66e-05
2750.0 1.68e-05
2755.0 1.69e-05
2760.0 1.7e-05
2765.0 1.71e-05
2770.0 1.72e-05
2775.0 1.73e-05
2780.0 1.75e-05
2785.0 1.76e-05
2790.0 1.77e-05
2795.0 1.78e-05
2800.0 1.79e-05
2805.0 1.81e-05
2810.0 1.82e-05
2815.0 1.83e-05
2820.0 1.85e-05
2825.0 1.86e-05
2830.0 1.87e-05
2835.0 1.88e-05
2840.0 1.9e-05
2845.0 1.91e-05
2850.0 1.92e-05
2855.0 1.94e-05
2860.0 1.95e-05
2865.0 1.96e-05
2870.0 1.98e-05
2875.0 1.99e-05
2880.0 2.01e-05
2885.0 2.02e-05
2890.0 2.03e-05
2895.0 2.05e-05
2900.0 2.06e-05
2905.0 2.08e-05
2910.0 2.09e-05
2915.0 2.1e-05
2920.0 2.12e-05
2925.0 2.13e-05
2930.0 2.15e-05
2935.0 2.16e-05
2940.0 2.18e-05
2945.0 2.19e-05
2950.0 2.21e-05
2955.0 2.22e-05
2960.0 2.24e-05
2965.0 2.25e-05
2970.0 2.27e-05
2975.0 2.29e-05
2980.0 2.3e-05
2985.0 2.32e-05
2990.0 2.33e-05
2995.0 2.35e-05
3000.0 2.36e-05
3005.0 2.38e-05
3010.0 2.4e-05
3015.0 2.41e-05
3020.0 2.43e-05
3025.0 2.45e-05
3030.0 2.46e-05
3035.0 2.48e-05
3040.0 2.5e-05
3045.0 2.51e-05
3050.0 2.53e-05
3055.0 2.55e-05
3060.0 2.57e-05
3065.0 2.58e-05
3070.0 2.6e-05
3075.0 2.62e-05
3080.0 2.64e-05
3085.0 2.65e-05
3090.0 2.67e-05
3095.0 2.69e-05
3100.0 2.71e-05
3105.0 2.72e-05
3110.0 2.74e-05
3115.0 2.76e-05
3120.0 2.78e-05
3125.0 2.8e-05
3130.0 2.82e-05
3135.0 2.84e-05
3140.0 2.85e-05
3145.0 2.87e-05
3150.0 2.89e-05
3155.0 2.91e-05
3160.0 2.93e-05
3165.0 2.95e-05
3170.0 2.97e-05
3175.0 2.99e-05
3180.0 3.01e-05
3185.0 3.03e-05
3190.0 3.05e-05
3195.0 3.07e-05
3200.0 3.09e-05
3205.0 3.11e-05
3210.0 3.13e-05
3215.0 3.15e-05
3220.0 3.17e-05
3225.0 3.19e-05
3230.0 3.21e-05
3235.0 3.23e-05
3240.0 3.25e-05
3245.0 3.27e-05
3250.0 3.29e-05
3255.0 3.31e-05
3260.0 3.33e-05
3265.0 3.35e-05
3270.0 3.37e-05
3275.0 3.4e-05
3280.0 3.42e-05
3285.0 3.44e-05
3290.0 3.46e-05
3295.0 3.48e-05
3300.0 3.5e-05
3305.0 3.53e-05
3310.0 3.55e-05
3315.0 3.57e-05
3320.0 3.59e-05
3325.0 3.62e-05
3330.0 3.64e-05
3335.0 3.66e-05
3340.0 3.69e-05
3345.0 3.71e-05
3350.0 3.73e-05
3355.0 3.75e-05
3360.0 3.78e-05
3365.0 3.8e-05
3370.0 3.83e-05
3375.0 3.85e-05
3380.0 3.87e-05
3385.0 3.9e-05
3390.0 3.92e-05
3395.0 3.95e-05
3400.0 3.97e-05
3405.0 4e-05
3410.0 4.02e-05
3415.0 4.05e-05
3420.0 4.07e-05
3425.0 4.1e-05
3430.0 4.13e-05
3435.0 4.15e-05
3440.0 4.18e-05
3445.0 4.21e-05
3450.0 4.23e-05
3455.0 4.26e-05
3460.0 4.29e-05
3465.0 4.32e-05
3470.0 4.34e-05
3475.0 4.37e-05
3480.0 4.4e-05
3485.0 4.43e-05
3490.0 4.46e-05
3495.0 4.49e-05
3500.0 4.52e-05
3505.0 4.55e-05
3510.0 4.58e-05
3515.0 4.61e-05
3520.0 4.64e-05
3525.0 4.67e-05
3530.0 4.71e-05
3535.0 4.74e-05
3540.0 4.77e-05
3545.0 4.8e-05
3550.0 4.84e-05
3555.0 4.87e-05
3560.0 4.91e-05
3565.0 4.94e-05
3570.0 4.98e-05
3575.0 5.02e-05
3580.0 5.05e-05
3585.0 5.09e-05
3590.0 5.13e-05
3595.0 5.17e-05
3600.0 5.21e-05
3605.0 5.25e-05
3610.0 5.29e-05
3615.0 5.34e-05
3620.0 5.38e-05
3625.0 5.42e-05
3630.0 5.47e-05
3635.0 5.51e-05
3640.0 5.56e-05
3645.0 5.61e-05
3650.0 5.66e-05
3655.0 5.71e-05
3660.0 5.76e-05
3665.0 5.81e-05
3670.0 5.86e-05
3675.0 5.91e-05
3680.0 5.97e-05
3685.0 6.02e-05
3690.0 6.08e-05
3695.0 6.14e-05
3700.0 6.2e-05
3705.0 6.26e-05
3710.0 6.32e-05
3715.0 6.39e-05
3720.0 6.45e-05
3725.0 6.52e-05
3730.0 6.59e-05
3735.0 6.66e-05
3740.0 6.73e-05
3745.0 6.81e-05
3750.0 6.88e-05
3755.0 6.96e-05
3760.0 7.04e-05
3765.0 7.12e-05
3770.0 7.2e-05
3775.0 7.29e-05
3780.0 7.37e-05
3785.0 7.46e-05
3790.0 7.55e-05
3795.0 7.64e-05
3800.0 7.74e-05
3805.0 7.84e-05
3810.0 7.94e-05
3815.0 8.04e-05
3820.0 8.14e-05
3825.0 8.25e-05
3830.0 8.36e-05
3835.0 8.47e-05
3840.0 8.58e-05
3845.0 8.7e-05
3850.0 8.82e-05
3855.0 8.94e-05
3860.0 9.07e-05
3865.0 9.19e-05
3870.0 9.32e-05
3875.0 9.46e-05
3880.0 9.59e-05
3885.0 9.73e-05
3890.0 9.87e-05
3895.0 0.0001
3900.0 0.000102
3905.0 0.000103
3910.0 0.000105
3915.0 0.000106
3920.0 0.000108
3925.0 0.000109
3930.0 0.000111
3935.0 0.000113
3940.0 0.000114
3945.0 0.000116
3950.0 0.000118
3955.0 0.000119
3960.0 0.000121
3965.0 0.000123
3970.0 0.000125
3975.0 0.000127
3980.0 0.000129
3985.0 0.000131
3990.0 0.000133
3995.0 0.000135
4000.0 0.000137
4005.0 0.000139
4010.0 0.000141
4015.0 0.000143
4020.0 0.000145
4025.0 0.000147
4030.0 0.000149
4035.0 0.000152
4040.0 0.000154
4045.0 0.000156
4050.0 0.000158
4055.0 0.000161
4060.0 0.000163
4065.0 0.000165
4070.0 0.000168
4075.0 0.00017
4080.0 0.000172
4085.0 0.000175
4090.0 0.000177
4095.0 0.00018
4100.0 0.000182
4105.0 0.000185
4110.0 0.000188
4115.0 0.00019
4120.0 0.000193
4125.0 0.000195
4130.0 0.000198
4135.0 0.000201
4140.0 0.000204
4145.0 0.000206
4150.0 0.000209
4155.0 0.000212
4160.0 0.000215
4165.0 0.000218
4170.0 0.000221
4175.0 0.000223
4180.0 0.000226
4185.0 0.000229
4190.0 0.000232
4195.0 0.000235
4200.0 0.000238
4205.0 0.000241
4210.0 0.000245
4215.0 0.000248
4220.0 0.000251
4225.0 0.000254
4230.0 0.000257
4235.0 0.00026
4240.0 0.000264
4245.0 0.000267
4250.0 0.00027
4255.0 0.000274
4260.0 0.000277
4265.0 0.00028
4270.0 0.000284
4275.0 0.000287
4280.0 0.000291
4285.0 0.000294
4290.0 0.000297
4295.0 0.000301
4300.0 0.000304
4305.0 0.000308
4310.0 0.000311
4315.0 0.000315
4320.0 0.000319
4325.0 0.000322
4330.0 0.000326
4335.0 0.00033
4340.0 0.000333
4345.0 0.000337
4350.0 0.000341
4355.0 0.000344
4360.0 0.000348
4365.0 0.000352
4370.0 0.000356
4375.0 0.000359
4380.0 0.000363
4385.0 0.000367
4390.0 0.000371
4395.0 0.000375
4400.0 0.000379
4405.0 0.000383
4410.0 0.000386
4415.0 0.00039
4420.0 0.000394
4425.0 0.000398
4430.0 0.000402
4435.0 0.000406
4440.0 0.00041
4445.0 0.000413
4450.0 0.000417
4455.0 0.000421
4460.0 0.000425
4465.0 0.000428
4470.0 0.000432
4475.0 0.000436
4480.0 0.000439
4485.0 0.000443
4490.0 0.000446
4495.0 0.00045
4500.0 0.000453
4505.0 0.000457
4510.0 0.00046
4515.0 0.000463
4520.0 0.000466
4525.0 0.000469
4530.0 0.000472
4535.0 0.000475
4540.0 0.000478
4545.0 0.000481
4550.0 0.000484
4555.0 0.000486
4560.0 0.000489
4565.0 0.000491
4570.0 0.000494
4575.0 0.000496
4580.0 0.000498
4585.0 0.0005
4590.0 0.000502
4595.0 0.000504
4600.0 0.000506
4605.0 0.000508
4610.0 0.000509
4615.0 0.000511
4620.0 0.000513
4625.0 0.000514
4630.0 0.000515
4635.0 0.000516
4640.0 0.000517
4645.0 0.000518
4650.0 0.000519
4655.0 0.00052
4660.0 0.000521
4665.0 0.000521
4670.0 0.000522
4675.0 0.000523
4680.0 0.000523
4685.0 0.000523
4690.0 0.000524
4695.0 0.000524
4700.0 0.000524
4705.0 0.000524
4710.0 0.000524
4715.0 0.000524
4720.0 0.000524
4725.0 0.000524
4730.0 0.000524
4735.0 0.000523
4740.0 0.000523
4745.0 0.000523
4750.0 0.000522
4755.0 0.000522
4760.0 0.000522
4765.0 0.000521
4770.0 0.000521
4775.0 0.00052
4780.0 0.00052
4785.0 0.000519
4790.0 0.000518
4795.0 0.000518
4800.0 0.000517
4805.0 0.000517
4810.0 0.000516
4815.0 0.000515
4820.0 0.000515
4825.0 0.000514
4830.0 0.000513
4835.0 0.000512
4840.0 0.000512
4845.0 0.000511
4850.0 0.00051
4855.0 0.000509
4860.0 0.000508
4865.0 0.000508
4870.0 0.000507
4875.0 0.000506
4880.0 0.000505
4885.0 0.000504
4890.0 0.000504
4895.0 0.000503
4900.0 0.000502
4905.0 0.000501
4910.0 0.0005
4915.0 0.000499
4920.0 0.000498
4925.0 0.000497
4930.0 0.000496
4935.0 0.000495
4940.0 0.000494
4945.0 0.000493
4950.0 0.000492
4955.0 0.000491
4960.0 0.00049
4965.0 0.000489
4970.0 0.000488
4975.0 0.000487
4980.0 0.000486
4985.0 0.000485
4990.0 0.000484
4995.0 0.000483
5000.0 0.000482
5005.0 0.000481
5010.0 0.00048
5015.0 0.000479
5020.0 0.000478
5025.0 0.000478
5030.0 0.000477
5035.0 0.000476
5040.0 0.000475
5045.0 0.000474
5050.0 0.000473
5055.0 0.000472
5060.0 0.000471
5065.0 0.000471
5070.0 0.00047
5075.0 0.000469
5080.0 0.000468
5085.0 0.000468
5090.0 0.000467
5095.0 0.000467
5100.0 0.000466
5105.0 0.000465
5110.0 0.000465
5115.0 0.000465
5120.0 0.000464
5125.0 0.000464
5130.0 0.000463
5135.0 0.000463
5140.0 0.000463
5145.0 0.000463
5150.0 0.000463
5155.0 0.000463
5160.0 0.000462
5165.0 0.000462
5170.0 0.000462
5175.0 0.000463
5180.0 0.000463
5185.0 0.000463
5190.0 0.000463
5195.0 0.000463
5200.0 0.000464
5205.0 0.000464
5210.0 0.000464
5215.0 0.000465
5220.0 0.000465
5225.0 0.000466
5230.0 0.000466
5235.0 0.000467
5240.0 0.000468
5245.0 0.000468
5250.0 0.000469
5255.0 0.00047
5260.0 0.000471
5265.0 0.000472
5270.0 0.000472
5275.0 0.000473
5280.0 0.000474
5285.0 0.000475
5290.0 0.000476
5295.0 0.000477
5300.0 0.000478
5305.0 0.00048
5310.0 0.000481
5315.0 0.000482
5320.0 0.000483
5325.0 0.000484
5330.0 0.000486
5335.0 0.000487
5340.0 0.000488
5345.0 0.00049
5350.0 0.000491
5355.0 0.000492
5360.0 0.000494
5365.0 0.000495
5370.0 0.000497
5375.0 0.000498
5380.0 0.0005
5385.0 0.000501
5390.0 0.000503
5395.0 0.000504
5400.0 0.000506
5405.0 0.000508
5410.0 0.000509
5415.0 0.000511
5420.0 0.000513
5425.0 0.000514
5430.0 0.000516
5435.0 0.000518
5440.0 0.000519
5445.0 0.000521
5450.0 0.000523
5455.0 0.000524
5460.0 0.000526
5465.0 0.000528
5470.0 0.00053
5475.0 0.000531
5480.0 0.000533
5485.0 0.000535
5490.0 0.000537
5495.0 0.000538
5500.0 0.00054
5505.0 0.000542
5510.0 0.000544
5515.0 0.000546
5520.0 0.000547
5525.0 0.000549
5530.0 0.000551
5535.0 0.000553
5540.0 0.000555
5545.0 0.000557
5550.0 0.000559
5555.0 0.000561
5560.0 0.000563
5565.0 0.000565
5570.0 0.000567
5575.0 0.000569
5580.0 0.000571
5585.0 0.000573
5590.0 0.000576
5595.0 0.000578
5600.0 0.00058
5605.0 0.000583
5610.0 0.000585
5615.0 0.000588
5620.0 0.00059
5625.0 0.000593
5630.0 0.000596
5635.0 0.000598
5640.0 0.000601
5645.0 0.000604
5650.0 0.000607
5655.0 0.00061
5660.0 0.000614
5665.0 0.000617
5670.0 0.000621
5675.0 0.000624
5680.0 0.000628
5685.0 0.000632
5690.0 0.000636
5695.0 0.00064
5700.0 0.000644
5705.0 0.000649
5710.0 0.000654
5715.0 0.000658
5720.0 0.000663
5725.0 0.000668
5730.0 0.000674
5735.0 0.000679
5740.0 0.000685
5745.0 0.000691
5750.0 0.000697
5755.0 0.000703
5760.0 0.00071
5765.0 0.000716
5770.0 0.000723
5775.0 0.00073
5780.0 0.000738
5785.0 0.000745
5790.0 0.000753
5795.0 0.000761
5800.0 0.000769
5805.0 0.000778
5810.0 0.000786
5815.0 0.000795
5820.0 0.000804
5825.0 0.000814
5830.0 0.000823
5835.0 0.000833
5840.0 0.000843
5845.0 0.000853
5850.0 0.000864
5855.0 0.000875
5860.0 0.000885
5865.0 0.000897
5870.0 0.000908
5875.0 0.000919
5880.0 0.000931
5885.0 0.000943
5890.0 0.000955
5895.0 0.000967
5900.0 0.00098
5905.0 0.000992
5910.0 0.001
5915.0 0.00102
5920.0 0.00103
5925.0 0.00104
5930.0 0.00106
5935.0 0.00107
5940.0 0.00108
5945.0 0.0011
5950.0 0.00111
5955.0 0.00112
5960.0 0.00114
5965.0 0.00115
5970.0 0.00116
5975.0 0.00118
5980.0 0.00119
5985.0 0.00121
5990.0 0.00122
5995.0 0.00123
6000.0 0.00125
6005.0 0.00126
6010.0 0.00127
6015.0 0.00128
6020.0 0.0013
6025.0 0.00131
6030.0 0.00132
6035.0 0.00133
6040.0 0.00135
6045.0 0.00136
6050.0 0.00137
6055.0 0.00138
6060.0 0.00139
6065.0 0.0014
6070.0 0.00141
6075.0 0.00142
6080.0 0.00143
6085.0 0.00144
6090.0 0.00145
6095.0 0.00146
6100.0 0.00146
6105.0 0.00147
6110.0 0.00148
6115.0 0.00148
6120.0 0.00149
6125.0 0.00149
6130.0 0.0015
6135.0 0.0015
6140.0 0.0015
6145.0 0.0015
6150.0 0.00151
6155.0 0.00151
6160.0 0.00151
6165.0 0.00151
6170.0 0.00151
6175.0 0.0015
6180.0 0.0015
6185.0 0.0015
6190.0 0.0015
6195.0 0.00149
6200.0 0.00149
6205.0 0.00148
6210.0 0.00148
6215.0 0.00147
6220.0 0.00146
6225.0 0.00146
6230.0 0.00145
6235.0 0.00144
6240.0 0.00143
6245.0 0.00142
6250.0 0.00141
6255.0 0.0014
6260.0 0.00139
6265.0 0.00138
6270.0 0.00137
6275.0 0.00136
6280.0 0.00135
6285.0 0.00134
6290.0 0.00133
6295.0 0.00132
6300.0 0.0013
6305.0 0.00129
6310.0 0.00128
6315.0 0.00127
6320.0 0.00126
6325.0 0.00125
6330.0 0.00123
6335.0 0.00122
6340.0 0.00121
6345.0 0.0012
6350.0 0.00119
6355.0 0.00118
6360.0 0.00117
6365.0 0.00116
6370.0 0.00115
6375.0 0.00114
6380.0 0.00112
6385.0 0.00111
6390.0 0.0011
6395.0 0.0011
6400.0 0.00109
6405.0 0.00108
6410.0 0.00107
6415.0 0.00106
6420.0 0.00105
6425.0 0.00104
6430.0 0.00103
6435.0 0.00102
6440.0 0.00102
6445.0 0.00101
6450.0 0.001
6455.0 0.000993
6460.0 0.000985
6465.0 0.000978
6470.0 0.000971
6475.0 0.000963
6480.0 0.000956
6485.0 0.000949
6490.0 0.000942
6495.0 0.000935
6500.0 0.000929
6505.0 0.000922
6510.0 0.000915
6515.0 0.000909
6520.0 0.000902
6525.0 0.000895
6530.0 0.000889
6535.0 0.000882
6540.0 0.000876
6545.0 0.000869
6550.0 0.000862
6555.0 0.000855
6560.0 0.000849
6565.0 0.000842
6570.0 0.000835
6575.0 0.000828
6580.0 0.000821
6585.0 0.000814
6590.0 0.000806
6595.0 0.000799
6600.0 0.000792
6605.0 0.000784
6610.0 0.000777
6615.0 0.000769
6620.0 0.000762
6625.0 0.000754
6630.0 0.000747
6635.0 0.000739
6640.0 0.000731
6645.0 0.000723
6650.0 0.000716
6655.0 0.000708
6660.0 0.0007
6665.0 0.000692
6670.0 0.000684
6675.0 0.000676
6680.0 0.000669
6685.0 0.000661
6690.0 0.000653
6695.0 0.000645
6700.0 0.000638
6705.0 0.00063
6710.0 0.000623
6715.0 0.000615
6720.0 0.000608
6725.0 0.000601
6730.0 0.000594
6735.0 0.000586
6740.0 0.000579
6745.0 0.000573
6750.0 0.000566
6755.0 0.000559
6760.0 0.000553
6765.0 0.000546
6770.0 0.00054
6775.0 0.000534
6780.0 0.000528
6785.0 0.000522
6790.0 0.000516
6795.0 0.000511
6800.0 0.000505
6805.0 0.0005
6810.0 0.000495
6815.0 0.00049
6820.0 0.000485
6825.0 0.00048
6830.0 0.000476
6835.0 0.000471
6840.0 0.000467
6845.0 0.000463
6850.0 0.000459
6855.0 0.000455
6860.0 0.000452
6865.0 0.000448
6870.0 0.000445
6875.0 0.000441
6880.0 0.000438
6885.0 0.000435
6890.0 0.000432
6895.0 0.00043
6900.0 0.000427
6905.0 0.000424
6910.0 0.000422
6915.0 0.00042
6920.0 0.000418
6925.0 0.000416
6930.0 0.000414
6935.0 0.000412
6940.0 0.000411
6945.0 0.000409
6950.0 0.000408
6955.0 0.000406
6960.0 0.000405
6965.0 0.000404
6970.0 0.000403
6975.0 0.000402
6980.0 0.000401
6985.0 0.000401
6990.0 0.0004
6995.0 0.000399
7000.0 0.000399
7005.0 0.000399
7010.0 0.000398
7015.0 0.000398
7020.0 0.000398
7025.0 0.000398
7030.0 0.000398
7035.0 0.000398
7040.0 0.000398
7045.0 0.000398
7050.0 0.000399
7055.0 0.000399
7060.0 0.0004
7065.0 0.0004
7070.0 0.000401
7075.0 0.000401
7080.0 0.000402
7085.0 0.000402
7090.0 0.000403
7095.0 0.000404
7100.0 0.000405
7105.0 0.000405
7110.0 0.000406
7115.0 0.000407
7120.0 0.000408
7125.0 0.000409
7130.0 0.00041
7135.0 0.000411
7140.0 0.000412
7145.0 0.000413
7150.0 0.000414
7155.0 0.000416
7160.0 0.000417
7165.0 0.000418
7170.0 0.000419
7175.0 0.00042
7180.0 0.000421
7185.0 0.000422
7190.0 0.000423
7195.0 0.000425
7200.0 0.000426
7205.0 0.000427
7210.0 0.000428
7215.0 0.000429
7220.0 0.00043
7225.0 0.000431
7230.0 0.000432
7235.0 0.000433
7240.0 0.000434
7245.0 0.000435
7250.0 0.000436
7255.0 0.000437
7260.0 0.000437
7265.0 0.000438
7270.0 0.000439
7275.0 0.00044
7280.0 0.00044
7285.0 0.000441
7290.0 0.000442
7295.0 0.000442
7300.0 0.000443
7305.0 0.000443
7310.0 0.000444
7315.0 0.000444
7320.0 0.000444
7325.0 0.000445
7330.0 0.000445
7335.0 0.000445
7340.0 0.000445
7345.0 0.000445
7350.0 0.000445
7355.0 0.000446
7360.0 0.000446
7365.0 0.000446
7370.0 0.000446
7375.0 0.000445
7380.0 0.000445
7385.0 0.000445
7390.0 0.000445
7395.0 0.000445
7400.0 0.000445
7405.0 0.000445
7410.0 0.000444
7415.0 0.000444
7420.0 0.000444
7425.0 0.000444
7430.0 0.000443
7435.0 0.000443
7440.0 0.000443
7445.0 0.000442
7450.0 0.000442
7455.0 0.000442
7460.0 0.000442
7465.0 0.000441
7470.0 0.000441
7475.0 0.000441
7480.0 0.000441
7485.0 0.00044
7490.0 0.00044
7495.0 0.00044
7500.0 0.00044
7505.0 0.00044
7510.0 0.000439
7515.0 0.000439
7520.0 0.000439
7525.0 0.000439
7530.0 0.000439
7535.0 0.000439
7540.0 0.000439
7545.0 0.000439
7550.0 0.000439
7555.0 0.000439
7560.0 0.000439
7565.0 0.00044
7570.0 0.00044
7575.0 0.00044
7580.0 0.00044
7585.0 0.000441
7590.0 0.000441
7595.0 0.000441
7600.0 0.000442
7605.0 0.000442
7610.0 0.000443
7615.0 0.000443
7620.0 0.000444
7625.0 0.000444
7630.0 0.000445
7635.0 0.000446
7640.0 0.000446
7645.0 0.000447
7650.0 0.000448
7655.0 0.000448
7660.0 0.000449
7665.0 0.00045
7670.0 0.000451
7675.0 0.000452
7680.0 0.000453
7685.0 0.000454
7690.0 0.000455
7695.0 0.000456
7700.0 0.000457
7705.0 0.000458
7710.0 0.000459
7715.0 0.00046
7720.0 0.000461
7725.0 0.000462
7730.0 0.000463
7735.0 0.000465
7740.0 0.000466
7745.0 0.000467
7750.0 0.000468
7755.0 0.00047
7760.0 0.000471
7765.0 0.000472
7770.0 0.000474
7775.0 0.000475
7780.0 0.000476
7785.0 0.000478
7790.0 0.000479
7795.0 0.00048
7800.0 0.000482
7805.0 0.000483
7810.0 0.000484
7815.0 0.000486
7820.0 0.000487
7825.0 0.000489
7830.0 0.00049
7835.0 0.000491
7840.0 0.000493
7845.0 0.000494
7850.0 0.000496
7855.0 0.000497
7860.0 0.000499
7865.0 0.0005
7870.0 0.000501
7875.0 0.000503
7880.0 0.000504
7885.0 0.000506
7890.0 0.000507
7895.0 0.000508
7900.0 0.00051
7905.0 0.000511
7910.0 0.000513
7915.0 0.000514
7920.0 0.000515
7925.0 0.000517
7930.0 0.000518
7935.0 0.000519
7940.0 0.000521
7945.0 0.000522
7950.0 0.000523
7955.0 0.000525
7960.0 0.000526
7965.0 0.000527
7970.0 0.000529
7975.0 0.00053
7980.0 0.000531
7985.0 0.000533
7990.0 0.000534
7995.0 0.000535
8000.0 0.000536
8005.0 0.000538
8010.0 0.000539
8015.0 0.00054
8020.0 0.000541
8025.0 0.000543
8030.0 0.000544
8035.0 0.000545
8040.0 0.000546
8045.0 0.000548
8050.0 0.000549
8055.0 0.00055
8060.0 0.000552
8065.0 0.000553
8070.0 0.000554
8075.0 0.000555
8080.0 0.000557
8085.0 0.000558
8090.0 0.00056
8095.0 0.000561
8100.0 0.000562
8105.0 0.000564
8110.0 0.000565
8115.0 0.000567
8120.0 0.000568
8125.0 0.00057
8130.0 0.000571
8135.0 0.000573
8140.0 0.000574
8145.0 0.000576
8150.0 0.000578
8155.0 0.000579
8160.0 0.000581
8165.0 0.000583
8170.0 0.000585
8175.0 0.000587
8180.0 0.000589
8185.0 0.00059
8190.0 0.000593
8195.0 0.000595
8200.0 0.000597
8205.0 0.000599
8210.0 0.000601
8215.0 0.000603
8220.0 0.000606
8225.0 0.000608
8230.0 0.00061
8235.0 0.000613
8240.0 0.000615
8245.0 0.000618
8250.0 0.000621
8255.0 0.000623
8260.0 0.000626
8265.0 0.000629
8270.0 0.000632
8275.0 0.000635
8280.0 0.000638
8285.0 0.000641
8290.0 0.000644
8295.0 0.000647
8300.0 0.00065
8305.0 0.000654
8310.0 0.000657
8315.0 0.00066
8320.0 0.000664
8325.0 0.000667
8330.0 0.000671
8335.0 0.000674
8340.0 0.000678
8345.0 0.000681
8350.0 0.000685
8355.0 0.000689
8360.0 0.000692
8365.0 0.000696
8370.0 0.0007
8375.0 0.000704
8380.0 0.000707
8385.0 0.000711
8390.0 0.000715
8395.0 0.000719
8400.0 0.000723
8405.0 0.000726
8410.0 0.00073
8415.0 0.000734
8420.0 0.000737
8425.0 0.000741
8430.0 0.000745
8435.0 0.000748
8440.0 0.000752
8445.0 0.000755
8450.0 0.000758
8455.0 0.000762
8460.0 0.000765
8465.0 0.000768
8470.0 0.000771
8475.0 0.000774
8480.0 0.000777
8485.0 0.000779
8490.0 0.000782
8495.0 0.000785
8500.0 0.000787
8505.0 0.000789
8510.0 0.000791
8515.0 0.000793
8520.0 0.000795
8525.0 0.000796
8530.0 0.000798
8535.0 0.000799
8540.0 0.0008
8545.0 0.000801
8550.0 0.000802
8555.0 0.000802
8560.0 0.000803
8565.0 0.000803
8570.0 0.000803
8575.0 0.000802
8580.0 0.000802
8585.0 0.000801
8590.0 0.0008
8595.0 0.000799
8600.0 0.000798
8605.0 0.000797
8610.0 0.000795
8615.0 0.000793
8620.0 0.000792
8625.0 0.000789
8630.0 0.000787
8635.0 0.000784
8640.0 0.000782
8645.0 0.000779
8650.0 0.000776
8655.0 0.000772
8660.0 0.000769
8665.0 0.000765
8670.0 0.000762
8675.0 0.000758
8680.0 0.000754
8685.0 0.00075
8690.0 0.000745
8695.0 0.000741
8700.0 0.000736
8705.0 0.000732
8710.0 0.000727
8715.0 0.000722
8720.0 0.000717
8725.0 0.000712
8730.0 0.000707
8735.0 0.000702
8740.0 0.000697
8745.0 0.000692
8750.0 0.000686
8755.0 0.000681
8760.0 0.000676
8765.0 0.00067
8770.0 0.000665
8775.0 0.000659
8780.0 0.000654
8785.0 0.000648
8790.0 0.000643
8795.0 0.000637
8800.0 0.000632
8805.0 0.000626
8810.0 0.000621
8815.0 0.000616
8820.0 0.00061
8825.0 0.000605
8830.0 0.0006
8835.0 0.000594
8840.0 0.000589
8845.0 0.000584
8850.0 0.000579
8855.0 0.000574
8860.0 0.000569
8865.0 0.000564
8870.0 0.00056
8875.0 0.000555
8880.0 0.00055
8885.0 0.000546
8890.0 0.000541
8895.0 0.000537
8900.0 0.000532
8905.0 0.000528
8910.0 0.000524
8915.0 0.00052
8920.0 0.000516
8925.0 0.000512
8930.0 0.000508
8935.0 0.000505
8940.0 0.000501
8945.0 0.000497
8950.0 0.000494
8955.0 0.000491
8960.0 0.000487
8965.0 0.000484
8970.0 0.000481
8975.0 0.000478
8980.0 0.000475
8985.0 0.000472
8990.0 0.00047
8995.0 0.000467
9000.0 0.000465
9005.0 0.000462
9010.0 0.000459
9015.0 0.000457
9020.0 0.000454
9025.0 0.000452
9030.0 0.00045
9035.0 0.000448
9040.0 0.000446
9045.0 0.000444
9050.0 0.000442
9055.0 0.00044
9060.0 0.000438
9065.0 0.000437
9070.0 0.000435
9075.0 0.000433
9080.0 0.000432
9085.0 0.00043
9090.0 0.000429
9095.0 0.000427
9100.0 0.000426
9105.0 0.000424
9110.0 0.000423
9115.0 0.000422
9120.0 0.000421
9125.0 0.00042
9130.0 0.000419
9135.0 0.000417
9140.0 0.000416
9145.0 0.000415
9150.0 0.000414
9155.0 0.000413
9160.0 0.000413
9165.0 0.000412
9170.0 0.000411
9175.0 0.00041
9180.0 0.000409
9185.0 0.000408
9190.0 0.000407
9195.0 0.000407
9200.0 0.000406
9205.0 0.000405
9210.0 0.000404
9215.0 0.000403
9220.0 0.000403
9225.0 0.000402
9230.0 0.000401
9235.0 0.000401
9240.0 0.0004
9245.0 0.000399
9250.0 0.000399
9255.0 0.000398
9260.0 0.000397
9265.0 0.000397
9270.0 0.000396
9275.0 0.000395
9280.0 0.000395
9285.0 0.000394
9290.0 0.000393
9295.0 0.000393
9300.0 0.000392
9305.0 0.000391
9310.0 0.000391
9315.0 0.00039
9320.0 0.000389
9325.0 0.000389
9330.0 0.000388
9335.0 0.000387
9340.0 0.000387
9345.0 0.000386
9350.0 0.000385
9355.0 0.000384
9360.0 0.000384
9365.0 0.000383
9370.0 0.000382
9375.0 0.000382
9380.0 0.000381
9385.0 0.00038
9390.0 0.000379
9395.0 0.000379
9400.0 0.000378
9405.0 0.000377
9410.0 0.000376
9415.0 0.000375
9420.0 0.000375
9425.0 0.000374
9430.0 0.000373
9435.0 0.000372
9440.0 0.000371
9445.0 0.000371
9450.0 0.00037
9455.0 0.000369
9460.0 0.000368
9465.0 0.000367
9470.0 0.000367
9475.0 0.000366
9480.0 0.000365
9485.0 0.000364
9490.0 0.000363
9495.0 0.000363
9500.0 0.000362
9505.0 0.000361
9510.0 0.00036
9515.0 0.000359
9520.0 0.000358
9525.0 0.000358
9530.0 0.000357
9535.0 0.000356
9540.0 0.000355
9545.0 0.000354
9550.0 0.000353
9555.0 0.000353
9560.0 0.000352
9565.0 0.000351
9570.0 0.00035
9575.0 0.000349
9580.0 0.000349
9585.0 0.000348
9590.0 0.000347
9595.0 0.000346
9600.0 0.000346
9605.0 0.000345
9610.0 0.000344
9615.0 0.000343
9620.0 0.000342
9625.0 0.000342
9630.0 0.000341
9635.0 0.00034
9640.0 0.000339
9645.0 0.000339
9650.0 0.000338
9655.0 0.000337
9660.0 0.000337
9665.0 0.000336
9670.0 0.000335
9675.0 0.000334
9680.0 0.000334
9685.0 0.000333
9690.0 0.000332
9695.0 0.000332
9700.0 0.000331
9705.0 0.00033
9710.0 0.00033
9715.0 0.000329
9720.0 0.000328
9725.0 0.000328
9730.0 0.000327
9735.0 0.000327
9740.0 0.000326
9745.0 0.000325
9750.0 0.000325
9755.0 0.000324
9760.0 0.000324
9765.0 0.000323
9770.0 0.000322
9775.0 0.000322
9780.0 0.000321
9785.0 0.000321
9790.0 0.00032
9795.0 0.000319
9800.0 0.000319
9805.0 0.000318
9810.0 0.000318
9815.0 0.000317
9820.0 0.000317
9825.0 0.000316
9830.0 0.000316
9835.0 0.000315
9840.0 0.000315
9845.0 0.000314
9850.0 0.000313
9855.0 0.000313
9860.0 0.000312
9865.0 0.000312
9870.0 0.000311
9875.0 0.000311
9880.0 0.00031
9885.0 0.00031
9890.0 0.000309
9895.0 0.000309
9900.0 0.000308
9905.0 0.000308
9910.0 0.000307
9915.0 0.000307
9920.0 0.000306
9925.0 0.000305
9930.0 0.000305
9935.0 0.000304
9940.0 0.000304
9945.0 0.000303
9950.0 0.000303
9955.0 0.000302
9960.0 0.000302
9965.0 0.000301
9970.0 0.0003
9975.0 0.0003
9980.0 0.000299
9985.0 0.000299
9990.0 0.000298
9995.0 0.000297
10000.0 0.000297
10005.0 0.000296
10010.0 0.000296
10015.0 0.000295
10020.0 0.000294
10025.0 0.000294
10030.0 0.000293
10035.0 0.000292
10040.0 0.000292
10045.0 0.000291
10050.0 0.00029
10055.0 0.000289
10060.0 0.000289
10065.0 0.000288
10070.0 0.000287
10075.0 0.000286
10080.0 0.000286
10085.0 0.000285
10090.0 0.000284
10095.0 0.000283
10100.0 0.000283
10105.0 0.000282
10110.0 0.000281
10115.0 0.00028
10120.0 0.000279
10125.0 0.000278
10130.0 0.000277
10135.0 0.000276
10140.0 0.000276
10145.0 0.000275
10150.0 0.000274
10155.0 0.000273
10160.0 0.000272
10165.0 0.000271
10170.0 0.00027
10175.0 0.000269
10180.0 0.000268
10185.0 0.000267
10190.0 0.000266
10195.0 0.000265
10200.0 0.000263
10205.0 0.000262
10210.0 0.000261
10215.0 0.00026
10220.0 0.000259
10225.0 0.000258
10230.0 0.000257
10235.0 0.000256
10240.0 0.000255
10245.0 0.000253
10250.0 0.000252
10255.0 0.000251
10260.0 0.00025
10265.0 0.000249
10270.0 0.000248
10275.0 0.000246
10280.0 0.000245
10285.0 0.000244
10290.0 0.000243
10295.0 0.000241
10300.0 1e-12
10305.0 1e-12
10310.0 1e-12
10315.0 1e-12
10320.0 1e-12
10325.0 1e-12
10330.0 1e-12
10335.0 1e-12
10340.0 1e-12
10345.0 1e-12
10350.0 1e-12
10355.0 1e-12
10360.0 1e-12
10365.0 1e-12
10370.0 1e-12
10375.0 1e-12
10380.0 1e-12
10385.0 1e-12
10390.0 1e-12
10395.0 1e-12
10400.0 1e-12
10405.0 1e-12
10410.0 1e-12
10415.0 1e-12
10420.0 1e-12
10425.0 1e-12
10430.0 1e-12
10435.0 1e-12
10440.0 1e-12
10445.0 1e-12
10450.0 1e-12
10455.0 1e-12
10460.0 1e-12
10465.0 1e-12
10470.0 1e-12
10475.0 1e-12
10480.0 1e-12
10485.0 1e-12
10490.0 1e-12
10495.0 1e-12
10500.0 1e-12
10505.0 1e-12
10510.0 1e-12
10515.0 1e-12
10520.0 1e-12
10525.0 1e-12
10530.0 1e-12
10535.0 1e-12
10540.0 1e-12
10545.0 1e-12
10550.0 1e-12
10555.0 1e-12
10560.0 1e-12
10565.0 1e-12
10570.0 1e-12
10575.0 1e-12
10580.0 1e-12
10585.0 1e-12
10590.0 1e-12
10595.0 1e-12
10600.0 1e-12
10605.0 1e-12
10610.0 1e-12
10615.0 1e-12
10620.0 1e-12
10625.0 1e-12
10630.0 1e-12
10635.0 1e-12
10640.0 1e-12
10645.0 1e-12
10650.0 1e-12
10655.0 1e-12
10660.0 1e-12
10665.0 1e-12
10670.0 1e-12
10675.0 1e-12
10680.0 1e-12
10685.0 1e-12
10690.0 1e-12
10695.0 1e-12
10700.0 1e-12
10705.0 1e-12
10710.0 1e-12
10715.0 1e-12
10720.0 1e-12
10725.0 1e-12
10730.0 1e-12
10735.0 1e-12
10740.0 1e-12
10745.0 1e-12
10750.0 1e-12
10755.0 1e-12
10760.0 1e-12
10765.0 1e-12
10770.0 1e-12
10775.0 1e-12
10780.0 1e-12
10785.0 1e-12
10790.0 1e-12
10795.0 1e-12
10800.0 1e-12
10805.0 1e-12
10810.0 1e-12
10815.0 1e-12
10820.0 1e-12
10825.0 1e-12
10830.0 1e-12
10835.0 1e-12
10840.0 1e-12
10845.0 1e-12
10850.0 1e-12
10855.0 1e-12
10860.0 1e-12
10865.0 1e-12
10870.0 1e-12
10875.0 1e-12
10880.0 1e-12
10885.0 1e-12
10890.0 1e-12
10895.0 1e-12
10900.0 1e-12
10905.0 1e-12
10910.0 1e-12
10915.0 1e-12
10920.0 1e-12
10925.0 1e-12
10930.0 1e-12
10935.0 1e-12
10940.0 1e-12
10945.0 1e-12
10950.0 1e-12
10955.0 1e-12
10960.0 1e-12
10965.0 1e-12
10970.0 1e-12
10975.0 1e-12
10980.0 1e-12
10985.0 1e-12
10990.0 1e-12
10995.0 1e-12
11000.0 1e-12
