#lamb flux
1605.0 0.000414
1610.0 0.000414
1615.0 0.000414
1620.0 0.000415
1625.0 0.000415
1630.0 0.000415
1635.0 0.000415
1640.0 0.000415
1645.0 0.000416
1650.0 0.000416
1655.0 0.000416
1660.0 0.000416
1665.0 0.000417
1670.0 0.000417
1675.0 0.000417
1680.0 0.000417
1685.0 0.000417
1690.0 0.000418
1695.0 0.000418
1700.0 0.000418
1705.0 0.000418
1710.0 0.000419
1715.0 0.000419
1720.0 0.000419
1725.0 0.000419
1730.0 0.00042
1735.0 0.00042
1740.0 0.00042
1745.0 0.00042
1750.0 0.000421
1755.0 0.000421
1760.0 0.000421
1765.0 0.000422
1770.0 0.000422
1775.0 0.000422
1780.0 0.000422
1785.0 0.000423
1790.0 0.000423
1795.0 0.000423
1800.0 0.000424
1805.0 0.000424
1810.0 0.000424
1815.0 0.000424
1820.0 0.000425
1825.0 0.000425
1830.0 0.000425
1835.0 0.000426
1840.0 0.000426
1845.0 0.000426
1850.0 0.000427
1855.0 0.000427
1860.0 0.000427
1865.0 0.000428
1870.0 0.000428
1875.0 0.000428
1880.0 0.000429
1885.0 0.000429
1890.0 0.000429
1895.0 0.00043
1900.0 0.00043
1905.0 0.00043
1910.0 0.000431
1915.0 0.000431
1920.0 0.000431
1925.0 0.000432
1930.0 0.000432
1935.0 0.000433
1940.0 0.000433
1945.0 0.000433
1950.0 0.000434
1955.0 0.000434
1960.0 0.000435
1965.0 0.000435
1970.0 0.000435
1975.0 0.000436
1980.0 0.000436
1985.0 0.000437
1990.0 0.000437
1995.0 0.000437
2000.0 0.000438
2005.0 0.000438
2010.0 0.000439
2015.0 0.000439
2020.0 0.000439
2025.0 0.00044
2030.0 0.00044
2035.0 0.000441
2040.0 0.000441
2045.0 0.000442
2050.0 0.000442
2055.0 0.000443
2060.0 0.000443
2065.0 0.000444
2070.0 0.000444
2075.0 0.000445
2080.0 0.000445
2085.0 0.000446
2090.0 0.000446
2095.0 0.000447
2100.0 0.000447
2105.0 0.000448
2110.0 0.000448
2115.0 0.000449
2120.0 0.000449
2125.0 0.00045
2130.0 0.00045
2135.0 0.000451
2140.0 0.000451
2145.0 0.000452
2150.0 0.000452
2155.0 0.000453
2160.0 0.000453
2165.0 0.000454
2170.0 0.000455
2175.0 0.000455
2180.0 0.000456
2185.0 0.000456
2190.0 0.000457
2195.0 0.000458
2200.0 0.000458
2205.0 0.000459
2210.0 0.000459
2215.0 0.00046
2220.0 0.000461
2225.0 0.000461
2230.0 0.000462
2235.0 0.000463
2240.0 0.000463
2245.0 0.000464
2250.0 0.000465
2255.0 0.000465
2260.0 0.000466
2265.0 0.000467
2270.0 0.000467
2275.0 0.000468
2280.0 0.000469
2285.0 0.000469
2290.0 0.00047
2295.0 0.000471
2300.0 0.000471
2305.0 0.000472
2310.0 0.000473
2315.0 0.000474
2320.0 0.000474
2325.0 0.000475
2330.0 0.000476
2335.0 0.000477
2340.0 0.000478
2345.0 0.000478
2350.0 0.000479
2355.0 0.00048
2360.0 0.000481
2365.0 0.000482
2370.0 0.000482
2375.0 0.000483
2380.0 0.000484
2385.0 0.000485
2390.0 0.000486
2395.0 0.000487
2400.0 0.000488
2405.0 0.000488
2410.0 0.000489
2415.0 0.00049
2420.0 0.000491
2425.0 0.000492
2430.0 0.000493
2435.0 0.000494
2440.0 0.000495
2445.0 0.000496
2450.0 0.000497
2455.0 0.000498
2460.0 0.000499
2465.0 0.0005
2470.0 0.000501
2475.0 0.000502
2480.0 0.000503
2485.0 0.000504
2490.0 0.000505
2495.0 0.000506
2500.0 0.000507
2505.0 0.000508
2510.0 0.000509
2515.0 0.00051
2520.0 0.000511
2525.0 0.000512
2530.0 0.000513
2535.0 0.000515
2540.0 0.000516
2545.0 0.000517
2550.0 0.000518
2555.0 0.000519
2560.0 0.00052
2565.0 0.000522
2570.0 0.000523
2575.0 0.000524
2580.0 0.000525
2585.0 0.000527
2590.0 0.000528
2595.0 0.000529
2600.0 0.00053
2605.0 0.000532
2610.0 0.000533
2615.0 0.000534
2620.0 0.000536
2625.0 0.000537
2630.0 0.000538
2635.0 0.00054
2640.0 0.000541
2645.0 0.000543
2650.0 0.000544
2655.0 0.000545
2660.0 0.000547
2665.0 0.000548
2670.0 0.00055
2675.0 0.000551
2680.0 0.000553
2685.0 0.000554
2690.0 0.000556
2695.0 0.000557
2700.0 0.000559
2705.0 0.000561
2710.0 0.000562
2715.0 0.000564
2720.0 0.000565
2725.0 0.000567
2730.0 0.000569
2735.0 0.00057
2740.0 0.000572
2745.0 0.000574
2750.0 0.000576
2755.0 0.000577
2760.0 0.000579
2765.0 0.000581
2770.0 0.000583
2775.0 0.000584
2780.0 0.000586
2785.0 0.000588
2790.0 0.00059
2795.0 0.000592
2800.0 0.000594
2805.0 0.000596
2810.0 0.000598
2815.0 0.0006
2820.0 0.000602
2825.0 0.000604
2830.0 0.000606
2835.0 0.000608
2840.0 0.00061
2845.0 0.000612
2850.0 0.000614
2855.0 0.000616
2860.0 0.000618
2865.0 0.000621
2870.0 0.000623
2875.0 0.000625
2880.0 0.000628
2885.0 0.00063
2890.0 0.000632
2895.0 0.000634
2900.0 0.000637
2905.0 0.000639
2910.0 0.000642
2915.0 0.000644
2920.0 0.000646
2925.0 0.000649
2930.0 0.000651
2935.0 0.000654
2940.0 0.000656
2945.0 0.000659
2950.0 0.000662
2955.0 0.000664
2960.0 0.000667
2965.0 0.00067
2970.0 0.000672
2975.0 0.000675
2980.0 0.000678
2985.0 0.000681
2990.0 0.000684
2995.0 0.000687
3000.0 0.000689
3005.0 0.000692
3010.0 0.000695
3015.0 0.000698
3020.0 0.000701
3025.0 0.000705
3030.0 0.000708
3035.0 0.000711
3040.0 0.000714
3045.0 0.000717
3050.0 0.00072
3055.0 0.000724
3060.0 0.000727
3065.0 0.00073
3070.0 0.000734
3075.0 0.000737
3080.0 0.000741
3085.0 0.000744
3090.0 0.000748
3095.0 0.000751
3100.0 0.000755
3105.0 0.000759
3110.0 0.000762
3115.0 0.000766
3120.0 0.00077
3125.0 0.000774
3130.0 0.000778
3135.0 0.000782
3140.0 0.000786
3145.0 0.00079
3150.0 0.000794
3155.0 0.000798
3160.0 0.000802
3165.0 0.000806
3170.0 0.00081
3175.0 0.000815
3180.0 0.000819
3185.0 0.000823
3190.0 0.000828
3195.0 0.000832
3200.0 0.000837
3205.0 0.000841
3210.0 0.000846
3215.0 0.000851
3220.0 0.000855
3225.0 0.00086
3230.0 0.000865
3235.0 0.00087
3240.0 0.000875
3245.0 0.00088
3250.0 0.000885
3255.0 0.00089
3260.0 0.000896
3265.0 0.000901
3270.0 0.000906
3275.0 0.000912
3280.0 0.000917
3285.0 0.000923
3290.0 0.000928
3295.0 0.000934
3300.0 0.00094
3305.0 0.000945
3310.0 0.000951
3315.0 0.000957
3320.0 0.000963
3325.0 0.000969
3330.0 0.000975
3335.0 0.000981
3340.0 0.000988
3345.0 0.000994
3350.0 0.001
3355.0 0.00101
3360.0 0.00101
3365.0 0.00102
3370.0 0.00103
3375.0 0.00103
3380.0 0.00104
3385.0 0.00105
3390.0 0.00105
3395.0 0.00106
3400.0 0.00107
3405.0 0.00108
3410.0 0.00108
3415.0 0.00109
3420.0 0.0011
3425.0 0.00111
3430.0 0.00111
3435.0 0.00112
3440.0 0.00113
3445.0 0.00114
3450.0 0.00115
3455.0 0.00115
3460.0 0.00116
3465.0 0.00117
3470.0 0.00118
3475.0 0.00119
3480.0 0.0012
3485.0 0.00121
3490.0 0.00122
3495.0 0.00122
3500.0 0.00123
3505.0 0.00124
3510.0 0.00125
3515.0 0.00126
3520.0 0.00127
3525.0 0.00128
3530.0 0.00129
3535.0 0.0013
3540.0 0.00131
3545.0 0.00132
3550.0 0.00133
3555.0 0.00134
3560.0 0.00135
3565.0 0.00136
3570.0 0.00137
3575.0 0.00139
3580.0 0.0014
3585.0 0.00141
3590.0 0.00142
3595.0 0.00143
3600.0 0.00144
3605.0 0.00145
3610.0 0.00147
3615.0 0.00148
3620.0 0.00149
3625.0 0.0015
3630.0 0.00152
3635.0 0.00153
3640.0 0.00154
3645.0 0.00155
3650.0 0.00157
3655.0 0.00158
3660.0 0.00159
3665.0 0.00161
3670.0 0.00162
3675.0 0.00164
3680.0 0.00165
3685.0 0.00166
3690.0 0.00168
3695.0 0.00169
3700.0 0.00171
3705.0 0.00172
3710.0 0.00174
3715.0 0.00175
3720.0 0.00177
3725.0 0.00179
3730.0 0.0018
3735.0 0.00182
3740.0 0.00183
3745.0 0.00185
3750.0 0.00187
3755.0 0.00188
3760.0 0.0019
3765.0 0.00192
3770.0 0.00194
3775.0 0.00195
3780.0 0.00197
3785.0 0.00199
3790.0 0.00201
3795.0 0.00203
3800.0 0.00205
3805.0 0.00207
3810.0 0.00208
3815.0 0.0021
3820.0 0.00212
3825.0 0.00214
3830.0 0.00216
3835.0 0.00219
3840.0 0.00221
3845.0 0.00223
3850.0 0.00225
3855.0 0.00227
3860.0 0.00229
3865.0 0.00231
3870.0 0.00234
3875.0 0.00236
3880.0 0.00238
3885.0 0.0024
3890.0 0.00243
3895.0 0.00245
3900.0 0.00247
3905.0 0.0025
3910.0 0.00252
3915.0 0.00255
3920.0 0.00257
3925.0 0.0026
3930.0 0.00262
3935.0 0.00265
3940.0 0.00267
3945.0 0.0027
3950.0 0.00273
3955.0 0.00275
3960.0 0.00278
3965.0 0.00281
3970.0 0.00284
3975.0 0.00286
3980.0 0.00289
3985.0 0.00292
3990.0 0.00295
3995.0 0.00298
4000.0 0.00301
4005.0 0.00304
4010.0 0.00307
4015.0 0.0031
4020.0 0.00313
4025.0 0.00316
4030.0 0.00319
4035.0 0.00322
4040.0 0.00326
4045.0 0.00329
4050.0 0.00332
4055.0 0.00335
4060.0 0.00339
4065.0 0.00342
4070.0 0.00345
4075.0 0.00349
4080.0 0.00352
4085.0 0.00356
4090.0 0.00359
4095.0 0.00363
4100.0 0.00367
4105.0 0.0037
4110.0 0.00374
4115.0 0.00378
4120.0 0.00381
4125.0 0.00385
4130.0 0.00389
4135.0 0.00393
4140.0 0.00396
4145.0 0.004
4150.0 0.00404
4155.0 0.00408
4160.0 0.00412
4165.0 0.00416
4170.0 0.0042
4175.0 0.00424
4180.0 0.00428
4185.0 0.00432
4190.0 0.00437
4195.0 0.00441
4200.0 0.00445
4205.0 0.00449
4210.0 0.00453
4215.0 0.00458
4220.0 0.00462
4225.0 0.00466
4230.0 0.0047
4235.0 0.00475
4240.0 0.00479
4245.0 0.00483
4250.0 0.00487
4255.0 0.00491
4260.0 0.00496
4265.0 0.005
4270.0 0.00504
4275.0 0.00508
4280.0 0.00512
4285.0 0.00515
4290.0 0.00519
4295.0 0.00523
4300.0 0.00526
4305.0 0.0053
4310.0 0.00533
4315.0 0.00536
4320.0 0.00539
4325.0 0.00542
4330.0 0.00545
4335.0 0.00547
4340.0 0.0055
4345.0 0.00552
4350.0 0.00554
4355.0 0.00555
4360.0 0.00557
4365.0 0.00558
4370.0 0.00559
4375.0 0.0056
4380.0 0.00561
4385.0 0.00562
4390.0 0.00563
4395.0 0.00563
4400.0 0.00564
4405.0 0.00564
4410.0 0.00565
4415.0 0.00565
4420.0 0.00566
4425.0 0.00566
4430.0 0.00567
4435.0 0.00567
4440.0 0.00568
4445.0 0.00568
4450.0 0.00569
4455.0 0.0057
4460.0 0.00571
4465.0 0.00572
4470.0 0.00573
4475.0 0.00575
4480.0 0.00576
4485.0 0.00578
4490.0 0.0058
4495.0 0.00582
4500.0 0.00584
4505.0 0.00586
4510.0 0.00588
4515.0 0.0059
4520.0 0.00593
4525.0 0.00595
4530.0 0.00598
4535.0 0.00601
4540.0 0.00604
4545.0 0.00607
4550.0 0.0061
4555.0 0.00613
4560.0 0.00616
4565.0 0.00619
4570.0 0.00622
4575.0 0.00625
4580.0 0.00628
4585.0 0.00631
4590.0 0.00634
4595.0 0.00637
4600.0 0.0064
4605.0 0.00642
4610.0 0.00645
4615.0 0.00648
4620.0 0.0065
4625.0 0.00652
4630.0 0.00655
4635.0 0.00657
4640.0 0.00659
4645.0 0.0066
4650.0 0.00662
4655.0 0.00664
4660.0 0.00665
4665.0 0.00666
4670.0 0.00667
4675.0 0.00668
4680.0 0.00669
4685.0 0.0067
4690.0 0.0067
4695.0 0.0067
4700.0 0.00671
4705.0 0.00671
4710.0 0.00671
4715.0 0.0067
4720.0 0.0067
4725.0 0.0067
4730.0 0.00669
4735.0 0.00669
4740.0 0.00668
4745.0 0.00667
4750.0 0.00666
4755.0 0.00666
4760.0 0.00665
4765.0 0.00664
4770.0 0.00663
4775.0 0.00662
4780.0 0.00661
4785.0 0.0066
4790.0 0.00659
4795.0 0.00658
4800.0 0.00657
4805.0 0.00656
4810.0 0.00655
4815.0 0.00654
4820.0 0.00654
4825.0 0.00653
4830.0 0.00652
4835.0 0.00652
4840.0 0.00651
4845.0 0.00651
4850.0 0.00651
4855.0 0.00651
4860.0 0.00651
4865.0 0.00651
4870.0 0.00652
4875.0 0.00652
4880.0 0.00653
4885.0 0.00654
4890.0 0.00654
4895.0 0.00656
4900.0 0.00657
4905.0 0.00658
4910.0 0.0066
4915.0 0.00662
4920.0 0.00664
4925.0 0.00666
4930.0 0.00668
4935.0 0.0067
4940.0 0.00673
4945.0 0.00675
4950.0 0.00678
4955.0 0.00681
4960.0 0.00684
4965.0 0.00687
4970.0 0.0069
4975.0 0.00693
4980.0 0.00696
4985.0 0.007
4990.0 0.00703
4995.0 0.00706
5000.0 0.00709
5005.0 0.00712
5010.0 0.00716
5015.0 0.00719
5020.0 0.00722
5025.0 0.00725
5030.0 0.00728
5035.0 0.00731
5040.0 0.00733
5045.0 0.00736
5050.0 0.00739
5055.0 0.00741
5060.0 0.00744
5065.0 0.00746
5070.0 0.00748
5075.0 0.0075
5080.0 0.00752
5085.0 0.00754
5090.0 0.00756
5095.0 0.00758
5100.0 0.00759
5105.0 0.00761
5110.0 0.00762
5115.0 0.00764
5120.0 0.00765
5125.0 0.00766
5130.0 0.00767
5135.0 0.00768
5140.0 0.00769
5145.0 0.00769
5150.0 0.0077
5155.0 0.0077
5160.0 0.00771
5165.0 0.00771
5170.0 0.00771
5175.0 0.0077
5180.0 0.0077
5185.0 0.00769
5190.0 0.00768
5195.0 0.00767
5200.0 0.00766
5205.0 0.00765
5210.0 0.00763
5215.0 0.00762
5220.0 0.0076
5225.0 0.00757
5230.0 0.00755
5235.0 0.00752
5240.0 0.00749
5245.0 0.00746
5250.0 0.00743
5255.0 0.00739
5260.0 0.00736
5265.0 0.00732
5270.0 0.00727
5275.0 0.00723
5280.0 0.00718
5285.0 0.00713
5290.0 0.00708
5295.0 0.00703
5300.0 0.00698
5305.0 0.00692
5310.0 0.00686
5315.0 0.0068
5320.0 0.00674
5325.0 0.00668
5330.0 0.00661
5335.0 0.00655
5340.0 0.00648
5345.0 0.00641
5350.0 0.00634
5355.0 0.00627
5360.0 0.0062
5365.0 0.00613
5370.0 0.00606
5375.0 0.00599
5380.0 0.00592
5385.0 0.00585
5390.0 0.00577
5395.0 0.0057
5400.0 0.00563
5405.0 0.00556
5410.0 0.0055
5415.0 0.00543
5420.0 0.00536
5425.0 0.00529
5430.0 0.00523
5435.0 0.00516
5440.0 0.0051
5445.0 0.00504
5450.0 0.00498
5455.0 0.00492
5460.0 0.00486
5465.0 0.00481
5470.0 0.00475
5475.0 0.0047
5480.0 0.00465
5485.0 0.00459
5490.0 0.00454
5495.0 0.00449
5500.0 0.00444
5505.0 0.00439
5510.0 0.00435
5515.0 0.0043
5520.0 0.00425
5525.0 0.00421
5530.0 0.00416
5535.0 0.00411
5540.0 0.00407
5545.0 0.00402
5550.0 0.00398
5555.0 0.00393
5560.0 0.00389
5565.0 0.00385
5570.0 0.0038
5575.0 0.00376
5580.0 0.00372
5585.0 0.00367
5590.0 0.00363
5595.0 0.00359
5600.0 0.00355
5605.0 0.00351
5610.0 0.00347
5615.0 0.00343
5620.0 0.00339
5625.0 0.00335
5630.0 0.00331
5635.0 0.00327
5640.0 0.00323
5645.0 0.0032
5650.0 0.00316
5655.0 0.00313
5660.0 0.00309
5665.0 0.00306
5670.0 0.00302
5675.0 0.00299
5680.0 0.00296
5685.0 0.00293
5690.0 0.0029
5695.0 0.00287
5700.0 0.00284
5705.0 0.00282
5710.0 0.00279
5715.0 0.00277
5720.0 0.00274
5725.0 0.00272
5730.0 0.0027
5735.0 0.00268
5740.0 0.00266
5745.0 0.00264
5750.0 0.00262
5755.0 0.0026
5760.0 0.00259
5765.0 0.00257
5770.0 0.00256
5775.0 0.00254
5780.0 0.00253
5785.0 0.00252
5790.0 0.00251
5795.0 0.0025
5800.0 0.00249
5805.0 0.00248
5810.0 0.00248
5815.0 0.00247
5820.0 0.00246
5825.0 0.00246
5830.0 0.00246
5835.0 0.00245
5840.0 0.00245
5845.0 0.00245
5850.0 0.00245
5855.0 0.00245
5860.0 0.00245
5865.0 0.00245
5870.0 0.00246
5875.0 0.00246
5880.0 0.00246
5885.0 0.00247
5890.0 0.00247
5895.0 0.00248
5900.0 0.00249
5905.0 0.0025
5910.0 0.0025
5915.0 0.00251
5920.0 0.00252
5925.0 0.00253
5930.0 0.00254
5935.0 0.00256
5940.0 0.00257
5945.0 0.00258
5950.0 0.0026
5955.0 0.00261
5960.0 0.00263
5965.0 0.00264
5970.0 0.00266
5975.0 0.00268
5980.0 0.0027
5985.0 0.00272
5990.0 0.00274
5995.0 0.00276
6000.0 0.00278
6005.0 0.00281
6010.0 0.00283
6015.0 0.00286
6020.0 0.00289
6025.0 0.00291
6030.0 0.00294
6035.0 0.00297
6040.0 0.00301
6045.0 0.00304
6050.0 0.00307
6055.0 0.00311
6060.0 0.00315
6065.0 0.00318
6070.0 0.00322
6075.0 0.00327
6080.0 0.00331
6085.0 0.00335
6090.0 0.0034
6095.0 0.00345
6100.0 0.0035
6105.0 0.00355
6110.0 0.0036
6115.0 0.00366
6120.0 0.00372
6125.0 0.00378
6130.0 0.00384
6135.0 0.0039
6140.0 0.00396
6145.0 0.00403
6150.0 0.0041
6155.0 0.00417
6160.0 0.00424
6165.0 0.00432
6170.0 0.00439
6175.0 0.00447
6180.0 0.00455
6185.0 0.00463
6190.0 0.00471
6195.0 0.0048
6200.0 0.00488
6205.0 0.00497
6210.0 0.00505
6215.0 0.00514
6220.0 0.00523
6225.0 0.00532
6230.0 0.00541
6235.0 0.0055
6240.0 0.00559
6245.0 0.00568
6250.0 0.00577
6255.0 0.00586
6260.0 0.00595
6265.0 0.00603
6270.0 0.00612
6275.0 0.0062
6280.0 0.00629
6285.0 0.00637
6290.0 0.00645
6295.0 0.00652
6300.0 0.0066
6305.0 0.00667
6310.0 0.00674
6315.0 0.0068
6320.0 0.00686
6325.0 0.00692
6330.0 0.00698
6335.0 0.00703
6340.0 0.00708
6345.0 0.00713
6350.0 0.00717
6355.0 0.0072
6360.0 0.00724
6365.0 0.00727
6370.0 0.0073
6375.0 0.00732
6380.0 0.00734
6385.0 0.00735
6390.0 0.00736
6395.0 0.00737
6400.0 0.00738
6405.0 0.00738
6410.0 0.00737
6415.0 0.00737
6420.0 0.00736
6425.0 0.00735
6430.0 0.00733
6435.0 0.00731
6440.0 0.00729
6445.0 0.00727
6450.0 0.00724
6455.0 0.00721
6460.0 0.00718
6465.0 0.00714
6470.0 0.00711
6475.0 0.00707
6480.0 0.00703
6485.0 0.00698
6490.0 0.00694
6495.0 0.00689
6500.0 0.00685
6505.0 0.0068
6510.0 0.00675
6515.0 0.00669
6520.0 0.00664
6525.0 0.00659
6530.0 0.00653
6535.0 0.00648
6540.0 0.00642
6545.0 0.00636
6550.0 0.0063
6555.0 0.00624
6560.0 0.00619
6565.0 0.00613
6570.0 0.00607
6575.0 0.00601
6580.0 0.00595
6585.0 0.00588
6590.0 0.00582
6595.0 0.00576
6600.0 0.0057
6605.0 0.00564
6610.0 0.00558
6615.0 0.00552
6620.0 0.00546
6625.0 0.0054
6630.0 0.00535
6635.0 0.00529
6640.0 0.00523
6645.0 0.00517
6650.0 0.00511
6655.0 0.00506
6660.0 0.005
6665.0 0.00495
6670.0 0.00489
6675.0 0.00484
6680.0 0.00478
6685.0 0.00473
6690.0 0.00468
6695.0 0.00463
6700.0 0.00457
6705.0 0.00452
6710.0 0.00447
6715.0 0.00443
6720.0 0.00438
6725.0 0.00433
6730.0 0.00428
6735.0 0.00424
6740.0 0.00419
6745.0 0.00415
6750.0 0.00411
6755.0 0.00406
6760.0 0.00402
6765.0 0.00398
6770.0 0.00394
6775.0 0.0039
6780.0 0.00386
6785.0 0.00382
6790.0 0.00379
6795.0 0.00375
6800.0 0.00372
6805.0 0.00368
6810.0 0.00365
6815.0 0.00362
6820.0 0.00358
6825.0 0.00355
6830.0 0.00352
6835.0 0.00349
6840.0 0.00346
6845.0 0.00343
6850.0 0.00341
6855.0 0.00338
6860.0 0.00335
6865.0 0.00333
6870.0 0.0033
6875.0 0.00328
6880.0 0.00325
6885.0 0.00323
6890.0 0.00321
6895.0 0.00319
6900.0 0.00317
6905.0 0.00315
6910.0 0.00313
6915.0 0.00311
6920.0 0.00309
6925.0 0.00307
6930.0 0.00306
6935.0 0.00304
6940.0 0.00302
6945.0 0.00301
6950.0 0.00299
6955.0 0.00298
6960.0 0.00296
6965.0 0.00295
6970.0 0.00294
6975.0 0.00292
6980.0 0.00291
6985.0 0.0029
6990.0 0.00289
6995.0 0.00288
7000.0 0.00287
7005.0 0.00286
7010.0 0.00285
7015.0 0.00284
7020.0 0.00283
7025.0 0.00282
7030.0 0.00281
7035.0 0.0028
7040.0 0.0028
7045.0 0.00279
7050.0 0.00278
7055.0 0.00278
7060.0 0.00277
7065.0 0.00276
7070.0 0.00276
7075.0 0.00275
7080.0 0.00275
7085.0 0.00274
7090.0 0.00274
7095.0 0.00273
7100.0 0.00273
7105.0 0.00273
7110.0 0.00272
7115.0 0.00272
7120.0 0.00272
7125.0 0.00271
7130.0 0.00271
7135.0 0.00271
7140.0 0.00271
7145.0 0.0027
7150.0 0.0027
7155.0 0.0027
7160.0 0.0027
7165.0 0.0027
7170.0 0.00269
7175.0 0.00269
7180.0 0.00269
7185.0 0.00269
7190.0 0.00269
7195.0 0.00269
7200.0 0.00269
7205.0 0.00269
7210.0 0.00269
7215.0 0.00268
7220.0 0.00268
7225.0 0.00268
7230.0 0.00268
7235.0 0.00268
7240.0 0.00268
7245.0 0.00268
7250.0 0.00268
7255.0 0.00268
7260.0 0.00268
7265.0 0.00268
7270.0 0.00268
7275.0 0.00268
7280.0 0.00268
7285.0 0.00268
7290.0 0.00267
7295.0 0.00267
7300.0 0.00267
7305.0 0.00267
7310.0 0.00267
7315.0 0.00267
7320.0 0.00267
7325.0 0.00267
7330.0 0.00266
7335.0 0.00266
7340.0 0.00266
7345.0 0.00266
7350.0 0.00265
7355.0 0.00265
7360.0 0.00265
7365.0 0.00265
7370.0 0.00264
7375.0 0.00264
7380.0 0.00263
7385.0 0.00263
7390.0 0.00263
7395.0 0.00262
7400.0 0.00262
7405.0 0.00261
7410.0 0.00261
7415.0 0.0026
7420.0 0.00259
7425.0 0.00259
7430.0 0.00258
7435.0 0.00258
7440.0 0.00257
7445.0 0.00256
7450.0 0.00255
7455.0 0.00255
7460.0 0.00254
7465.0 0.00253
7470.0 0.00252
7475.0 0.00251
7480.0 0.0025
7485.0 0.00249
7490.0 0.00248
7495.0 0.00247
7500.0 0.00246
7505.0 0.00245
7510.0 0.00244
7515.0 0.00243
7520.0 0.00242
7525.0 0.00241
7530.0 0.0024
7535.0 0.00239
7540.0 0.00238
7545.0 0.00236
7550.0 0.00235
7555.0 0.00234
7560.0 0.00233
7565.0 0.00232
7570.0 0.0023
7575.0 0.00229
7580.0 0.00228
7585.0 0.00226
7590.0 0.00225
7595.0 0.00224
7600.0 0.00223
7605.0 0.00221
7610.0 0.0022
7615.0 0.00219
7620.0 0.00217
7625.0 0.00216
7630.0 0.00215
7635.0 0.00213
7640.0 0.00212
7645.0 0.00211
7650.0 0.00209
7655.0 0.00208
7660.0 0.00207
7665.0 0.00205
7670.0 0.00204
7675.0 0.00203
7680.0 0.00201
7685.0 0.002
7690.0 0.00199
7695.0 0.00198
7700.0 0.00196
7705.0 0.00195
7710.0 0.00194
7715.0 0.00192
7720.0 0.00191
7725.0 0.0019
7730.0 0.00189
7735.0 0.00187
7740.0 0.00186
7745.0 0.00185
7750.0 0.00184
7755.0 0.00182
7760.0 0.00181
7765.0 0.0018
7770.0 0.00179
7775.0 0.00178
7780.0 0.00176
7785.0 0.00175
7790.0 0.00174
7795.0 0.00173
7800.0 0.00172
7805.0 0.00171
7810.0 0.0017
7815.0 0.00168
7820.0 0.00167
7825.0 0.00166
7830.0 0.00165
7835.0 0.00164
7840.0 0.00163
7845.0 0.00162
7850.0 0.00161
7855.0 0.0016
7860.0 0.00159
7865.0 0.00158
7870.0 0.00157
7875.0 0.00156
7880.0 0.00155
7885.0 0.00154
7890.0 0.00153
7895.0 0.00152
7900.0 0.00151
7905.0 0.0015
7910.0 0.00149
7915.0 0.00148
7920.0 0.00147
7925.0 0.00146
7930.0 0.00146
7935.0 0.00145
7940.0 0.00144
7945.0 0.00143
7950.0 0.00142
7955.0 0.00141
7960.0 0.00141
7965.0 0.0014
7970.0 0.00139
7975.0 0.00138
7980.0 0.00137
7985.0 0.00137
7990.0 0.00136
7995.0 0.00135
8000.0 0.00134
8005.0 0.00133
8010.0 0.00133
8015.0 0.00132
8020.0 0.00131
8025.0 0.00131
8030.0 0.0013
8035.0 0.00129
8040.0 0.00129
8045.0 0.00128
8050.0 0.00127
8055.0 0.00127
8060.0 0.00126
8065.0 0.00125
8070.0 0.00125
8075.0 0.00124
8080.0 0.00123
8085.0 0.00123
8090.0 0.00122
8095.0 0.00122
8100.0 0.00121
8105.0 0.0012
8110.0 0.0012
8115.0 0.00119
8120.0 0.00119
8125.0 0.00118
8130.0 0.00118
8135.0 0.00117
8140.0 0.00116
8145.0 0.00116
8150.0 0.00115
8155.0 0.00115
8160.0 0.00114
8165.0 0.00114
8170.0 0.00113
8175.0 0.00113
8180.0 0.00112
8185.0 0.00112
8190.0 0.00112
8195.0 0.00111
8200.0 0.00111
8205.0 0.0011
8210.0 0.0011
8215.0 0.00109
8220.0 0.00109
8225.0 0.00108
8230.0 0.00108
8235.0 0.00108
8240.0 0.00107
8245.0 0.00107
8250.0 0.00106
8255.0 0.00106
8260.0 0.00106
8265.0 0.00105
8270.0 0.00105
8275.0 0.00104
8280.0 0.00104
8285.0 0.00104
8290.0 0.00103
8295.0 0.00103
8300.0 0.00103
8305.0 0.00102
8310.0 0.00102
8315.0 0.00102
8320.0 0.00101
8325.0 0.00101
8330.0 0.00101
8335.0 0.001
8340.0 0.000999
8345.0 0.000996
8350.0 0.000993
8355.0 0.00099
8360.0 0.000987
8365.0 0.000984
8370.0 0.000981
8375.0 0.000978
8380.0 0.000975
8385.0 0.000972
8390.0 0.00097
8395.0 0.000967
8400.0 0.000964
8405.0 0.000961
8410.0 0.000959
8415.0 0.000956
8420.0 0.000954
8425.0 0.000951
8430.0 0.000949
8435.0 0.000946
8440.0 0.000944
8445.0 0.000941
8450.0 0.000939
8455.0 0.000937
8460.0 0.000934
8465.0 0.000932
8470.0 0.00093
8475.0 0.000928
8480.0 0.000925
8485.0 0.000923
8490.0 0.000921
8495.0 0.000919
8500.0 0.000917
8505.0 0.000915
8510.0 0.000913
8515.0 0.000911
8520.0 0.000909
8525.0 0.000907
8530.0 0.000905
8535.0 0.000903
8540.0 0.000901
8545.0 0.0009
8550.0 0.000898
8555.0 0.000896
8560.0 0.000894
8565.0 0.000892
8570.0 0.000891
8575.0 0.000889
8580.0 0.000887
8585.0 0.000886
8590.0 0.000884
8595.0 0.000883
8600.0 0.000881
8605.0 0.000879
8610.0 0.000878
8615.0 0.000876
8620.0 0.000875
8625.0 0.000873
8630.0 0.000872
8635.0 0.00087
8640.0 0.000869
8645.0 0.000868
8650.0 0.000866
8655.0 0.000865
8660.0 0.000864
8665.0 0.000862
8670.0 0.000861
8675.0 0.00086
8680.0 0.000858
8685.0 0.000857
8690.0 0.000856
8695.0 0.000855
8700.0 0.000853
8705.0 0.000852
8710.0 0.000851
8715.0 0.00085
8720.0 0.000849
8725.0 0.000847
8730.0 0.000846
8735.0 0.000845
8740.0 0.000844
8745.0 0.000843
8750.0 0.000842
8755.0 0.000841
8760.0 0.00084
8765.0 0.000839
8770.0 0.000838
8775.0 0.000837
8780.0 0.000836
8785.0 0.000835
8790.0 0.000834
8795.0 0.000833
8800.0 0.000832
8805.0 0.000831
8810.0 0.00083
8815.0 0.000829
8820.0 0.000828
8825.0 0.000827
8830.0 0.000826
8835.0 0.000825
8840.0 0.000824
8845.0 0.000824
8850.0 0.000823
8855.0 0.000822
8860.0 0.000821
8865.0 0.00082
8870.0 0.000819
8875.0 0.000819
8880.0 0.000818
8885.0 0.000817
8890.0 0.000816
8895.0 0.000815
8900.0 0.000815
8905.0 0.000814
8910.0 0.000813
8915.0 0.000812
8920.0 0.000811
8925.0 0.000811
8930.0 0.00081
8935.0 0.000809
8940.0 0.000808
8945.0 0.000808
8950.0 0.000807
8955.0 0.000806
8960.0 0.000806
8965.0 0.000805
8970.0 0.000804
8975.0 0.000803
8980.0 0.000803
8985.0 0.000802
8990.0 0.000801
8995.0 0.000801
9000.0 0.0008
9005.0 0.000799
9010.0 0.000799
9015.0 0.000798
9020.0 0.000797
9025.0 0.000797
9030.0 0.000796
9035.0 0.000795
9040.0 0.000795
9045.0 0.000794
9050.0 0.000793
9055.0 0.000793
9060.0 0.000792
9065.0 0.000791
9070.0 0.000791
9075.0 0.00079
9080.0 0.000789
9085.0 0.000789
9090.0 0.000788
9095.0 0.000787
9100.0 0.000787
9105.0 0.000786
9110.0 0.000785
9115.0 0.000785
9120.0 0.000784
9125.0 0.000784
9130.0 0.000783
9135.0 0.000782
9140.0 0.000782
9145.0 0.000781
9150.0 0.00078
9155.0 0.00078
9160.0 0.000779
9165.0 0.000778
9170.0 0.000778
9175.0 0.000777
9180.0 0.000776
9185.0 0.000776
9190.0 0.000775
9195.0 0.000775
9200.0 0.000774
9205.0 0.000773
9210.0 0.000773
9215.0 0.000772
9220.0 0.000771
9225.0 0.000771
9230.0 0.00077
9235.0 0.000769
9240.0 0.000769
9245.0 0.000768
9250.0 0.000767
9255.0 0.000767
9260.0 0.000766
9265.0 0.000765
9270.0 0.000765
9275.0 0.000764
9280.0 0.000763
9285.0 0.000763
9290.0 0.000762
9295.0 0.000761
9300.0 0.000761
9305.0 0.00076
9310.0 0.000759
9315.0 0.000759
9320.0 0.000758
9325.0 0.000757
9330.0 0.000757
9335.0 0.000756
9340.0 0.000755
9345.0 0.000755
9350.0 0.000754
9355.0 0.000753
9360.0 0.000752
9365.0 0.000752
9370.0 0.000751
9375.0 0.00075
9380.0 0.00075
9385.0 0.000749
9390.0 0.000748
9395.0 0.000747
9400.0 0.000747
9405.0 0.000746
9410.0 0.000745
9415.0 0.000744
9420.0 0.000744
9425.0 0.000743
9430.0 0.000742
9435.0 0.000741
9440.0 0.000741
9445.0 0.00074
9450.0 0.000739
9455.0 0.000738
9460.0 0.000738
9465.0 0.000737
9470.0 0.000736
9475.0 0.000735
9480.0 0.000735
9485.0 0.000734
9490.0 0.000733
9495.0 0.000732
9500.0 0.000731
9505.0 0.000731
9510.0 0.00073
9515.0 0.000729
9520.0 0.000728
9525.0 0.000727
9530.0 0.000726
9535.0 0.000726
9540.0 0.000725
9545.0 0.000724
9550.0 0.000723
9555.0 0.000722
9560.0 0.000721
9565.0 0.00072
9570.0 0.00072
9575.0 0.000719
9580.0 0.000718
9585.0 0.000717
9590.0 0.000716
9595.0 0.000715
9600.0 0.000714
9605.0 0.000714
9610.0 0.000713
9615.0 0.000712
9620.0 0.000711
9625.0 0.00071
9630.0 0.000709
9635.0 0.000708
9640.0 0.000707
9645.0 0.000706
9650.0 0.000705
9655.0 0.000705
9660.0 0.000704
9665.0 0.000703
9670.0 0.000702
9675.0 0.000701
9680.0 0.0007
9685.0 0.000699
9690.0 0.000698
9695.0 0.000697
9700.0 0.000696
9705.0 0.000695
9710.0 0.000694
9715.0 0.000693
9720.0 0.000692
9725.0 0.000691
9730.0 0.00069
9735.0 0.000689
9740.0 0.000688
9745.0 0.000687
9750.0 0.000686
9755.0 0.000685
9760.0 0.000684
9765.0 0.000683
9770.0 0.000682
9775.0 0.000681
9780.0 0.00068
9785.0 0.000679
9790.0 0.000678
9795.0 0.000677
9800.0 0.000676
9805.0 0.000675
9810.0 0.000674
9815.0 0.000673
9820.0 0.000672
9825.0 0.000671
9830.0 0.00067
9835.0 0.000669
9840.0 0.000668
9845.0 0.000667
9850.0 0.000666
9855.0 0.000665
9860.0 0.000664
9865.0 0.000663
9870.0 0.000662
9875.0 0.000661
9880.0 0.00066
9885.0 0.000659
9890.0 0.000658
9895.0 0.000657
9900.0 0.000656
9905.0 0.000654
9910.0 0.000653
9915.0 0.000652
9920.0 0.000651
9925.0 0.00065
9930.0 0.000649
9935.0 0.000648
9940.0 0.000647
9945.0 0.000646
9950.0 0.000645
9955.0 0.000644
9960.0 0.000643
9965.0 0.000642
9970.0 0.000641
9975.0 0.000639
9980.0 0.000638
9985.0 0.000637
9990.0 0.000636
9995.0 0.000635
10000.0 0.000634
10005.0 0.000633
10010.0 0.000632
10015.0 0.000631
10020.0 0.00063
10025.0 0.000629
10030.0 0.000628
10035.0 0.000626
10040.0 0.000625
10045.0 0.000624
10050.0 0.000623
10055.0 0.000622
10060.0 0.000621
10065.0 0.00062
10070.0 0.000619
10075.0 0.000618
10080.0 0.000617
10085.0 0.000616
10090.0 0.000614
10095.0 0.000613
10100.0 0.000612
10105.0 0.000611
10110.0 0.00061
10115.0 0.000609
10120.0 0.000608
10125.0 0.000607
10130.0 0.000606
10135.0 0.000605
10140.0 0.000604
10145.0 0.000602
10150.0 0.000601
10155.0 0.0006
10160.0 0.000599
10165.0 0.000598
10170.0 0.000597
10175.0 0.000596
10180.0 0.000595
10185.0 0.000594
10190.0 0.000593
10195.0 0.000592
10200.0 0.000591
10205.0 0.000589
10210.0 0.000588
10215.0 0.000587
10220.0 0.000586
10225.0 0.000585
10230.0 0.000584
10235.0 0.000583
10240.0 1e-12
10245.0 1e-12
10250.0 1e-12
10255.0 1e-12
10260.0 1e-12
10265.0 1e-12
10270.0 1e-12
10275.0 1e-12
10280.0 1e-12
10285.0 1e-12
10290.0 1e-12
10295.0 1e-12
10300.0 1e-12
10305.0 1e-12
10310.0 1e-12
10315.0 1e-12
10320.0 1e-12
10325.0 1e-12
10330.0 1e-12
10335.0 1e-12
10340.0 1e-12
10345.0 1e-12
10350.0 1e-12
10355.0 1e-12
10360.0 1e-12
10365.0 1e-12
10370.0 1e-12
10375.0 1e-12
10380.0 1e-12
10385.0 1e-12
10390.0 1e-12
10395.0 1e-12
10400.0 1e-12
10405.0 1e-12
10410.0 1e-12
10415.0 1e-12
10420.0 1e-12
10425.0 1e-12
10430.0 1e-12
10435.0 1e-12
10440.0 1e-12
10445.0 1e-12
10450.0 1e-12
10455.0 1e-12
10460.0 1e-12
10465.0 1e-12
10470.0 1e-12
10475.0 1e-12
10480.0 1e-12
10485.0 1e-12
10490.0 1e-12
10495.0 1e-12
10500.0 1e-12
10505.0 1e-12
10510.0 1e-12
10515.0 1e-12
10520.0 1e-12
10525.0 1e-12
10530.0 1e-12
10535.0 1e-12
10540.0 1e-12
10545.0 1e-12
10550.0 1e-12
10555.0 1e-12
10560.0 1e-12
10565.0 1e-12
10570.0 1e-12
10575.0 1e-12
10580.0 1e-12
10585.0 1e-12
10590.0 1e-12
10595.0 1e-12
10600.0 1e-12
10605.0 1e-12
10610.0 1e-12
10615.0 1e-12
10620.0 1e-12
10625.0 1e-12
10630.0 1e-12
10635.0 1e-12
10640.0 1e-12
10645.0 1e-12
10650.0 1e-12
10655.0 1e-12
10660.0 1e-12
10665.0 1e-12
10670.0 1e-12
10675.0 1e-12
10680.0 1e-12
10685.0 1e-12
10690.0 1e-12
10695.0 1e-12
10700.0 1e-12
10705.0 1e-12
10710.0 1e-12
10715.0 1e-12
10720.0 1e-12
10725.0 1e-12
10730.0 1e-12
10735.0 1e-12
10740.0 1e-12
10745.0 1e-12
10750.0 1e-12
10755.0 1e-12
10760.0 1e-12
10765.0 1e-12
10770.0 1e-12
10775.0 1e-12
10780.0 1e-12
10785.0 1e-12
10790.0 1e-12
10795.0 1e-12
10800.0 1e-12
10805.0 1e-12
10810.0 1e-12
10815.0 1e-12
10820.0 1e-12
10825.0 1e-12
10830.0 1e-12
10835.0 1e-12
10840.0 1e-12
10845.0 1e-12
10850.0 1e-12
10855.0 1e-12
10860.0 1e-12
10865.0 1e-12
10870.0 1e-12
10875.0 1e-12
10880.0 1e-12
10885.0 1e-12
10890.0 1e-12
10895.0 1e-12
10900.0 1e-12
10905.0 1e-12
10910.0 1e-12
10915.0 1e-12
10920.0 1e-12
10925.0 1e-12
10930.0 1e-12
10935.0 1e-12
10940.0 1e-12
10945.0 1e-12
10950.0 1e-12
10955.0 1e-12
10960.0 1e-12
10965.0 1e-12
10970.0 1e-12
10975.0 1e-12
10980.0 1e-12
10985.0 1e-12
10990.0 1e-12
10995.0 1e-12
11000.0 1e-12
