#lamb flux
1605.0 0.000191
1610.0 0.000191
1615.0 0.000191
1620.0 0.000192
1625.0 0.000192
1630.0 0.000192
1635.0 0.000192
1640.0 0.000192
1645.0 0.000192
1650.0 0.000192
1655.0 0.000193
1660.0 0.000193
1665.0 0.000193
1670.0 0.000193
1675.0 0.000193
1680.0 0.000193
1685.0 0.000193
1690.0 0.000194
1695.0 0.000194
1700.0 0.000194
1705.0 0.000194
1710.0 0.000194
1715.0 0.000194
1720.0 0.000194
1725.0 0.000195
1730.0 0.000195
1735.0 0.000195
1740.0 0.000195
1745.0 0.000195
1750.0 0.000195
1755.0 0.000195
1760.0 0.000196
1765.0 0.000196
1770.0 0.000196
1775.0 0.000196
1780.0 0.000196
1785.0 0.000196
1790.0 0.000197
1795.0 0.000197
1800.0 0.000197
1805.0 0.000197
1810.0 0.000197
1815.0 0.000197
1820.0 0.000197
1825.0 0.000198
1830.0 0.000198
1835.0 0.000198
1840.0 0.000198
1845.0 0.000198
1850.0 0.000198
1855.0 0.000198
1860.0 0.000199
1865.0 0.000199
1870.0 0.000199
1875.0 0.000199
1880.0 0.000199
1885.0 0.000199
1890.0 0.0002
1895.0 0.0002
1900.0 0.0002
1905.0 0.0002
1910.0 0.0002
1915.0 0.0002
1920.0 0.000201
1925.0 0.000201
1930.0 0.000201
1935.0 0.000201
1940.0 0.000201
1945.0 0.000202
1950.0 0.000202
1955.0 0.000202
1960.0 0.000202
1965.0 0.000202
1970.0 0.000202
1975.0 0.000203
1980.0 0.000203
1985.0 0.000203
1990.0 0.000203
1995.0 0.000203
2000.0 0.000204
2005.0 0.000204
2010.0 0.000204
2015.0 0.000204
2020.0 0.000205
2025.0 0.000205
2030.0 0.000205
2035.0 0.000205
2040.0 0.000205
2045.0 0.000206
2050.0 0.000206
2055.0 0.000206
2060.0 0.000206
2065.0 0.000207
2070.0 0.000207
2075.0 0.000207
2080.0 0.000207
2085.0 0.000208
2090.0 0.000208
2095.0 0.000208
2100.0 0.000208
2105.0 0.000209
2110.0 0.000209
2115.0 0.000209
2120.0 0.00021
2125.0 0.00021
2130.0 0.00021
2135.0 0.00021
2140.0 0.000211
2145.0 0.000211
2150.0 0.000211
2155.0 0.000212
2160.0 0.000212
2165.0 0.000212
2170.0 0.000213
2175.0 0.000213
2180.0 0.000213
2185.0 0.000214
2190.0 0.000214
2195.0 0.000214
2200.0 0.000215
2205.0 0.000215
2210.0 0.000215
2215.0 0.000216
2220.0 0.000216
2225.0 0.000217
2230.0 0.000217
2235.0 0.000217
2240.0 0.000218
2245.0 0.000218
2250.0 0.000219
2255.0 0.000219
2260.0 0.000219
2265.0 0.00022
2270.0 0.00022
2275.0 0.000221
2280.0 0.000221
2285.0 0.000222
2290.0 0.000222
2295.0 0.000222
2300.0 0.000223
2305.0 0.000223
2310.0 0.000224
2315.0 0.000224
2320.0 0.000225
2325.0 0.000225
2330.0 0.000226
2335.0 0.000226
2340.0 0.000227
2345.0 0.000227
2350.0 0.000228
2355.0 0.000229
2360.0 0.000229
2365.0 0.00023
2370.0 0.00023
2375.0 0.000231
2380.0 0.000231
2385.0 0.000232
2390.0 0.000232
2395.0 0.000233
2400.0 0.000234
2405.0 0.000234
2410.0 0.000235
2415.0 0.000236
2420.0 0.000236
2425.0 0.000237
2430.0 0.000237
2435.0 0.000238
2440.0 0.000239
2445.0 0.000239
2450.0 0.00024
2455.0 0.000241
2460.0 0.000242
2465.0 0.000242
2470.0 0.000243
2475.0 0.000244
2480.0 0.000244
2485.0 0.000245
2490.0 0.000246
2495.0 0.000247
2500.0 0.000247
2505.0 0.000248
2510.0 0.000249
2515.0 0.00025
2520.0 0.00025
2525.0 0.000251
2530.0 0.000252
2535.0 0.000253
2540.0 0.000254
2545.0 0.000255
2550.0 0.000255
2555.0 0.000256
2560.0 0.000257
2565.0 0.000258
2570.0 0.000259
2575.0 0.00026
2580.0 0.000261
2585.0 0.000262
2590.0 0.000262
2595.0 0.000263
2600.0 0.000264
2605.0 0.000265
2610.0 0.000266
2615.0 0.000267
2620.0 0.000268
2625.0 0.000269
2630.0 0.00027
2635.0 0.000271
2640.0 0.000272
2645.0 0.000273
2650.0 0.000274
2655.0 0.000275
2660.0 0.000276
2665.0 0.000277
2670.0 0.000279
2675.0 0.00028
2680.0 0.000281
2685.0 0.000282
2690.0 0.000283
2695.0 0.000284
2700.0 0.000285
2705.0 0.000286
2710.0 0.000288
2715.0 0.000289
2720.0 0.00029
2725.0 0.000291
2730.0 0.000292
2735.0 0.000294
2740.0 0.000295
2745.0 0.000296
2750.0 0.000297
2755.0 0.000299
2760.0 0.0003
2765.0 0.000301
2770.0 0.000303
2775.0 0.000304
2780.0 0.000305
2785.0 0.000306
2790.0 0.000308
2795.0 0.000309
2800.0 0.000311
2805.0 0.000312
2810.0 0.000313
2815.0 0.000315
2820.0 0.000316
2825.0 0.000318
2830.0 0.000319
2835.0 0.000321
2840.0 0.000322
2845.0 0.000324
2850.0 0.000325
2855.0 0.000327
2860.0 0.000328
2865.0 0.00033
2870.0 0.000331
2875.0 0.000333
2880.0 0.000335
2885.0 0.000336
2890.0 0.000338
2895.0 0.000339
2900.0 0.000341
2905.0 0.000343
2910.0 0.000344
2915.0 0.000346
2920.0 0.000348
2925.0 0.00035
2930.0 0.000351
2935.0 0.000353
2940.0 0.000355
2945.0 0.000357
2950.0 0.000358
2955.0 0.00036
2960.0 0.000362
2965.0 0.000364
2970.0 0.000366
2975.0 0.000368
2980.0 0.00037
2985.0 0.000371
2990.0 0.000373
2995.0 0.000375
3000.0 0.000377
3005.0 0.000379
3010.0 0.000381
3015.0 0.000383
3020.0 0.000385
3025.0 0.000387
3030.0 0.00039
3035.0 0.000392
3040.0 0.000394
3045.0 0.000396
3050.0 0.000398
3055.0 0.0004
3060.0 0.000402
3065.0 0.000405
3070.0 0.000407
3075.0 0.000409
3080.0 0.000411
3085.0 0.000414
3090.0 0.000416
3095.0 0.000418
3100.0 0.000421
3105.0 0.000423
3110.0 0.000425
3115.0 0.000428
3120.0 0.00043
3125.0 0.000433
3130.0 0.000435
3135.0 0.000438
3140.0 0.00044
3145.0 0.000443
3150.0 0.000445
3155.0 0.000448
3160.0 0.00045
3165.0 0.000453
3170.0 0.000456
3175.0 0.000458
3180.0 0.000461
3185.0 0.000464
3190.0 0.000467
3195.0 0.000469
3200.0 0.000472
3205.0 0.000475
3210.0 0.000478
3215.0 0.000481
3220.0 0.000483
3225.0 0.000486
3230.0 0.000489
3235.0 0.000492
3240.0 0.000495
3245.0 0.000498
3250.0 0.000501
3255.0 0.000504
3260.0 0.000507
3265.0 0.00051
3270.0 0.000513
3275.0 0.000516
3280.0 0.00052
3285.0 0.000523
3290.0 0.000526
3295.0 0.000529
3300.0 0.000532
3305.0 0.000536
3310.0 0.000539
3315.0 0.000542
3320.0 0.000545
3325.0 0.000549
3330.0 0.000552
3335.0 0.000555
3340.0 0.000559
3345.0 0.000562
3350.0 0.000566
3355.0 0.000569
3360.0 0.000572
3365.0 0.000576
3370.0 0.000579
3375.0 0.000583
3380.0 0.000586
3385.0 0.00059
3390.0 0.000593
3395.0 0.000597
3400.0 0.000601
3405.0 0.000604
3410.0 0.000608
3415.0 0.000611
3420.0 0.000615
3425.0 0.000619
3430.0 0.000622
3435.0 0.000626
3440.0 0.00063
3445.0 0.000634
3450.0 0.000637
3455.0 0.000641
3460.0 0.000645
3465.0 0.000649
3470.0 0.000653
3475.0 0.000657
3480.0 0.000661
3485.0 0.000664
3490.0 0.000668
3495.0 0.000672
3500.0 0.000676
3505.0 0.00068
3510.0 0.000684
3515.0 0.000688
3520.0 0.000693
3525.0 0.000697
3530.0 0.000701
3535.0 0.000705
3540.0 0.000709
3545.0 0.000714
3550.0 0.000718
3555.0 0.000722
3560.0 0.000726
3565.0 0.000731
3570.0 0.000735
3575.0 0.00074
3580.0 0.000744
3585.0 0.000748
3590.0 0.000753
3595.0 0.000758
3600.0 0.000762
3605.0 0.000767
3610.0 0.000772
3615.0 0.000776
3620.0 0.000781
3625.0 0.000786
3630.0 0.000791
3635.0 0.000796
3640.0 0.000801
3645.0 0.000806
3650.0 0.000811
3655.0 0.000816
3660.0 0.000822
3665.0 0.000827
3670.0 0.000832
3675.0 0.000838
3680.0 0.000843
3685.0 0.000849
3690.0 0.000854
3695.0 0.00086
3700.0 0.000866
3705.0 0.000872
3710.0 0.000877
3715.0 0.000883
3720.0 0.000889
3725.0 0.000896
3730.0 0.000902
3735.0 0.000908
3740.0 0.000914
3745.0 0.000921
3750.0 0.000927
3755.0 0.000934
3760.0 0.000941
3765.0 0.000947
3770.0 0.000954
3775.0 0.000961
3780.0 0.000968
3785.0 0.000975
3790.0 0.000983
3795.0 0.00099
3800.0 0.000997
3805.0 0.001
3810.0 0.00101
3815.0 0.00102
3820.0 0.00103
3825.0 0.00104
3830.0 0.00104
3835.0 0.00105
3840.0 0.00106
3845.0 0.00107
3850.0 0.00108
3855.0 0.00109
3860.0 0.00109
3865.0 0.0011
3870.0 0.00111
3875.0 0.00112
3880.0 0.00113
3885.0 0.00114
3890.0 0.00115
3895.0 0.00116
3900.0 0.00117
3905.0 0.00118
3910.0 0.00119
3915.0 0.0012
3920.0 0.00121
3925.0 0.00122
3930.0 0.00123
3935.0 0.00124
3940.0 0.00125
3945.0 0.00126
3950.0 0.00127
3955.0 0.00128
3960.0 0.00129
3965.0 0.0013
3970.0 0.00132
3975.0 0.00133
3980.0 0.00134
3985.0 0.00135
3990.0 0.00136
3995.0 0.00137
4000.0 0.00139
4005.0 0.0014
4010.0 0.00141
4015.0 0.00142
4020.0 0.00144
4025.0 0.00145
4030.0 0.00146
4035.0 0.00147
4040.0 0.00149
4045.0 0.0015
4050.0 0.00151
4055.0 0.00153
4060.0 0.00154
4065.0 0.00156
4070.0 0.00157
4075.0 0.00158
4080.0 0.0016
4085.0 0.00161
4090.0 0.00163
4095.0 0.00164
4100.0 0.00165
4105.0 0.00167
4110.0 0.00168
4115.0 0.0017
4120.0 0.00171
4125.0 0.00173
4130.0 0.00174
4135.0 0.00176
4140.0 0.00177
4145.0 0.00179
4150.0 0.0018
4155.0 0.00182
4160.0 0.00183
4165.0 0.00185
4170.0 0.00187
4175.0 0.00188
4180.0 0.0019
4185.0 0.00191
4190.0 0.00193
4195.0 0.00194
4200.0 0.00196
4205.0 0.00197
4210.0 0.00199
4215.0 0.002
4220.0 0.00202
4225.0 0.00204
4230.0 0.00205
4235.0 0.00207
4240.0 0.00208
4245.0 0.0021
4250.0 0.00211
4255.0 0.00213
4260.0 0.00214
4265.0 0.00215
4270.0 0.00217
4275.0 0.00218
4280.0 0.0022
4285.0 0.00221
4290.0 0.00222
4295.0 0.00224
4300.0 0.00225
4305.0 0.00226
4310.0 0.00228
4315.0 0.00229
4320.0 0.0023
4325.0 0.00231
4330.0 0.00233
4335.0 0.00234
4340.0 0.00235
4345.0 0.00236
4350.0 0.00237
4355.0 0.00238
4360.0 0.00239
4365.0 0.0024
4370.0 0.00241
4375.0 0.00242
4380.0 0.00243
4385.0 0.00244
4390.0 0.00245
4395.0 0.00246
4400.0 0.00247
4405.0 0.00248
4410.0 0.00248
4415.0 0.00249
4420.0 0.0025
4425.0 0.00251
4430.0 0.00251
4435.0 0.00252
4440.0 0.00253
4445.0 0.00253
4450.0 0.00254
4455.0 0.00254
4460.0 0.00255
4465.0 0.00255
4470.0 0.00256
4475.0 0.00256
4480.0 0.00256
4485.0 0.00257
4490.0 0.00257
4495.0 0.00257
4500.0 0.00258
4505.0 0.00258
4510.0 0.00258
4515.0 0.00258
4520.0 0.00259
4525.0 0.00259
4530.0 0.00259
4535.0 0.00259
4540.0 0.00259
4545.0 0.00259
4550.0 0.00259
4555.0 0.00259
4560.0 0.00259
4565.0 0.00259
4570.0 0.00259
4575.0 0.00259
4580.0 0.00259
4585.0 0.00259
4590.0 0.00259
4595.0 0.00259
4600.0 0.00259
4605.0 0.00259
4610.0 0.00259
4615.0 0.00259
4620.0 0.00259
4625.0 0.00259
4630.0 0.00259
4635.0 0.00259
4640.0 0.00259
4645.0 0.00259
4650.0 0.00258
4655.0 0.00258
4660.0 0.00258
4665.0 0.00258
4670.0 0.00258
4675.0 0.00258
4680.0 0.00258
4685.0 0.00258
4690.0 0.00257
4695.0 0.00257
4700.0 0.00257
4705.0 0.00257
4710.0 0.00257
4715.0 0.00257
4720.0 0.00257
4725.0 0.00257
4730.0 0.00256
4735.0 0.00256
4740.0 0.00256
4745.0 0.00256
4750.0 0.00256
4755.0 0.00256
4760.0 0.00256
4765.0 0.00256
4770.0 0.00255
4775.0 0.00255
4780.0 0.00255
4785.0 0.00255
4790.0 0.00255
4795.0 0.00255
4800.0 0.00255
4805.0 0.00255
4810.0 0.00255
4815.0 0.00255
4820.0 0.00255
4825.0 0.00255
4830.0 0.00254
4835.0 0.00254
4840.0 0.00254
4845.0 0.00254
4850.0 0.00254
4855.0 0.00254
4860.0 0.00254
4865.0 0.00254
4870.0 0.00254
4875.0 0.00254
4880.0 0.00254
4885.0 0.00254
4890.0 0.00254
4895.0 0.00254
4900.0 0.00254
4905.0 0.00254
4910.0 0.00254
4915.0 0.00255
4920.0 0.00255
4925.0 0.00255
4930.0 0.00255
4935.0 0.00255
4940.0 0.00255
4945.0 0.00255
4950.0 0.00255
4955.0 0.00255
4960.0 0.00255
4965.0 0.00256
4970.0 0.00256
4975.0 0.00256
4980.0 0.00256
4985.0 0.00256
4990.0 0.00256
4995.0 0.00257
5000.0 0.00257
5005.0 0.00257
5010.0 0.00257
5015.0 0.00257
5020.0 0.00258
5025.0 0.00258
5030.0 0.00258
5035.0 0.00258
5040.0 0.00259
5045.0 0.00259
5050.0 0.00259
5055.0 0.00259
5060.0 0.0026
5065.0 0.0026
5070.0 0.0026
5075.0 0.00261
5080.0 0.00261
5085.0 0.00261
5090.0 0.00262
5095.0 0.00262
5100.0 0.00262
5105.0 0.00263
5110.0 0.00263
5115.0 0.00264
5120.0 0.00264
5125.0 0.00264
5130.0 0.00265
5135.0 0.00265
5140.0 0.00266
5145.0 0.00266
5150.0 0.00266
5155.0 0.00267
5160.0 0.00267
5165.0 0.00268
5170.0 0.00268
5175.0 0.00269
5180.0 0.00269
5185.0 0.0027
5190.0 0.0027
5195.0 0.00271
5200.0 0.00271
5205.0 0.00272
5210.0 0.00272
5215.0 0.00273
5220.0 0.00273
5225.0 0.00274
5230.0 0.00274
5235.0 0.00275
5240.0 0.00275
5245.0 0.00276
5250.0 0.00276
5255.0 0.00277
5260.0 0.00277
5265.0 0.00278
5270.0 0.00278
5275.0 0.00279
5280.0 0.0028
5285.0 0.0028
5290.0 0.00281
5295.0 0.00281
5300.0 0.00282
5305.0 0.00282
5310.0 0.00283
5315.0 0.00283
5320.0 0.00284
5325.0 0.00284
5330.0 0.00285
5335.0 0.00285
5340.0 0.00286
5345.0 0.00286
5350.0 0.00287
5355.0 0.00287
5360.0 0.00288
5365.0 0.00288
5370.0 0.00288
5375.0 0.00289
5380.0 0.00289
5385.0 0.0029
5390.0 0.0029
5395.0 0.0029
5400.0 0.00291
5405.0 0.00291
5410.0 0.00291
5415.0 0.00291
5420.0 0.00292
5425.0 0.00292
5430.0 0.00292
5435.0 0.00292
5440.0 0.00292
5445.0 0.00292
5450.0 0.00292
5455.0 0.00292
5460.0 0.00292
5465.0 0.00292
5470.0 0.00292
5475.0 0.00292
5480.0 0.00292
5485.0 0.00292
5490.0 0.00292
5495.0 0.00292
5500.0 0.00292
5505.0 0.00291
5510.0 0.00291
5515.0 0.00291
5520.0 0.0029
5525.0 0.0029
5530.0 0.0029
5535.0 0.00289
5540.0 0.00289
5545.0 0.00289
5550.0 0.00288
5555.0 0.00288
5560.0 0.00287
5565.0 0.00287
5570.0 0.00286
5575.0 0.00286
5580.0 0.00285
5585.0 0.00285
5590.0 0.00284
5595.0 0.00284
5600.0 0.00283
5605.0 0.00283
5610.0 0.00282
5615.0 0.00281
5620.0 0.00281
5625.0 0.0028
5630.0 0.0028
5635.0 0.00279
5640.0 0.00278
5645.0 0.00278
5650.0 0.00277
5655.0 0.00277
5660.0 0.00276
5665.0 0.00275
5670.0 0.00275
5675.0 0.00274
5680.0 0.00274
5685.0 0.00273
5690.0 0.00272
5695.0 0.00272
5700.0 0.00271
5705.0 0.00271
5710.0 0.0027
5715.0 0.00269
5720.0 0.00269
5725.0 0.00268
5730.0 0.00268
5735.0 0.00267
5740.0 0.00267
5745.0 0.00266
5750.0 0.00265
5755.0 0.00265
5760.0 0.00264
5765.0 0.00264
5770.0 0.00263
5775.0 0.00263
5780.0 0.00262
5785.0 0.00262
5790.0 0.00261
5795.0 0.00261
5800.0 0.0026
5805.0 0.00259
5810.0 0.00259
5815.0 0.00258
5820.0 0.00258
5825.0 0.00258
5830.0 0.00257
5835.0 0.00257
5840.0 0.00256
5845.0 0.00256
5850.0 0.00255
5855.0 0.00255
5860.0 0.00254
5865.0 0.00254
5870.0 0.00253
5875.0 0.00253
5880.0 0.00253
5885.0 0.00252
5890.0 0.00252
5895.0 0.00251
5900.0 0.00251
5905.0 0.00251
5910.0 0.0025
5915.0 0.0025
5920.0 0.00249
5925.0 0.00249
5930.0 0.00249
5935.0 0.00248
5940.0 0.00248
5945.0 0.00248
5950.0 0.00247
5955.0 0.00247
5960.0 0.00247
5965.0 0.00246
5970.0 0.00246
5975.0 0.00246
5980.0 0.00246
5985.0 0.00245
5990.0 0.00245
5995.0 0.00245
6000.0 0.00244
6005.0 0.00244
6010.0 0.00244
6015.0 0.00244
6020.0 0.00244
6025.0 0.00243
6030.0 0.00243
6035.0 0.00243
6040.0 0.00243
6045.0 0.00242
6050.0 0.00242
6055.0 0.00242
6060.0 0.00242
6065.0 0.00242
6070.0 0.00242
6075.0 0.00241
6080.0 0.00241
6085.0 0.00241
6090.0 0.00241
6095.0 0.00241
6100.0 0.00241
6105.0 0.00241
6110.0 0.00241
6115.0 0.0024
6120.0 0.0024
6125.0 0.0024
6130.0 0.0024
6135.0 0.0024
6140.0 0.0024
6145.0 0.0024
6150.0 0.0024
6155.0 0.0024
6160.0 0.0024
6165.0 0.0024
6170.0 0.0024
6175.0 0.0024
6180.0 0.0024
6185.0 0.0024
6190.0 0.0024
6195.0 0.0024
6200.0 0.0024
6205.0 0.0024
6210.0 0.0024
6215.0 0.0024
6220.0 0.0024
6225.0 0.0024
6230.0 0.0024
6235.0 0.0024
6240.0 0.0024
6245.0 0.0024
6250.0 0.0024
6255.0 0.0024
6260.0 0.00241
6265.0 0.00241
6270.0 0.00241
6275.0 0.00241
6280.0 0.00241
6285.0 0.00241
6290.0 0.00241
6295.0 0.00241
6300.0 0.00241
6305.0 0.00241
6310.0 0.00242
6315.0 0.00242
6320.0 0.00242
6325.0 0.00242
6330.0 0.00242
6335.0 0.00242
6340.0 0.00242
6345.0 0.00242
6350.0 0.00242
6355.0 0.00242
6360.0 0.00243
6365.0 0.00243
6370.0 0.00243
6375.0 0.00243
6380.0 0.00243
6385.0 0.00243
6390.0 0.00243
6395.0 0.00243
6400.0 0.00243
6405.0 0.00243
6410.0 0.00243
6415.0 0.00243
6420.0 0.00243
6425.0 0.00243
6430.0 0.00243
6435.0 0.00243
6440.0 0.00243
6445.0 0.00243
6450.0 0.00243
6455.0 0.00243
6460.0 0.00243
6465.0 0.00243
6470.0 0.00243
6475.0 0.00242
6480.0 0.00242
6485.0 0.00242
6490.0 0.00242
6495.0 0.00242
6500.0 0.00241
6505.0 0.00241
6510.0 0.00241
6515.0 0.00241
6520.0 0.0024
6525.0 0.0024
6530.0 0.0024
6535.0 0.00239
6540.0 0.00239
6545.0 0.00238
6550.0 0.00238
6555.0 0.00237
6560.0 0.00237
6565.0 0.00237
6570.0 0.00236
6575.0 0.00236
6580.0 0.00235
6585.0 0.00235
6590.0 0.00234
6595.0 0.00233
6600.0 0.00233
6605.0 0.00232
6610.0 0.00232
6615.0 0.00231
6620.0 0.00231
6625.0 0.0023
6630.0 0.0023
6635.0 0.00229
6640.0 0.00228
6645.0 0.00228
6650.0 0.00227
6655.0 0.00227
6660.0 0.00226
6665.0 0.00225
6670.0 0.00225
6675.0 0.00224
6680.0 0.00224
6685.0 0.00223
6690.0 0.00222
6695.0 0.00222
6700.0 0.00221
6705.0 0.00221
6710.0 0.0022
6715.0 0.00219
6720.0 0.00219
6725.0 0.00218
6730.0 0.00218
6735.0 0.00217
6740.0 0.00216
6745.0 0.00216
6750.0 0.00215
6755.0 0.00215
6760.0 0.00214
6765.0 0.00214
6770.0 0.00213
6775.0 0.00212
6780.0 0.00212
6785.0 0.00211
6790.0 0.00211
6795.0 0.0021
6800.0 0.0021
6805.0 0.00209
6810.0 0.00209
6815.0 0.00208
6820.0 0.00208
6825.0 0.00207
6830.0 0.00206
6835.0 0.00206
6840.0 0.00205
6845.0 0.00205
6850.0 0.00204
6855.0 0.00204
6860.0 0.00203
6865.0 0.00203
6870.0 0.00202
6875.0 0.00202
6880.0 0.00201
6885.0 0.00201
6890.0 0.002
6895.0 0.002
6900.0 0.002
6905.0 0.00199
6910.0 0.00199
6915.0 0.00198
6920.0 0.00198
6925.0 0.00197
6930.0 0.00197
6935.0 0.00196
6940.0 0.00196
6945.0 0.00196
6950.0 0.00195
6955.0 0.00195
6960.0 0.00194
6965.0 0.00194
6970.0 0.00193
6975.0 0.00193
6980.0 0.00193
6985.0 0.00192
6990.0 0.00192
6995.0 0.00192
7000.0 0.00191
7005.0 0.00191
7010.0 0.0019
7015.0 0.0019
7020.0 0.0019
7025.0 0.00189
7030.0 0.00189
7035.0 0.00189
7040.0 0.00188
7045.0 0.00188
7050.0 0.00188
7055.0 0.00187
7060.0 0.00187
7065.0 0.00187
7070.0 0.00186
7075.0 0.00186
7080.0 0.00186
7085.0 0.00185
7090.0 0.00185
7095.0 0.00185
7100.0 0.00184
7105.0 0.00184
7110.0 0.00184
7115.0 0.00184
7120.0 0.00183
7125.0 0.00183
7130.0 0.00183
7135.0 0.00183
7140.0 0.00182
7145.0 0.00182
7150.0 0.00182
7155.0 0.00181
7160.0 0.00181
7165.0 0.00181
7170.0 0.00181
7175.0 0.00181
7180.0 0.0018
7185.0 0.0018
7190.0 0.0018
7195.0 0.0018
7200.0 0.00179
7205.0 0.00179
7210.0 0.00179
7215.0 0.00179
7220.0 0.00179
7225.0 0.00178
7230.0 0.00178
7235.0 0.00178
7240.0 0.00178
7245.0 0.00178
7250.0 0.00178
7255.0 0.00177
7260.0 0.00177
7265.0 0.00177
7270.0 0.00177
7275.0 0.00177
7280.0 0.00177
7285.0 0.00177
7290.0 0.00176
7295.0 0.00176
7300.0 0.00176
7305.0 0.00176
7310.0 0.00176
7315.0 0.00176
7320.0 0.00176
7325.0 0.00176
7330.0 0.00176
7335.0 0.00175
7340.0 0.00175
7345.0 0.00175
7350.0 0.00175
7355.0 0.00175
7360.0 0.00175
7365.0 0.00175
7370.0 0.00175
7375.0 0.00175
7380.0 0.00175
7385.0 0.00175
7390.0 0.00175
7395.0 0.00175
7400.0 0.00175
7405.0 0.00175
7410.0 0.00175
7415.0 0.00175
7420.0 0.00175
7425.0 0.00175
7430.0 0.00175
7435.0 0.00175
7440.0 0.00175
7445.0 0.00175
7450.0 0.00175
7455.0 0.00175
7460.0 0.00175
7465.0 0.00175
7470.0 0.00175
7475.0 0.00175
7480.0 0.00175
7485.0 0.00175
7490.0 0.00175
7495.0 0.00176
7500.0 0.00176
7505.0 0.00176
7510.0 0.00176
7515.0 0.00176
7520.0 0.00176
7525.0 0.00176
7530.0 0.00176
7535.0 0.00176
7540.0 0.00177
7545.0 0.00177
7550.0 0.00177
7555.0 0.00177
7560.0 0.00177
7565.0 0.00177
7570.0 0.00178
7575.0 0.00178
7580.0 0.00178
7585.0 0.00178
7590.0 0.00178
7595.0 0.00178
7600.0 0.00179
7605.0 0.00179
7610.0 0.00179
7615.0 0.00179
7620.0 0.0018
7625.0 0.0018
7630.0 0.0018
7635.0 0.0018
7640.0 0.0018
7645.0 0.00181
7650.0 0.00181
7655.0 0.00181
7660.0 0.00181
7665.0 0.00182
7670.0 0.00182
7675.0 0.00182
7680.0 0.00183
7685.0 0.00183
7690.0 0.00183
7695.0 0.00183
7700.0 0.00184
7705.0 0.00184
7710.0 0.00184
7715.0 0.00185
7720.0 0.00185
7725.0 0.00185
7730.0 0.00185
7735.0 0.00186
7740.0 0.00186
7745.0 0.00186
7750.0 0.00187
7755.0 0.00187
7760.0 0.00187
7765.0 0.00188
7770.0 0.00188
7775.0 0.00188
7780.0 0.00189
7785.0 0.00189
7790.0 0.00189
7795.0 0.00189
7800.0 0.0019
7805.0 0.0019
7810.0 0.0019
7815.0 0.00191
7820.0 0.00191
7825.0 0.00191
7830.0 0.00192
7835.0 0.00192
7840.0 0.00192
7845.0 0.00192
7850.0 0.00193
7855.0 0.00193
7860.0 0.00193
7865.0 0.00193
7870.0 0.00194
7875.0 0.00194
7880.0 0.00194
7885.0 0.00194
7890.0 0.00195
7895.0 0.00195
7900.0 0.00195
7905.0 0.00195
7910.0 0.00195
7915.0 0.00195
7920.0 0.00195
7925.0 0.00196
7930.0 0.00196
7935.0 0.00196
7940.0 0.00196
7945.0 0.00196
7950.0 0.00196
7955.0 0.00196
7960.0 0.00196
7965.0 0.00196
7970.0 0.00196
7975.0 0.00196
7980.0 0.00196
7985.0 0.00196
7990.0 0.00196
7995.0 0.00195
8000.0 0.00195
8005.0 0.00195
8010.0 0.00195
8015.0 0.00195
8020.0 0.00194
8025.0 0.00194
8030.0 0.00194
8035.0 0.00193
8040.0 0.00193
8045.0 0.00193
8050.0 0.00192
8055.0 0.00192
8060.0 0.00192
8065.0 0.00191
8070.0 0.00191
8075.0 0.0019
8080.0 0.0019
8085.0 0.00189
8090.0 0.00189
8095.0 0.00188
8100.0 0.00188
8105.0 0.00187
8110.0 0.00187
8115.0 0.00186
8120.0 0.00186
8125.0 0.00185
8130.0 0.00185
8135.0 0.00184
8140.0 0.00184
8145.0 0.00183
8150.0 0.00182
8155.0 0.00182
8160.0 0.00181
8165.0 0.00181
8170.0 0.0018
8175.0 0.00179
8180.0 0.00179
8185.0 0.00178
8190.0 0.00178
8195.0 0.00177
8200.0 0.00176
8205.0 0.00176
8210.0 0.00175
8215.0 0.00175
8220.0 0.00174
8225.0 0.00173
8230.0 0.00173
8235.0 0.00172
8240.0 0.00172
8245.0 0.00171
8250.0 0.0017
8255.0 0.0017
8260.0 0.00169
8265.0 0.00169
8270.0 0.00168
8275.0 0.00167
8280.0 0.00167
8285.0 0.00166
8290.0 0.00166
8295.0 0.00165
8300.0 0.00164
8305.0 0.00164
8310.0 0.00163
8315.0 0.00163
8320.0 0.00162
8325.0 0.00161
8330.0 0.00161
8335.0 0.0016
8340.0 0.0016
8345.0 0.00159
8350.0 0.00159
8355.0 0.00158
8360.0 0.00157
8365.0 0.00157
8370.0 0.00156
8375.0 0.00156
8380.0 0.00155
8385.0 0.00155
8390.0 0.00154
8395.0 0.00154
8400.0 0.00153
8405.0 0.00152
8410.0 0.00152
8415.0 0.00151
8420.0 0.00151
8425.0 0.0015
8430.0 0.0015
8435.0 0.00149
8440.0 0.00149
8445.0 0.00148
8450.0 0.00148
8455.0 0.00147
8460.0 0.00147
8465.0 0.00146
8470.0 0.00146
8475.0 0.00145
8480.0 0.00145
8485.0 0.00144
8490.0 0.00144
8495.0 0.00143
8500.0 0.00143
8505.0 0.00142
8510.0 0.00142
8515.0 0.00141
8520.0 0.00141
8525.0 0.0014
8530.0 0.0014
8535.0 0.00139
8540.0 0.00139
8545.0 0.00138
8550.0 0.00138
8555.0 0.00137
8560.0 0.00137
8565.0 0.00137
8570.0 0.00136
8575.0 0.00136
8580.0 0.00135
8585.0 0.00135
8590.0 0.00134
8595.0 0.00134
8600.0 0.00133
8605.0 0.00133
8610.0 0.00132
8615.0 0.00132
8620.0 0.00131
8625.0 0.00131
8630.0 0.00131
8635.0 0.0013
8640.0 0.0013
8645.0 0.00129
8650.0 0.00129
8655.0 0.00128
8660.0 0.00128
8665.0 0.00127
8670.0 0.00127
8675.0 0.00127
8680.0 0.00126
8685.0 0.00126
8690.0 0.00125
8695.0 0.00125
8700.0 0.00124
8705.0 0.00124
8710.0 0.00123
8715.0 0.00123
8720.0 0.00123
8725.0 0.00122
8730.0 0.00122
8735.0 0.00121
8740.0 0.00121
8745.0 0.0012
8750.0 0.0012
8755.0 0.00119
8760.0 0.00119
8765.0 0.00119
8770.0 0.00118
8775.0 0.00118
8780.0 0.00117
8785.0 0.00117
8790.0 0.00116
8795.0 0.00116
8800.0 0.00115
8805.0 0.00115
8810.0 0.00115
8815.0 0.00114
8820.0 0.00114
8825.0 0.00113
8830.0 0.00113
8835.0 0.00112
8840.0 0.00112
8845.0 0.00111
8850.0 0.00111
8855.0 0.0011
8860.0 0.0011
8865.0 0.0011
8870.0 0.00109
8875.0 0.00109
8880.0 0.00108
8885.0 0.00108
8890.0 0.00107
8895.0 0.00107
8900.0 0.00106
8905.0 0.00106
8910.0 0.00105
8915.0 0.00105
8920.0 0.00105
8925.0 0.00104
8930.0 0.00104
8935.0 0.00103
8940.0 0.00103
8945.0 0.00102
8950.0 0.00102
8955.0 0.00101
8960.0 0.00101
8965.0 0.001
8970.0 0.000999
8975.0 0.000995
8980.0 0.00099
8985.0 0.000986
8990.0 0.000981
8995.0 0.000976
9000.0 0.000972
9005.0 0.000967
9010.0 0.000962
9015.0 0.000958
9020.0 0.000953
9025.0 0.000948
9030.0 0.000944
9035.0 0.000939
9040.0 0.000934
9045.0 0.00093
9050.0 0.000925
9055.0 0.00092
9060.0 0.000916
9065.0 0.000911
9070.0 0.000906
9075.0 0.000902
9080.0 0.000897
9085.0 0.000892
9090.0 0.000888
9095.0 0.000883
9100.0 0.000878
9105.0 0.000874
9110.0 0.000869
9115.0 0.000864
9120.0 0.00086
9125.0 0.000855
9130.0 0.00085
9135.0 0.000846
9140.0 0.000841
9145.0 0.000836
9150.0 0.000832
9155.0 0.000827
9160.0 0.000822
9165.0 0.000818
9170.0 0.000813
9175.0 0.000809
9180.0 0.000804
9185.0 0.000799
9190.0 0.000795
9195.0 0.00079
9200.0 0.000786
9205.0 0.000781
9210.0 0.000777
9215.0 0.000772
9220.0 0.000768
9225.0 0.000763
9230.0 0.000758
9235.0 0.000754
9240.0 0.000749
9245.0 0.000745
9250.0 0.000741
9255.0 0.000736
9260.0 0.000732
9265.0 0.000727
9270.0 0.000723
9275.0 0.000718
9280.0 0.000714
9285.0 0.00071
9290.0 0.000705
9295.0 0.000701
9300.0 0.000697
9305.0 0.000692
9310.0 0.000688
9315.0 0.000684
9320.0 0.000679
9325.0 0.000675
9330.0 0.000671
9335.0 0.000667
9340.0 0.000663
9345.0 0.000658
9350.0 0.000654
9355.0 0.00065
9360.0 0.000646
9365.0 0.000642
9370.0 0.000638
9375.0 0.000634
9380.0 0.00063
9385.0 0.000626
9390.0 0.000622
9395.0 0.000618
9400.0 0.000614
9405.0 0.00061
9410.0 0.000606
9415.0 0.000602
9420.0 0.000598
9425.0 0.000595
9430.0 0.000591
9435.0 0.000587
9440.0 0.000583
9445.0 0.000579
9450.0 0.000576
9455.0 0.000572
9460.0 0.000568
9465.0 0.000565
9470.0 0.000561
9475.0 0.000557
9480.0 0.000554
9485.0 0.00055
9490.0 0.000547
9495.0 0.000543
9500.0 0.00054
9505.0 0.000536
9510.0 0.000533
9515.0 0.00053
9520.0 0.000526
9525.0 0.000523
9530.0 0.00052
9535.0 0.000516
9540.0 0.000513
9545.0 0.00051
9550.0 0.000507
9555.0 0.000503
9560.0 0.0005
9565.0 0.000497
9570.0 0.000494
9575.0 0.000491
9580.0 0.000488
9585.0 0.000485
9590.0 0.000482
9595.0 0.000479
9600.0 0.000476
9605.0 0.000473
9610.0 0.00047
9615.0 0.000467
9620.0 0.000464
9625.0 0.000461
9630.0 0.000459
9635.0 0.000456
9640.0 0.000453
9645.0 0.00045
9650.0 0.000448
9655.0 0.000445
9660.0 0.000442
9665.0 0.00044
9670.0 0.000437
9675.0 0.000434
9680.0 0.000432
9685.0 0.000429
9690.0 0.000427
9695.0 0.000424
9700.0 0.000422
9705.0 0.000419
9710.0 0.000417
9715.0 0.000415
9720.0 0.000412
9725.0 0.00041
9730.0 0.000408
9735.0 0.000405
9740.0 0.000403
9745.0 0.000401
9750.0 0.000399
9755.0 0.000396
9760.0 0.000394
9765.0 0.000392
9770.0 0.00039
9775.0 0.000388
9780.0 0.000386
9785.0 0.000384
9790.0 0.000382
9795.0 0.00038
9800.0 0.000378
9805.0 0.000376
9810.0 0.000374
9815.0 0.000372
9820.0 0.00037
9825.0 0.000368
9830.0 0.000366
9835.0 0.000364
9840.0 0.000362
9845.0 0.00036
9850.0 0.000359
9855.0 0.000357
9860.0 0.000355
9865.0 0.000353
9870.0 0.000351
9875.0 0.00035
9880.0 0.000348
9885.0 0.000346
9890.0 0.000345
9895.0 0.000343
9900.0 0.000341
9905.0 0.00034
9910.0 0.000338
9915.0 0.000337
9920.0 0.000335
9925.0 0.000334
9930.0 0.000332
9935.0 0.000331
9940.0 0.000329
9945.0 0.000328
9950.0 0.000326
9955.0 0.000325
9960.0 0.000323
9965.0 0.000322
9970.0 0.00032
9975.0 0.000319
9980.0 0.000318
9985.0 0.000316
9990.0 0.000315
9995.0 0.000314
10000.0 0.000312
10005.0 0.000311
10010.0 0.00031
10015.0 0.000308
10020.0 0.000307
10025.0 0.000306
10030.0 0.000305
10035.0 0.000303
10040.0 0.000302
10045.0 0.000301
10050.0 0.0003
10055.0 0.000299
10060.0 0.000298
10065.0 0.000296
10070.0 0.000295
10075.0 0.000294
10080.0 0.000293
10085.0 0.000292
10090.0 0.000291
10095.0 0.00029
10100.0 0.000289
10105.0 0.000288
10110.0 0.000287
10115.0 0.000286
10120.0 0.000285
10125.0 0.000284
10130.0 0.000283
10135.0 0.000282
10140.0 0.000281
10145.0 0.00028
10150.0 0.000279
10155.0 0.000278
10160.0 0.000277
10165.0 0.000276
10170.0 0.000275
10175.0 0.000274
10180.0 0.000273
10185.0 0.000272
10190.0 0.000271
10195.0 0.00027
10200.0 0.00027
10205.0 0.000269
10210.0 0.000268
10215.0 0.000267
10220.0 0.000266
10225.0 0.000265
10230.0 0.000264
10235.0 0.000264
10240.0 0.000263
10245.0 0.000262
10250.0 0.000261
10255.0 0.000261
10260.0 0.00026
10265.0 0.000259
10270.0 1e-12
10275.0 1e-12
10280.0 1e-12
10285.0 1e-12
10290.0 1e-12
10295.0 1e-12
10300.0 1e-12
10305.0 1e-12
10310.0 1e-12
10315.0 1e-12
10320.0 1e-12
10325.0 1e-12
10330.0 1e-12
10335.0 1e-12
10340.0 1e-12
10345.0 1e-12
10350.0 1e-12
10355.0 1e-12
10360.0 1e-12
10365.0 1e-12
10370.0 1e-12
10375.0 1e-12
10380.0 1e-12
10385.0 1e-12
10390.0 1e-12
10395.0 1e-12
10400.0 1e-12
10405.0 1e-12
10410.0 1e-12
10415.0 1e-12
10420.0 1e-12
10425.0 1e-12
10430.0 1e-12
10435.0 1e-12
10440.0 1e-12
10445.0 1e-12
10450.0 1e-12
10455.0 1e-12
10460.0 1e-12
10465.0 1e-12
10470.0 1e-12
10475.0 1e-12
10480.0 1e-12
10485.0 1e-12
10490.0 1e-12
10495.0 1e-12
10500.0 1e-12
10505.0 1e-12
10510.0 1e-12
10515.0 1e-12
10520.0 1e-12
10525.0 1e-12
10530.0 1e-12
10535.0 1e-12
10540.0 1e-12
10545.0 1e-12
10550.0 1e-12
10555.0 1e-12
10560.0 1e-12
10565.0 1e-12
10570.0 1e-12
10575.0 1e-12
10580.0 1e-12
10585.0 1e-12
10590.0 1e-12
10595.0 1e-12
10600.0 1e-12
10605.0 1e-12
10610.0 1e-12
10615.0 1e-12
10620.0 1e-12
10625.0 1e-12
10630.0 1e-12
10635.0 1e-12
10640.0 1e-12
10645.0 1e-12
10650.0 1e-12
10655.0 1e-12
10660.0 1e-12
10665.0 1e-12
10670.0 1e-12
10675.0 1e-12
10680.0 1e-12
10685.0 1e-12
10690.0 1e-12
10695.0 1e-12
10700.0 1e-12
10705.0 1e-12
10710.0 1e-12
10715.0 1e-12
10720.0 1e-12
10725.0 1e-12
10730.0 1e-12
10735.0 1e-12
10740.0 1e-12
10745.0 1e-12
10750.0 1e-12
10755.0 1e-12
10760.0 1e-12
10765.0 1e-12
10770.0 1e-12
10775.0 1e-12
10780.0 1e-12
10785.0 1e-12
10790.0 1e-12
10795.0 1e-12
10800.0 1e-12
10805.0 1e-12
10810.0 1e-12
10815.0 1e-12
10820.0 1e-12
10825.0 1e-12
10830.0 1e-12
10835.0 1e-12
10840.0 1e-12
10845.0 1e-12
10850.0 1e-12
10855.0 1e-12
10860.0 1e-12
10865.0 1e-12
10870.0 1e-12
10875.0 1e-12
10880.0 1e-12
10885.0 1e-12
10890.0 1e-12
10895.0 1e-12
10900.0 1e-12
10905.0 1e-12
10910.0 1e-12
10915.0 1e-12
10920.0 1e-12
10925.0 1e-12
10930.0 1e-12
10935.0 1e-12
10940.0 1e-12
10945.0 1e-12
10950.0 1e-12
10955.0 1e-12
10960.0 1e-12
10965.0 1e-12
10970.0 1e-12
10975.0 1e-12
10980.0 1e-12
10985.0 1e-12
10990.0 1e-12
10995.0 1e-12
11000.0 1e-12
