#lamb flux
1605.0 0.0002
1610.0 0.000201
1615.0 0.000201
1620.0 0.000201
1625.0 0.000202
1630.0 0.000202
1635.0 0.000202
1640.0 0.000202
1645.0 0.000203
1650.0 0.000203
1655.0 0.000203
1660.0 0.000203
1665.0 0.000204
1670.0 0.000204
1675.0 0.000204
1680.0 0.000205
1685.0 0.000205
1690.0 0.000205
1695.0 0.000205
1700.0 0.000206
1705.0 0.000206
1710.0 0.000206
1715.0 0.000207
1720.0 0.000207
1725.0 0.000207
1730.0 0.000208
1735.0 0.000208
1740.0 0.000208
1745.0 0.000208
1750.0 0.000209
1755.0 0.000209
1760.0 0.000209
1765.0 0.00021
1770.0 0.00021
1775.0 0.00021
1780.0 0.000211
1785.0 0.000211
1790.0 0.000211
1795.0 0.000212
1800.0 0.000212
1805.0 0.000212
1810.0 0.000213
1815.0 0.000213
1820.0 0.000213
1825.0 0.000214
1830.0 0.000214
1835.0 0.000214
1840.0 0.000215
1845.0 0.000215
1850.0 0.000215
1855.0 0.000216
1860.0 0.000216
1865.0 0.000217
1870.0 0.000217
1875.0 0.000217
1880.0 0.000218
1885.0 0.000218
1890.0 0.000218
1895.0 0.000219
1900.0 0.000219
1905.0 0.00022
1910.0 0.00022
1915.0 0.00022
1920.0 0.000221
1925.0 0.000221
1930.0 0.000222
1935.0 0.000222
1940.0 0.000222
1945.0 0.000223
1950.0 0.000223
1955.0 0.000224
1960.0 0.000224
1965.0 0.000224
1970.0 0.000225
1975.0 0.000225
1980.0 0.000226
1985.0 0.000226
1990.0 0.000227
1995.0 0.000227
2000.0 0.000227
2005.0 0.000228
2010.0 0.000228
2015.0 0.000229
2020.0 0.000229
2025.0 0.00023
2030.0 0.00023
2035.0 0.000231
2040.0 0.000231
2045.0 0.000232
2050.0 0.000232
2055.0 0.000233
2060.0 0.000233
2065.0 0.000234
2070.0 0.000234
2075.0 0.000234
2080.0 0.000235
2085.0 0.000235
2090.0 0.000236
2095.0 0.000237
2100.0 0.000237
2105.0 0.000238
2110.0 0.000238
2115.0 0.000239
2120.0 0.000239
2125.0 0.00024
2130.0 0.00024
2135.0 0.000241
2140.0 0.000241
2145.0 0.000242
2150.0 0.000242
2155.0 0.000243
2160.0 0.000243
2165.0 0.000244
2170.0 0.000245
2175.0 0.000245
2180.0 0.000246
2185.0 0.000246
2190.0 0.000247
2195.0 0.000248
2200.0 0.000248
2205.0 0.000249
2210.0 0.000249
2215.0 0.00025
2220.0 0.000251
2225.0 0.000251
2230.0 0.000252
2235.0 0.000253
2240.0 0.000253
2245.0 0.000254
2250.0 0.000255
2255.0 0.000255
2260.0 0.000256
2265.0 0.000257
2270.0 0.000257
2275.0 0.000258
2280.0 0.000259
2285.0 0.000259
2290.0 0.00026
2295.0 0.000261
2300.0 0.000262
2305.0 0.000262
2310.0 0.000263
2315.0 0.000264
2320.0 0.000264
2325.0 0.000265
2330.0 0.000266
2335.0 0.000267
2340.0 0.000268
2345.0 0.000268
2350.0 0.000269
2355.0 0.00027
2360.0 0.000271
2365.0 0.000271
2370.0 0.000272
2375.0 0.000273
2380.0 0.000274
2385.0 0.000275
2390.0 0.000276
2395.0 0.000276
2400.0 0.000277
2405.0 0.000278
2410.0 0.000279
2415.0 0.00028
2420.0 0.000281
2425.0 0.000282
2430.0 0.000283
2435.0 0.000284
2440.0 0.000285
2445.0 0.000286
2450.0 0.000287
2455.0 0.000288
2460.0 0.000288
2465.0 0.000289
2470.0 0.00029
2475.0 0.000291
2480.0 0.000292
2485.0 0.000293
2490.0 0.000295
2495.0 0.000296
2500.0 0.000297
2505.0 0.000298
2510.0 0.000299
2515.0 0.0003
2520.0 0.000301
2525.0 0.000302
2530.0 0.000303
2535.0 0.000304
2540.0 0.000305
2545.0 0.000307
2550.0 0.000308
2555.0 0.000309
2560.0 0.00031
2565.0 0.000311
2570.0 0.000313
2575.0 0.000314
2580.0 0.000315
2585.0 0.000316
2590.0 0.000318
2595.0 0.000319
2600.0 0.00032
2605.0 0.000322
2610.0 0.000323
2615.0 0.000324
2620.0 0.000326
2625.0 0.000327
2630.0 0.000328
2635.0 0.00033
2640.0 0.000331
2645.0 0.000333
2650.0 0.000334
2655.0 0.000335
2660.0 0.000337
2665.0 0.000338
2670.0 0.00034
2675.0 0.000341
2680.0 0.000343
2685.0 0.000345
2690.0 0.000346
2695.0 0.000348
2700.0 0.000349
2705.0 0.000351
2710.0 0.000353
2715.0 0.000354
2720.0 0.000356
2725.0 0.000358
2730.0 0.00036
2735.0 0.000361
2740.0 0.000363
2745.0 0.000365
2750.0 0.000367
2755.0 0.000368
2760.0 0.00037
2765.0 0.000372
2770.0 0.000374
2775.0 0.000376
2780.0 0.000378
2785.0 0.00038
2790.0 0.000382
2795.0 0.000384
2800.0 0.000386
2805.0 0.000388
2810.0 0.00039
2815.0 0.000392
2820.0 0.000394
2825.0 0.000396
2830.0 0.000399
2835.0 0.000401
2840.0 0.000403
2845.0 0.000406
2850.0 0.000408
2855.0 0.00041
2860.0 0.000412
2865.0 0.000415
2870.0 0.000417
2875.0 0.00042
2880.0 0.000422
2885.0 0.000425
2890.0 0.000427
2895.0 0.00043
2900.0 0.000432
2905.0 0.000435
2910.0 0.000438
2915.0 0.00044
2920.0 0.000443
2925.0 0.000446
2930.0 0.000449
2935.0 0.000451
2940.0 0.000454
2945.0 0.000457
2950.0 0.00046
2955.0 0.000463
2960.0 0.000466
2965.0 0.000469
2970.0 0.000472
2975.0 0.000475
2980.0 0.000478
2985.0 0.000482
2990.0 0.000485
2995.0 0.000488
3000.0 0.000491
3005.0 0.000495
3010.0 0.000498
3015.0 0.000502
3020.0 0.000505
3025.0 0.000509
3030.0 0.000512
3035.0 0.000516
3040.0 0.00052
3045.0 0.000523
3050.0 0.000527
3055.0 0.000531
3060.0 0.000535
3065.0 0.000539
3070.0 0.000543
3075.0 0.000547
3080.0 0.000551
3085.0 0.000555
3090.0 0.000559
3095.0 0.000563
3100.0 0.000568
3105.0 0.000572
3110.0 0.000576
3115.0 0.000581
3120.0 0.000585
3125.0 0.00059
3130.0 0.000594
3135.0 0.000599
3140.0 0.000604
3145.0 0.000609
3150.0 0.000614
3155.0 0.000618
3160.0 0.000623
3165.0 0.000628
3170.0 0.000634
3175.0 0.000639
3180.0 0.000644
3185.0 0.000649
3190.0 0.000655
3195.0 0.00066
3200.0 0.000666
3205.0 0.000671
3210.0 0.000677
3215.0 0.000683
3220.0 0.000688
3225.0 0.000694
3230.0 0.0007
3235.0 0.000706
3240.0 0.000712
3245.0 0.000719
3250.0 0.000725
3255.0 0.000731
3260.0 0.000738
3265.0 0.000744
3270.0 0.000751
3275.0 0.000757
3280.0 0.000764
3285.0 0.000771
3290.0 0.000778
3295.0 0.000785
3300.0 0.000792
3305.0 0.000799
3310.0 0.000806
3315.0 0.000814
3320.0 0.000821
3325.0 0.000829
3330.0 0.000836
3335.0 0.000844
3340.0 0.000852
3345.0 0.000859
3350.0 0.000867
3355.0 0.000876
3360.0 0.000884
3365.0 0.000892
3370.0 0.0009
3375.0 0.000909
3380.0 0.000917
3385.0 0.000926
3390.0 0.000934
3395.0 0.000943
3400.0 0.000952
3405.0 0.000961
3410.0 0.00097
3415.0 0.00098
3420.0 0.000989
3425.0 0.000998
3430.0 0.00101
3435.0 0.00102
3440.0 0.00103
3445.0 0.00104
3450.0 0.00105
3455.0 0.00106
3460.0 0.00107
3465.0 0.00108
3470.0 0.00109
3475.0 0.0011
3480.0 0.00111
3485.0 0.00112
3490.0 0.00113
3495.0 0.00114
3500.0 0.00115
3505.0 0.00116
3510.0 0.00117
3515.0 0.00118
3520.0 0.0012
3525.0 0.00121
3530.0 0.00122
3535.0 0.00123
3540.0 0.00124
3545.0 0.00125
3550.0 0.00126
3555.0 0.00128
3560.0 0.00129
3565.0 0.0013
3570.0 0.00131
3575.0 0.00132
3580.0 0.00134
3585.0 0.00135
3590.0 0.00136
3595.0 0.00137
3600.0 0.00139
3605.0 0.0014
3610.0 0.00141
3615.0 0.00143
3620.0 0.00144
3625.0 0.00145
3630.0 0.00146
3635.0 0.00148
3640.0 0.00149
3645.0 0.0015
3650.0 0.00152
3655.0 0.00153
3660.0 0.00154
3665.0 0.00156
3670.0 0.00157
3675.0 0.00158
3680.0 0.00159
3685.0 0.00161
3690.0 0.00162
3695.0 0.00163
3700.0 0.00165
3705.0 0.00166
3710.0 0.00167
3715.0 0.00169
3720.0 0.0017
3725.0 0.00171
3730.0 0.00173
3735.0 0.00174
3740.0 0.00175
3745.0 0.00177
3750.0 0.00178
3755.0 0.00179
3760.0 0.00181
3765.0 0.00182
3770.0 0.00183
3775.0 0.00184
3780.0 0.00186
3785.0 0.00187
3790.0 0.00188
3795.0 0.00189
3800.0 0.0019
3805.0 0.00192
3810.0 0.00193
3815.0 0.00194
3820.0 0.00195
3825.0 0.00196
3830.0 0.00197
3835.0 0.00199
3840.0 0.002
3845.0 0.00201
3850.0 0.00202
3855.0 0.00203
3860.0 0.00204
3865.0 0.00205
3870.0 0.00206
3875.0 0.00207
3880.0 0.00208
3885.0 0.00209
3890.0 0.00209
3895.0 0.0021
3900.0 0.00211
3905.0 0.00212
3910.0 0.00213
3915.0 0.00214
3920.0 0.00214
3925.0 0.00215
3930.0 0.00216
3935.0 0.00216
3940.0 0.00217
3945.0 0.00218
3950.0 0.00218
3955.0 0.00219
3960.0 0.00219
3965.0 0.0022
3970.0 0.0022
3975.0 0.00221
3980.0 0.00221
3985.0 0.00222
3990.0 0.00222
3995.0 0.00222
4000.0 0.00223
4005.0 0.00223
4010.0 0.00223
4015.0 0.00223
4020.0 0.00224
4025.0 0.00224
4030.0 0.00224
4035.0 0.00224
4040.0 0.00224
4045.0 0.00224
4050.0 0.00224
4055.0 0.00224
4060.0 0.00224
4065.0 0.00224
4070.0 0.00224
4075.0 0.00224
4080.0 0.00224
4085.0 0.00224
4090.0 0.00224
4095.0 0.00224
4100.0 0.00224
4105.0 0.00224
4110.0 0.00224
4115.0 0.00224
4120.0 0.00224
4125.0 0.00224
4130.0 0.00224
4135.0 0.00223
4140.0 0.00223
4145.0 0.00223
4150.0 0.00223
4155.0 0.00223
4160.0 0.00223
4165.0 0.00223
4170.0 0.00222
4175.0 0.00222
4180.0 0.00222
4185.0 0.00222
4190.0 0.00222
4195.0 0.00222
4200.0 0.00222
4205.0 0.00221
4210.0 0.00221
4215.0 0.00221
4220.0 0.00221
4225.0 0.00221
4230.0 0.00221
4235.0 0.00221
4240.0 0.00221
4245.0 0.00221
4250.0 0.00221
4255.0 0.00221
4260.0 0.00221
4265.0 0.00221
4270.0 0.00221
4275.0 0.00221
4280.0 0.00221
4285.0 0.00221
4290.0 0.00221
4295.0 0.00221
4300.0 0.00221
4305.0 0.00222
4310.0 0.00222
4315.0 0.00222
4320.0 0.00222
4325.0 0.00222
4330.0 0.00223
4335.0 0.00223
4340.0 0.00223
4345.0 0.00223
4350.0 0.00223
4355.0 0.00224
4360.0 0.00224
4365.0 0.00224
4370.0 0.00225
4375.0 0.00225
4380.0 0.00225
4385.0 0.00226
4390.0 0.00226
4395.0 0.00226
4400.0 0.00227
4405.0 0.00227
4410.0 0.00227
4415.0 0.00228
4420.0 0.00228
4425.0 0.00228
4430.0 0.00229
4435.0 0.00229
4440.0 0.00229
4445.0 0.0023
4450.0 0.0023
4455.0 0.0023
4460.0 0.00231
4465.0 0.00231
4470.0 0.00231
4475.0 0.00231
4480.0 0.00232
4485.0 0.00232
4490.0 0.00232
4495.0 0.00232
4500.0 0.00232
4505.0 0.00233
4510.0 0.00233
4515.0 0.00233
4520.0 0.00233
4525.0 0.00233
4530.0 0.00233
4535.0 0.00233
4540.0 0.00233
4545.0 0.00233
4550.0 0.00233
4555.0 0.00233
4560.0 0.00233
4565.0 0.00233
4570.0 0.00233
4575.0 0.00232
4580.0 0.00232
4585.0 0.00232
4590.0 0.00232
4595.0 0.00232
4600.0 0.00231
4605.0 0.00231
4610.0 0.00231
4615.0 0.00231
4620.0 0.0023
4625.0 0.0023
4630.0 0.0023
4635.0 0.00229
4640.0 0.00229
4645.0 0.00228
4650.0 0.00228
4655.0 0.00228
4660.0 0.00227
4665.0 0.00227
4670.0 0.00227
4675.0 0.00226
4680.0 0.00226
4685.0 0.00226
4690.0 0.00225
4695.0 0.00225
4700.0 0.00225
4705.0 0.00224
4710.0 0.00224
4715.0 0.00224
4720.0 0.00224
4725.0 0.00223
4730.0 0.00223
4735.0 0.00223
4740.0 0.00223
4745.0 0.00223
4750.0 0.00223
4755.0 0.00222
4760.0 0.00222
4765.0 0.00222
4770.0 0.00222
4775.0 0.00222
4780.0 0.00222
4785.0 0.00222
4790.0 0.00223
4795.0 0.00223
4800.0 0.00223
4805.0 0.00223
4810.0 0.00223
4815.0 0.00223
4820.0 0.00224
4825.0 0.00224
4830.0 0.00224
4835.0 0.00225
4840.0 0.00225
4845.0 0.00225
4850.0 0.00226
4855.0 0.00226
4860.0 0.00227
4865.0 0.00227
4870.0 0.00227
4875.0 0.00228
4880.0 0.00228
4885.0 0.00229
4890.0 0.0023
4895.0 0.0023
4900.0 0.00231
4905.0 0.00231
4910.0 0.00232
4915.0 0.00233
4920.0 0.00233
4925.0 0.00234
4930.0 0.00235
4935.0 0.00235
4940.0 0.00236
4945.0 0.00237
4950.0 0.00238
4955.0 0.00238
4960.0 0.00239
4965.0 0.0024
4970.0 0.00241
4975.0 0.00241
4980.0 0.00242
4985.0 0.00243
4990.0 0.00244
4995.0 0.00245
5000.0 0.00246
5005.0 0.00246
5010.0 0.00247
5015.0 0.00248
5020.0 0.00249
5025.0 0.0025
5030.0 0.00251
5035.0 0.00252
5040.0 0.00253
5045.0 0.00254
5050.0 0.00255
5055.0 0.00256
5060.0 0.00256
5065.0 0.00257
5070.0 0.00258
5075.0 0.00259
5080.0 0.0026
5085.0 0.00261
5090.0 0.00262
5095.0 0.00263
5100.0 0.00264
5105.0 0.00265
5110.0 0.00266
5115.0 0.00267
5120.0 0.00268
5125.0 0.00269
5130.0 0.0027
5135.0 0.00271
5140.0 0.00272
5145.0 0.00273
5150.0 0.00274
5155.0 0.00275
5160.0 0.00276
5165.0 0.00277
5170.0 0.00278
5175.0 0.00279
5180.0 0.00279
5185.0 0.0028
5190.0 0.00281
5195.0 0.00282
5200.0 0.00283
5205.0 0.00283
5210.0 0.00284
5215.0 0.00285
5220.0 0.00285
5225.0 0.00286
5230.0 0.00286
5235.0 0.00287
5240.0 0.00287
5245.0 0.00288
5250.0 0.00288
5255.0 0.00289
5260.0 0.00289
5265.0 0.00289
5270.0 0.00289
5275.0 0.0029
5280.0 0.0029
5285.0 0.0029
5290.0 0.0029
5295.0 0.0029
5300.0 0.0029
5305.0 0.0029
5310.0 0.0029
5315.0 0.0029
5320.0 0.0029
5325.0 0.00289
5330.0 0.00289
5335.0 0.00289
5340.0 0.00289
5345.0 0.00288
5350.0 0.00288
5355.0 0.00287
5360.0 0.00287
5365.0 0.00287
5370.0 0.00286
5375.0 0.00286
5380.0 0.00285
5385.0 0.00285
5390.0 0.00284
5395.0 0.00283
5400.0 0.00283
5405.0 0.00282
5410.0 0.00281
5415.0 0.00281
5420.0 0.0028
5425.0 0.00279
5430.0 0.00278
5435.0 0.00278
5440.0 0.00277
5445.0 0.00276
5450.0 0.00275
5455.0 0.00274
5460.0 0.00273
5465.0 0.00272
5470.0 0.00271
5475.0 0.0027
5480.0 0.00269
5485.0 0.00268
5490.0 0.00267
5495.0 0.00266
5500.0 0.00265
5505.0 0.00264
5510.0 0.00262
5515.0 0.00261
5520.0 0.0026
5525.0 0.00259
5530.0 0.00257
5535.0 0.00256
5540.0 0.00254
5545.0 0.00253
5550.0 0.00252
5555.0 0.0025
5560.0 0.00249
5565.0 0.00247
5570.0 0.00246
5575.0 0.00244
5580.0 0.00243
5585.0 0.00241
5590.0 0.00239
5595.0 0.00238
5600.0 0.00236
5605.0 0.00235
5610.0 0.00233
5615.0 0.00231
5620.0 0.0023
5625.0 0.00228
5630.0 0.00227
5635.0 0.00225
5640.0 0.00224
5645.0 0.00222
5650.0 0.00221
5655.0 0.00219
5660.0 0.00218
5665.0 0.00216
5670.0 0.00215
5675.0 0.00213
5680.0 0.00212
5685.0 0.00211
5690.0 0.00209
5695.0 0.00208
5700.0 0.00207
5705.0 0.00206
5710.0 0.00205
5715.0 0.00204
5720.0 0.00203
5725.0 0.00202
5730.0 0.00201
5735.0 0.002
5740.0 0.00199
5745.0 0.00198
5750.0 0.00197
5755.0 0.00196
5760.0 0.00196
5765.0 0.00195
5770.0 0.00194
5775.0 0.00194
5780.0 0.00193
5785.0 0.00193
5790.0 0.00192
5795.0 0.00192
5800.0 0.00191
5805.0 0.00191
5810.0 0.0019
5815.0 0.0019
5820.0 0.0019
5825.0 0.0019
5830.0 0.00189
5835.0 0.00189
5840.0 0.00189
5845.0 0.00189
5850.0 0.00189
5855.0 0.00188
5860.0 0.00188
5865.0 0.00188
5870.0 0.00188
5875.0 0.00188
5880.0 0.00188
5885.0 0.00188
5890.0 0.00188
5895.0 0.00188
5900.0 0.00188
5905.0 0.00188
5910.0 0.00188
5915.0 0.00188
5920.0 0.00189
5925.0 0.00189
5930.0 0.00189
5935.0 0.00189
5940.0 0.00189
5945.0 0.0019
5950.0 0.0019
5955.0 0.0019
5960.0 0.00191
5965.0 0.00191
5970.0 0.00191
5975.0 0.00192
5980.0 0.00192
5985.0 0.00193
5990.0 0.00194
5995.0 0.00194
6000.0 0.00195
6005.0 0.00196
6010.0 0.00197
6015.0 0.00198
6020.0 0.00199
6025.0 0.002
6030.0 0.00201
6035.0 0.00202
6040.0 0.00203
6045.0 0.00204
6050.0 0.00206
6055.0 0.00207
6060.0 0.00209
6065.0 0.0021
6070.0 0.00212
6075.0 0.00214
6080.0 0.00216
6085.0 0.00218
6090.0 0.0022
6095.0 0.00222
6100.0 0.00224
6105.0 0.00226
6110.0 0.00229
6115.0 0.00231
6120.0 0.00234
6125.0 0.00236
6130.0 0.00239
6135.0 0.00241
6140.0 0.00244
6145.0 0.00247
6150.0 0.0025
6155.0 0.00253
6160.0 0.00256
6165.0 0.00259
6170.0 0.00262
6175.0 0.00265
6180.0 0.00268
6185.0 0.00271
6190.0 0.00274
6195.0 0.00277
6200.0 0.0028
6205.0 0.00282
6210.0 0.00285
6215.0 0.00288
6220.0 0.00291
6225.0 0.00293
6230.0 0.00296
6235.0 0.00298
6240.0 0.003
6245.0 0.00302
6250.0 0.00304
6255.0 0.00306
6260.0 0.00307
6265.0 0.00309
6270.0 0.0031
6275.0 0.00311
6280.0 0.00312
6285.0 0.00312
6290.0 0.00313
6295.0 0.00313
6300.0 0.00313
6305.0 0.00313
6310.0 0.00313
6315.0 0.00313
6320.0 0.00312
6325.0 0.00311
6330.0 0.0031
6335.0 0.00309
6340.0 0.00308
6345.0 0.00307
6350.0 0.00306
6355.0 0.00304
6360.0 0.00303
6365.0 0.00301
6370.0 0.003
6375.0 0.00298
6380.0 0.00296
6385.0 0.00294
6390.0 0.00293
6395.0 0.00291
6400.0 0.00289
6405.0 0.00288
6410.0 0.00286
6415.0 0.00284
6420.0 0.00283
6425.0 0.00281
6430.0 0.0028
6435.0 0.00278
6440.0 0.00277
6445.0 0.00276
6450.0 0.00274
6455.0 0.00273
6460.0 0.00272
6465.0 0.00271
6470.0 0.0027
6475.0 0.00269
6480.0 0.00268
6485.0 0.00267
6490.0 0.00266
6495.0 0.00265
6500.0 0.00264
6505.0 0.00263
6510.0 0.00262
6515.0 0.00261
6520.0 0.0026
6525.0 0.00259
6530.0 0.00258
6535.0 0.00257
6540.0 0.00257
6545.0 0.00256
6550.0 0.00255
6555.0 0.00254
6560.0 0.00253
6565.0 0.00252
6570.0 0.00251
6575.0 0.0025
6580.0 0.00249
6585.0 0.00248
6590.0 0.00247
6595.0 0.00246
6600.0 0.00245
6605.0 0.00243
6610.0 0.00242
6615.0 0.00241
6620.0 0.0024
6625.0 0.00238
6630.0 0.00237
6635.0 0.00236
6640.0 0.00234
6645.0 0.00233
6650.0 0.00232
6655.0 0.0023
6660.0 0.00229
6665.0 0.00227
6670.0 0.00225
6675.0 0.00224
6680.0 0.00222
6685.0 0.00221
6690.0 0.00219
6695.0 0.00217
6700.0 0.00215
6705.0 0.00214
6710.0 0.00212
6715.0 0.0021
6720.0 0.00208
6725.0 0.00207
6730.0 0.00205
6735.0 0.00203
6740.0 0.00201
6745.0 0.002
6750.0 0.00198
6755.0 0.00196
6760.0 0.00195
6765.0 0.00193
6770.0 0.00191
6775.0 0.00189
6780.0 0.00188
6785.0 0.00186
6790.0 0.00185
6795.0 0.00183
6800.0 0.00182
6805.0 0.0018
6810.0 0.00179
6815.0 0.00177
6820.0 0.00176
6825.0 0.00175
6830.0 0.00173
6835.0 0.00172
6840.0 0.00171
6845.0 0.0017
6850.0 0.00169
6855.0 0.00168
6860.0 0.00167
6865.0 0.00166
6870.0 0.00165
6875.0 0.00164
6880.0 0.00163
6885.0 0.00163
6890.0 0.00162
6895.0 0.00161
6900.0 0.00161
6905.0 0.0016
6910.0 0.0016
6915.0 0.00159
6920.0 0.00159
6925.0 0.00159
6930.0 0.00159
6935.0 0.00158
6940.0 0.00158
6945.0 0.00158
6950.0 0.00158
6955.0 0.00158
6960.0 0.00158
6965.0 0.00158
6970.0 0.00159
6975.0 0.00159
6980.0 0.00159
6985.0 0.00159
6990.0 0.0016
6995.0 0.0016
7000.0 0.0016
7005.0 0.00161
7010.0 0.00162
7015.0 0.00162
7020.0 0.00163
7025.0 0.00163
7030.0 0.00164
7035.0 0.00165
7040.0 0.00166
7045.0 0.00167
7050.0 0.00167
7055.0 0.00168
7060.0 0.00169
7065.0 0.0017
7070.0 0.00171
7075.0 0.00173
7080.0 0.00174
7085.0 0.00175
7090.0 0.00176
7095.0 0.00177
7100.0 0.00179
7105.0 0.0018
7110.0 0.00181
7115.0 0.00183
7120.0 0.00184
7125.0 0.00186
7130.0 0.00187
7135.0 0.00188
7140.0 0.0019
7145.0 0.00192
7150.0 0.00193
7155.0 0.00195
7160.0 0.00196
7165.0 0.00198
7170.0 0.00199
7175.0 0.00201
7180.0 0.00202
7185.0 0.00204
7190.0 0.00205
7195.0 0.00207
7200.0 0.00208
7205.0 0.00209
7210.0 0.00211
7215.0 0.00212
7220.0 0.00213
7225.0 0.00214
7230.0 0.00216
7235.0 0.00217
7240.0 0.00217
7245.0 0.00218
7250.0 0.00219
7255.0 0.0022
7260.0 0.0022
7265.0 0.00221
7270.0 0.00221
7275.0 0.00221
7280.0 0.00221
7285.0 0.00221
7290.0 0.00221
7295.0 0.0022
7300.0 0.0022
7305.0 0.00219
7310.0 0.00219
7315.0 0.00218
7320.0 0.00217
7325.0 0.00216
7330.0 0.00214
7335.0 0.00213
7340.0 0.00211
7345.0 0.0021
7350.0 0.00208
7355.0 0.00206
7360.0 0.00205
7365.0 0.00203
7370.0 0.00201
7375.0 0.00198
7380.0 0.00196
7385.0 0.00194
7390.0 0.00192
7395.0 0.00189
7400.0 0.00187
7405.0 0.00185
7410.0 0.00182
7415.0 0.0018
7420.0 0.00178
7425.0 0.00175
7430.0 0.00173
7435.0 0.0017
7440.0 0.00168
7445.0 0.00166
7450.0 0.00164
7455.0 0.00161
7460.0 0.00159
7465.0 0.00157
7470.0 0.00155
7475.0 0.00153
7480.0 0.00151
7485.0 0.00149
7490.0 0.00147
7495.0 0.00145
7500.0 0.00143
7505.0 0.00142
7510.0 0.0014
7515.0 0.00139
7520.0 0.00137
7525.0 0.00136
7530.0 0.00134
7535.0 0.00133
7540.0 0.00132
7545.0 0.00131
7550.0 0.0013
7555.0 0.00129
7560.0 0.00128
7565.0 0.00127
7570.0 0.00126
7575.0 0.00125
7580.0 0.00124
7585.0 0.00124
7590.0 0.00123
7595.0 0.00122
7600.0 0.00122
7605.0 0.00121
7610.0 0.00121
7615.0 0.00121
7620.0 0.0012
7625.0 0.0012
7630.0 0.0012
7635.0 0.0012
7640.0 0.0012
7645.0 0.00119
7650.0 0.00119
7655.0 0.00119
7660.0 0.00119
7665.0 0.00119
7670.0 0.00119
7675.0 0.0012
7680.0 0.0012
7685.0 0.0012
7690.0 0.0012
7695.0 0.0012
7700.0 0.0012
7705.0 0.00121
7710.0 0.00121
7715.0 0.00121
7720.0 0.00121
7725.0 0.00122
7730.0 0.00122
7735.0 0.00122
7740.0 0.00122
7745.0 0.00123
7750.0 0.00123
7755.0 0.00123
7760.0 0.00124
7765.0 0.00124
7770.0 0.00124
7775.0 0.00124
7780.0 0.00125
7785.0 0.00125
7790.0 0.00125
7795.0 0.00125
7800.0 0.00125
7805.0 0.00125
7810.0 0.00126
7815.0 0.00126
7820.0 0.00126
7825.0 0.00126
7830.0 0.00126
7835.0 0.00126
7840.0 0.00126
7845.0 0.00126
7850.0 0.00126
7855.0 0.00126
7860.0 0.00125
7865.0 0.00125
7870.0 0.00125
7875.0 0.00125
7880.0 0.00125
7885.0 0.00124
7890.0 0.00124
7895.0 0.00124
7900.0 0.00123
7905.0 0.00123
7910.0 0.00123
7915.0 0.00122
7920.0 0.00122
7925.0 0.00121
7930.0 0.00121
7935.0 0.0012
7940.0 0.0012
7945.0 0.00119
7950.0 0.00119
7955.0 0.00118
7960.0 0.00117
7965.0 0.00117
7970.0 0.00116
7975.0 0.00116
7980.0 0.00115
7985.0 0.00114
7990.0 0.00114
7995.0 0.00113
8000.0 0.00113
8005.0 0.00112
8010.0 0.00111
8015.0 0.00111
8020.0 0.0011
8025.0 0.0011
8030.0 0.00109
8035.0 0.00109
8040.0 0.00108
8045.0 0.00108
8050.0 0.00107
8055.0 0.00107
8060.0 0.00106
8065.0 0.00106
8070.0 0.00105
8075.0 0.00105
8080.0 0.00104
8085.0 0.00104
8090.0 0.00104
8095.0 0.00103
8100.0 0.00103
8105.0 0.00103
8110.0 0.00102
8115.0 0.00102
8120.0 0.00102
8125.0 0.00102
8130.0 0.00101
8135.0 0.00101
8140.0 0.00101
8145.0 0.00101
8150.0 0.00101
8155.0 0.00101
8160.0 0.00101
8165.0 0.00101
8170.0 0.00101
8175.0 0.00101
8180.0 0.00101
8185.0 0.00101
8190.0 0.00101
8195.0 0.00102
8200.0 0.00102
8205.0 0.00102
8210.0 0.00102
8215.0 0.00103
8220.0 0.00103
8225.0 0.00104
8230.0 0.00104
8235.0 0.00105
8240.0 0.00105
8245.0 0.00106
8250.0 0.00106
8255.0 0.00107
8260.0 0.00108
8265.0 0.00108
8270.0 0.00109
8275.0 0.0011
8280.0 0.00111
8285.0 0.00112
8290.0 0.00113
8295.0 0.00114
8300.0 0.00115
8305.0 0.00116
8310.0 0.00117
8315.0 0.00119
8320.0 0.0012
8325.0 0.00121
8330.0 0.00122
8335.0 0.00124
8340.0 0.00125
8345.0 0.00127
8350.0 0.00128
8355.0 0.0013
8360.0 0.00132
8365.0 0.00133
8370.0 0.00135
8375.0 0.00137
8380.0 0.00139
8385.0 0.00141
8390.0 0.00143
8395.0 0.00145
8400.0 0.00147
8405.0 0.00149
8410.0 0.00151
8415.0 0.00153
8420.0 0.00155
8425.0 0.00158
8430.0 0.0016
8435.0 0.00162
8440.0 0.00165
8445.0 0.00167
8450.0 0.0017
8455.0 0.00172
8460.0 0.00174
8465.0 0.00177
8470.0 0.00179
8475.0 0.00182
8480.0 0.00184
8485.0 0.00187
8490.0 0.00189
8495.0 0.00192
8500.0 0.00194
8505.0 0.00197
8510.0 0.00199
8515.0 0.00201
8520.0 0.00204
8525.0 0.00206
8530.0 0.00208
8535.0 0.0021
8540.0 0.00212
8545.0 0.00214
8550.0 0.00216
8555.0 0.00218
8560.0 0.0022
8565.0 0.00222
8570.0 0.00224
8575.0 0.00225
8580.0 0.00227
8585.0 0.00228
8590.0 0.00229
8595.0 0.0023
8600.0 0.00231
8605.0 0.00232
8610.0 0.00233
8615.0 0.00233
8620.0 0.00234
8625.0 0.00234
8630.0 0.00234
8635.0 0.00234
8640.0 0.00234
8645.0 0.00234
8650.0 0.00234
8655.0 0.00233
8660.0 0.00233
8665.0 0.00232
8670.0 0.00231
8675.0 0.0023
8680.0 0.0023
8685.0 0.00228
8690.0 0.00227
8695.0 0.00226
8700.0 0.00224
8705.0 0.00223
8710.0 0.00221
8715.0 0.00219
8720.0 0.00218
8725.0 0.00216
8730.0 0.00214
8735.0 0.00212
8740.0 0.0021
8745.0 0.00208
8750.0 0.00206
8755.0 0.00204
8760.0 0.00202
8765.0 0.002
8770.0 0.00197
8775.0 0.00195
8780.0 0.00193
8785.0 0.00191
8790.0 0.00189
8795.0 0.00186
8800.0 0.00184
8805.0 0.00182
8810.0 0.0018
8815.0 0.00178
8820.0 0.00176
8825.0 0.00174
8830.0 0.00172
8835.0 0.0017
8840.0 0.00168
8845.0 0.00166
8850.0 0.00164
8855.0 0.00162
8860.0 0.0016
8865.0 0.00159
8870.0 0.00157
8875.0 0.00155
8880.0 0.00153
8885.0 0.00152
8890.0 0.00151
8895.0 0.00149
8900.0 0.00148
8905.0 0.00146
8910.0 0.00145
8915.0 0.00143
8920.0 0.00142
8925.0 0.00141
8930.0 0.0014
8935.0 0.00139
8940.0 0.00138
8945.0 0.00136
8950.0 0.00135
8955.0 0.00134
8960.0 0.00133
8965.0 0.00133
8970.0 0.00132
8975.0 0.00131
8980.0 0.0013
8985.0 0.0013
8990.0 0.00129
8995.0 0.00128
9000.0 0.00128
9005.0 0.00127
9010.0 0.00127
9015.0 0.00126
9020.0 0.00126
9025.0 0.00125
9030.0 0.00125
9035.0 0.00124
9040.0 0.00124
9045.0 0.00124
9050.0 0.00124
9055.0 0.00123
9060.0 0.00123
9065.0 0.00123
9070.0 0.00123
9075.0 0.00123
9080.0 0.00123
9085.0 0.00123
9090.0 0.00123
9095.0 0.00123
9100.0 0.00123
9105.0 0.00123
9110.0 0.00123
9115.0 0.00123
9120.0 0.00123
9125.0 0.00123
9130.0 0.00124
9135.0 0.00124
9140.0 0.00124
9145.0 0.00124
9150.0 0.00124
9155.0 0.00125
9160.0 0.00125
9165.0 0.00125
9170.0 0.00126
9175.0 0.00126
9180.0 0.00126
9185.0 0.00127
9190.0 0.00127
9195.0 0.00128
9200.0 0.00128
9205.0 0.00129
9210.0 0.00129
9215.0 0.0013
9220.0 0.0013
9225.0 0.00131
9230.0 0.00131
9235.0 0.00132
9240.0 0.00132
9245.0 0.00133
9250.0 0.00133
9255.0 0.00134
9260.0 0.00134
9265.0 0.00135
9270.0 0.00136
9275.0 0.00136
9280.0 0.00137
9285.0 0.00137
9290.0 0.00138
9295.0 0.00139
9300.0 0.00139
9305.0 0.0014
9310.0 0.00141
9315.0 0.00141
9320.0 0.00142
9325.0 0.00143
9330.0 0.00143
9335.0 0.00144
9340.0 0.00145
9345.0 0.00145
9350.0 0.00146
9355.0 0.00147
9360.0 0.00147
9365.0 0.00148
9370.0 0.00149
9375.0 0.0015
9380.0 0.0015
9385.0 0.00151
9390.0 0.00152
9395.0 0.00152
9400.0 0.00153
9405.0 0.00154
9410.0 0.00155
9415.0 0.00155
9420.0 0.00156
9425.0 0.00157
9430.0 0.00157
9435.0 0.00158
9440.0 0.00159
9445.0 0.0016
9450.0 0.0016
9455.0 0.00161
9460.0 0.00162
9465.0 0.00162
9470.0 0.00163
9475.0 0.00164
9480.0 0.00164
9485.0 0.00165
9490.0 0.00166
9495.0 0.00166
9500.0 0.00167
9505.0 0.00168
9510.0 0.00168
9515.0 0.00169
9520.0 0.0017
9525.0 0.0017
9530.0 0.00171
9535.0 0.00172
9540.0 0.00172
9545.0 0.00173
9550.0 0.00173
9555.0 0.00174
9560.0 0.00174
9565.0 0.00175
9570.0 0.00175
9575.0 0.00176
9580.0 0.00177
9585.0 0.00177
9590.0 0.00177
9595.0 0.00178
9600.0 0.00178
9605.0 0.00179
9610.0 0.00179
9615.0 0.00179
9620.0 0.0018
9625.0 0.0018
9630.0 0.0018
9635.0 0.00181
9640.0 0.00181
9645.0 0.00181
9650.0 0.00181
9655.0 0.00182
9660.0 0.00182
9665.0 0.00182
9670.0 0.00182
9675.0 0.00182
9680.0 0.00182
9685.0 0.00182
9690.0 0.00182
9695.0 0.00182
9700.0 0.00182
9705.0 0.00182
9710.0 0.00182
9715.0 0.00182
9720.0 0.00182
9725.0 0.00182
9730.0 0.00182
9735.0 0.00181
9740.0 0.00181
9745.0 0.00181
9750.0 0.00181
9755.0 0.0018
9760.0 0.0018
9765.0 0.0018
9770.0 0.00179
9775.0 0.00179
9780.0 0.00178
9785.0 0.00178
9790.0 0.00177
9795.0 0.00177
9800.0 0.00176
9805.0 0.00176
9810.0 0.00175
9815.0 0.00175
9820.0 0.00174
9825.0 0.00174
9830.0 0.00173
9835.0 0.00172
9840.0 0.00172
9845.0 0.00171
9850.0 0.0017
9855.0 0.0017
9860.0 0.00169
9865.0 0.00168
9870.0 0.00167
9875.0 0.00166
9880.0 0.00166
9885.0 0.00165
9890.0 0.00164
9895.0 0.00163
9900.0 0.00162
9905.0 0.00162
9910.0 0.00161
9915.0 0.0016
9920.0 0.00159
9925.0 0.00158
9930.0 0.00157
9935.0 0.00156
9940.0 0.00155
9945.0 0.00154
9950.0 0.00154
9955.0 0.00153
9960.0 0.00152
9965.0 0.00151
9970.0 0.0015
9975.0 0.00149
9980.0 0.00148
9985.0 0.00147
9990.0 0.00146
9995.0 0.00145
10000.0 0.00144
10005.0 0.00143
10010.0 0.00142
10015.0 0.00141
10020.0 0.0014
10025.0 0.00139
10030.0 0.00138
10035.0 0.00137
10040.0 0.00136
10045.0 0.00135
10050.0 0.00135
10055.0 0.00134
10060.0 0.00133
10065.0 0.00132
10070.0 0.00131
10075.0 0.0013
10080.0 0.00129
10085.0 0.00128
10090.0 0.00127
10095.0 0.00126
10100.0 0.00125
10105.0 0.00124
10110.0 0.00123
10115.0 0.00122
10120.0 0.00121
10125.0 0.0012
10130.0 0.0012
10135.0 1e-12
10140.0 1e-12
10145.0 1e-12
10150.0 1e-12
10155.0 1e-12
10160.0 1e-12
10165.0 1e-12
10170.0 1e-12
10175.0 1e-12
10180.0 1e-12
10185.0 1e-12
10190.0 1e-12
10195.0 1e-12
10200.0 1e-12
10205.0 1e-12
10210.0 1e-12
10215.0 1e-12
10220.0 1e-12
10225.0 1e-12
10230.0 1e-12
10235.0 1e-12
10240.0 1e-12
10245.0 1e-12
10250.0 1e-12
10255.0 1e-12
10260.0 1e-12
10265.0 1e-12
10270.0 1e-12
10275.0 1e-12
10280.0 1e-12
10285.0 1e-12
10290.0 1e-12
10295.0 1e-12
10300.0 1e-12
10305.0 1e-12
10310.0 1e-12
10315.0 1e-12
10320.0 1e-12
10325.0 1e-12
10330.0 1e-12
10335.0 1e-12
10340.0 1e-12
10345.0 1e-12
10350.0 1e-12
10355.0 1e-12
10360.0 1e-12
10365.0 1e-12
10370.0 1e-12
10375.0 1e-12
10380.0 1e-12
10385.0 1e-12
10390.0 1e-12
10395.0 1e-12
10400.0 1e-12
10405.0 1e-12
10410.0 1e-12
10415.0 1e-12
10420.0 1e-12
10425.0 1e-12
10430.0 1e-12
10435.0 1e-12
10440.0 1e-12
10445.0 1e-12
10450.0 1e-12
10455.0 1e-12
10460.0 1e-12
10465.0 1e-12
10470.0 1e-12
10475.0 1e-12
10480.0 1e-12
10485.0 1e-12
10490.0 1e-12
10495.0 1e-12
10500.0 1e-12
10505.0 1e-12
10510.0 1e-12
10515.0 1e-12
10520.0 1e-12
10525.0 1e-12
10530.0 1e-12
10535.0 1e-12
10540.0 1e-12
10545.0 1e-12
10550.0 1e-12
10555.0 1e-12
10560.0 1e-12
10565.0 1e-12
10570.0 1e-12
10575.0 1e-12
10580.0 1e-12
10585.0 1e-12
10590.0 1e-12
10595.0 1e-12
10600.0 1e-12
10605.0 1e-12
10610.0 1e-12
10615.0 1e-12
10620.0 1e-12
10625.0 1e-12
10630.0 1e-12
10635.0 1e-12
10640.0 1e-12
10645.0 1e-12
10650.0 1e-12
10655.0 1e-12
10660.0 1e-12
10665.0 1e-12
10670.0 1e-12
10675.0 1e-12
10680.0 1e-12
10685.0 1e-12
10690.0 1e-12
10695.0 1e-12
10700.0 1e-12
10705.0 1e-12
10710.0 1e-12
10715.0 1e-12
10720.0 1e-12
10725.0 1e-12
10730.0 1e-12
10735.0 1e-12
10740.0 1e-12
10745.0 1e-12
10750.0 1e-12
10755.0 1e-12
10760.0 1e-12
10765.0 1e-12
10770.0 1e-12
10775.0 1e-12
10780.0 1e-12
10785.0 1e-12
10790.0 1e-12
10795.0 1e-12
10800.0 1e-12
10805.0 1e-12
10810.0 1e-12
10815.0 1e-12
10820.0 1e-12
10825.0 1e-12
10830.0 1e-12
10835.0 1e-12
10840.0 1e-12
10845.0 1e-12
10850.0 1e-12
10855.0 1e-12
10860.0 1e-12
10865.0 1e-12
10870.0 1e-12
10875.0 1e-12
10880.0 1e-12
10885.0 1e-12
10890.0 1e-12
10895.0 1e-12
10900.0 1e-12
10905.0 1e-12
10910.0 1e-12
10915.0 1e-12
10920.0 1e-12
10925.0 1e-12
10930.0 1e-12
10935.0 1e-12
10940.0 1e-12
10945.0 1e-12
10950.0 1e-12
10955.0 1e-12
10960.0 1e-12
10965.0 1e-12
10970.0 1e-12
10975.0 1e-12
10980.0 1e-12
10985.0 1e-12
10990.0 1e-12
10995.0 1e-12
11000.0 1e-12
