#lamb flux
1605.0 0.000123
1610.0 0.000123
1615.0 0.000123
1620.0 0.000123
1625.0 0.000123
1630.0 0.000123
1635.0 0.000123
1640.0 0.000123
1645.0 0.000123
1650.0 0.000122
1655.0 0.000122
1660.0 0.000122
1665.0 0.000122
1670.0 0.000122
1675.0 0.000122
1680.0 0.000122
1685.0 0.000122
1690.0 0.000122
1695.0 0.000122
1700.0 0.000121
1705.0 0.000121
1710.0 0.000121
1715.0 0.000121
1720.0 0.000121
1725.0 0.000121
1730.0 0.000121
1735.0 0.000121
1740.0 0.000121
1745.0 0.000121
1750.0 0.00012
1755.0 0.00012
1760.0 0.00012
1765.0 0.00012
1770.0 0.00012
1775.0 0.00012
1780.0 0.00012
1785.0 0.00012
1790.0 0.00012
1795.0 0.00012
1800.0 0.00012
1805.0 0.000119
1810.0 0.000119
1815.0 0.000119
1820.0 0.000119
1825.0 0.000119
1830.0 0.000119
1835.0 0.000119
1840.0 0.000119
1845.0 0.000119
1850.0 0.000119
1855.0 0.000119
1860.0 0.000119
1865.0 0.000118
1870.0 0.000118
1875.0 0.000118
1880.0 0.000118
1885.0 0.000118
1890.0 0.000118
1895.0 0.000118
1900.0 0.000118
1905.0 0.000118
1910.0 0.000118
1915.0 0.000118
1920.0 0.000118
1925.0 0.000118
1930.0 0.000118
1935.0 0.000117
1940.0 0.000117
1945.0 0.000117
1950.0 0.000117
1955.0 0.000117
1960.0 0.000117
1965.0 0.000117
1970.0 0.000117
1975.0 0.000117
1980.0 0.000117
1985.0 0.000117
1990.0 0.000117
1995.0 0.000117
2000.0 0.000117
2005.0 0.000117
2010.0 0.000116
2015.0 0.000116
2020.0 0.000116
2025.0 0.000116
2030.0 0.000116
2035.0 0.000116
2040.0 0.000116
2045.0 0.000116
2050.0 0.000116
2055.0 0.000116
2060.0 0.000116
2065.0 0.000116
2070.0 0.000116
2075.0 0.000116
2080.0 0.000116
2085.0 0.000116
2090.0 0.000116
2095.0 0.000116
2100.0 0.000116
2105.0 0.000115
2110.0 0.000115
2115.0 0.000115
2120.0 0.000115
2125.0 0.000115
2130.0 0.000115
2135.0 0.000115
2140.0 0.000115
2145.0 0.000115
2150.0 0.000115
2155.0 0.000115
2160.0 0.000115
2165.0 0.000115
2170.0 0.000115
2175.0 0.000115
2180.0 0.000115
2185.0 0.000115
2190.0 0.000115
2195.0 0.000115
2200.0 0.000115
2205.0 0.000115
2210.0 0.000115
2215.0 0.000115
2220.0 0.000115
2225.0 0.000115
2230.0 0.000115
2235.0 0.000115
2240.0 0.000115
2245.0 0.000115
2250.0 0.000115
2255.0 0.000115
2260.0 0.000115
2265.0 0.000115
2270.0 0.000115
2275.0 0.000115
2280.0 0.000114
2285.0 0.000114
2290.0 0.000114
2295.0 0.000114
2300.0 0.000114
2305.0 0.000114
2310.0 0.000114
2315.0 0.000114
2320.0 0.000114
2325.0 0.000114
2330.0 0.000114
2335.0 0.000114
2340.0 0.000114
2345.0 0.000114
2350.0 0.000114
2355.0 0.000114
2360.0 0.000114
2365.0 0.000114
2370.0 0.000114
2375.0 0.000114
2380.0 0.000114
2385.0 0.000114
2390.0 0.000114
2395.0 0.000115
2400.0 0.000115
2405.0 0.000115
2410.0 0.000115
2415.0 0.000115
2420.0 0.000115
2425.0 0.000115
2430.0 0.000115
2435.0 0.000115
2440.0 0.000115
2445.0 0.000115
2450.0 0.000115
2455.0 0.000115
2460.0 0.000115
2465.0 0.000115
2470.0 0.000115
2475.0 0.000115
2480.0 0.000115
2485.0 0.000115
2490.0 0.000115
2495.0 0.000115
2500.0 0.000115
2505.0 0.000115
2510.0 0.000115
2515.0 0.000115
2520.0 0.000115
2525.0 0.000115
2530.0 0.000115
2535.0 0.000115
2540.0 0.000115
2545.0 0.000116
2550.0 0.000116
2555.0 0.000116
2560.0 0.000116
2565.0 0.000116
2570.0 0.000116
2575.0 0.000116
2580.0 0.000116
2585.0 0.000116
2590.0 0.000116
2595.0 0.000116
2600.0 0.000116
2605.0 0.000116
2610.0 0.000116
2615.0 0.000116
2620.0 0.000117
2625.0 0.000117
2630.0 0.000117
2635.0 0.000117
2640.0 0.000117
2645.0 0.000117
2650.0 0.000117
2655.0 0.000117
2660.0 0.000117
2665.0 0.000117
2670.0 0.000117
2675.0 0.000117
2680.0 0.000118
2685.0 0.000118
2690.0 0.000118
2695.0 0.000118
2700.0 0.000118
2705.0 0.000118
2710.0 0.000118
2715.0 0.000118
2720.0 0.000118
2725.0 0.000119
2730.0 0.000119
2735.0 0.000119
2740.0 0.000119
2745.0 0.000119
2750.0 0.000119
2755.0 0.000119
2760.0 0.000119
2765.0 0.00012
2770.0 0.00012
2775.0 0.00012
2780.0 0.00012
2785.0 0.00012
2790.0 0.00012
2795.0 0.00012
2800.0 0.000121
2805.0 0.000121
2810.0 0.000121
2815.0 0.000121
2820.0 0.000121
2825.0 0.000121
2830.0 0.000122
2835.0 0.000122
2840.0 0.000122
2845.0 0.000122
2850.0 0.000122
2855.0 0.000122
2860.0 0.000123
2865.0 0.000123
2870.0 0.000123
2875.0 0.000123
2880.0 0.000123
2885.0 0.000124
2890.0 0.000124
2895.0 0.000124
2900.0 0.000124
2905.0 0.000124
2910.0 0.000125
2915.0 0.000125
2920.0 0.000125
2925.0 0.000125
2930.0 0.000126
2935.0 0.000126
2940.0 0.000126
2945.0 0.000126
2950.0 0.000127
2955.0 0.000127
2960.0 0.000127
2965.0 0.000127
2970.0 0.000128
2975.0 0.000128
2980.0 0.000128
2985.0 0.000129
2990.0 0.000129
2995.0 0.000129
3000.0 0.00013
3005.0 0.00013
3010.0 0.00013
3015.0 0.000131
3020.0 0.000131
3025.0 0.000131
3030.0 0.000132
3035.0 0.000132
3040.0 0.000132
3045.0 0.000133
3050.0 0.000133
3055.0 0.000133
3060.0 0.000134
3065.0 0.000134
3070.0 0.000135
3075.0 0.000135
3080.0 0.000136
3085.0 0.000136
3090.0 0.000136
3095.0 0.000137
3100.0 0.000137
3105.0 0.000138
3110.0 0.000138
3115.0 0.000139
3120.0 0.000139
3125.0 0.00014
3130.0 0.000141
3135.0 0.000141
3140.0 0.000142
3145.0 0.000142
3150.0 0.000143
3155.0 0.000143
3160.0 0.000144
3165.0 0.000145
3170.0 0.000145
3175.0 0.000146
3180.0 0.000147
3185.0 0.000148
3190.0 0.000148
3195.0 0.000149
3200.0 0.00015
3205.0 0.000151
3210.0 0.000152
3215.0 0.000152
3220.0 0.000153
3225.0 0.000154
3230.0 0.000155
3235.0 0.000156
3240.0 0.000157
3245.0 0.000158
3250.0 0.000159
3255.0 0.00016
3260.0 0.000162
3265.0 0.000163
3270.0 0.000164
3275.0 0.000165
3280.0 0.000166
3285.0 0.000168
3290.0 0.000169
3295.0 0.000171
3300.0 0.000172
3305.0 0.000174
3310.0 0.000175
3315.0 0.000177
3320.0 0.000178
3325.0 0.00018
3330.0 0.000182
3335.0 0.000184
3340.0 0.000186
3345.0 0.000188
3350.0 0.00019
3355.0 0.000192
3360.0 0.000194
3365.0 0.000196
3370.0 0.000199
3375.0 0.000201
3380.0 0.000204
3385.0 0.000206
3390.0 0.000209
3395.0 0.000212
3400.0 0.000215
3405.0 0.000218
3410.0 0.000221
3415.0 0.000224
3420.0 0.000228
3425.0 0.000231
3430.0 0.000235
3435.0 0.000239
3440.0 0.000243
3445.0 0.000247
3450.0 0.000251
3455.0 0.000256
3460.0 0.000261
3465.0 0.000266
3470.0 0.000271
3475.0 0.000276
3480.0 0.000282
3485.0 0.000287
3490.0 0.000293
3495.0 0.0003
3500.0 0.000306
3505.0 0.000313
3510.0 0.00032
3515.0 0.000328
3520.0 0.000335
3525.0 0.000343
3530.0 0.000352
3535.0 0.000361
3540.0 0.00037
3545.0 0.000379
3550.0 0.00039
3555.0 0.0004
3560.0 0.000411
3565.0 0.000422
3570.0 0.000434
3575.0 0.000446
3580.0 0.000459
3585.0 0.000473
3590.0 0.000487
3595.0 0.000501
3600.0 0.000517
3605.0 0.000532
3610.0 0.000549
3615.0 0.000566
3620.0 0.000584
3625.0 0.000602
3630.0 0.000622
3635.0 0.000642
3640.0 0.000663
3645.0 0.000685
3650.0 0.000707
3655.0 0.000731
3660.0 0.000756
3665.0 0.000781
3670.0 0.000808
3675.0 0.000835
3680.0 0.000864
3685.0 0.000894
3690.0 0.000925
3695.0 0.000957
3700.0 0.000991
3705.0 0.00103
3710.0 0.00106
3715.0 0.0011
3720.0 0.00114
3725.0 0.00118
3730.0 0.00122
3735.0 0.00126
3740.0 0.00131
3745.0 0.00136
3750.0 0.0014
3755.0 0.00146
3760.0 0.00151
3765.0 0.00156
3770.0 0.00162
3775.0 0.00167
3780.0 0.00173
3785.0 0.0018
3790.0 0.00186
3795.0 0.00193
3800.0 0.00199
3805.0 0.00206
3810.0 0.00213
3815.0 0.00221
3820.0 0.00229
3825.0 0.00237
3830.0 0.00245
3835.0 0.00253
3840.0 0.00262
3845.0 0.00271
3850.0 0.0028
3855.0 0.00289
3860.0 0.00299
3865.0 0.00309
3870.0 0.00319
3875.0 0.00329
3880.0 0.0034
3885.0 0.00351
3890.0 0.00362
3895.0 0.00373
3900.0 0.00385
3905.0 0.00396
3910.0 0.00409
3915.0 0.00421
3920.0 0.00433
3925.0 0.00446
3930.0 0.00459
3935.0 0.00472
3940.0 0.00485
3945.0 0.00499
3950.0 0.00513
3955.0 0.00527
3960.0 0.00541
3965.0 0.00555
3970.0 0.00569
3975.0 0.00584
3980.0 0.00598
3985.0 0.00613
3990.0 0.00628
3995.0 0.00643
4000.0 0.00658
4005.0 0.00673
4010.0 0.00688
4015.0 0.00703
4020.0 0.00719
4025.0 0.00734
4030.0 0.00749
4035.0 0.00764
4040.0 0.0078
4045.0 0.00795
4050.0 0.0081
4055.0 0.00825
4060.0 0.00841
4065.0 0.00856
4070.0 0.00871
4075.0 0.00886
4080.0 0.00901
4085.0 0.00916
4090.0 0.00931
4095.0 0.00945
4100.0 0.0096
4105.0 0.00974
4110.0 0.00989
4115.0 0.01
4120.0 0.0102
4125.0 0.0103
4130.0 0.0105
4135.0 0.0106
4140.0 0.0107
4145.0 0.0109
4150.0 0.011
4155.0 0.0111
4160.0 0.0113
4165.0 0.0114
4170.0 0.0115
4175.0 0.0117
4180.0 0.0118
4185.0 0.0119
4190.0 0.012
4195.0 0.0122
4200.0 0.0123
4205.0 0.0124
4210.0 0.0125
4215.0 0.0126
4220.0 0.0127
4225.0 0.0128
4230.0 0.0129
4235.0 0.013
4240.0 0.0131
4245.0 0.0132
4250.0 0.0133
4255.0 0.0134
4260.0 0.0135
4265.0 0.0136
4270.0 0.0137
4275.0 0.0137
4280.0 0.0138
4285.0 0.0139
4290.0 0.0139
4295.0 0.014
4300.0 0.0141
4305.0 0.0141
4310.0 0.0142
4315.0 0.0142
4320.0 0.0142
4325.0 0.0143
4330.0 0.0143
4335.0 0.0144
4340.0 0.0144
4345.0 0.0144
4350.0 0.0145
4355.0 0.0145
4360.0 0.0145
4365.0 0.0146
4370.0 0.0146
4375.0 0.0146
4380.0 0.0147
4385.0 0.0147
4390.0 0.0147
4395.0 0.0148
4400.0 0.0148
4405.0 0.0148
4410.0 0.0149
4415.0 0.0149
4420.0 0.015
4425.0 0.015
4430.0 0.0151
4435.0 0.0152
4440.0 0.0152
4445.0 0.0153
4450.0 0.0154
4455.0 0.0154
4460.0 0.0155
4465.0 0.0156
4470.0 0.0157
4475.0 0.0158
4480.0 0.0159
4485.0 0.016
4490.0 0.016
4495.0 0.0161
4500.0 0.0163
4505.0 0.0164
4510.0 0.0165
4515.0 0.0166
4520.0 0.0167
4525.0 0.0168
4530.0 0.0169
4535.0 0.017
4540.0 0.0171
4545.0 0.0172
4550.0 0.0173
4555.0 0.0174
4560.0 0.0175
4565.0 0.0176
4570.0 0.0177
4575.0 0.0178
4580.0 0.0178
4585.0 0.0179
4590.0 0.018
4595.0 0.018
4600.0 0.0181
4605.0 0.0181
4610.0 0.0181
4615.0 0.0182
4620.0 0.0182
4625.0 0.0182
4630.0 0.0182
4635.0 0.0182
4640.0 0.0181
4645.0 0.0181
4650.0 0.0181
4655.0 0.018
4660.0 0.0179
4665.0 0.0179
4670.0 0.0178
4675.0 0.0177
4680.0 0.0176
4685.0 0.0175
4690.0 0.0174
4695.0 0.0173
4700.0 0.0172
4705.0 0.0171
4710.0 0.0169
4715.0 0.0168
4720.0 0.0166
4725.0 0.0165
4730.0 0.0164
4735.0 0.0162
4740.0 0.0161
4745.0 0.0159
4750.0 0.0158
4755.0 0.0156
4760.0 0.0155
4765.0 0.0153
4770.0 0.0152
4775.0 0.015
4780.0 0.0149
4785.0 0.0147
4790.0 0.0146
4795.0 0.0145
4800.0 0.0143
4805.0 0.0142
4810.0 0.0141
4815.0 0.014
4820.0 0.0138
4825.0 0.0137
4830.0 0.0136
4835.0 0.0135
4840.0 0.0134
4845.0 0.0134
4850.0 0.0133
4855.0 0.0132
4860.0 0.0131
4865.0 0.0131
4870.0 0.013
4875.0 0.013
4880.0 0.0129
4885.0 0.0129
4890.0 0.0128
4895.0 0.0128
4900.0 0.0128
4905.0 0.0127
4910.0 0.0127
4915.0 0.0127
4920.0 0.0127
4925.0 0.0127
4930.0 0.0126
4935.0 0.0126
4940.0 0.0126
4945.0 0.0126
4950.0 0.0126
4955.0 0.0126
4960.0 0.0126
4965.0 0.0126
4970.0 0.0126
4975.0 0.0126
4980.0 0.0126
4985.0 0.0126
4990.0 0.0126
4995.0 0.0126
5000.0 0.0126
5005.0 0.0126
5010.0 0.0126
5015.0 0.0126
5020.0 0.0126
5025.0 0.0126
5030.0 0.0126
5035.0 0.0126
5040.0 0.0126
5045.0 0.0125
5050.0 0.0125
5055.0 0.0125
5060.0 0.0125
5065.0 0.0125
5070.0 0.0124
5075.0 0.0124
5080.0 0.0124
5085.0 0.0124
5090.0 0.0124
5095.0 0.0123
5100.0 0.0123
5105.0 0.0123
5110.0 0.0123
5115.0 0.0122
5120.0 0.0122
5125.0 0.0122
5130.0 0.0122
5135.0 0.0122
5140.0 0.0121
5145.0 0.0121
5150.0 0.0121
5155.0 0.0121
5160.0 0.012
5165.0 0.012
5170.0 0.012
5175.0 0.012
5180.0 0.012
5185.0 0.0119
5190.0 0.0119
5195.0 0.0119
5200.0 0.0119
5205.0 0.0119
5210.0 0.0118
5215.0 0.0118
5220.0 0.0118
5225.0 0.0118
5230.0 0.0118
5235.0 0.0117
5240.0 0.0117
5245.0 0.0117
5250.0 0.0117
5255.0 0.0116
5260.0 0.0116
5265.0 0.0116
5270.0 0.0116
5275.0 0.0115
5280.0 0.0115
5285.0 0.0115
5290.0 0.0115
5295.0 0.0114
5300.0 0.0114
5305.0 0.0114
5310.0 0.0114
5315.0 0.0113
5320.0 0.0113
5325.0 0.0113
5330.0 0.0113
5335.0 0.0112
5340.0 0.0112
5345.0 0.0112
5350.0 0.0112
5355.0 0.0112
5360.0 0.0112
5365.0 0.0112
5370.0 0.0112
5375.0 0.0112
5380.0 0.0112
5385.0 0.0112
5390.0 0.0112
5395.0 0.0112
5400.0 0.0112
5405.0 0.0112
5410.0 0.0112
5415.0 0.0112
5420.0 0.0112
5425.0 0.0112
5430.0 0.0112
5435.0 0.0113
5440.0 0.0113
5445.0 0.0113
5450.0 0.0113
5455.0 0.0113
5460.0 0.0113
5465.0 0.0113
5470.0 0.0113
5475.0 0.0113
5480.0 0.0113
5485.0 0.0113
5490.0 0.0112
5495.0 0.0112
5500.0 0.0112
5505.0 0.0111
5510.0 0.0111
5515.0 0.011
5520.0 0.011
5525.0 0.0109
5530.0 0.0109
5535.0 0.0108
5540.0 0.0107
5545.0 0.0106
5550.0 0.0105
5555.0 0.0105
5560.0 0.0104
5565.0 0.0103
5570.0 0.0101
5575.0 0.01
5580.0 0.00993
5585.0 0.00981
5590.0 0.00969
5595.0 0.00957
5600.0 0.00945
5605.0 0.00933
5610.0 0.0092
5615.0 0.00908
5620.0 0.00895
5625.0 0.00883
5630.0 0.00871
5635.0 0.00859
5640.0 0.00847
5645.0 0.00835
5650.0 0.00824
5655.0 0.00812
5660.0 0.00802
5665.0 0.00791
5670.0 0.00781
5675.0 0.00771
5680.0 0.00762
5685.0 0.00753
5690.0 0.00745
5695.0 0.00737
5700.0 0.00729
5705.0 0.00723
5710.0 0.00716
5715.0 0.00711
5720.0 0.00705
5725.0 0.00701
5730.0 0.00696
5735.0 0.00693
5740.0 0.0069
5745.0 0.00687
5750.0 0.00685
5755.0 0.00684
5760.0 0.00683
5765.0 0.00683
5770.0 0.00683
5775.0 0.00684
5780.0 0.00685
5785.0 0.00686
5790.0 0.00689
5795.0 0.00691
5800.0 0.00694
5805.0 0.00698
5810.0 0.00702
5815.0 0.00707
5820.0 0.00711
5825.0 0.00717
5830.0 0.00722
5835.0 0.00728
5840.0 0.00734
5845.0 0.00741
5850.0 0.00748
5855.0 0.00755
5860.0 0.00762
5865.0 0.00769
5870.0 0.00777
5875.0 0.00785
5880.0 0.00792
5885.0 0.008
5890.0 0.00808
5895.0 0.00816
5900.0 0.00824
5905.0 0.00832
5910.0 0.0084
5915.0 0.00848
5920.0 0.00856
5925.0 0.00864
5930.0 0.00871
5935.0 0.00879
5940.0 0.00886
5945.0 0.00893
5950.0 0.009
5955.0 0.00907
5960.0 0.00913
5965.0 0.0092
5970.0 0.00926
5975.0 0.00932
5980.0 0.00938
5985.0 0.00944
5990.0 0.00949
5995.0 0.00954
6000.0 0.00959
6005.0 0.00964
6010.0 0.00969
6015.0 0.00974
6020.0 0.00978
6025.0 0.00982
6030.0 0.00987
6035.0 0.00991
6040.0 0.00995
6045.0 0.00999
6050.0 0.01
6055.0 0.0101
6060.0 0.0101
6065.0 0.0101
6070.0 0.0102
6075.0 0.0102
6080.0 0.0103
6085.0 0.0103
6090.0 0.0103
6095.0 0.0104
6100.0 0.0104
6105.0 0.0104
6110.0 0.0105
6115.0 0.0105
6120.0 0.0106
6125.0 0.0106
6130.0 0.0107
6135.0 0.0107
6140.0 0.0107
6145.0 0.0108
6150.0 0.0108
6155.0 0.0109
6160.0 0.0109
6165.0 0.011
6170.0 0.011
6175.0 0.0111
6180.0 0.0111
6185.0 0.0111
6190.0 0.0112
6195.0 0.0112
6200.0 0.0113
6205.0 0.0113
6210.0 0.0114
6215.0 0.0114
6220.0 0.0115
6225.0 0.0115
6230.0 0.0115
6235.0 0.0116
6240.0 0.0116
6245.0 0.0117
6250.0 0.0117
6255.0 0.0117
6260.0 0.0117
6265.0 0.0118
6270.0 0.0118
6275.0 0.0118
6280.0 0.0118
6285.0 0.0119
6290.0 0.0119
6295.0 0.0119
6300.0 0.0119
6305.0 0.0119
6310.0 0.0119
6315.0 0.0119
6320.0 0.0119
6325.0 0.0119
6330.0 0.0119
6335.0 0.0119
6340.0 0.0119
6345.0 0.0118
6350.0 0.0118
6355.0 0.0118
6360.0 0.0118
6365.0 0.0118
6370.0 0.0117
6375.0 0.0117
6380.0 0.0117
6385.0 0.0116
6390.0 0.0116
6395.0 0.0115
6400.0 0.0115
6405.0 0.0115
6410.0 0.0114
6415.0 0.0114
6420.0 0.0113
6425.0 0.0113
6430.0 0.0112
6435.0 0.0112
6440.0 0.0111
6445.0 0.0111
6450.0 0.011
6455.0 0.0109
6460.0 0.0109
6465.0 0.0108
6470.0 0.0107
6475.0 0.0107
6480.0 0.0106
6485.0 0.0105
6490.0 0.0105
6495.0 0.0104
6500.0 0.0103
6505.0 0.0103
6510.0 0.0102
6515.0 0.0101
6520.0 0.01
6525.0 0.00996
6530.0 0.00988
6535.0 0.0098
6540.0 0.00972
6545.0 0.00965
6550.0 0.00957
6555.0 0.00949
6560.0 0.00941
6565.0 0.00933
6570.0 0.00925
6575.0 0.00916
6580.0 0.00908
6585.0 0.009
6590.0 0.00892
6595.0 0.00884
6600.0 0.00876
6605.0 0.00868
6610.0 0.0086
6615.0 0.00852
6620.0 0.00844
6625.0 0.00836
6630.0 0.00829
6635.0 0.00821
6640.0 0.00813
6645.0 0.00806
6650.0 0.00798
6655.0 0.00791
6660.0 0.00784
6665.0 0.00777
6670.0 0.0077
6675.0 0.00763
6680.0 0.00756
6685.0 0.0075
6690.0 0.00743
6695.0 0.00737
6700.0 0.00731
6705.0 0.00725
6710.0 0.00719
6715.0 0.00713
6720.0 0.00707
6725.0 0.00702
6730.0 0.00697
6735.0 0.00692
6740.0 0.00687
6745.0 0.00682
6750.0 0.00677
6755.0 0.00673
6760.0 0.00669
6765.0 0.00665
6770.0 0.00661
6775.0 0.00657
6780.0 0.00654
6785.0 0.0065
6790.0 0.00647
6795.0 0.00644
6800.0 0.00641
6805.0 0.00639
6810.0 0.00636
6815.0 0.00634
6820.0 0.00632
6825.0 0.0063
6830.0 0.00628
6835.0 0.00627
6840.0 0.00626
6845.0 0.00624
6850.0 0.00624
6855.0 0.00623
6860.0 0.00622
6865.0 0.00622
6870.0 0.00622
6875.0 0.00622
6880.0 0.00622
6885.0 0.00622
6890.0 0.00623
6895.0 0.00623
6900.0 0.00624
6905.0 0.00625
6910.0 0.00626
6915.0 0.00628
6920.0 0.00629
6925.0 0.00631
6930.0 0.00633
6935.0 0.00635
6940.0 0.00637
6945.0 0.00639
6950.0 0.00642
6955.0 0.00645
6960.0 0.00648
6965.0 0.00651
6970.0 0.00654
6975.0 0.00657
6980.0 0.00661
6985.0 0.00664
6990.0 0.00668
6995.0 0.00672
7000.0 0.00676
7005.0 0.0068
7010.0 0.00685
7015.0 0.00689
7020.0 0.00694
7025.0 0.00699
7030.0 0.00704
7035.0 0.00709
7040.0 0.00714
7045.0 0.00719
7050.0 0.00725
7055.0 0.0073
7060.0 0.00736
7065.0 0.00742
7070.0 0.00748
7075.0 0.00754
7080.0 0.0076
7085.0 0.00766
7090.0 0.00772
7095.0 0.00779
7100.0 0.00785
7105.0 0.00792
7110.0 0.00799
7115.0 0.00806
7120.0 0.00812
7125.0 0.00819
7130.0 0.00826
7135.0 0.00833
7140.0 0.0084
7145.0 0.00848
7150.0 0.00855
7155.0 0.00862
7160.0 0.00869
7165.0 0.00876
7170.0 0.00883
7175.0 0.0089
7180.0 0.00897
7185.0 0.00905
7190.0 0.00912
7195.0 0.00918
7200.0 0.00925
7205.0 0.00932
7210.0 0.00939
7215.0 0.00945
7220.0 0.00951
7225.0 0.00958
7230.0 0.00964
7235.0 0.00969
7240.0 0.00975
7245.0 0.00981
7250.0 0.00986
7255.0 0.00991
7260.0 0.00996
7265.0 0.01
7270.0 0.01
7275.0 0.0101
7280.0 0.0101
7285.0 0.0102
7290.0 0.0102
7295.0 0.0102
7300.0 0.0102
7305.0 0.0103
7310.0 0.0103
7315.0 0.0103
7320.0 0.0103
7325.0 0.0103
7330.0 0.0103
7335.0 0.0103
7340.0 0.0103
7345.0 0.0103
7350.0 0.0103
7355.0 0.0103
7360.0 0.0103
7365.0 0.0102
7370.0 0.0102
7375.0 0.0102
7380.0 0.0102
7385.0 0.0101
7390.0 0.0101
7395.0 0.0101
7400.0 0.01
7405.0 0.00999
7410.0 0.00995
7415.0 0.00991
7420.0 0.00986
7425.0 0.00982
7430.0 0.00977
7435.0 0.00972
7440.0 0.00968
7445.0 0.00963
7450.0 0.00958
7455.0 0.00953
7460.0 0.00947
7465.0 0.00942
7470.0 0.00937
7475.0 0.00932
7480.0 0.00927
7485.0 0.00922
7490.0 0.00917
7495.0 0.00911
7500.0 0.00906
7505.0 0.00901
7510.0 0.00896
7515.0 0.00891
7520.0 0.00886
7525.0 0.00882
7530.0 0.00877
7535.0 0.00872
7540.0 0.00867
7545.0 0.00863
7550.0 0.00858
7555.0 0.00854
7560.0 0.0085
7565.0 0.00846
7570.0 0.00841
7575.0 0.00837
7580.0 0.00833
7585.0 0.0083
7590.0 0.00826
7595.0 0.00823
7600.0 0.00819
7605.0 0.00816
7610.0 0.00812
7615.0 0.00809
7620.0 0.00806
7625.0 0.00803
7630.0 0.00801
7635.0 0.00798
7640.0 0.00795
7645.0 0.00793
7650.0 0.0079
7655.0 0.00788
7660.0 0.00785
7665.0 0.00783
7670.0 0.00781
7675.0 0.00779
7680.0 0.00777
7685.0 0.00774
7690.0 0.00772
7695.0 0.0077
7700.0 0.00768
7705.0 0.00766
7710.0 0.00763
7715.0 0.00761
7720.0 0.00759
7725.0 0.00756
7730.0 0.00754
7735.0 0.00751
7740.0 0.00749
7745.0 0.00746
7750.0 0.00743
7755.0 0.0074
7760.0 0.00737
7765.0 0.00734
7770.0 0.0073
7775.0 0.00727
7780.0 0.00723
7785.0 0.00719
7790.0 0.00715
7795.0 0.00711
7800.0 0.00707
7805.0 0.00702
7810.0 0.00698
7815.0 0.00693
7820.0 0.00688
7825.0 0.00683
7830.0 0.00678
7835.0 0.00673
7840.0 0.00667
7845.0 0.00662
7850.0 0.00656
7855.0 0.00651
7860.0 0.00645
7865.0 0.00639
7870.0 0.00633
7875.0 0.00627
7880.0 0.0062
7885.0 0.00614
7890.0 0.00608
7895.0 0.00602
7900.0 0.00595
7905.0 0.00589
7910.0 0.00582
7915.0 0.00576
7920.0 0.00569
7925.0 0.00563
7930.0 0.00556
7935.0 0.00549
7940.0 0.00543
7945.0 0.00536
7950.0 0.0053
7955.0 0.00523
7960.0 0.00517
7965.0 0.0051
7970.0 0.00504
7975.0 0.00498
7980.0 0.00491
7985.0 0.00485
7990.0 0.00479
7995.0 0.00473
8000.0 0.00467
8005.0 0.00461
8010.0 0.00455
8015.0 0.00449
8020.0 0.00443
8025.0 0.00437
8030.0 0.00432
8035.0 0.00426
8040.0 0.00421
8045.0 0.00415
8050.0 0.0041
8055.0 0.00405
8060.0 0.004
8065.0 0.00395
8070.0 0.0039
8075.0 0.00385
8080.0 0.0038
8085.0 0.00375
8090.0 0.00371
8095.0 0.00366
8100.0 0.00362
8105.0 0.00358
8110.0 0.00353
8115.0 0.00349
8120.0 0.00345
8125.0 0.00341
8130.0 0.00337
8135.0 0.00334
8140.0 0.0033
8145.0 0.00327
8150.0 0.00323
8155.0 0.0032
8160.0 0.00317
8165.0 0.00314
8170.0 0.0031
8175.0 0.00308
8180.0 0.00305
8185.0 0.00302
8190.0 0.00299
8195.0 0.00297
8200.0 0.00294
8205.0 0.00292
8210.0 0.0029
8215.0 0.00288
8220.0 0.00286
8225.0 0.00284
8230.0 0.00282
8235.0 0.0028
8240.0 0.00279
8245.0 0.00277
8250.0 0.00276
8255.0 0.00275
8260.0 0.00274
8265.0 0.00273
8270.0 0.00272
8275.0 0.00271
8280.0 0.0027
8285.0 0.00269
8290.0 0.00269
8295.0 0.00269
8300.0 0.00268
8305.0 0.00268
8310.0 0.00268
8315.0 0.00268
8320.0 0.00268
8325.0 0.00269
8330.0 0.00269
8335.0 0.0027
8340.0 0.0027
8345.0 0.00271
8350.0 0.00272
8355.0 0.00273
8360.0 0.00274
8365.0 0.00275
8370.0 0.00277
8375.0 0.00278
8380.0 0.0028
8385.0 0.00282
8390.0 0.00283
8395.0 0.00285
8400.0 0.00288
8405.0 0.0029
8410.0 0.00292
8415.0 0.00294
8420.0 0.00297
8425.0 0.003
8430.0 0.00302
8435.0 0.00305
8440.0 0.00308
8445.0 0.00312
8450.0 0.00315
8455.0 0.00318
8460.0 0.00322
8465.0 0.00325
8470.0 0.00329
8475.0 0.00332
8480.0 0.00336
8485.0 0.0034
8490.0 0.00344
8495.0 0.00348
8500.0 0.00352
8505.0 0.00357
8510.0 0.00361
8515.0 0.00365
8520.0 0.0037
8525.0 0.00374
8530.0 0.00379
8535.0 0.00383
8540.0 0.00388
8545.0 0.00393
8550.0 0.00397
8555.0 0.00402
8560.0 0.00407
8565.0 0.00411
8570.0 0.00416
8575.0 0.00421
8580.0 0.00425
8585.0 0.0043
8590.0 0.00435
8595.0 0.00439
8600.0 0.00444
8605.0 0.00448
8610.0 0.00452
8615.0 0.00457
8620.0 0.00461
8625.0 0.00465
8630.0 0.00469
8635.0 0.00473
8640.0 0.00476
8645.0 0.0048
8650.0 0.00484
8655.0 0.00487
8660.0 0.0049
8665.0 0.00493
8670.0 0.00496
8675.0 0.00499
8680.0 0.00502
8685.0 0.00504
8690.0 0.00506
8695.0 0.00509
8700.0 0.0051
8705.0 0.00512
8710.0 0.00514
8715.0 0.00515
8720.0 0.00517
8725.0 0.00518
8730.0 0.00519
8735.0 0.00519
8740.0 0.0052
8745.0 0.0052
8750.0 0.0052
8755.0 0.0052
8760.0 0.0052
8765.0 0.0052
8770.0 0.00519
8775.0 0.00519
8780.0 0.00518
8785.0 0.00517
8790.0 0.00516
8795.0 0.00515
8800.0 0.00513
8805.0 0.00512
8810.0 0.0051
8815.0 0.00508
8820.0 0.00506
8825.0 0.00504
8830.0 0.00502
8835.0 0.00499
8840.0 0.00497
8845.0 0.00495
8850.0 0.00493
8855.0 0.0049
8860.0 0.00487
8865.0 0.00485
8870.0 0.00482
8875.0 0.00479
8880.0 0.00476
8885.0 0.00473
8890.0 0.0047
8895.0 0.00467
8900.0 0.00464
8905.0 0.00461
8910.0 0.00457
8915.0 0.00454
8920.0 0.00451
8925.0 0.00448
8930.0 0.00444
8935.0 0.00441
8940.0 0.00437
8945.0 0.00434
8950.0 0.00431
8955.0 0.00427
8960.0 0.00424
8965.0 0.0042
8970.0 0.00417
8975.0 0.00413
8980.0 0.0041
8985.0 0.00407
8990.0 0.00403
8995.0 0.004
9000.0 0.00396
9005.0 0.00393
9010.0 0.00389
9015.0 0.00386
9020.0 0.00383
9025.0 0.00379
9030.0 0.00376
9035.0 0.00373
9040.0 0.00369
9045.0 0.00366
9050.0 0.00363
9055.0 0.00359
9060.0 0.00356
9065.0 0.00353
9070.0 0.0035
9075.0 0.00347
9080.0 0.00344
9085.0 0.0034
9090.0 0.00337
9095.0 0.00334
9100.0 0.00331
9105.0 0.00328
9110.0 0.00325
9115.0 0.00322
9120.0 0.00319
9125.0 0.00316
9130.0 0.00313
9135.0 0.00311
9140.0 0.00308
9145.0 0.00305
9150.0 0.00302
9155.0 0.00299
9160.0 0.00297
9165.0 0.00294
9170.0 0.00291
9175.0 0.00289
9180.0 0.00286
9185.0 0.00284
9190.0 0.00281
9195.0 0.00278
9200.0 0.00276
9205.0 0.00273
9210.0 0.00271
9215.0 0.00269
9220.0 0.00266
9225.0 0.00264
9230.0 0.00261
9235.0 0.00259
9240.0 0.00257
9245.0 0.00254
9250.0 0.00252
9255.0 0.0025
9260.0 0.00248
9265.0 0.00246
9270.0 0.00244
9275.0 0.00241
9280.0 0.00239
9285.0 0.00237
9290.0 0.00235
9295.0 0.00233
9300.0 0.00231
9305.0 0.00229
9310.0 0.00227
9315.0 0.00225
9320.0 0.00223
9325.0 0.00221
9330.0 0.00219
9335.0 0.00218
9340.0 0.00216
9345.0 0.00214
9350.0 0.00212
9355.0 0.0021
9360.0 0.00209
9365.0 0.00207
9370.0 0.00205
9375.0 0.00203
9380.0 0.00202
9385.0 0.002
9390.0 0.00198
9395.0 0.00197
9400.0 0.00195
9405.0 0.00194
9410.0 0.00192
9415.0 0.00191
9420.0 0.00189
9425.0 0.00188
9430.0 0.00186
9435.0 0.00184
9440.0 0.00183
9445.0 0.00182
9450.0 0.0018
9455.0 0.00179
9460.0 0.00177
9465.0 0.00176
9470.0 0.00175
9475.0 0.00173
9480.0 0.00172
9485.0 0.00171
9490.0 0.00169
9495.0 0.00168
9500.0 0.00167
9505.0 0.00166
9510.0 0.00164
9515.0 0.00163
9520.0 0.00162
9525.0 0.00161
9530.0 0.00159
9535.0 0.00158
9540.0 0.00157
9545.0 0.00156
9550.0 0.00155
9555.0 0.00154
9560.0 0.00152
9565.0 0.00151
9570.0 0.0015
9575.0 0.00149
9580.0 0.00148
9585.0 0.00147
9590.0 0.00146
9595.0 0.00145
9600.0 0.00144
9605.0 0.00143
9610.0 0.00142
9615.0 0.00141
9620.0 0.0014
9625.0 0.00139
9630.0 0.00138
9635.0 0.00137
9640.0 0.00136
9645.0 0.00135
9650.0 0.00135
9655.0 0.00134
9660.0 0.00133
9665.0 0.00132
9670.0 0.00131
9675.0 0.0013
9680.0 0.00129
9685.0 0.00128
9690.0 0.00128
9695.0 0.00127
9700.0 0.00126
9705.0 0.00125
9710.0 0.00124
9715.0 0.00124
9720.0 0.00123
9725.0 0.00122
9730.0 0.00121
9735.0 0.00121
9740.0 0.0012
9745.0 0.00119
9750.0 0.00118
9755.0 0.00118
9760.0 0.00117
9765.0 0.00116
9770.0 0.00115
9775.0 0.00115
9780.0 0.00114
9785.0 0.00113
9790.0 0.00113
9795.0 0.00112
9800.0 0.00111
9805.0 0.00111
9810.0 0.0011
9815.0 0.00109
9820.0 0.00109
9825.0 0.00108
9830.0 0.00108
9835.0 0.00107
9840.0 0.00106
9845.0 0.00106
9850.0 0.00105
9855.0 0.00105
9860.0 0.00104
9865.0 0.00103
9870.0 0.00103
9875.0 0.00102
9880.0 0.00102
9885.0 0.00101
9890.0 0.00101
9895.0 0.001
9900.0 0.000996
9905.0 0.00099
9910.0 0.000985
9915.0 0.00098
9920.0 0.000975
9925.0 0.00097
9930.0 0.000965
9935.0 0.00096
9940.0 0.000955
9945.0 0.00095
9950.0 0.000945
9955.0 0.00094
9960.0 0.000935
9965.0 0.000931
9970.0 0.000926
9975.0 0.000922
9980.0 0.000917
9985.0 0.000912
9990.0 0.000908
9995.0 0.000903
10000.0 0.000899
10005.0 0.000895
10010.0 0.000891
10015.0 0.000886
10020.0 0.000882
10025.0 0.000878
10030.0 0.000873
10035.0 0.00087
10040.0 0.000866
10045.0 0.000862
10050.0 0.000858
10055.0 0.000854
10060.0 0.00085
10065.0 0.000846
10070.0 0.000842
10075.0 0.000838
10080.0 0.000834
10085.0 0.000831
10090.0 0.000827
10095.0 0.000823
10100.0 0.00082
10105.0 0.000816
10110.0 1e-12
10115.0 1e-12
10120.0 1e-12
10125.0 1e-12
10130.0 1e-12
10135.0 1e-12
10140.0 1e-12
10145.0 1e-12
10150.0 1e-12
10155.0 1e-12
10160.0 1e-12
10165.0 1e-12
10170.0 1e-12
10175.0 1e-12
10180.0 1e-12
10185.0 1e-12
10190.0 1e-12
10195.0 1e-12
10200.0 1e-12
10205.0 1e-12
10210.0 1e-12
10215.0 1e-12
10220.0 1e-12
10225.0 1e-12
10230.0 1e-12
10235.0 1e-12
10240.0 1e-12
10245.0 1e-12
10250.0 1e-12
10255.0 1e-12
10260.0 1e-12
10265.0 1e-12
10270.0 1e-12
10275.0 1e-12
10280.0 1e-12
10285.0 1e-12
10290.0 1e-12
10295.0 1e-12
10300.0 1e-12
10305.0 1e-12
10310.0 1e-12
10315.0 1e-12
10320.0 1e-12
10325.0 1e-12
10330.0 1e-12
10335.0 1e-12
10340.0 1e-12
10345.0 1e-12
10350.0 1e-12
10355.0 1e-12
10360.0 1e-12
10365.0 1e-12
10370.0 1e-12
10375.0 1e-12
10380.0 1e-12
10385.0 1e-12
10390.0 1e-12
10395.0 1e-12
10400.0 1e-12
10405.0 1e-12
10410.0 1e-12
10415.0 1e-12
10420.0 1e-12
10425.0 1e-12
10430.0 1e-12
10435.0 1e-12
10440.0 1e-12
10445.0 1e-12
10450.0 1e-12
10455.0 1e-12
10460.0 1e-12
10465.0 1e-12
10470.0 1e-12
10475.0 1e-12
10480.0 1e-12
10485.0 1e-12
10490.0 1e-12
10495.0 1e-12
10500.0 1e-12
10505.0 1e-12
10510.0 1e-12
10515.0 1e-12
10520.0 1e-12
10525.0 1e-12
10530.0 1e-12
10535.0 1e-12
10540.0 1e-12
10545.0 1e-12
10550.0 1e-12
10555.0 1e-12
10560.0 1e-12
10565.0 1e-12
10570.0 1e-12
10575.0 1e-12
10580.0 1e-12
10585.0 1e-12
10590.0 1e-12
10595.0 1e-12
10600.0 1e-12
10605.0 1e-12
10610.0 1e-12
10615.0 1e-12
10620.0 1e-12
10625.0 1e-12
10630.0 1e-12
10635.0 1e-12
10640.0 1e-12
10645.0 1e-12
10650.0 1e-12
10655.0 1e-12
10660.0 1e-12
10665.0 1e-12
10670.0 1e-12
10675.0 1e-12
10680.0 1e-12
10685.0 1e-12
10690.0 1e-12
10695.0 1e-12
10700.0 1e-12
10705.0 1e-12
10710.0 1e-12
10715.0 1e-12
10720.0 1e-12
10725.0 1e-12
10730.0 1e-12
10735.0 1e-12
10740.0 1e-12
10745.0 1e-12
10750.0 1e-12
10755.0 1e-12
10760.0 1e-12
10765.0 1e-12
10770.0 1e-12
10775.0 1e-12
10780.0 1e-12
10785.0 1e-12
10790.0 1e-12
10795.0 1e-12
10800.0 1e-12
10805.0 1e-12
10810.0 1e-12
10815.0 1e-12
10820.0 1e-12
10825.0 1e-12
10830.0 1e-12
10835.0 1e-12
10840.0 1e-12
10845.0 1e-12
10850.0 1e-12
10855.0 1e-12
10860.0 1e-12
10865.0 1e-12
10870.0 1e-12
10875.0 1e-12
10880.0 1e-12
10885.0 1e-12
10890.0 1e-12
10895.0 1e-12
10900.0 1e-12
10905.0 1e-12
10910.0 1e-12
10915.0 1e-12
10920.0 1e-12
10925.0 1e-12
10930.0 1e-12
10935.0 1e-12
10940.0 1e-12
10945.0 1e-12
10950.0 1e-12
10955.0 1e-12
10960.0 1e-12
10965.0 1e-12
10970.0 1e-12
10975.0 1e-12
10980.0 1e-12
10985.0 1e-12
10990.0 1e-12
10995.0 1e-12
11000.0 1e-12
