#lamb flux
2380 6.0197e-06
2390 8.7016e-06
2400 2.7138e-06
2410 2.7824e-06
2420 2.8402e-06
2430 2.6252e-06
2440 2.2566e-06
2450 2.0686e-06
2460 1.8527e-06
2470 1.7124e-06
2480 1.5621e-06
2490 1.4048e-06
2500 1.3942e-06
2510 1.3301e-06
2520 1.2926e-06
2530 4.4997e-05
2540 0.00014036
2550 0.00025795
2560 0.0003919
2570 0.00057999
2580 0.00081436
2590 5.2103e-05
2600 0.00012671
2610 0.00021292
2620 0.00078992
2630 0.00068499
2640 0.00059583
2650 0.00055799
2660 0.00058079
2670 0.00062419
2680 0.00067284
2690 0.00071259
2700 0.00082621
2710 0.00099246
2720 0.001192
2730 0.0013924
2740 0.0013585
2750 0.0014217
2760 0.0015388
2770 0.0017004
2780 0.0018636
2790 0.0020197
2800 0.0021935
2810 0.002355
2820 0.002572
2830 0.0027003
2840 0.002621
2850 0.0024649
2860 0.0023363
2870 0.0022694
2880 0.0022269
2890 0.0021653
2900 0.0021373
2910 0.0022141
2920 0.0024412
2930 0.0027669
2940 0.0033701
2950 0.0041832
2960 0.004599
2970 0.0042984
2980 0.0035309
2990 0.0028444
3000 0.0024916
3010 0.0024906
3020 0.0027785
3030 0.0031505
3040 0.0034447
3050 0.0036577
3060 0.003812
3070 0.0038309
3080 0.0037019
3090 0.0036156
3100 0.0035903
3110 0.0034239
3120 0.0032109
3130 0.0030406
3140 0.002998
3150 0.0031073
3160 0.0033634
3170 0.0037773
3180 0.004396
3190 0.0050205
3200 0.0054776
3210 0.0057929
3220 0.0057388
3230 0.0052391
3240 0.0046335
3250 0.0041797
3260 0.0039221
3270 0.003855
3280 0.0039658
3290 0.0042802
3300 0.0048383
3310 0.0056875
3320 0.0068294
3330 0.0081812
3340 0.0092519
3350 0.009827
3360 0.0098587
3370 0.0096435
3380 0.0094942
3390 0.0093471
3400 0.0092486
3410 0.009237
3420 0.009435
3430 0.009828
3440 0.010362
3450 0.011127
3460 0.011853
3470 0.01209
3480 0.011807
3490 0.010867
3500 0.0097512
3510 0.0091255
3520 0.0089303
3530 0.0088793
3540 0.0088602
3550 0.0089748
3560 0.0091252
3570 0.0093625
3580 0.0096688
3590 0.0095146
3600 0.0090695
3610 0.0090933
3620 0.0098281
3630 0.010246
3640 0.010171
3650 0.0099522
3660 0.012384
3670 0.0086817
3680 0.012656
3690 0.0074314
3700 0.010538
3710 0.0065008
3720 0.012114
3730 0.011771
3740 0.016027
3750 0.01802
3760 0.01855
3770 0.017211
3780 0.016072
3790 0.014989
3800 0.013371
3810 0.012829
3820 0.013546
3830 0.013302
3840 0.013686
3850 0.012709
3860 0.013042
3870 0.013262
3880 0.014662
3890 0.016392
3900 0.01891
3910 0.022378
3920 0.025865
3930 0.028981
3940 0.012393
3950 0.030183
3960 0.028565
3970 0.026172
3980 0.023254
3990 0.020309
4000 0.018694
4010 0.018297
4020 0.019132
4030 0.020479
4040 0.021255
4050 0.020862
4060 0.022678
4070 0.023242
4080 0.022916
4090 0.020883
4100 0.018779
4110 0.017269
4120 0.016077
4130 0.015831
4140 0.016727
4150 0.01698
4160 0.017233
4170 0.017607
4180 0.018536
4190 0.021246
4200 0.017083
4210 0.014738
4220 0.013883
4230 0.012922
4240 0.012519
4250 0.011942
4260 0.011401
4270 0.010892
4280 0.010862
4290 0.011337
4300 0.011706
4310 0.01141
4320 0.010911
4330 0.010953
4340 0.010808
4350 0.011215
4360 0.011458
4370 0.010651
4380 0.010688
4390 0.010788
4400 0.011076
4410 0.011204
4420 0.011018
4430 0.010965
4440 0.010599
4450 0.011584
4460 0.011125
4470 0.010052
4480 0.0099091
4490 0.0097871
4500 0.0096492
4510 0.010098
4520 0.011143
4530 0.013069
4540 0.01541
4550 0.016673
4560 0.01717
4570 0.01812
4580 0.0195
4590 0.020033
4600 0.019471
4610 0.019059
4620 0.019541
4630 0.019821
4640 0.019442
4650 0.019202
4660 0.018829
4670 0.018113
4680 0.017383
4690 0.016758
4700 0.01622
4710 0.015607
4720 0.015021
4730 0.014399
4740 0.013733
4750 0.013317
4760 0.012768
4770 0.011708
4780 0.010541
4790 0.0098023
4800 0.010745
4810 0.012765
4820 0.014553
4830 0.015171
4840 0.014494
4850 0.014185
4860 0.014721
4870 0.016284
4880 0.017589
4890 0.018547
4900 0.019325
4910 0.019587
4920 0.018562
4930 0.017844
4940 0.017646
4950 0.015911
4960 0.014564
4970 0.014431
4980 0.014468
4990 0.014217
5000 0.014116
5010 0.015843
5020 0.016686
5030 0.01765
5040 0.018113
5050 0.017283
5060 0.015791
5070 0.014073
5080 0.013671
5090 0.013065
5100 0.01323
5110 0.01306
5120 0.013108
5130 0.013554
5140 0.01451
5150 0.01548
5160 0.016367
5170 0.01758
5180 0.018756
5190 0.018977
5200 0.018303
5210 0.018325
5220 0.018456
5230 0.017889
5240 0.017494
5250 0.018615
5260 0.019266
5270 0.020064
5280 0.020378
5290 0.020428
5300 0.020932
5310 0.021706
5320 0.021978
5330 0.021689
5340 0.021021
5350 0.020584
5360 0.020139
5370 0.020117
5380 0.020079
5390 0.019756
5400 0.019528
5410 0.019388
5420 0.019295
5430 0.019104
5440 0.01833
5450 0.017258
5460 0.016546
5470 0.017199
5480 0.018277
5490 0.018735
5500 0.019258
5510 0.019797
5520 0.020239
5530 0.020277
5540 0.019801
5550 0.018757
5560 0.017689
5570 0.016908
5580 0.016033
5590 0.015634
5600 0.015582
5610 0.015718
5620 0.016048
5630 0.016496
5640 0.017095
5650 0.01771
5660 0.018095
5670 0.018407
5680 0.018115
5690 0.017628
5700 0.017106
5710 0.016839
5720 0.016734
5730 0.016619
5740 0.016483
5750 0.016481
5760 0.01644
5770 0.016149
5780 0.015701
5790 0.015004
5800 0.013762
5810 0.012417
5820 0.011758
5830 0.012193
5840 0.013421
5850 0.014833
5860 0.016754
5870 0.018936
5880 0.021961
5890 0.023424
5900 0.024172
5910 0.023604
5920 0.021724
5930 0.019933
5940 0.018207
5950 0.017687
5960 0.017466
5970 0.017292
5980 0.017233
5990 0.017076
6000 0.016785
6010 0.016521
6020 0.016311
6030 0.016228
6040 0.016103
6050 0.015858
6060 0.015697
6070 0.015954
6080 0.016671
6090 0.017296
6100 0.017833
6110 0.018034
6120 0.018681
6130 0.0195
6140 0.01925
6150 0.018985
6160 0.018156
6170 0.017861
6180 0.017814
6190 0.018008
6200 0.018163
6210 0.018523
6220 0.018812
6230 0.019263
6240 0.019293
6250 0.018957
6260 0.018387
6270 0.017432
6280 0.016815
6290 0.016411
6300 0.016307
6310 0.016139
6320 0.015949
6330 0.015646
6340 0.015514
6350 0.015352
6360 0.014767
6370 0.014052
6380 0.013032
6390 0.011645
6400 0.010977
6410 0.010871
6420 0.011133
6430 0.010872
6440 0.010343
6450 0.010566
6460 0.011818
6470 0.014062
6480 0.017497
6490 0.021772
6500 0.02589
6510 0.029599
6520 0.03274
6530 0.035002
6540 0.036558
6550 0.037479
6560 0.035897
6570 0.035753
6580 0.032823
6590 0.030292
6600 0.028124
6610 0.026205
6620 0.024306
6630 0.022511
6640 0.021298
6650 0.020659
6660 0.020038
6670 0.01936
6680 0.018677
6690 0.018181
6700 0.017587
6710 0.017221
6720 0.016582
6730 0.016307
6740 0.015612
6750 0.015309
6760 0.014884
6770 0.014645
6780 0.014349
6790 0.014038
6800 0.013885
6810 0.013524
6820 0.013309
6830 0.01321
6840 0.01304
6850 0.01294
6860 0.012825
6870 0.012716
6880 0.012606
6890 0.012494
6900 0.01327
6910 0.013183
6920 0.013163
6930 0.013152
6940 0.013192
6950 0.013169
6960 0.013162
6970 0.01326
6980 0.013299
6990 0.013313
7000 0.013297
7010 0.013137
7020 0.012977
7030 0.012886
7040 0.012758
7050 0.012758
7060 0.012701
7070 0.01264
7080 0.012542
7090 0.012491
7100 0.012397
7110 0.012341
7120 0.012295
7130 0.012284
7140 0.012345
7150 0.012347
7160 0.012371
7170 0.012301
7180 0.012284
7190 0.01238
7200 0.012594
7210 0.012734
7220 0.012602
7230 0.012314
7240 0.012164
7250 0.012075
7260 0.012126
7270 0.01227
7280 0.012515
7290 0.012729
7300 0.012819
7310 0.012765
7320 0.012673
7330 0.012544
7340 0.01234
7350 0.012051
7360 0.011909
7370 0.01189
7380 0.012054
7390 0.012151
7400 0.012259
7410 0.012337
7420 0.012363
7430 0.012388
7440 0.012307
7450 0.012243
7460 0.01207
7470 0.011911
7480 0.011695
7490 0.011532
7500 0.011384
7510 0.011299
7520 0.011193
7530 0.011073
7540 0.010976
7550 0.010857
7560 0.010727
7570 0.010628
7580 0.010514
7590 0.010392
7600 0.010255
7610 0.010288
7620 0.010447
7630 0.010641
7640 0.012736
7650 0.01522
7660 0.015184
7670 0.015031
7680 0.01471
7690 0.014528
7700 0.014397
7710 0.014278
7720 0.014189
7730 0.014043
7740 0.013945
7750 0.013806
7760 0.013608
7770 0.013569
7780 0.013427
7790 0.01339
7800 0.013267
7810 0.013092
7820 0.012846
7830 0.012804
7840 0.012781
7850 0.012824
7860 0.01269
7870 0.012935
7880 0.012745
7890 0.012761
7900 0.012819
7910 0.012699
7920 0.012758
7930 0.012668
7940 0.012612
7950 0.012499
7960 0.012412
7970 0.012361
7980 0.012283
7990 0.012217
8000 0.012154
8010 0.012044
8020 0.011978
8030 0.01186
8040 0.0080669
8050 0.0079967
8060 0.0079042
8070 0.0078214
8080 0.0077329
8090 0.0076453
8100 0.0075591
8110 0.0074976
8120 0.0074396
8130 0.0073847
8140 0.0073271
8150 0.0072861
8160 0.0072619
8170 0.0072532
8180 0.0072148
8190 0.0071679
8200 0.0071117
8210 0.0070357
8220 0.0069194
8230 0.0068051
8240 0.0066799
8250 0.006513
8260 0.006316
8270 0.0059758
8280 0.0053694
8290 0.0046986
8300 0.0043419
8310 0.0038223
8320 0.0036738
8330 0.0035945
8340 0.0036575
8350 0.0038027
8360 0.0040863
8370 0.0045867
8380 0.0053197
8390 0.006105
8400 0.0069248
8410 0.0077706
8420 0.0084913
8430 0.0087615
8440 0.0086037
8450 0.0082909
8460 0.0080006
8470 0.0078714
8480 0.0099572
8490 0.0097688
8500 0.01
8510 0.010271
8520 0.010477
8530 0.01077
8540 0.011333
8550 0.011939
8560 0.012459
8570 0.013337
8580 0.014147
8590 0.014574
8600 0.015214
8610 0.0046617
8620 0.0047416
8630 0.0047686
8640 0.0047761
8650 0.00774
8660 0.0080016
8670 0.0080404
8680 0.0081747
8690 0.015362
8700 0.014916
8710 0.014434
8720 0.013912
8730 0.013335
8740 0.012729
8750 0.01214
8760 0.011544
8770 0.010967
8780 0.010395
8790 0.009752
8800 0.0091261
8810 0.0086758
8820 0.0080408
8830 0.0079483
8840 0.0082267
8850 0.0081674
8860 0.0079925
8870 0.0078678
8880 0.008388
8890 0.0081391
8900 0.0080745
8910 0.0078988
8920 0.0079945
8930 0.0083406
8940 0.0085444
8950 0.0082767
8960 0.0081877
8970 0.0087575
8980 0.0092092
8990 0.0064548
9000 0.0065219
9010 0.0066315
9020 0.006759
9030 0.0068843
9040 0.0069902
9050 0.0037185
9060 0.00372646
9070 0.00373442
9080 0.00374238
9090 0.003750341
9100 0.003758301
9110 0.003766261
9120 0.003774221
9130 0.003782181
9140 0.003790141
9150 0.003798101
9160 0.003806062
9170 0.003814022
9180 0.003821982
9190 0.003829942
9200 0.003837902
9210 0.003845862
9220 0.003853823
9230 0.003861783
9240 0.003869743
9250 0.003877703
9260 0.003885663
9270 0.003893623
9280 0.003901583
9290 0.003909544
9300 0.003917504
9310 0.003925464
9320 0.003933424
9330 0.003941384
9340 0.003949344
9350 0.003957304
9360 0.003965265
9370 0.003973225
9380 0.003981185
9390 0.003989145
9400 0.003997105
9410 0.004005065
9420 0.004013025
9430 0.004020986
9440 0.004028946
9450 0.004036906
9460 0.004044866
9470 0.004052826
9480 0.004060786
9490 0.004068746
9500 0.004076707
9510 0.004084667
9520 0.004092627
9530 0.004100587
9540 0.004108547
9550 0.004116507
9560 0.004124468
9570 0.004132428
9580 0.004140388
9590 0.004148348
9600 0.004156308
9610 0.004164268
9620 0.004172228
9630 0.004180189
9640 0.004188149
9650 0.004196109
9660 0.004204069
9670 0.004212029
9680 0.004219989
9690 0.004227949
9700 0.00423591
9710 0.00424387
9720 0.00425183
9730 0.00425979
9740 0.00426775
9750 0.00427571
9760 0.00428367
9770 0.004291631
9780 0.004299591
9790 0.004307551
9800 0.004315511
9810 0.004323471
9820 0.004331431
9830 0.004339391
9840 0.004347352
9850 0.004355312
9860 0.004363272
9870 0.004371232
9880 0.004379192
9890 0.004387152
9900 0.004395113
9910 0.004403073
9920 0.004411033
9930 0.004418993
9940 0.004426953
9950 0.004434913
9960 0.004442873
9970 0.004450834
9980 0.004458794
9990 0.004466754
10000 0.004474714
10010 0.004482674
10020 0.004490634
10030 0.004498594
10040 0.004506555
10050 0.004514515
10060 0.004522475
10070 0.004530435
10080 0.004538395
10090 0.004546355
10100 0.004554315
10110 0.004562276
10120 0.004570236
10130 0.004578196
10140 0.004586156
10150 0.004594116
10160 0.004602076
10170 0.004610036
10180 0.004617997
10190 0.004625957
10200 0.004633917
10210 0.004641877
10220 0.004649837
10230 0.004657797
10240 0.004665758
10250 0.004673718
10260 0.004681678
10270 0.004689638
10280 0.004697598
10290 0.004705558
10300 0.004713518
10310 0.004721479
10320 0.004729439
10330 0.004737399
10340 0.004745359
10350 0.004753319
10360 0.004761279
10370 0.004769239
10380 0.0047772
10390 0.00478516
10400 0.00479312
10410 0.00480108
10420 0.00480904
10430 0.004817
10440 0.00482496
10450 0.004832921
10460 0.004840881
10470 0.004848841
10480 0.004856801
10490 0.004864761
10500 0.004872721
10510 0.004880681
10520 0.004888642
10530 0.004896602
10540 0.004904562
10550 0.004912522
10560 0.004920482
10570 0.004928442
10580 0.004936403
10590 0.004944363
10600 0.004952323
10610 0.004960283
10620 0.004968243
10630 0.004976203
10640 0.004984163
10650 0.004992124
10660 0.005000084
10670 0.005008044
10680 0.005016004
10690 0.005023964
10700 0.005031924
10710 0.005039884
10720 0.005047845
10730 0.005055805
10740 0.005063765
10750 0.005071725
10760 0.005079685
10770 0.005087645
10780 0.005095605
10790 0.005103566
10800 0.005111526
10810 0.005119486
10820 0.005127446
10830 0.005135406
10840 0.005143366
10850 0.005151327
10860 0.005159287
10870 0.005167247
10880 0.005175207
10890 0.005183167
10900 0.005191127
10910 0.005199087
10920 0.005207048
10930 0.005215008
10940 0.005222968
10950 0.005230928
10960 0.005238888
10970 0.005246848
10980 0.005254808
10990 0.005262769
11000 0.005270729
11010 0.005278689
11020 0.005286649
11030 0.005294609
11040 0.005302569
11050 0.005310529
11060 0.00531849
11070 0.00532645
11080 0.00533441
11090 0.00534237
11100 0.00535033
11110 0.00535829
11120 0.00536625
11130 0.005374211
11140 0.005382171
11150 0.005390131
11160 0.005398091
11170 0.005406051
11180 0.005414011
11190 0.005421972
11200 0.005429932
11210 0.005437892
11220 0.005445852
11230 0.005453812
11240 0.005461772
11250 0.005469732
11260 0.005477693
11270 0.005485653
11280 0.005493613
11290 0.005501573
11300 0.005509533
11310 0.005517493
11320 0.005525453
11330 0.005533414
11340 0.005541374
11350 0.005549334
11360 0.005557294
11370 0.005565254
11380 0.005573214
11390 0.005581174
11400 0.005589135
11410 0.005597095
11420 0.005605055
11430 0.005613015
11440 0.005620975
11450 0.005628935
11460 0.005636895
11470 0.005644856
11480 0.005652816
11490 0.005660776
11500 0.005668736
11510 0.005676696
11520 0.005684656
11530 0.005692617
11540 0.005700577
11550 0.005708537
11560 0.005716497
11570 0.005724457
11580 0.005732417
11590 0.005740377
11600 0.005748338
11610 0.005756298
11620 0.005764258
11630 0.005772218
11640 0.005780178
11650 0.005788138
11660 0.005796098
11670 0.005804059
11680 0.005812019
11690 0.005819979
11700 0.005827939
11710 0.005835899
11720 0.005843859
11730 0.005851819
11740 0.00585978
11750 0.00586774
11760 0.0058757
11770 0.00588366
11780 0.00589162
11790 0.00589958
11800 0.00590754
11810 0.005915501
11820 0.005923461
11830 0.005931421
11840 0.005939381
11850 0.005947341
11860 0.005955301
11870 0.005963262
11880 0.005971222
11890 0.005979182
11900 0.005987142
11910 0.005995102
11920 0.006003062
11930 0.006001668
11940 0.006000275
11950 0.005998882
11960 0.005997488
11970 0.005996095
11980 0.005994701
11990 0.005993308
