#lamb flux
2080 0.00015065
2090 8.6264e-05
2100 5.185e-05
2110 5.8518e-05
2120 7.8991e-05
2130 5.9366e-05
2140 4.668e-05
2150 6.8721e-05
2160 7.5437e-05
2170 6.984e-05
2180 7.524e-05
2190 8.8602e-05
2200 0.00012986
2210 5.4516e-05
2220 0.00019139
2230 0.00019966
2240 0.00018233
2250 0.00016464
2260 0.00014989
2270 0.00011802
2280 1.7477e-05
2290 6.3485e-05
2300 3.9953e-05
2310 1.1077e-05
2320 1.8071e-05
2330 7.8813e-05
2340 0.0001816
2350 0.00025849
2360 0.0002916
2370 0.00034396
2380 0.00037858
2390 0.00037887
2400 0.00039472
2410 0.00042851
2420 0.00047813
2430 0.00048473
2440 0.0004644
2450 0.00048979
2460 0.00046762
2470 0.00044638
2480 0.00042198
2490 0.00039525
2500 9.201e-05
2510 0.00039956
2520 0.00040515
2530 0.00053222
2540 0.00083269
2550 0.0014676
2560 0.002326
2570 0.0027921
2580 0.002797
2590 0.0028664
2600 0.0030767
2610 0.0028145
2620 0.0024968
2630 0.0022106
2640 0.0019677
2650 0.0019049
2660 0.0019644
2670 0.0022291
2680 0.0023923
2690 0.0023916
2700 0.0026774
2710 0.0033436
2720 0.004521
2730 0.0055639
2740 0.005023
2750 0.005054
2760 0.0052323
2770 0.0054589
2780 0.0058183
2790 0.0063964
2800 0.0075033
2810 0.008441
2820 0.0086468
2830 0.0080771
2840 0.0074596
2850 0.0071818
2860 0.0071844
2870 0.0070435
2880 0.0069554
2890 0.0072413
2900 0.0079688
2910 0.0091557
2920 0.011545
2930 0.015851
2940 0.021376
2950 0.023651
2960 0.021217
2970 0.017202
2980 0.014211
2990 0.012645
3000 0.012458
3010 0.013258
3020 0.01425
3030 0.015084
3040 0.015866
3050 0.016554
3060 0.016745
3070 0.016669
3080 0.016625
3090 0.016263
3100 0.015406
3110 0.014163
3120 0.013272
3130 0.01292
3140 0.013173
3150 0.014069
3160 0.015779
3170 0.018105
3180 0.020513
3190 0.022703
3200 0.024578
3210 0.024268
3220 0.02181
3230 0.019422
3240 0.017576
3250 0.016345
3260 0.015787
3270 0.015993
3280 0.017042
3290 0.019314
3300 0.022745
3310 0.026717
3320 0.030078
3330 0.032421
3340 0.034013
3350 0.034984
3360 0.036106
3370 0.037146
3380 0.038093
3390 0.038944
3400 0.040234
3410 0.04208
3420 0.044717
3430 0.048386
3440 0.053456
3450 0.05882
3460 0.062183
3470 0.06356
3480 0.061656
3490 0.057689
3500 0.054507
3510 0.034669
3520 0.034916
3530 0.034817
3540 0.034357
3550 0.04573
3560 0.046215
3570 0.046616
3580 0.046693
3590 0.045316
3600 0.047128
3610 0.048527
3620 0.049075
3630 0.049338
3640 0.04921
3650 0.046769
3660 0.048102
3670 0.048255
3680 0.049423
3690 0.056384
3700 0.062729
3710 0.068989
3720 0.069788
3730 0.070703
3740 0.068877
3750 0.068491
3760 0.072651
3770 0.072292
3780 0.0651
3790 0.055218
3800 0.044814
3810 0.036763
3820 0.033758
3830 0.032728
3840 0.034789
3850 0.040492
3860 0.044095
3870 0.050179
3880 0.055845
3890 0.068229
3900 0.08214
3910 0.094984
3920 0.099719
3930 0.1002
3940 0.10197
3950 0.098716
3960 0.099025
3970 0.098878
3980 0.09858
3990 0.094239
4000 0.08922
4010 0.087411
4020 0.092016
4030 0.095333
4040 0.098177
4050 0.097716
4060 0.096016
4070 0.092747
4080 0.0878
4090 0.086018
4100 0.09027
4110 0.089754
4120 0.08768
4130 0.08536
4140 0.08372
4150 0.082837
4160 0.078999
4170 0.072936
4180 0.06725
4190 0.064163
4200 0.061732
4210 0.06103
4220 0.05995
4230 0.060265
4240 0.062578
4250 0.067223
4260 0.074533
4270 0.081319
4280 0.083298
4290 0.084176
4300 0.085805
4310 0.087334
4320 0.08878
4330 0.088637
4340 0.090996
4350 0.089761
4360 0.088962
4370 0.084498
4380 0.080114
4390 0.077463
4400 0.07373
4410 0.071662
4420 0.068798
4430 0.066715
4440 0.067325
4450 0.067644
4460 0.067786
4470 0.071343
4480 0.076939
4490 0.08175
4500 0.089568
4510 0.094753
4520 0.098537
4530 0.10074
4540 0.10474
4550 0.10627
4560 0.11065
4570 0.11174
4580 0.11358
4590 0.11135
4600 0.10973
4610 0.1105
4620 0.10739
4630 0.10389
4640 0.10078
4650 0.097226
4660 0.093104
4670 0.087891
4680 0.083067
4690 0.07976
4700 0.07701
4710 0.074269
4720 0.070736
4730 0.066162
4740 0.067259
4750 0.072586
4760 0.079323
4770 0.089259
4780 0.09495
4790 0.097662
4800 0.097474
4810 0.096726
4820 0.097688
4830 0.10304
4840 0.10656
4850 0.11204
4860 0.10803
4870 0.10254
4880 0.095641
4890 0.090098
4900 0.09171
4910 0.089961
4920 0.091742
4930 0.096676
4940 0.1015
4950 0.098587
4960 0.098515
4970 0.097463
4980 0.096594
4990 0.093909
5000 0.095433
5010 0.095695
5020 0.095725
5030 0.087912
5040 0.080724
5050 0.076828
5060 0.076669
5070 0.078817
5080 0.080508
5090 0.083097
5100 0.087335
5110 0.089449
5120 0.091047
5130 0.092367
5140 0.093574
5150 0.093324
5160 0.093142
5170 0.092747
5180 0.093349
5190 0.090704
5200 0.093428
5210 0.093865
5220 0.094718
5230 0.094853
5240 0.09607
5250 0.096434
5260 0.095688
5270 0.096683
5280 0.09517
5290 0.094901
5300 0.094325
5310 0.092983
5320 0.093952
5330 0.092675
5340 0.090412
5350 0.088609
5360 0.087165
5370 0.084609
5380 0.08318
5390 0.081803
5400 0.081484
5410 0.081528
5420 0.081702
5430 0.080846
5440 0.079607
5450 0.078455
5460 0.078185
5470 0.077033
5480 0.076434
5490 0.075092
5500 0.074619
5510 0.074516
5520 0.074926
5530 0.074021
5540 0.072878
5550 0.072504
5560 0.069914
5570 0.068605
5580 0.068422
5590 0.068443
5600 0.068576
5610 0.06786
5620 0.067374
5630 0.06695
5640 0.066524
5650 0.066927
5660 0.065113
5670 0.064832
5680 0.063787
5690 0.064498
5700 0.064652
5710 0.064918
5720 0.065254
5730 0.064644
5740 0.064659
5750 0.0646
5760 0.063912
5770 0.06408
5780 0.064138
5790 0.065049
5800 0.065366
5810 0.065846
5820 0.066059
5830 0.066291
5840 0.066596
5850 0.066441
5860 0.066202
5870 0.066018
5880 0.066367
5890 0.065097
5900 0.064648
5910 0.066738
5920 0.066179
5930 0.065903
5940 0.066312
5950 0.065403
5960 0.065571
5970 0.065065
5980 0.065092
5990 0.065647
6000 0.064073
6010 0.063361
6020 0.063707
6030 0.064037
6040 0.064444
6050 0.06418
6060 0.065012
6070 0.064583
6080 0.06313
6090 0.062871
6100 0.061891
6110 0.062272
6120 0.062738
6130 0.063388
6140 0.063886
6150 0.064281
6160 0.063622
6170 0.063571
6180 0.062736
6190 0.061696
6200 0.060302
6210 0.059148
6220 0.05919
6230 0.058176
6240 0.058405
6250 0.056095
6260 0.055436
6270 0.054802
6280 0.054061
6290 0.051969
6300 0.050961
6310 0.0483
6320 0.044105
6330 0.040927
6340 0.038031
6350 0.036394
6360 0.036161
6370 0.036638
6380 0.039289
6390 0.042737
6400 0.046982
6410 0.053829
6420 0.06172
6430 0.069019
6440 0.076283
6450 0.080098
6460 0.082834
6470 0.086447
6480 0.088781
6490 0.089316
6500 0.089667
6510 0.09024
6520 0.090516
6530 0.089122
6540 0.087484
6550 0.086326
6560 0.0848
6570 0.084797
6580 0.080688
6590 0.079023
6600 0.075469
6610 0.073609
6620 0.071169
6630 0.069126
6640 0.066868
6650 0.064667
6660 0.062513
6670 0.060566
6680 0.059382
6690 0.057098
6700 0.055443
6710 0.054087
6720 0.053343
6730 0.051623
6740 0.050711
6750 0.049363
6760 0.048775
6770 0.047875
6780 0.04729
6790 0.046938
6800 0.046697
6810 0.04586
6820 0.045511
6830 0.045457
6840 0.044932
6850 0.044826
6860 0.044742
6870 0.044349
6880 0.044511
6890 0.044594
6900 0.04427
6910 0.044102
6920 0.044417
6930 0.043875
6940 0.043718
6950 0.043729
6960 0.043714
6970 0.043637
6980 0.043048
6990 0.043051
7000 0.042861
7010 0.042908
7020 0.043063
7030 0.042577
7040 0.042437
7050 0.042316
7060 0.042339
7070 0.042477
7080 0.04256
7090 0.042662
7100 0.042726
7110 0.042726
7120 0.042745
7130 0.042735
7140 0.042592
7150 0.04272
7160 0.04292
7170 0.042682
7180 0.043155
7190 0.043137
7200 0.043463
7210 0.043314
7220 0.043261
7230 0.043622
7240 0.043431
7250 0.043521
7260 0.043262
7270 0.043213
7280 0.043293
7290 0.043867
7300 0.043413
7310 0.043656
7320 0.043686
7330 0.043627
7340 0.043892
7350 0.044078
7360 0.044071
7370 0.044237
7380 0.044397
7390 0.0448
7400 0.044705
7410 0.04462
7420 0.044523
7430 0.044369
7440 0.044183
7450 0.04393
7460 0.043659
7470 0.043302
7480 0.042831
7490 0.04233
7500 0.041802
7510 0.041262
7520 0.040697
7530 0.040095
7540 0.039501
7550 0.038965
7560 0.038342
7570 0.037778
7580 0.037304
7590 0.036626
7600 0.035996
7610 0.035236
7620 0.034546
7630 0.033909
7640 0.033492
7650 0.033014
7660 0.032523
7670 0.032061
7680 0.031331
7690 0.03089
7700 0.030689
7710 0.030394
7720 0.029822
7730 0.029691
7740 0.029344
7750 0.02892
7760 0.028604
7770 0.028166
7780 0.028011
7790 0.027572
7800 0.026901
7810 0.026736
7820 0.02609
7830 0.025316
7840 0.024959
7850 0.024345
7860 0.023615
7870 0.023105
7880 0.022875
7890 0.022358
7900 0.021844
7910 0.021618
7920 0.020951
7930 0.020356
7940 0.019949
7950 0.019725
7960 0.019158
7970 0.018607
7980 0.018387
7990 0.017815
8000 0.017223
8010 0.016956
8020 0.01665
8030 0.016117
8040 0.015603
8050 0.015302
8060 0.015003
8070 0.014469
8080 0.021733
8090 0.021517
8100 0.01941
8110 0.018111
8120 0.021182
8130 0.020474
8140 0.020509
8150 0.019789
8160 0.015388
8170 0.015083
8180 0.01432
8190 0.013346
8200 0.012348
8210 0.011393
8220 0.010294
8230 0.0093447
8240 0.0084834
8250 0.0076174
8260 0.0069089
8270 0.0062094
8280 0.0057836
8290 0.0052952
8300 0.0050652
8310 0.0049472
8320 0.0049435
8330 0.0050991
8340 0.0054753
8350 0.0057115
8360 0.0060807
8370 0.0062742
8380 0.0065381
8390 0.0066204
8400 0.0066906
8410 0.0066751
8420 0.0066319
8430 0.0065716
8440 0.0066147
8450 0.0066783
8460 0.0060296
8470 0.0070975
8480 0.00673
8490 0.0064861
8500 0.0066901
8510 0.0068574
8520 0.0070567
8530 0.0072954
8540 0.0074784
8550 0.0081884
8560 0.0080663
8570 0.0081797
8580 0.0078982
8590 0.0076635
8600 0.0069638
8610 0.0071432
8620 0.0069699
8630 0.0063448
8640 0.0063842
8650 0.0061333
8660 0.0065419
8670 0.0064989
8680 0.005677
8690 0.0060143
8700 0.0062215
8710 0.0063949
8720 0.0060962
8730 0.0058113
8740 0.0055504
8750 0.005242
8760 0.0050306
8770 0.0047567
8780 0.004506
8790 0.0042722
8800 0.0040404
8810 0.0038276
8820 0.003627
8830 0.0028446
8840 0.0032757
8850 0.0031306
8860 0.0029822
8870 0.0028826
8880 0.0027697
8890 0.0026525
8900 0.0025556
8910 0.0024588
8920 0.0023358
8930 0.0022859
8940 0.0019258
8950 0.0019853
8960 0.0020547
8970 0.0019896
8980 0.0019308
8990 0.0018474
9000 0.0017766
9010 0.0016691
9020 0.0016409
9030 0.0014315
9040 0.0014442
9050 0.00143705
9060 0.001576838
9070 0.001716625
9080 0.001856413
9090 0.001996201
9100 0.002135988
9110 0.002275776
9120 0.002415564
9130 0.002555351
9140 0.002695139
9150 0.002834927
9160 0.002974714
9170 0.003114502
9180 0.00325429
9190 0.003394077
9200 0.003533865
9210 0.003673653
9220 0.00381344
9230 0.003953228
9240 0.004093016
9250 0.004232803
9260 0.004372591
9270 0.004512379
9280 0.004652166
9290 0.004791954
9300 0.004931742
9310 0.005071529
9320 0.005211317
9330 0.005351105
9340 0.005490892
9350 0.00563068
9360 0.005770468
9370 0.005910255
9380 0.006050043
9390 0.006189831
9400 0.006329619
9410 0.006469406
9420 0.006609194
9430 0.006748982
9440 0.006888769
9450 0.007028557
9460 0.007168345
9470 0.007308132
9480 0.00744792
9490 0.007587708
9500 0.007727495
9510 0.007867283
9520 0.008007071
9530 0.008146858
9540 0.008286646
9550 0.008426434
9560 0.008566221
9570 0.008706009
9580 0.008845797
9590 0.008985584
9600 0.009125372
9610 0.00926516
9620 0.009404947
9630 0.009544735
9640 0.009684523
9650 0.00982431
9660 0.009964098
9670 0.01010389
9680 0.01024367
9690 0.01038346
9700 0.01052325
9710 0.01066304
9720 0.01080282
9730 0.01094261
9740 0.0110824
9750 0.01122219
9760 0.01136197
9770 0.01150176
9780 0.01164155
9790 0.01178134
9800 0.01192113
9810 0.01206091
9820 0.0122007
9830 0.01234049
9840 0.01248028
9850 0.01262006
9860 0.01275985
9870 0.01289964
9880 0.01303943
9890 0.01317921
9900 0.013319
9910 0.01345879
9920 0.01359858
9930 0.01373837
9940 0.01387815
9950 0.01401794
9960 0.01415773
9970 0.01429752
9980 0.0144373
9990 0.01457709
10000 0.01471688
10010 0.01485667
10020 0.01499645
10030 0.01513624
10040 0.01527603
10050 0.01541582
10060 0.0155556
10070 0.01569539
10080 0.01583518
10090 0.01597497
10100 0.01611476
10110 0.01625454
10120 0.01639433
10130 0.01653412
10140 0.01667391
10150 0.01681369
10160 0.01695348
10170 0.01709327
10180 0.01723306
10190 0.01737284
10200 0.01751263
10210 0.01765242
10220 0.01779221
10230 0.017932
10240 0.01807178
10250 0.01821157
10260 0.01835136
10270 0.01849115
10280 0.01863093
10290 0.01877072
10300 0.01891051
10310 0.0190503
10320 0.01919008
10330 0.01932987
10340 0.01946966
10350 0.01960945
10360 0.01974923
10370 0.01988902
10380 0.02002881
10390 0.0201686
10400 0.02030839
10410 0.02044817
10420 0.02058796
10430 0.02072775
10440 0.02086754
10450 0.02100732
10460 0.02114711
10470 0.0212869
10480 0.02142669
10490 0.02156647
10500 0.02170626
10510 0.02184605
10520 0.02198584
10530 0.02212563
10540 0.02226541
10550 0.0224052
10560 0.02254499
10570 0.02268478
10580 0.02282456
10590 0.02296435
10600 0.02310414
10610 0.02324393
10620 0.02338371
10630 0.0235235
10640 0.02366329
10650 0.02380308
10660 0.02394287
10670 0.02408265
10680 0.02422244
10690 0.02436223
10700 0.02450202
10710 0.0246418
10720 0.02478159
10730 0.02492138
10740 0.02506117
10750 0.02520095
10760 0.02534074
10770 0.02548053
10780 0.02562032
10790 0.0257601
10800 0.02589989
10810 0.02603968
10820 0.02617947
10830 0.02631926
10840 0.02645904
10850 0.02659883
10860 0.02673862
10870 0.02687841
10880 0.02701819
10890 0.02715798
10900 0.02729777
10910 0.02743756
10920 0.02757734
10930 0.02771713
10940 0.02785692
10950 0.02799671
10960 0.0281365
10970 0.02827628
10980 0.02841607
10990 0.02855586
11000 0.02869565
11010 0.02883543
11020 0.02897522
11030 0.02911501
11040 0.0292548
11050 0.02939458
11060 0.02953437
11070 0.02967416
11080 0.02981395
11090 0.02995374
11100 0.03009352
11110 0.03023331
11120 0.0303731
11130 0.03051289
11140 0.03065267
11150 0.03079246
11160 0.03093225
11170 0.03107204
11180 0.03121182
11190 0.03135161
11200 0.0314914
11210 0.03163119
11220 0.03177097
11230 0.03191076
11240 0.03205055
11250 0.03219034
11260 0.03233013
11270 0.03246991
11280 0.0326097
11290 0.03274949
11300 0.03288928
11310 0.03302906
11320 0.03316885
11330 0.03330864
11340 0.03344843
11350 0.03358821
11360 0.033728
11370 0.03386779
11380 0.03400758
11390 0.03414737
11400 0.03428715
11410 0.03442694
11420 0.03456673
11430 0.03470652
11440 0.0348463
11450 0.03498609
11460 0.03512588
11470 0.03526567
11480 0.03540545
11490 0.03554524
11500 0.03568503
11510 0.03582482
11520 0.0359646
11530 0.03610439
11540 0.03624418
11550 0.03638397
11560 0.03652376
11570 0.03666354
11580 0.03680333
11590 0.03694312
11600 0.03708291
11610 0.03722269
11620 0.03736248
11630 0.03750227
11640 0.03764206
11650 0.03778184
11660 0.03792163
11670 0.03806142
11680 0.03820121
11690 0.038341
11700 0.03848078
11710 0.03862057
11720 0.03876036
11730 0.03890015
11740 0.03903993
11750 0.03917972
11760 0.03931951
11770 0.0394593
11780 0.03959908
11790 0.03973887
11800 0.03987866
11810 0.04001845
11820 0.04015824
11830 0.04029802
11840 0.04043781
11850 0.0405776
11860 0.04071739
11870 0.04085717
11880 0.04099696
11890 0.04113675
11900 0.04127654
11910 0.04141632
11920 0.04155611
11930 0.04154646
11940 0.04153682
11950 0.04152717
11960 0.04151752
11970 0.04150788
11980 0.04149823
11990 0.04148859
