#lamb flux
2310 0.0027287
2320 0.0032786
2330 0.0040927
2340 0.0049556
2350 0.0053528
2360 0.0059206
2370 0.0062384
2380 0.006421
2390 0.0065533
2400 0.0068064
2410 0.0071613
2420 0.0076478
2430 0.0073878
2440 0.007209
2450 0.0075827
2460 0.0075041
2470 0.0074959
2480 0.0072957
2490 0.0069941
2500 0.0069483
2510 0.0067723
2520 0.0066872
2530 0.0081864
2540 0.012282
2550 0.01759
2560 0.019006
2570 0.01858
2580 0.019033
2590 0.020192
2600 0.020664
2610 0.019118
2620 0.017189
2630 0.015384
2640 0.013767
2650 0.013428
2660 0.013512
2670 0.015702
2680 0.016121
2690 0.015867
2700 0.018948
2710 0.026072
2720 0.030239
2730 0.029496
2740 0.028746
2750 0.027255
2760 0.026758
2770 0.026715
2780 0.028742
2790 0.032944
2800 0.03825
2810 0.03832
2820 0.035621
2830 0.032439
2840 0.030775
2850 0.03022
2860 0.02973
2870 0.028559
2880 0.029487
2890 0.030812
2900 0.035343
2910 0.044938
2920 0.059665
2930 0.07746
2940 0.088538
2950 0.083566
2960 0.073575
2970 0.06465
2980 0.059295
2990 0.057132
3000 0.056083
3010 0.054587
3020 0.053528
3030 0.053984
3040 0.054919
3050 0.056558
3060 0.05704
3070 0.055288
3080 0.053178
3090 0.050603
3100 0.046633
3110 0.043257
3120 0.042185
3130 0.043455
3140 0.047073
3150 0.051356
3160 0.056727
3170 0.062952
3180 0.071062
3190 0.07721
3200 0.080385
3210 0.076565
3220 0.069013
3230 0.062253
3240 0.056511
3250 0.052258
3260 0.050703
3270 0.052096
3280 0.05554
3290 0.059853
3300 0.063423
3310 0.068774
3320 0.070294
3330 0.072496
3340 0.07616
3350 0.079497
3360 0.081851
3370 0.083395
3380 0.085278
3390 0.088313
3400 0.093661
3410 0.10164
3420 0.11213
3430 0.12392
3440 0.13478
3450 0.14215
3460 0.14555
3470 0.14408
3480 0.13982
3490 0.13411
3500 0.077647
3510 0.077834
3520 0.077891
3530 0.078063
3540 0.078278
3550 0.078322
3560 0.078797
3570 0.078938
3580 0.079361
3590 0.079607
3600 0.079774
3610 0.079304
3620 0.079621
3630 0.079432
3640 0.079598
3650 0.078695
3660 0.078823
3670 0.078481
3680 0.079127
3690 0.07946
3700 0.08089
3710 0.081092
3720 0.080917
3730 0.083487
3740 0.082185
3750 0.082709
3760 0.081532
3770 0.080592
3780 0.078271
3790 0.076608
3800 0.074512
3810 0.075036
3820 0.075475
3830 0.073364
3840 0.072423
3850 0.073545
3860 0.071652
3870 0.071658
3880 0.07304
3890 0.076547
3900 0.079268
3910 0.081707
3920 0.081344
3930 0.080521
3940 0.084828
3950 0.086588
3960 0.084703
3970 0.081345
3980 0.08006
3990 0.078556
4000 0.075302
4010 0.075126
4020 0.075979
4030 0.077059
4040 0.076452
4050 0.077136
4060 0.077027
4070 0.076647
4080 0.077089
4090 0.076664
4100 0.076296
4110 0.075096
4120 0.074286
4130 0.072575
4140 0.07096
4150 0.069182
4160 0.067761
4170 0.066118
4180 0.065469
4190 0.064359
4200 0.063158
4210 0.061336
4220 0.060206
4230 0.059409
4240 0.058286
4250 0.06016
4260 0.06327
4270 0.067065
4280 0.069675
4290 0.070095
4300 0.070236
4310 0.07316
4320 0.073946
4330 0.073411
4340 0.072352
4350 0.070181
4360 0.067982
4370 0.065346
4380 0.063054
4390 0.061871
4400 0.060517
4410 0.058734
4420 0.058406
4430 0.059051
4440 0.05879
4450 0.058337
4460 0.057739
4470 0.057933
4480 0.058383
4490 0.058514
4500 0.058728
4510 0.058809
4520 0.059129
4530 0.058725
4540 0.059233
4550 0.058572
4560 0.058418
4570 0.05778
4580 0.057367
4590 0.056633
4600 0.055913
4610 0.054989
4620 0.054009
4630 0.053635
4640 0.051932
4650 0.049996
4660 0.048819
4670 0.047987
4680 0.047167
4690 0.046114
4700 0.045363
4710 0.044643
4720 0.044652
4730 0.043982
4740 0.041972
4750 0.042457
4760 0.044467
4770 0.047472
4780 0.050713
4790 0.0538
4800 0.054871
4810 0.056176
4820 0.058113
4830 0.059174
4840 0.059155
4850 0.058463
4860 0.057355
4870 0.055478
4880 0.053388
4890 0.053264
4900 0.052832
4910 0.051681
4920 0.050362
4930 0.049935
4940 0.050078
4950 0.049515
4960 0.04898
4970 0.048506
4980 0.04795
4990 0.047517
5000 0.046263
5010 0.045298
5020 0.044378
5030 0.044599
5040 0.044032
5050 0.043295
5060 0.042377
5070 0.042208
5080 0.042837
5090 0.043404
5100 0.0438
5110 0.044028
5120 0.044434
5130 0.044337
5140 0.044641
5150 0.044869
5160 0.044971
5170 0.045133
5180 0.045047
5190 0.045091
5200 0.045191
5210 0.044904
5220 0.04502
5230 0.044988
5240 0.044813
5250 0.045131
5260 0.045
5270 0.04488
5280 0.04453
5290 0.044369
5300 0.044256
5310 0.043809
5320 0.043454
5330 0.042896
5340 0.042605
5350 0.04225
5360 0.041898
5370 0.041788
5380 0.041669
5390 0.041595
5400 0.041348
5410 0.041124
5420 0.041038
5430 0.041019
5440 0.040897
5450 0.040528
5460 0.040429
5470 0.04
5480 0.03968
5490 0.039448
5500 0.039197
5510 0.038786
5520 0.038561
5530 0.038304
5540 0.03808
5550 0.037864
5560 0.037895
5570 0.03806
5580 0.037833
5590 0.037695
5600 0.037704
5610 0.037626
5620 0.037582
5630 0.037461
5640 0.03767
5650 0.037554
5660 0.037521
5670 0.037532
5680 0.037587
5690 0.037733
5700 0.038256
5710 0.037978
5720 0.037487
5730 0.03753
5740 0.037417
5750 0.037642
5760 0.03803
5770 0.038116
5780 0.038138
5790 0.038225
5800 0.038696
5810 0.039269
5820 0.039248
5830 0.039311
5840 0.039568
5850 0.039372
5860 0.03932
5870 0.038975
5880 0.038023
5890 0.036927
5900 0.036565
5910 0.03714
5920 0.037239
5930 0.036902
5940 0.03668
5950 0.036539
5960 0.036217
5970 0.036119
5980 0.035721
5990 0.035537
6000 0.035128
6010 0.0349
6020 0.034603
6030 0.034359
6040 0.034068
6050 0.033698
6060 0.033576
6070 0.033311
6080 0.032987
6090 0.032578
6100 0.032464
6110 0.03222
6120 0.032018
6130 0.031818
6140 0.031518
6150 0.031173
6160 0.030708
6170 0.030433
6180 0.03028
6190 0.02998
6200 0.029631
6210 0.029105
6220 0.028404
6230 0.027811
6240 0.027298
6250 0.027128
6260 0.026964
6270 0.026729
6280 0.026467
6290 0.026932
6300 0.026701
6310 0.027023
6320 0.027459
6330 0.027093
6340 0.025916
6350 0.02602
6360 0.02532
6370 0.026011
6380 0.025173
6390 0.024277
6400 0.025226
6410 0.027366
6420 0.029957
6430 0.032791
6440 0.034655
6450 0.035231
6460 0.035964
6470 0.037208
6480 0.037711
6490 0.038542
6500 0.039426
6510 0.040897
6520 0.042312
6530 0.042731
6540 0.042014
6550 0.04128
6560 0.040248
6570 0.039601
6580 0.037916
6590 0.037131
6600 0.035812
6610 0.03452
6620 0.0333
6630 0.032083
6640 0.030862
6650 0.029917
6660 0.028577
6670 0.027561
6680 0.026691
6690 0.025992
6700 0.025105
6710 0.024369
6720 0.023781
6730 0.023213
6740 0.022725
6750 0.02239
6760 0.021901
6770 0.021638
6780 0.021293
6790 0.020839
6800 0.020768
6810 0.020456
6820 0.020219
6830 0.020361
6840 0.020194
6850 0.020103
6860 0.020405
6870 0.020199
6880 0.02032
6890 0.02042
6900 0.020531
6910 0.020732
6920 0.020709
6930 0.020724
6940 0.020624
6950 0.020775
6960 0.021065
6970 0.021293
6980 0.021276
6990 0.021439
7000 0.021419
7010 0.021336
7020 0.021499
7030 0.02133
7040 0.021622
7050 0.021644
7060 0.021741
7070 0.021899
7080 0.021806
7090 0.022023
7100 0.022052
7110 0.022147
7120 0.022318
7130 0.022239
7140 0.022528
7150 0.022657
7160 0.022758
7170 0.022803
7180 0.022897
7190 0.022939
7200 0.023132
7210 0.023281
7220 0.023429
7230 0.023477
7240 0.02349
7250 0.023638
7260 0.023681
7270 0.023713
7280 0.023702
7290 0.023784
7300 0.023753
7310 0.023527
7320 0.023892
7330 0.023934
7340 0.023954
7350 0.023971
7360 0.024
7370 0.024054
7380 0.024026
7390 0.02383
7400 0.023875
7410 0.023898
7420 0.023927
7430 0.023975
7440 0.023342
7450 0.024032
7460 0.02391
7470 0.024091
7480 0.024127
7490 0.024199
7500 0.023418
7510 0.024147
7520 0.024138
7530 0.024079
7540 0.024075
7550 0.024108
7560 0.023975
7570 0.024086
7580 0.024012
7590 0.023973
7600 0.023931
7610 0.023893
7620 0.023862
7630 0.023844
7640 0.023828
7650 0.023809
7660 0.023906
7670 0.024219
7680 0.024203
7690 0.025161
7700 0.025287
7710 0.024187
7720 0.024304
7730 0.024296
7740 0.024098
7750 0.024538
7760 0.026089
7770 0.025239
7780 0.02659
7790 0.024374
7800 0.02667
7810 0.02447
7820 0.024517
7830 0.024439
7840 0.023464
7850 0.023542
7860 0.025348
7870 0.022918
7880 0.023031
7890 0.022736
7900 0.02224
7910 0.022339
7920 0.022278
7930 0.022549
7940 0.0227
7950 0.022554
7960 0.02212
7970 0.021865
7980 0.022002
7990 0.023426
8000 0.023218
8010 0.023741
8020 0.021458
8030 0.021541
8040 0.023275
8050 0.022976
8060 0.023014
8070 0.023092
8080 0.023061
8090 0.023048
8100 0.01942
8110 0.020227
8120 0.023162
8130 0.02323
8140 0.020893
8150 0.02331
8160 0.023366
8170 0.020734
8180 0.021161
8190 0.021274
8200 0.021143
8210 0.02089
8220 0.021926
8230 0.021817
8240 0.021647
8250 0.021458
8260 0.020861
8270 0.020896
8280 0.021219
8290 0.021049
8300 0.02017
8310 0.020172
8320 0.020798
8330 0.020735
8340 0.020987
8350 0.021058
8360 0.020648
8370 0.020468
8380 0.021403
8390 0.021172
8400 0.020592
8410 0.020291
8420 0.02028
8430 0.020445
8440 0.020359
8450 0.020418
8460 0.020791
8470 0.020274
8480 0.019788
8490 0.01984
8500 0.019925
8510 0.020041
8520 0.019992
8530 0.021628
8540 0.020609
8550 0.020938
8560 0.021229
8570 0.021122
8580 0.020941
8590 0.020903
8600 0.019676
8610 0.020714
8620 0.020703
8630 0.020874
8640 0.02054
8650 0.019432
8660 0.020631
8670 0.020013
8680 0.021262
8690 0.025038
8700 0.025348
8710 0.020411
8720 0.020532
8730 0.019577
8740 0.019007
8750 0.020268
8760 0.019461
8770 0.018157
8780 0.017685
8790 0.017503
8800 0.017945
8810 0.017412
8820 0.017489
8830 0.017758
8840 0.01743
8850 0.016995
8860 0.016999
8870 0.016619
8880 0.016095
8890 0.016722
8900 0.017076
8910 0.016499
8920 0.017273
8930 0.016093
8940 0.016171
8950 0.015815
8960 0.015988
8970 0.015978
8980 0.015556
8990 0.0143
9000 0.014799
9010 0.015202
9020 0.013529
9030 0.013802
9040 0.013988
9050 0.01295
9060 0.01290564
9070 0.01286127
9080 0.01281691
9090 0.01277254
9100 0.01272818
9110 0.01268381
9120 0.01263945
9130 0.01259509
9140 0.01255072
9150 0.01250636
9160 0.01246199
9170 0.01241763
9180 0.01237326
9190 0.0123289
9200 0.01228454
9210 0.01224017
9220 0.01219581
9230 0.01215144
9240 0.01210708
9250 0.01206272
9260 0.01201835
9270 0.01197399
9280 0.01192962
9290 0.01188526
9300 0.01184089
9310 0.01179653
9320 0.01175217
9330 0.0117078
9340 0.01166344
9350 0.01161907
9360 0.01157471
9370 0.01153034
9380 0.01148598
9390 0.01144162
9400 0.01139725
9410 0.01135289
9420 0.01130852
9430 0.01126416
9440 0.01121979
9450 0.01117543
9460 0.01113107
9470 0.0110867
9480 0.01104234
9490 0.01099797
9500 0.01095361
9510 0.01090925
9520 0.01086488
9530 0.01082052
9540 0.01077615
9550 0.01073179
9560 0.01068742
9570 0.01064306
9580 0.0105987
9590 0.01055433
9600 0.01050997
9610 0.0104656
9620 0.01042124
9630 0.01037687
9640 0.01033251
9650 0.01028815
9660 0.01024378
9670 0.01019942
9680 0.01015505
9690 0.01011069
9700 0.01006632
9710 0.01002196
9720 0.009977596
9730 0.009933232
9740 0.009888868
9750 0.009844504
9760 0.009800139
9770 0.009755775
9780 0.009711411
9790 0.009667047
9800 0.009622682
9810 0.009578318
9820 0.009533954
9830 0.00948959
9840 0.009445225
9850 0.009400861
9860 0.009356497
9870 0.009312133
9880 0.009267769
9890 0.009223404
9900 0.00917904
9910 0.009134676
9920 0.009090312
9930 0.009045947
9940 0.009001583
9950 0.008957219
9960 0.008912855
9970 0.00886849
9980 0.008824126
9990 0.008779762
10000 0.008735398
10010 0.008691033
10020 0.008646669
10030 0.008602305
10040 0.008557941
10050 0.008513577
10060 0.008469212
10070 0.008424848
10080 0.008380484
10090 0.00833612
10100 0.008291755
10110 0.008247391
10120 0.008203027
10130 0.008158663
10140 0.008114298
10150 0.008069934
10160 0.00802557
10170 0.007981206
10180 0.007936841
10190 0.007892477
10200 0.007848113
10210 0.007803749
10220 0.007759385
10230 0.00771502
10240 0.007670656
10250 0.007626292
10260 0.007581928
10270 0.007537563
10280 0.007493199
10290 0.007448835
10300 0.007404471
10310 0.007360106
10320 0.007315742
10330 0.007271378
10340 0.007227014
10350 0.00718265
10360 0.007138285
10370 0.007093921
10380 0.007049557
10390 0.007005193
10400 0.006960828
10410 0.006916464
10420 0.0068721
10430 0.006827736
10440 0.006783371
10450 0.006739007
10460 0.006694643
10470 0.006650279
10480 0.006605914
10490 0.00656155
10500 0.006517186
10510 0.006472822
10520 0.006428458
10530 0.006384093
10540 0.006339729
10550 0.006295365
10560 0.006251001
10570 0.006206636
10580 0.006162272
10590 0.006117908
10600 0.006073544
10610 0.006029179
10620 0.005984815
10630 0.005940451
10640 0.005896087
10650 0.005851722
10660 0.005807358
10670 0.005762994
10680 0.00571863
10690 0.005674266
10700 0.005629901
10710 0.005585537
10720 0.005541173
10730 0.005496809
10740 0.005452444
10750 0.00540808
10760 0.005363716
10770 0.005319352
10780 0.005274987
10790 0.005230623
10800 0.005186259
10810 0.005141895
10820 0.00509753
10830 0.005053166
10840 0.005008802
10850 0.004964438
10860 0.004920074
10870 0.004875709
10880 0.004831345
10890 0.004786981
10900 0.004742617
10910 0.004698252
10920 0.004653888
10930 0.004609524
10940 0.00456516
10950 0.004520795
10960 0.004476431
10970 0.004432067
10980 0.004387703
10990 0.004343338
11000 0.004298974
11010 0.00425461
11020 0.004210246
11030 0.004165882
11040 0.004121517
11050 0.004077153
11060 0.004032789
11070 0.003988425
11080 0.00394406
11090 0.003899696
11100 0.003855332
11110 0.003810968
11120 0.003766603
11130 0.003722239
11140 0.003677875
11150 0.003633511
11160 0.003589147
11170 0.003544782
11180 0.003500418
11190 0.003456054
11200 0.00341169
11210 0.003367325
11220 0.003322961
11230 0.003278597
11240 0.003234233
11250 0.003189868
11260 0.003145504
11270 0.00310114
11280 0.003056776
11290 0.003012411
11300 0.002968047
11310 0.002923683
11320 0.002879319
11330 0.002834955
11340 0.00279059
11350 0.002746226
11360 0.002701862
11370 0.002657498
11380 0.002613133
11390 0.002568769
11400 0.002524405
11410 0.002480041
11420 0.002435676
11430 0.002391312
11440 0.002346948
11450 0.002302584
11460 0.002258219
11470 0.002213855
11480 0.002169491
11490 0.002125127
11500 0.002080763
11510 0.002036398
11520 0.001992034
11530 0.00194767
11540 0.001903306
11550 0.001858941
11560 0.001814577
11570 0.001770213
11580 0.001725849
11590 0.001681484
11600 0.00163712
11610 0.001592756
11620 0.001548392
11630 0.001504027
11640 0.001459663
11650 0.001415299
11660 0.001370935
11670 0.001326571
11680 0.001282206
11690 0.001237842
11700 0.001193478
11710 0.001149114
11720 0.001104749
11730 0.001060385
11740 0.001016021
11750 0.0009716567
11760 0.0009272924
11770 0.0008829282
11780 0.000838564
11790 0.0007941997
11800 0.0007498355
11810 0.0007054713
11820 0.000661107
11830 0.0006167428
11840 0.0005723786
11850 0.0005280143
11860 0.0004836501
11870 0.0004392859
11880 0.0003949216
11890 0.0003505574
11900 0.0003061932
11910 0.0002618289
11920 0.0002174647
11930 0.0002174142
11940 0.0002173637
11950 0.0002173133
11960 0.0002172628
11970 0.0002172123
11980 0.0002171618
11990 0.0002171114
