#lamb flux
1000.0 3.7065644850000005e-06
1010.0 4.4908812165e-06
1020.0 5.458705555e-06
1030.0 6.6470704999999996e-06
1040.0 8.10195798e-06
1050.0 9.87584451e-06
1060.0 1.2027228365e-05
1070.0 1.4619553365e-05
1080.0 1.7719450265e-05
1090.0 2.13942909e-05
1100.0 2.5709172939999998e-05
1110.0 3.0723532165e-05
1120.0 3.6487656769999996e-05
1130.0 4.303941216e-05
1140.0 5.0401427949999996e-05
1150.0 5.8578940199999995e-05
1160.0 6.755836600000001e-05
1170.0 7.730659925e-05
1180.0 8.777104655e-05
1190.0 9.88802577e-05
1200.0 0.00011054524004999998
1210.0 0.0001226612821
1220.0 0.00013511037365
1230.0 0.000147764174
1240.0 0.0001604873342
1250.0 0.00017314120245
1260.0 0.00018558766529999998
1270.0 0.0001976929743
1280.0 0.0002093314029
1290.0 0.00022038856385
1300.0 0.0002307642416
1310.0 0.00024037467665
1320.0 0.0002491542582
1330.0 0.0002570566445
1340.0 0.00026405535455
1350.0 0.00027014394755
1360.0 0.00027533600835
1370.0 0.0002796650359
1380.0 0.00028318459844999997
1390.0 0.00028596894465
1400.0 0.0002881144052
1410.0 0.00028974163355
1420.0 0.0002909988554
1430.0 0.0002920657099
1440.0 0.00029315707144999994
1450.0 0.00029452565414999997
1460.0 0.0002964617499
1470.0 0.00029928809709999995
1480.0 0.00030334782839999994
1490.0 0.0003089840813
1500.0 0.0003165107575
1510.0 0.00032617588114999997
1520.0 0.00033812094130000004
1530.0 0.0003523417524
1540.0 0.00036865790415
1550.0 0.0003866980757
1560.0 0.00040590734945
1570.0 0.00042557965755
1580.0 0.00044491459965
1590.0 0.0004630928313
1600.0 0.00047936082739999993
1610.0 0.000493112886
1620.0 0.0005039586015
1630.0 0.0005117657435
1640.0 0.000516673313
1650.0 0.0005190746935000001
1660.0 0.0005195743889999999
1670.0 0.0005189276414999999
1680.0 0.000517971464
1690.0 0.0005175561584999999
1700.0 0.0005184847395
1710.0 0.0005214626395
1720.0 0.0005270605095
1730.0 0.0005356870104999999
1740.0 0.000547571402
1750.0 0.0005627535995
1760.0 0.000581081216
1770.0 0.000602214509
1780.0 0.000625641076
1790.0 0.000650701123
1800.0 0.000676625052
1810.0 0.0007025810394999999
1820.0 0.0007277306659999998
1830.0 0.0007512873585000001
1840.0 0.0007725712439999999
1850.0 0.0007910550789999999
1860.0 0.0008063955805
1870.0 0.0008184471514999999
1880.0 0.0008272577585000001
1890.0 0.000833047446
1900.0 0.000836174435
1910.0 0.0008370928309999999
1920.0 0.0008363071309999999
1930.0 0.000834328719
1940.0 0.000831638036
1950.0 0.0008286546554999999
1960.0 0.0008257174470000001
1970.0 0.0008230743425000001
1980.0 0.0008208819
1990.0 0.000819212821
2000.0 0.000818069579
2010.0 0.0008174020735
2020.0 0.0008171270785
2030.0 0.0008171471575
2040.0 0.000817366523
2050.0 0.0008177040345
2060.0 0.000818101104
2070.0 0.00081852577
2080.0 0.0008189725519999999
2090.0 0.0008194600254999999
2100.0 0.0008200261175
2110.0 0.000820722723
2120.0 0.000821609982
2130.0 0.000822750702
2140.0 0.000824204732
2150.0 0.0008260244035
2160.0 0.0008282498745
2170.0 0.0008309064134999999
2180.0 0.0008340028959999999
2190.0 0.0008375325319999999
2200.0 0.0008414770855
2210.0 0.0008458128885000001
2220.0 0.000850519668
2230.0 0.0008555896155
2240.0 0.0008610350499999999
2250.0 0.000866892783
2260.0 0.0008732226635
2270.0 0.0008800994785000001
2280.0 0.0008875982574999999
2290.0 0.000895774242
2300.0 0.0009046410605
2310.0 0.000914150213
2320.0 0.0009241766665000001
2330.0 0.0009345146355000001
2340.0 0.000944884857
2350.0 0.000954956173
2360.0 0.00096437788
2370.0 0.0009728220695000001
2380.0 0.0009800284905
2390.0 0.000985848636
2400.0 0.000990279984
2410.0 0.0009934865615
2420.0 0.0009957999145
2430.0 0.0009976982529999998
2440.0 0.0009997638194999998
2450.0 0.0010026216335
2460.0 0.0010068657230000002
2470.0 0.0010129832704999999
2480.0 0.0010212863735
2490.0 0.0010318636414999999
2500.0 0.001044560699
2510.0 0.0010589947354999998
2520.0 0.0010746036360000002
2530.0 0.0010907213985
2540.0 0.001106669896
2550.0 0.0011218492804999998
2560.0 0.0011358124305000002
2570.0 0.0011483114624999998
2580.0 0.0011593097105
2590.0 0.0011689615014999998
2600.0 0.0011775667109999999
2610.0 0.0011855124175
2620.0 0.0011932131990000001
2630.0 0.0012010596744999999
2640.0 0.00120938339
2650.0 0.001218951664
2660.0 0.0012569776525
2670.0 0.0015743965725
2680.0 0.0023541165224999997
2690.0 0.0030002891035
2700.0 0.0033627175755
2710.0 0.0035685346975
2720.0 0.0037079875719999997
2730.0 0.0037774225485
2740.0 0.0037869087605
2750.0 0.003833082555
2760.0 0.0039439050065
2770.0 0.0040255594125
2780.0 0.0040332138765
2790.0 0.003985535321
2800.0 0.0038939399185
2810.0 0.0038274385615000004
2820.0 0.0038485707874999996
2830.0 0.0038933205735
2840.0 0.003956827200999999
2850.0 0.004098845774
2860.0 0.0043202765495
2870.0 0.004660486541
2880.0 0.00502893784
2890.0 0.005335590245
2900.0 0.00554894708
2910.0 0.0055212259349999996
2920.0 0.005217993265
2930.0 0.005037874935
2940.0 0.0049992980349999995
2950.0 0.0049245309200000005
2960.0 0.004806845961
2970.0 0.0047020740299999995
2980.0 0.004593251961
2990.0 0.0044677942465
3000.0 0.0043337921415
3010.0 0.0042014283665
3020.0 0.004110934156500001
3030.0 0.0041208781115
3040.0 0.0041508314205
3050.0 0.004142661741000001
3060.0 0.0041947136869999995
3070.0 0.0043043963885
3080.0 0.0043722508955
3090.0 0.0043918519765
3100.0 0.004418877777000001
3110.0 0.004495182633000001
3120.0 0.004619603272
3130.0 0.0047075946880000006
3140.0 0.0047509647944999995
3150.0 0.004864743029999999
3160.0 0.005045050025
3170.0 0.005221119575
3180.0 0.00537442662
3190.0 0.005492911634999999
3200.0 0.005513515405
3210.0 0.00538667093
3220.0 0.005159179254999999
3230.0 0.004910570195
3240.0 0.004673898052
3250.0 0.0044909720085
3260.0 0.004406063155499999
3270.0 0.0043995595965
3280.0 0.0044148703190000005
3290.0 0.004404000596
3300.0 0.004420177286
3310.0 0.00450558792
3320.0 0.0046019858895
3330.0 0.004667523503000001
3340.0 0.004695393737
3350.0 0.004730305200999999
3360.0 0.004843860191
3370.0 0.0050100485450000004
3380.0 0.005207650154999999
3390.0 0.005459490284999999
3400.0 0.005755101665
3410.0 0.006048644519999999
3420.0 0.006283203615
3430.0 0.00644051191
3440.0 0.006553207965
3450.0 0.006663452829999999
3460.0 0.0067803485
3470.0 0.006901603835
3480.0 0.00706162328
3490.0 0.007318123774999999
3500.0 0.007682542104999999
3510.0 0.008115711125
3520.0 0.008570035359999999
3530.0 0.008981271709999999
3540.0 0.009306028679999998
3550.0 0.00956995307
3560.0 0.009818755645
3570.0 0.010063085064999998
3580.0 0.010269419584999998
3590.0 0.01039313096
3600.0 0.010350739534999999
3610.0 0.01006924505
3620.0 0.00972057855
3630.0 0.009628038125
3640.0 0.009935801179999999
3650.0 0.010590263575000002
3660.0 0.01145438662
3670.0 0.012359943215
3680.0 0.013139183984999999
3690.0 0.013663034424999998
3700.0 0.01386084701
3710.0 0.013723360665000002
3720.0 0.013305439075
3730.0 0.012693019390000001
3740.0 0.01194843963
3750.0 0.01108836294
3760.0 0.010152812975
3770.0 0.009245999744999999
3780.0 0.00847307901
3790.0 0.007913108194999999
3800.0 0.007634357355
3810.0 0.007700358094999999
3820.0 0.00819877271
3830.0 0.009240929555
3840.0 0.010847260225
3850.0 0.012863561879999999
3860.0 0.015047883540000001
3870.0 0.017213881415
3880.0 0.01927121116
3890.0 0.02117308628
3900.0 0.02287278236
3910.0 0.02434279214
3920.0 0.02560692233
3930.0 0.026704724194999998
3940.0 0.02763137926
3950.0 0.028326743645
3960.0 0.028689844715000003
3970.0 0.028616614564999997
3980.0 0.02805019034
3990.0 0.02701314976
4000.0 0.02561938295
4010.0 0.02404890154
4020.0 0.022495951909999996
4030.0 0.021119732885
4040.0 0.020007783085
4050.0 0.0191624664
4060.0 0.018516233485
4070.0 0.017966722665
4080.0 0.01743190395
4090.0 0.016900510304999998
4100.0 0.016424272315000002
4110.0 0.016058189465
4120.0 0.015815729235
4130.0 0.01568673136
4140.0 0.015672692065
4150.0 0.015784040305
4160.0 0.01601883899
4170.0 0.016351407855
4180.0 0.016727409439999997
4190.0 0.017075791245
4200.0 0.01734388809
4210.0 0.017522791495000002
4220.0 0.017635602495000003
4230.0 0.017707972739999998
4240.0 0.01775686462
4250.0 0.017802286325
4260.0 0.01786846797
4270.0 0.01797880159
4280.0 0.01815258388
4290.0 0.018390334759999998
4300.0 0.018643577510000002
4310.0 0.01880192225
4320.0 0.018725052175000003
4330.0 0.018305604774999998
4340.0 0.017527566805
4350.0 0.016482864679999997
4360.0 0.015323214645
4370.0 0.014182255055
4380.0 0.01313740258
4390.0 0.012225395969999997
4400.0 0.011473458274999999
4410.0 0.01091370765
4420.0 0.010579798244999999
4430.0 0.01049015424
4440.0 0.01063403337
4450.0 0.01097959102
4460.0 0.011496536515000001
4470.0 0.01217002158
4480.0 0.013000458949999998
4490.0 0.014001272939999998
4500.0 0.01519716848
4510.0 0.016616951175
4520.0 0.018282463485
4530.0 0.02019711108
4540.0 0.022330499009999998
4550.0 0.024602450954999997
4560.0 0.026885557414999997
4570.0 0.02903490912
4580.0 0.03092365917
4590.0 0.03246201127
4600.0 0.03359971942
4610.0 0.034316524200000004
4620.0 0.03458265728
4630.0 0.03433101115
4640.0 0.0334756894
4650.0 0.031974843805
4660.0 0.029892495819999997
4670.0 0.027408601299999998
4680.0 0.024769552854999998
4690.0 0.02221626211
4700.0 0.01993017969
4710.0 0.01801061856
4720.0 0.016479431365
4730.0 0.015309088049999997
4740.0 0.014463326135
4750.0 0.013926537349999999
4760.0 0.01370468283
4770.0 0.013803695094999999
4780.0 0.014200979935
4790.0 0.014826478129999997
4800.0 0.015562154259999999
4810.0 0.016263006905
4820.0 0.016801162904999997
4830.0 0.017117692335
4840.0 0.01725318145
4850.0 0.017334393245
4860.0 0.01752332839
4870.0 0.017960140729999997
4880.0 0.018727527615
4890.0 0.01984015496
4900.0 0.021245218389999997
4910.0 0.0228232658
4920.0 0.024392907675000002
4930.0 0.025730838375
4940.0 0.026612402990000002
4950.0 0.02686560403
4960.0 0.026421981805
4970.0 0.025345057735000003
4980.0 0.02381790865
4990.0 0.022085658884999998
5000.0 0.020383359325
5010.0 0.018880503889999997
5020.0 0.017660078505
5030.0 0.016728973565
5040.0 0.016046026635
5050.0 0.01555293441
5060.0 0.015196201875
5070.0 0.014935567725
5080.0 0.014743146884999999
5090.0 0.01460070093
5100.0 0.014498790789999999
5110.0 0.014437002275
5120.0 0.01442324622
5130.0 0.014471613329999999
5140.0 0.014599793009999999
5150.0 0.01482704364
5160.0 0.01517218225
5170.0 0.01565014199
5180.0 0.016266928129999997
5190.0 0.01701493199
5200.0 0.017872971194999997
5210.0 0.018811560655
5220.0 0.019799679770000002
5230.0 0.020810155445
5240.0 0.021822590035000002
5250.0 0.022823823549999997
5260.0 0.023804973699999996
5270.0 0.024754682755
5280.0 0.025651929844999997
5290.0 0.026464633674999998
5300.0 0.02715751583
5310.0 0.027705953829999998
5320.0 0.028108545055
5330.0 0.028392412645
5340.0 0.028608669780000002
5350.0 0.028819179665
5360.0 0.029080789149999998
5370.0 0.02943503994
5380.0 0.029906639389999996
5390.0 0.030508858069999995
5400.0 0.031251868370000005
5410.0 0.03214875365
5420.0 0.033214275854999996
5430.0 0.03445604512
5440.0 0.035863184835
5450.0 0.03739980306
5460.0 0.039007248745
5470.0 0.040612940184999995
5480.0 0.042140819680000004
5490.0 0.04352129749
5500.0 0.04470041591
5510.0 0.04564277576
5520.0 0.046320369259999994
5530.0 0.046697980075000006
5540.0 0.04674071003
5550.0 0.04643773344
5560.0 0.045807554024999995
5570.0 0.04488127629
5580.0 0.043689678334999996
5590.0 0.042263593064999994
5600.0 0.04063848271
5610.0 0.038854350555
5620.0 0.036954830595
5630.0 0.034989666855
5640.0 0.033019455234999995
5650.0 0.031117206665
5660.0 0.029363068364999998
5670.0 0.02783437019
5680.0 0.026596317964999998
5690.0 0.025697006714999998
5700.0 0.025166846425
5710.0 0.02501979879
5720.0 0.02525337091
5730.0 0.025846233455
5740.0 0.026755254405
5750.0 0.02791505964
5760.0 0.02924200218
5770.0 0.03064190424
5780.0 0.032019278534999994
5790.0 0.033285878345
5800.0 0.034367428345
5810.0 0.03520791637
5820.0 0.035770830164999996
5830.0 0.03603766601
5840.0 0.03600575786
5850.0 0.035688161914999995
5860.0 0.03511575279
5870.0 0.03433689516999999
5880.0 0.033410887095
5890.0 0.032394920735000006
5900.0 0.031329625024999995
5910.0 0.030231290145
5920.0 0.029096133094999997
5930.0 0.02791443205
5940.0 0.02668618022
5950.0 0.025430185905
5960.0 0.02418369274
5970.0 0.022994349065
5980.0 0.021908537855
5990.0 0.020960677135
6000.0 0.0201675513
6010.0 0.019529138525
6020.0 0.01903365913
6030.0 0.018662999335
6040.0 0.018396462735
6050.0 0.018213259319999998
6060.0 0.01809438097
6070.0 0.018023691735
6080.0 0.017987343895
6090.0 0.017972505804999997
6100.0 0.017967809065
6110.0 0.017965924355
6120.0 0.017967018515
6130.0 0.017980711035
6140.0 0.018024326115
6150.0 0.018116710855
6160.0 0.01826903723
6170.0 0.01847605269
6180.0 0.01871200616
6190.0 0.018934380599999998
6200.0 0.019095656194999998
6210.0 0.01915851947
6220.0 0.019105171895
6230.0 0.018934577025
6240.0 0.0186556414
6250.0 0.01829002124
6260.0 0.017880854385000002
6270.0 0.0174903901
6280.0 0.017184281864999998
6290.0 0.01701715135
6300.0 0.017027637535
6310.0 0.017236690965
6320.0 0.017642685919999998
6330.0 0.0182190832
6340.0 0.018926519235
6350.0 0.019732904000000002
6360.0 0.020621929855
6370.0 0.021585514275
6380.0 0.022612385375000002
6390.0 0.023684365355
6400.0 0.024780949384999997
6410.0 0.02588473906
6420.0 0.02698060917
6430.0 0.028050331475000002
6440.0 0.02907062064
6450.0 0.030017114629999998
6460.0 0.030868940014999995
6470.0 0.03160931434
6480.0 0.03222316041
6490.0 0.032695308395
6500.0 0.033011369315
6510.0 0.033160731855
6520.0 0.033139537355
6530.0 0.032951652235000004
6540.0 0.032606908899999995
6550.0 0.03211738676
6560.0 0.03149385815
6570.0 0.03074549539
6580.0 0.029879635075
6590.0 0.02890419871
6600.0 0.02783097422
6610.0 0.026676969584999998
6620.0 0.02546350686
6630.0 0.024214168199999997
6640.0 0.022952825790000003
6650.0 0.021702314399999995
6660.0 0.02048367527
6670.0 0.019315820975
6680.0 0.01821550875
6690.0 0.01719738996
6700.0 0.01627374626
6710.0 0.01545369856
6720.0 0.014742117229999999
6730.0 0.014138827185000001
6740.0 0.01363856569
6750.0 0.013231756419999999
6760.0 0.012905823325000001
6770.0 0.012646743115
6780.0 0.012440615204999998
6790.0 0.012275108955
6800.0 0.012140589355
6810.0 0.01203068011
6820.0 0.011942006105
6830.0 0.011873080815000001
6840.0 0.011822634509999999
6850.0 0.011788110269999999
6860.0 0.0117655374
6870.0 0.011750207519999998
6880.0 0.011737784245
6890.0 0.01172517667
6900.0 0.01171074695
6910.0 0.01169386022
6920.0 0.011674122659999998
6930.0 0.011650694249999998
6940.0 0.01162196673
6950.0 0.01158570328
6960.0 0.01153960791
6970.0 0.011482157234999998
6980.0 0.011413461349999997
6990.0 0.011335875899999999
7000.0 0.011254127695
7010.0 0.011174898094999998
7020.0 0.01110597717
7030.0 0.01105525102
7040.0 0.011029752145
7050.0 0.011034928064999998
7060.0 0.0110742281
7070.0 0.011149137319999999
7080.0 0.011259675124999998
7090.0 0.011405068425000001
7100.0 0.011584139155
7110.0 0.01179517769
7120.0 0.012035508285
7130.0 0.012301110289999998
7140.0 0.012586500779999999
7150.0 0.012884734555
7160.0 0.013187556915
7170.0 0.013485677685
7180.0 0.01376928871
7190.0 0.014028982445
7200.0 0.014257063394999998
7210.0 0.014448877014999998
7220.0 0.01460355952
7230.0 0.014723724090000001
7240.0 0.014814179984999998
7250.0 0.01488041013
7260.0 0.01492773158
7270.0 0.014961588460000001
7280.0 0.014988522935
7290.0 0.015016815895
7300.0 0.015056073250000001
7310.0 0.015115916915
7320.0 0.015204505559999998
7330.0 0.015327362365000001
7340.0 0.015486508809999997
7350.0 0.015679856
7360.0 0.015901004845
7370.0 0.01613960787
7380.0 0.016382203415
7390.0 0.016613289910000002
7400.0 0.01681648842
7410.0 0.01697581577
7420.0 0.017077150215000003
7430.0 0.017109925544999998
7440.0 0.017068685509999997
7450.0 0.01695401599
7460.0 0.01677279186
7470.0 0.016537918
7480.0 0.016267498005000002
7490.0 0.015982965965000002
7500.0 0.015705937359999998
7510.0 0.015454696689999999
7520.0 0.015242286090000001
7530.0 0.015077510734999999
7540.0 0.014967881819999999
7550.0 0.01492163998
7560.0 0.014946721754999998
7570.0 0.015047428125
7580.0 0.01522177835
7590.0 0.015461937255
7600.0 0.015757241145000003
7610.0 0.016097344485
7620.0 0.0164734809
7630.0 0.016877759925
7640.0 0.017301682905
7650.0 0.01773499694
7660.0 0.018165349565
7670.0 0.01857868548
7680.0 0.018960154469999997
7690.0 0.019295336515
7700.0 0.019571591545
7710.0 0.019779336445
7720.0 0.01991297965
7730.0 0.019971223785000002
7740.0 0.019956852264999998
7750.0 0.01987573844
7760.0 0.019735319299999998
7770.0 0.019542978000000003
7780.0 0.019304778495
7790.0 0.01902484086
7800.0 0.018705447505
7810.0 0.018347756609999998
7820.0 0.01795284439
7830.0 0.017522707105
7840.0 0.01706089447
7850.0 0.016572598409999997
7860.0 0.016064288825
7870.0 0.015543147595
7880.0 0.015016579214999997
7890.0 0.01449192125
7900.0 0.013976311444999999
7910.0 0.01347658442
7920.0 0.012999130534999999
7930.0 0.012549704315
7940.0 0.01213319553
7950.0 0.011753330919999999
7960.0 0.01141227795
7970.0 0.01111020249
7980.0 0.010844977815
7990.0 0.010612246199999998
8000.0 0.010405929139999999
8010.0 0.010219216265
8020.0 0.01004547423
8030.0 0.009878588639999998
8040.0 0.009712954834999999
8050.0 0.00954287649
8060.0 0.009361764395
8070.0 0.00916179162
8080.0 0.008934436229999999
8090.0 0.008671642374999998
8100.0 0.0083669775
8110.0 0.00801643017
8120.0 0.007619053665
8130.0 0.007177691055
8140.0 0.0066996745699999995
8150.0 0.00619705743
8160.0 0.005686007594999999
8170.0 0.0051853159050000005
8180.0 0.0047143269245
8190.0 0.0042907597405
8200.0 0.0039288913465
8210.0 0.003638397056
8220.0 0.0034239232175
8230.0 0.003285286404
8240.0 0.0032181205485000003
8250.0 0.003214824343
8260.0 0.0032657140349999997
8270.0 0.0033603047975
8280.0 0.0034886126145
8290.0 0.0036423215305
8300.0 0.0038156516064999997
8310.0 0.0040058049745
8320.0 0.0042129541974999995
8330.0 0.004439833123500001
8340.0 0.0046910627355
8350.0 0.004972343675
8360.0 0.005289613215
8370.0 0.00564820136
8380.0 0.006052036124999999
8390.0 0.006502981849999999
8400.0 0.007000381359999999
8410.0 0.0075407397449999995
8420.0 0.008118061919999999
8430.0 0.00872444578
8440.0 0.009350661775
8450.0 0.009986640335
8460.0 0.010621798274999998
8470.0 0.01124522649
8480.0 0.011845878620000002
8490.0 0.012412944500000002
8500.0 0.012936547105
8510.0 0.013408782875
8520.0 0.01382492888
8530.0 0.014184486054999999
8540.0 0.014491645769999999
8550.0 0.014754863029999999
8560.0 0.014985493139999998
8570.0 0.015195769255
8580.0 0.015396677595
8590.0 0.01559634579
8600.0 0.015799355634999998
8610.0 0.016007016145
8620.0 0.016218283599999998
8630.0 0.01643083388
8640.0 0.016641863685
8650.0 0.016848467865
8660.0 0.017047666095
8670.0 0.017236323335
8680.0 0.017411148375
8690.0 0.017568856795
8700.0 0.017706496399999997
8710.0 0.01782206123
8720.0 0.017914326659999997
8730.0 0.017982533665
8740.0 0.018026110430000002
8750.0 0.018044388624999998
8760.0 0.018036418135000003
8770.0 0.018000958815
8780.0 0.017936606105
8790.0 0.017841999095
8800.0 0.017716041199999998
8810.0 0.017558127625
8820.0 0.017368354884999996
8830.0 0.017147674550000002
8840.0 0.016897943685
8850.0 0.016621810874999997
8860.0 0.016322468875
8870.0 0.016003353425
8880.0 0.01566791336
8890.0 0.01531954562
8900.0 0.014961712135
8910.0 0.014598146919999997
8920.0 0.01424770144
8930.0 0.013904224925
8940.0 0.01356865197
8950.0 0.013246190504999998
8960.0 0.012942009659999998
8970.0 0.01266085807
8980.0 0.01240650952
8990.0 0.012181114015000001
9000.0 0.01198474382
9010.0 0.01181551859
9020.0 0.0116703707
9030.0 0.01154609818
9040.0 0.011440121315
9050.0 0.011350636875000002
9060.0 0.01127629462
9070.0 0.01121577147
9080.0 0.011167518335
9090.0 0.01112974993
9100.0 0.011100598035000001
9110.0 0.011078336534999999
9120.0 0.011061570084999998
9130.0 0.011049293279999999
9140.0 0.011040765039999999
9150.0 0.011035208395
9160.0 0.0110314705
9170.0 0.01102783397
9180.0 0.01102213134
9190.0 0.011012177199999999
9200.0 0.01099638172
9210.0 0.01097431422
9220.0 0.01094703782
9230.0 0.010917121565
9240.0 0.01088831402
9250.0 0.01086488852
9260.0 0.010850694995
9270.0 0.01084811431
9280.0 0.01085729536
9290.0 0.01087612791
9300.0 0.010901070975
9310.0 0.010928467655
9320.0 0.010955667425
9330.0 0.01098146991
9340.0 0.011005853285
9350.0 0.011029378695
9360.0 0.011052645115
9370.0 0.011076006595
9380.0 0.011099502419999999
9390.0 0.01112291531
9400.0 0.01114583835
9410.0 0.011167731735
9420.0 0.011187958175
9430.0 0.011205806175
9440.0 0.01122051768
9450.0 0.011231311355
9460.0 0.011237416049999999
9470.0 0.01123810572
9480.0 0.011232738709999999
9490.0 0.01122079316
9500.0 0.01120190726
9510.0 0.011175913685
9520.0 0.011142867725
9530.0 0.011103070565
9540.0 0.01105708626
9550.0 0.011005747555
9560.0 0.010950154915
9570.0 0.010891664885
9580.0 0.010831871175
9590.0 0.010772577499999998
9600.0 0.01071575878
9610.0 0.010663521369999998
9620.0 0.010618054560000001
9630.0 0.01058157674
9640.0 0.010556281565
9650.0 0.010544281695
9660.0 0.01054755302
9670.0 0.01056788228
9680.0 0.010606817594999998
9690.0 0.010665624814999998
9700.0 0.01074525357
9710.0 0.01084630526
9720.0 0.010969015595
9730.0 0.011113244894999999
9740.0 0.011278475664999999
9750.0 0.011463821325
9760.0 0.0116680427
9770.0 0.011889571785000002
9780.0 0.01212654327
9790.0 0.01237682849
9800.0 0.012638075195
9810.0 0.012907751685000001
9820.0 0.013183185125
9830.0 0.013461609559999999
9840.0 0.013740202775
9850.0 0.01401612752
9860.0 0.014286570795
9870.0 0.014548772949999999
9880.0 0.014800062605
9890.0 0.01503788575
9900.0 0.015259827085
9910.0 0.01546363912
9920.0 0.015647260605
9930.0 0.01580883884
9940.0 0.015946750045
9950.0 0.01605961682
9960.0 0.01614632803
9970.0 0.016206055295
9980.0 0.01623826754
9990.0 0.01624274506
10000.0 0.016219590189999997
10010.0 0.016169231185
10020.0 0.016092427070000002
10030.0 0.01599026279
10040.0 0.01586414145
10050.0 0.01571576928
10060.0 0.015547138174999997
10070.0 0.01536049805
10080.0 0.015158333075
10090.0 0.01494332627
10100.0 0.014718323129999999
10110.0 0.014486297675
10120.0 0.014250309285
10130.0 0.014013461475
10140.0 0.013778859215
10150.0 0.013549561885
10160.0 0.013328537685
10170.0 0.01311861174
10180.0 0.012922416144999999
10190.0 0.01274233613
10200.0 0.012580460104999998
10210.0 0.01243852534
10220.0 0.012317872374999999
10230.0 0.012219402340000001
10240.0 0.01214354252
10250.0 0.012090225985
10260.0 0.012058878495
10270.0 0.012048425775
10280.0 0.012057313885
10290.0 0.012083546565
10300.0 0.01212474004
10310.0 0.01217818704
10320.0 0.012240938764999999
10330.0 0.012309890245
10340.0 0.012381872004999997
10350.0 0.012453743185
10360.0 0.012522478355
10370.0 0.01258524754
10380.0 0.012639485090000001
10390.0 0.012682947395
10400.0 0.012713752169999998
10410.0 0.012730407069999998
10420.0 0.01273181939
10430.0 0.012717295095
10440.0 0.012686523785
10450.0 0.01263955687
10460.0 0.01257677362
10470.0 0.012498848185000001
10480.0 0.012406708854999999
10490.0 0.01230149829
10500.0 0.012184533265
10510.0 0.012057268295
10520.0 0.011921254895
10530.0 0.011778110054999999
10540.0 0.011629482775
10550.0 0.011477023025000001
10560.0 0.01132235313
10570.0 0.011167040125
10580.0 0.011012571990000001
10590.0 0.01086033437
10600.0 0.010711587295
10610.0 0.01056745063
10620.0 0.01042888516
10630.0 0.010296680465
10640.0 0.010171448614999998
10650.0 0.010053616894999999
10660.0 0.009943428289999999
10670.0 0.009840944394999999
10680.0 0.009746054629999999
10690.0 0.009658485455
10700.0 0.009577817830000002
10710.0 0.009503504675
10720.0 0.009434891725
10730.0 0.009371239355
10740.0 0.0093117478
10750.0 0.00925558092
10760.0 0.009201887539999998
10770.0 0.009149827155
10780.0 0.009098588844999998
10790.0 0.00904740825
10800.0 0.008995585514999998
10810.0 0.008942494019999999
10820.0 0.008887592020000001
10830.0 0.008830425555
10840.0 0.00877063136
10850.0 0.008707933955
10860.0 0.008642141280000001
10870.0 0.008573138875
10880.0 0.008500879210000001
10890.0 0.00842537053
10900.0 0.008346667155
10910.0 0.008264856385
10920.0 0.008180046375
10930.0 0.008092356919999998
10940.0 0.008001907814999999
10950.0 0.007908813035
10960.0 0.007813172975
10970.0 0.00771507251
10980.0 0.007614577115000001
10990.0 0.007511734805000001
11000.0 0.007406578074999999
11010.0 0.0072991282650000005
11020.0 0.00718940138
11030.0 0.00707741488
11040.0 0.006963194955
11050.0 0.006846784285
11060.0 0.006728251740000001
11070.0 0.006607696745
11080.0 0.00648525704
11090.0 0.0063611154699999995
11100.0 0.006235500955
11110.0 0.006108692855
11120.0 0.005981019515
11130.0 0.005852857780000001
11140.0 0.005724631054999999
11150.0 0.005596800575
11160.0 0.005469861525
11170.0 0.00534433431
11180.0 0.00522075534
11190.0 0.005099665875
11200.0 0.00498160184
11210.0 0.0048670836399999995
11220.0 0.004756603501499999
11230.0 0.004650616791
11240.0 0.0045495300355
11250.0 0.0044536935505
11260.0 0.004363393001
11270.0 0.0042788424174999996
11280.0 0.004200180219
11290.0 0.004127465333
11300.0 0.004060675692
11310.0 0.003999708282
11320.0 0.0039443814219999995
11330.0 0.0038944374799999995
11340.0 0.0038495485474999997
11350.0 0.0038093223565
11360.0 0.0037733101365
11370.0 0.0037410154899999992
11380.0 0.0037119037045
11390.0 0.0036854119375
11400.0 0.0036609602744999995
11410.0 0.0036379622535
11420.0 0.0036158357774999997
11430.0 0.0035940138815
11440.0 0.0035719545295
11450.0 0.0035491503145
11460.0 0.0035251369459999996
11470.0 0.0034995007189999997
11480.0 0.0034718847705
11490.0 0.003441994172
11500.0 0.0034095997124999997
11510.0 0.0033745395475
11520.0 0.0033367205569999996
11530.0 0.0032961170845
11540.0 0.0032527690939999996
11550.0 0.0032067788234999995
11560.0 0.0031583059835
11570.0 0.0031075624219999995
11580.0 0.0030548055769999997
11590.0 0.003000331541
11600.0 0.0029444674465
11610.0 0.0028875635604999994
11620.0 0.0028299857185
11630.0 0.0027721073705
11640.0 0.0027143021119999996
11650.0 0.0026569366515
11660.0 0.0026003645055
11670.0 0.002544919742
11680.0 0.002490912276
11690.0 0.002438623359
11700.0 0.0023883019414999997
11710.0 0.0023401621025
11720.0 0.0022943809154999995
11730.0 0.002251097333
11740.0 0.0022104115074999997
11750.0 0.0021723851795
11760.0 0.0021370420655
11770.0 0.002104369216
11780.0 0.0020743186645
11790.0 0.0020468094159999998
11800.0 0.0020217299205
11810.0 0.0019989406434999996
11820.0 0.00197827717
11830.0 0.0019595531629999995
11840.0 0.0019425638069999996
11850.0 0.0019270893969999998
11860.0 0.001912898879
11870.0 0.0018997535359999997
11880.0 0.0018874110135
11890.0 0.001875628957
11900.0 0.0018641692315
11910.0 0.0018528014135
11920.0 0.001841306768
11930.0 0.001829481595
11940.0 0.0018171410124999997
11950.0 0.001804121624
11960.0 0.0017902844284999999
11970.0 0.0017755171
11980.0 0.0017597357820000002
11990.0 0.0017428863969999998
12000.0 0.0017249454225000001
12010.0 0.0017059200365
12020.0 0.0016858476325
12030.0 0.0016647950435
12040.0 0.0016428566989999999
12050.0 0.001620152976
12060.0 0.0015968274345
12070.0 0.001573044441
12080.0 0.001548985725
12090.0 0.001524847372
12100.0 0.0015008363315
12110.0 0.0014771671675
12120.0 0.0014540587605
12130.0 0.0014317309125
12140.0 0.0014104013885
12150.0 0.0013902830065
12160.0 0.001371581067
12170.0 0.0013544909279999998
12180.0 0.001339195677
12190.0 0.001325864385
12200.0 0.0013146502635
12210.0 0.0013056891609999999
12220.0 0.0012990983020000001
12230.0 0.0012949749775
12240.0 0.001293395769
12250.0 0.00129441553
12260.0 0.001298066707
12270.0 0.0013043591455
12280.0 0.0013132795565
12290.0 0.001324791274
12300.0 0.0013388348855
12310.0 0.0013553281835
12320.0 0.0013741670385
12330.0 0.001395226272
12340.0 0.001418360869
12350.0 0.0014434074329999999
12360.0 0.001470186126
12370.0 0.0014985024629999997
12380.0 0.0015281498339999998
12390.0 0.0015589115894999999
12400.0 0.0015905639505
12410.0 0.001622877997
12420.0 0.0016556228205
12430.0 0.0016885675125
12440.0 0.0017214837349999999
12450.0 0.0017541479999999999
12460.0 0.001786343464
12470.0 0.0018178618194999998
12480.0 0.0018485047985
12490.0 0.0018780854335
12500.0 0.0019064292215
12510.0 0.0019333748515
12520.0 0.0019587748835
12530.0 0.0019824965245
12540.0 0.002004421774
12550.0 0.0020244478605
12560.0 0.002042487678
12570.0 0.0020584698345
12580.0 0.00207233904
12590.0 0.0020840561549999997
12600.0 0.002093598433
12610.0 0.002100959666
12620.0 0.0021061499905
12630.0 0.0021091957905
12640.0 0.002110139455
12650.0 0.0021090386505
12660.0 0.0021059657874999997
12670.0 0.002101006711
12680.0 0.0020942597789999997
12690.0 0.0020858338739999996
12700.0 0.0020758469965000003
12710.0 0.0020644240825
12720.0 0.0020516947725
12730.0 0.0020377911804999997
12740.0 0.0020228457115
12750.0 0.002006988394
12760.0 0.00199034494
12770.0 0.001973034417
12780.0 0.001955167405
12790.0 0.0019368444444999998
12800.0 0.0019181544845
12810.0 0.0018991741550000002
12820.0 0.0018799667485
12830.0 0.001860582414
12840.0 0.001841057866
12850.0 0.001821417112
12860.0 0.0018016720345
12870.0 0.0017818236034999998
12880.0 0.001761863283
12890.0 0.0017417744375
12900.0 0.0017215343689999999
12910.0 0.0017011157234999997
12920.0 0.0016804888675
12930.0 0.0016596235855
12940.0 0.0016384910685000001
12950.0 0.0016170657085
12960.0 0.0015953268445
12970.0 0.0015732602175000002
12980.0 0.0015508595225
12990.0 0.00152812733
13000.0 0.0015050761045
13010.0 0.0014817287865
13020.0 0.001458119132
13030.0 0.0014342920035
13040.0 0.001410302885
13050.0 0.001386217688
13060.0 0.001362112024
13070.0 0.00133807038
13080.0 0.0013141849060000002
13090.0 0.0012905543479999999
13100.0 0.0012672826415
13110.0 0.0012444774564999998
13120.0 0.0012222487425
13130.0 0.001200707225
13140.0 0.0011799630959999999
13150.0 0.001160124365
13160.0 0.0011412958405
13170.0 0.0011235775779999998
13180.0 0.0011070641525
13190.0 0.001091843543
13200.0 0.001077996308
13210.0 0.0010655949064999999
13220.0 0.0010547031645
13230.0 0.00104537579
13240.0 0.001037657888
13250.0 0.0010315847664999999
13260.0 0.0010271815969999998
13270.0 0.0010244630750000001
13280.0 0.0010234334684999999
13290.0 0.0010240860845
13300.0 0.0010264034145
13310.0 0.001030356892
13320.0 0.001035906844
13330.0 0.001043002394
13340.0 0.0010515818984999999
13350.0 0.0010615728499999998
13360.0 0.0010728925560000001
13370.0 0.001085448527
13380.0 0.0010991391554999999
13390.0 0.001113854977
13400.0 0.001129479349
13410.0 0.0011458900029999999
13420.0 0.0011629604025
13430.0 0.001180561198
13440.0 0.0011985620215
13450.0 0.0012168326505000002
13460.0 0.0012352452875
13470.0 0.0012536755785
13480.0 0.0012720043104999998
13490.0 0.001290118624
13500.0 0.0013079132255
13510.0 0.001325291212
13520.0 0.001342164944
13530.0 0.0013584562879999998
13540.0 0.0013740972469999998
13550.0 0.001389029718
13560.0 0.0014032055404999998
13570.0 0.0014165862540000001
13580.0 0.001429142613
13590.0 0.0014408540534999999
13600.0 0.001451708305
13610.0 0.0014617004205
13620.0 0.0014708322915
13630.0 0.0014791119205
13640.0 0.001486552548
13650.0 0.0014931721189999998
13660.0 0.0014989926039999997
13670.0 0.0015040388835
13680.0 0.0015083386025
13690.0 0.0015119211519999999
13700.0 0.0015148171355
13710.0 0.0015170576899999999
13720.0 0.0015186738554999997
13730.0 0.0015196960900000001
13740.0 0.0015201535905
13750.0 0.001520073905
13760.0 0.0015194825445
13770.0 0.0015184023524999998
13780.0 0.001516853699
13790.0 0.0015148538015
13800.0 0.0015124169674999998
13810.0 0.0015095545945
13820.0 0.0015062751215
13830.0 0.0015025846595
13840.0 0.0014984868945
13850.0 0.0014939839605
13860.0 0.001489076876
13870.0 0.001483766029
13880.0 0.0014780520985000001
13890.0 0.0014719365394999999
13900.0 0.0014654224075
13910.0 0.001458515183
13920.0 0.001451223111
13930.0 0.0014435579769999998
13940.0 0.0014355355435000001
13950.0 0.001427175744
13960.0 0.0014185032165
13970.0 0.0014095470610000001
13980.0 0.0014003409849999999
13990.0 0.0013909230124999998
14000.0 0.0013813350959999999
14010.0 0.0013716229225
14020.0 0.001361835089
14030.0 0.0013520225205
14040.0 0.0013422379365
14050.0 0.0013325352205
14060.0 0.00132296845
14070.0 0.0013135914115000001
14080.0 0.0013044571640000002
14090.0 0.0012956171175
14100.0 0.0012871210329999999
14110.0 0.0012790162464999999
14120.0 0.0012713477174999999
14130.0 0.001264157641
14140.0 0.001257485399
14150.0 0.001251367609
14160.0 0.0012458379785
14170.0 0.0012409272565
14180.0 0.0012366635730000001
14190.0 0.0012330720994999998
14200.0 0.0012301751459999999
14210.0 0.0012279922095
14220.0 0.0012265395375
14230.0 0.001225830225
14240.0 0.0012258736325
14250.0 0.0012266752890000001
14260.0 0.0012282364069999998
14270.0 0.0012305535430000001
14280.0 0.0012336180639999999
14290.0 0.0012374158565
14300.0 0.0012419269385
14310.0 0.001247125314
14320.0 0.0012529787305
14330.0 0.001259448679
14340.0 0.0012664906365
14350.0 0.0012740544054999998
14360.0 0.0012820846475
14370.0 0.0012905216590000002
14380.0 0.0012993023415
14390.0 0.0013083612684999999
14400.0 0.0013176320919999999
14410.0 0.001327048852
14420.0 0.0013365477225000001
14430.0 0.0013460684665
14440.0 0.0013555560849999998
14450.0 0.0013649625144999998
14460.0 0.0013742480334999999
14470.0 0.0013833827174999998
14480.0 0.001392347797
14490.0 0.0014011361909999998
14500.0 0.0014097539135
14510.0 0.001418219928
14520.0 0.001426566681
14530.0 0.0014348395685000001
14540.0 0.0014430968389999997
14550.0 0.0014514082354999997
14560.0 0.0014598542195000002
14570.0 0.0014685241765
14580.0 0.001477514864
14590.0 0.0014869282775
14600.0 0.0014968695650000002
14610.0 0.001507444699
14620.0 0.0015187579544999998
14630.0 0.0015309097265
14640.0 0.0015439937655
14650.0 0.001558095189
14660.0 0.001573288202
14670.0 0.0015896340115
14680.0 0.0016071791775
14690.0 0.0016259541094999998
14700.0 0.0016459718539999998
14710.0 0.0016672273184999999
14720.0 0.0016896966895
14730.0 0.0017133373839999999
14740.0 0.0017380881465
14750.0 0.001763869534
14760.0 0.0017905850799999998
14770.0 0.001818122022
14780.0 0.001846352999
14790.0 0.0018751377975
14800.0 0.0019043249519999999
14810.0 0.0019337538790000003
14820.0 0.0019632571564999995
14830.0 0.0019926627549999997
14840.0 0.0020217960744999997
14850.0 0.002050482612
14860.0 0.0020785498045000003
14870.0 0.0021058295995
14880.0 0.0021321604435000003
14890.0 0.002157389028
14900.0 0.0021813723750000002
14910.0 0.0022039792435
14920.0 0.0022250915845
14930.0 0.002244605608
14940.0 0.002262433044
14950.0 0.002278501191
14960.0 0.002292753789
14970.0 0.0023051509709999998
14980.0 0.002315668972
14990.0 0.0023242999835
15000.0 0.0023310512319999997
15010.0 0.0023359443485
15020.0 0.0023390141559999997
15030.0 0.0023403076024999998
15040.0 0.0023398822574999998
15050.0 0.0023378050995
15060.0 0.0023341511095000002
15070.0 0.0023290015735
15080.0 0.0023224430155
15090.0 0.002314565597
15100.0 0.0023054621469999997
15110.0 0.0022952270465
15120.0 0.0022839551615
15130.0 0.0022717413579999997
15140.0 0.0022586797259999997
15150.0 0.0022448632885
15160.0 0.0022303836620000002
15170.0 0.002215331105
15180.0 0.0021997944209999998
15190.0 0.0021838610554999996
15200.0 0.002167617387
15210.0 0.0021511486785
15220.0 0.002134539611
15230.0 0.0021178741865
15240.0 0.0021012357765
15250.0 0.0020847074615
15260.0 0.0020683715945
15270.0 0.002052309801
15280.0 0.0020366026395
15290.0 0.0020213291165
15300.0 0.0020065662015000003
15310.0 0.001992388148
15320.0 0.0019788658145000002
15330.0 0.00196606584
15340.0 0.0019540500135
15350.0 0.0019428740615
15360.0 0.001932587357
15370.0 0.0019232319010000002
15380.0 0.0019148416434999998
15390.0 0.0019074420955000001
15400.0 0.0019010497954999998
15410.0 0.0018956720185
15420.0 0.001891306679
15430.0 0.001887942525
15440.0 0.001885558944
15450.0 0.0018841268360000002
15460.0 0.001883608856
15470.0 0.0018839600930000001
15480.0 0.0018851291855
15490.0 0.001887058855
15500.0 0.0018896872640000002
15510.0 0.001892949083
15520.0 0.0018967764605
15530.0 0.0019011003325000002
15540.0 0.0019058515865
15550.0 0.001910961983
15560.0 0.0019163652224999997
15570.0 0.0019219980124999998
15580.0 0.0019278005039999999
15590.0 0.001933717407
15600.0 0.0019396980875
15610.0 0.0019456970525000004
15620.0 0.001951674144
15630.0 0.001957594539
15640.0 0.001963428604
15650.0 0.0019691516525000004
15660.0 0.0019747435085
15670.0 0.0019801880215
15680.0 0.0019854726785
15690.0 0.0019905876825
15700.0 0.0019955256615
15710.0 0.0020002807954999998
15720.0 0.00200484838
15730.0 0.002009224244
15740.0 0.002013404362
15750.0 0.002017384466
15760.0 0.002021159803
15770.0 0.002024725038
15780.0 0.0020280743025
15790.0 0.002031201146
15800.0 0.0020340989725
15810.0 0.0020367612345
15820.0 0.0020391818695
15830.0 0.002041355785
15840.0 0.002043279295
15850.0 0.002044950702
15860.0 0.0020463705880000003
15870.0 0.002047542542
15880.0 0.0020484734025
15890.0 0.0020491733545
15900.0 0.0020496564145
15910.0 0.0020499402850000003
15920.0 0.0020500463545
15930.0 0.0020499994064999997
15940.0 0.002049827183
15950.0 0.002049560142
15960.0 0.0020492304874999995
15970.0 0.002048871636
15980.0 0.0020485173435000003
15990.0 0.0020482007355
16000.0 0.002047953434
16010.0 0.0020478046845
16020.0 0.0020477802889999996
16030.0 0.002047901733
16040.0 0.0020481857974999997
16050.0 0.0020486433465000003
16060.0 0.0020492793755000002
16070.0 0.0020500923325
16080.0 0.0020510742150000004
16090.0 0.0020522104245
16100.0 0.002053480397
16110.0 0.0020548575545
16120.0 0.0020563104689999994
16130.0 0.002057803396
16140.0 0.0020592972445
16150.0 0.0020607508865000002
16160.0 0.0020621221755
16170.0 0.0020633690135
16180.0 0.002064450903
16190.0 0.0020653298199999996
16200.0 0.0020659716204999997
16210.0 0.0020663466225
16220.0 0.0020664308185
16230.0 0.002066206312
16240.0 0.002065661948
16250.0 0.0020647934584999998
16260.0 0.002063603608
16270.0 0.002062101854
16280.0 0.00206030425
16290.0 0.0020582325724999998
16300.0 0.0020559136905
16310.0 0.0020533786925
16320.0 0.0020506618195
16330.0 0.0020477991555
16340.0 0.0020448276574999997
16350.0 0.0020417838945
16360.0 0.0020387027864999996
16370.0 0.0020356162464999997
16380.0 0.0020325524530000003
16390.0 0.0020295345889999998
16400.0 0.0020265798719999997
16410.0 0.0020236992145
16420.0 0.0020208961085
16430.0 0.002018166771
16440.0 0.0020154995135
16450.0 0.002012874839
16460.0 0.0020102656845
16470.0 0.0020076376635000002
16480.0 0.0020049494539999997
16490.0 0.0020021537684999998
16500.0 0.0019991977905
16510.0 0.001996024387
16520.0 0.001992573127
16530.0 0.0019887811545
16540.0 0.0019845847405
16550.0 0.0019799203500000004
16560.0 0.001974726
16570.0 0.001968942472
16580.0 0.0019625144274999996
16590.0 0.0019553919599999995
16600.0 0.0019475314194999998
16610.0 0.001938896431
16620.0 0.0019294590584999999
16630.0 0.0019192002415
16640.0 0.0019081106194999997
16650.0 0.0018961910170000001
16660.0 0.0018834525405
16670.0 0.0018699168209999999
16680.0 0.0018556158685
16690.0 0.0018405918295
16700.0 0.0018248963565
16710.0 0.0018085901714999999
16720.0 0.0017917422415
16730.0 0.0017744285174999999
16740.0 0.0017567313525
16750.0 0.001738737804
16760.0 0.001720538761
16770.0 0.0017022272465
16780.0 0.0016838972534999998
16790.0 0.001665642387
16800.0 0.001647554312
16810.0 0.0016297217835
16820.0 0.0016122290459999998
16830.0 0.0015951549604999997
16840.0 0.0015785718889999999
16850.0 0.0015625450154999998
16860.0 0.0015471314245
16870.0 0.0015323797615
16880.0 0.001518329651
16890.0 0.0015050117935
16900.0 0.001492447723
16910.0 0.001480650195
16920.0 0.0014696230894999998
16930.0 0.001459362478
16940.0 0.0014498564779999998
16950.0 0.001441086611
16960.0 0.0014330280935
16970.0 0.0014256508555
16980.0 0.0014189204135000002
16990.0 0.0014127987435
17000.0 0.0014072452995
17010.0 0.0014022175955
17020.0 0.0013976723695
17030.0 0.0013935663595
17040.0 0.0013898568855
17050.0 0.0013865027225
17060.0 0.001383464634
17070.0 0.001380705954
17080.0 0.001378193072
17090.0 0.0013758957725
17100.0 0.001373787526
17110.0 0.0013718458285
17120.0 0.0013700522985
17130.0 0.0013683928225
17140.0 0.0013668575065
17150.0 0.001365440579
17160.0 0.0013641405849999998
17170.0 0.001362959901
17180.0 0.0013619046865
17190.0 0.0013609847869999999
17200.0 0.0013602131035
17210.0 0.0013596056409999999
17220.0 0.001359180781
17230.0 0.001358959233
17240.0 0.0013589633555
17250.0 0.0013592166709999998
17260.0 0.0013597436235
17270.0 0.0013605689479999998
17280.0 0.00136171704
17290.0 0.001363211713
17300.0 0.001365075471
17310.0 0.0013673291205
17320.0 0.001369991237
17330.0 0.0013730778254999998
17340.0 0.0013766017385
17350.0 0.001380572482
17360.0 0.001384995779
17370.0 0.0013898733754999998
17380.0 0.0013952026525
17390.0 0.001400976917
17400.0 0.0014071848199999999
17410.0 0.0014138107445000002
17420.0 0.0014208347085000001
17430.0 0.001428232559
17440.0 0.0014359760689999998
17450.0 0.0014440335194999998
17460.0 0.0014523696025
17470.0 0.0014609462454999997
17480.0 0.001469722563
17490.0 0.0014786557779999999
17500.0 0.0014877013675
17510.0 0.0014968136929999999
17520.0 0.0015059464855
17530.0 0.001515053282
17540.0 0.0015240879105000002
17550.0 0.001533004975
17560.0 0.0015417603405
17570.0 0.0015503113755
17580.0 0.0015586172915
17590.0 0.001566639628
17600.0 0.001574342301
17610.0 0.0015816918939999998
17620.0 0.001588657658
17630.0 0.0015952119965
17640.0 0.0016013299319999998
17650.0 0.001606989591
17660.0 0.0016121719615
17670.0 0.001616860796
17680.0 0.0016210426599999998
17690.0 0.0016247066409999999
17700.0 0.0016278443970000002
17710.0 0.00163044972
17720.0 0.0016325187784999998
17730.0 0.001634049681
17740.0 0.0016350425245
17750.0 0.0016354989579999998
17760.0 0.001635422619
17770.0 0.001634818503
17780.0 0.001633693206
17790.0 0.001632054779
17800.0 0.0016299126309999997
17810.0 0.0016272775775000002
17820.0 0.001624161889
17830.0 0.0016205790485
17840.0 0.0016165438484999999
17850.0 0.0016120724395
17860.0 0.0016071821359999999
17870.0 0.0016018914164999999
17880.0 0.001596219875
17890.0 0.0015901879784999998
17900.0 0.0015838170184999999
17910.0 0.0015771289170000001
17920.0 0.0015701461294999998
17930.0 0.0015628912570000001
17940.0 0.0015553869004999998
17950.0 0.0015476555154999999
17960.0 0.0015397189269999998
17970.0 0.001531598378
17980.0 0.001523314093
17990.0 0.0015148852295
18000.0 0.001506329393
18010.0 0.0014976629764999999
18020.0 0.0014889006270000001
18030.0 0.001480055197
18040.0 0.0014711380355
18050.0 0.0014621586485
18060.0 0.0014531249415000002
18070.0 0.0014440431709999999
18080.0 0.00143491809
18090.0 0.0014257532875
18100.0 0.0014165510915
18110.0 0.001407312763
18120.0 0.0013980388355
18130.0 0.0013887293089999999
18140.0 0.0013793836015
18150.0 0.0013700008884999998
18160.0 0.001360580297
18170.0 0.0013511209055
18180.0 0.0013416219865
18190.0 0.0013320829095
18200.0 0.0013225034805
18210.0 0.001312883845
18220.0 0.0013032243425
18230.0 0.0012935259915000002
18240.0 0.001283790053
18250.0 0.0012740181275
18260.0 0.001264212349
18270.0 0.0012543752395
18280.0 0.0012445095635
18290.0 0.0012346185705
18300.0 0.0012247058494999998
18310.0 0.0012147753775
18320.0 0.0012048315679999999
18330.0 0.001194879271
18340.0 0.0011849238215
18350.0 0.0011749709425
18360.0 0.0011650270845
18370.0 0.0011550992315
18380.0 0.0011451949494999999
18390.0 0.0011353226775000001
18400.0 0.001125491485
18410.0 0.001115711072
18420.0 0.0011059921085
18430.0 0.0010963459435
18440.0 0.0010867845079999998
18450.0 0.0010773206544999999
18460.0 0.0010679677690000001
18470.0 0.001058739577
18480.0 0.0010496504344999998
18490.0 0.001040714843
18500.0 0.0010319474494999998
18510.0 0.0010233628040000001
18520.0 0.0010149751655
18530.0 0.001006798308
18540.0 0.0009988453265000002
18550.0 0.0009911282975
18560.0 0.0009836582305
18570.0 0.0009764447285
18580.0 0.0009694957940000001
18590.0 0.000962817538
18600.0 0.0009564143255
18610.0 0.0009502882905000001
18620.0 0.000944439336
18630.0 0.000938865134
18640.0 0.0009335610285
18650.0 0.0009285200354999999
18660.0 0.00092373294
18670.0 0.0009191883445000001
18680.0 0.000914872863
18690.0 0.000910771315
18700.0 0.0009068667739999999
18710.0 0.0009031411494999999
18720.0 0.0008995752839999998
18730.0 0.0008961491954999999
18740.0 0.0008928426595
18750.0 0.0008896352574999999
18760.0 0.0008865071044999999
18770.0 0.0008834388005
18780.0 0.0008804120609999999
18790.0 0.0008774097654999999
18800.0 0.0008744164909999999
18810.0 0.0008714186089999998
18820.0 0.0008684044795
18830.0 0.000865364645
18840.0 0.000862291879
18850.0 0.0008591812829999999
18860.0 0.0008560302379999999
18870.0 0.0008528384529999999
18880.0 0.000849607577
18890.0 0.000846341393
18900.0 0.0008430453814999999
18910.0 0.000839726672
18920.0 0.000836393558
18930.0 0.0008330553999999999
18940.0 0.000829722383
18950.0 0.0008264051284999999
18960.0 0.0008231144519999999
18970.0 0.000819861072
18980.0 0.0008166555614999999
18990.0 0.0008135077659999999
19000.0 0.000810426949
19010.0 0.0008074215495
19020.0 0.000804498988
19030.0 0.0008016656665
19040.0 0.0007989267745
19050.0 0.000796286386
19060.0 0.0007937475565
19070.0 0.000791312032
19080.0 0.0007889805885
19090.0 0.0007867529835
19100.0 0.0007846279074999999
19110.0 0.0007826033719999999
19120.0 0.0007806764185
19130.0 0.0007788436035
19140.0 0.0007771007075000001
19150.0 0.0007754429775
19160.0 0.0007738654665
19170.0 0.0007723626455
19180.0 0.000770928937
19190.0 0.000769558424
19200.0 0.000768245238
19210.0 0.0007669835589999999
19220.0 0.000765767567
19230.0 0.0007645916845
19240.0 0.0007634508189999999
19250.0 0.0007623399749999999
19260.0 0.0007612549814999999
19270.0 0.0007601921039999999
19280.0 0.0007591484325
19290.0 0.0007581219299999999
19300.0 0.000757111287
19310.0 0.000756116552
19320.0 0.0007551385979999999
19330.0 0.0007541796560000001
19340.0 0.000753242927
19350.0 0.0007523331155000001
19360.0 0.000751455799
19370.0 0.00075061801
19380.0 0.0007498275085
19390.0 0.0007490932670000001
19400.0 0.0007484249855
19410.0 0.0007478329459999999
19420.0 0.0007473278185
19430.0 0.0007469205639999999
19440.0 0.0007466219009999999
19450.0 0.0007464422569999999
19460.0 0.0007463914774999999
19470.0 0.0007464783894999999
19480.0 0.0007467106075
19490.0 0.0007470941455
19500.0 0.0007476333685000001
19510.0 0.000748330459
19520.0 0.0007491855625
19530.0 0.0007501961569999999
19540.0 0.0007513573925000001
19550.0 0.0007526615575
19560.0 0.00075409837
19570.0 0.0007556547834999999
19580.0 0.0007573151325000001
19590.0 0.000759061181
19600.0 0.0007608723165
19610.0 0.000762725647
19620.0 0.000764596389
19630.0 0.0007664579645
19640.0 0.0007682824859999999
19650.0 0.0007700409505
19660.0 0.0007717035305
19670.0 0.0007732402045
19680.0 0.0007746208055
19690.0 0.0007758156514999999
19700.0 0.0007767956424999999
19710.0 0.0007775328425
19720.0 0.0007780007705
19730.0 0.0007781745460000001
19740.0 0.0007780314710000001
19750.0 0.000777550933
19760.0 0.00077671489
19770.0 0.0007755079675000001
19780.0 0.000773917604
19790.0 0.0007719341965
19800.0 0.0007695511005
19810.0 0.000766764727
19820.0 0.0007635745425
19830.0 0.0007599830204999999
19840.0 0.0007559954474999999
19850.0 0.0007516200199999999
19860.0 0.0007468675050000001
19870.0 0.0007417511914999999
19880.0 0.000736286745
19890.0 0.0007304917225
19900.0 0.0007243856695
19910.0 0.0007179895380000001
19920.0 0.0007113258804999999
19930.0 0.0007044179769999999
19940.0 0.0006972902715
19950.0 0.0006899674504999999
19960.0 0.0006824746854999999
19970.0 0.0006748370995
19980.0 0.0006670797670000001
19990.0 0.000659227326
20000.0 0.0006513038325
20010.0 0.0006433327604999999
20020.0 0.000635336711
20030.0 0.0006273373635
20040.0 0.000619355379
20050.0 0.000611410303
20060.0 0.0006035207110000001
20070.0 0.0005957040145
20080.0 0.000587976558
20090.0 0.000580353522
20100.0 0.000572849311
20110.0 0.0005654771655
20120.0 0.0005582495985
20130.0 0.0005511781045
20140.0 0.000544273596
20150.0 0.0005375463065
20160.0 0.0005310055965
20170.0 0.0005246605355000001
20180.0 0.000518519514
20190.0 0.0005125905345
20200.0 0.000506880969
20210.0 0.0005013979469999999
20220.0 0.000496148113
20230.0 0.000491137578
20240.0 0.0004863721619999999
20250.0 0.00048185720485
20260.0 0.00047759753714999995
20270.0 0.0004735975918
20280.0 0.00046986126335
20290.0 0.00046639200984999993
20300.0 0.00046319267825
20310.0 0.00046026562565
20320.0 0.0004576126998999999
20330.0 0.00045523512805000003
20340.0 0.00045313363275
20350.0 0.00045130833525
20360.0 0.0004497588524
20370.0 0.0004484842336
20380.0 0.00044748295109999994
20390.0 0.0004467530261
20400.0 0.00044629186869999993
20410.0 0.00044609643795
20420.0 0.0004461631303
20430.0 0.00044648788629999994
20440.0 0.00044706604994999995
20450.0 0.000447892553
20460.0 0.00044896173065000003
20470.0 0.00045026736034999997
20480.0 0.00045180274910000003
20490.0 0.00045356056369999997
20500.0 0.0004555329617
20510.0 0.0004577114847
20520.0 0.0004600870729
20530.0 0.00046265009904999997
20540.0 0.0004653903248
20550.0 0.00046829693464999996
20560.0 0.00047135859415000004
20570.0 0.00047456340139999994
20580.0 0.00047789904225
20590.0 0.0004813527515
20600.0 0.00048491148265
20610.0 0.0004885618884999999
20620.0 0.00049229052
20630.0 0.0004960839475
20640.0 0.0004999287364999999
20650.0 0.000503811792
20660.0 0.0005077203585
20670.0 0.0005116422139999999
20680.0 0.000515565864
20690.0 0.00051948059
20700.0 0.0005233766919999999
20710.0 0.0005272455369999999
20720.0 0.0005310798985
20730.0 0.0005348737139999999
20740.0 0.0005386226185
20750.0 0.000542323605
20760.0 0.000545975461
20770.0 0.0005495784289999999
20780.0 0.0005531345945
20790.0 0.000556647595
20800.0 0.000560122523
20810.0 0.00056356612
20820.0 0.0005669862915
20830.0 0.000570392107
20840.0 0.0005737935575
20850.0 0.0005772014585
20860.0 0.0005806267710000001
20870.0 0.0005840807955
20880.0 0.0005875743474999999
20890.0 0.000591117903
20900.0 0.000594720871
20910.0 0.000598391545
20920.0 0.000602136618
20930.0 0.0006059609885
20940.0 0.0006098675179999999
20950.0 0.000613856837
20960.0 0.0006179271995
20970.0 0.0006220746284999999
20980.0 0.000626292528
20990.0 0.0006305721679999999
21000.0 0.0006349024905
21010.0 0.0006392706915
21020.0 0.0006436620269999999
21030.0 0.000648060492
21040.0 0.0006524487235000001
21050.0 0.000656808825
21060.0 0.0006611221725
21070.0 0.0006653700934999999
21080.0 0.0006695341094999999
21090.0 0.0006735959844999999
21100.0 0.0006775381615
21110.0 0.0006813439564999999
21120.0 0.0006849976555
21130.0 0.000688484466
21140.0 0.0006917909535
21150.0 0.000694904702
21160.0 0.000697814605
21170.0 0.0007005106715
21180.0 0.0007029840745000001
21190.0 0.000705227054
21200.0 0.000707232917
21210.0 0.0007089957949999999
21220.0 0.0007105108379999999
21230.0 0.000711773972
21240.0 0.0007127818019999999
21250.0 0.000713531709
21260.0 0.0007140216075
21270.0 0.0007142500909999999
21280.0 0.0007142162865
21290.0 0.0007139197089999999
21300.0 0.000713360504
21310.0 0.0007125392535000001
21320.0 0.0007114570245
21330.0 0.0007101152720000001
21340.0 0.0007085161785
21350.0 0.0007066621689999999
21360.0 0.0007045563959999999
21370.0 0.0007022024969999999
21380.0 0.000699604837
21390.0 0.0006967683629999999
21400.0 0.0006936988465
21410.0 0.0006904026895
21420.0 0.000686887264
21430.0 0.0006831608149999999
21440.0 0.0006792323149999999
21450.0 0.000675112046
21460.0 0.000670810969
21470.0 0.000666341306
21480.0 0.0006617162004999999
21490.0 0.000656949863
21500.0 0.0006520575225
21510.0 0.000647055572
21520.0 0.0006419611319999999
21530.0 0.0006367923899999999
21540.0 0.0006315683095
21550.0 0.0006263086785
21560.0 0.0006210338185
21570.0 0.0006157647300000001
21580.0 0.000610522753
21590.0 0.0006053294699999999
21600.0 0.0006002066574999999
21610.0 0.0005951760434999999
21620.0 0.000590259259
21630.0 0.0005854774985
21640.0 0.0005808515685
21650.0 0.0005764015964999999
21660.0 0.000572147031
21670.0 0.000568106205
21680.0 0.000564296724
21690.0 0.0005607347385
21700.0 0.0005574353805
21710.0 0.000554412327
21720.0 0.0005516778485
21730.0 0.000549242809
21740.0 0.0005471165204999999
21750.0 0.0005453068885
21760.0 0.000543820121
21770.0 0.000542661068
21780.0 0.0005418330275
21790.0 0.0005413377455
21800.0 0.0005411757555
21810.0 0.000541346136
21820.0 0.0005418468015
21830.0 0.0005426743085
21840.0 0.000543824292
21850.0 0.000545291223
21860.0 0.0005470686995
21870.0 0.0005491494949999999
21880.0 0.0005515255585
21890.0 0.0005541882085
21900.0 0.000557128133
21910.0 0.000560335438
21920.0 0.0005637998414999999
21930.0 0.0005675105280000001
21940.0 0.000571456391
21950.0 0.000575625936
21960.0 0.0005800074259999999
21970.0 0.0005845887845
21980.0 0.0005893576439999999
21990.0 0.0005943013944999999
22000.0 0.000599407232
22010.0 0.0006046619645
22020.0 0.000610052206
22030.0 0.000615564328
22040.0 0.0006211843625
22050.0 0.0006268980505
22060.0 0.000632690842
22070.0 0.000638547799
22080.0 0.0006444536925
22090.0 0.0006503929539999999
22100.0 0.0006563497239999999
22110.0 0.0006623077549999999
22120.0 0.0006682505084999999
22130.0 0.0006741610579999999
22140.0 0.0006800222345
22150.0 0.0006858166265
22160.0 0.0006915266285
22170.0 0.0006971343439999999
22180.0 0.0007026217795
22190.0 0.0007079708444999999
22200.0 0.0007131634
22210.0 0.0007181814525
22220.0 0.000723006863
22230.0 0.000727621929
22240.0 0.0007320090935
22250.0 0.0007361510905000001
22260.0 0.0007400311389999999
22270.0 0.0007436328944999999
22280.0 0.0007469406914999999
22290.0 0.0007499395919999999
22300.0 0.0007526152399999999
22310.0 0.000754954298
22320.0 0.0007569443500000001
22330.0 0.0007585739015
22340.0 0.0007598326219999999
22350.0 0.0007607112965000001
22360.0 0.000761201971
22370.0 0.0007612979525000001
22380.0 0.000760993809
22390.0 0.0007602854179999999
22400.0 0.0007591700635000001
22410.0 0.0007576464845
22420.0 0.0007557146324999999
22430.0 0.000753375914
22440.0 0.0007506330935
22450.0 0.0007474902450000001
22460.0 0.0007439528004999999
22470.0 0.0007400273074999999
22480.0 0.0007357216230000001
22490.0 0.0007310446224999999
22500.0 0.000726006394
22510.0 0.000720617947
22520.0 0.000714891261
22530.0 0.0007088391399999999
22540.0 0.0007024752125000001
22550.0 0.000695813786
22560.0 0.000688869847
22570.0 0.0006816589154999999
22580.0 0.0006741970935
22590.0 0.000666500774
22600.0 0.0006585868835
22610.0 0.0006504725424999999
22620.0 0.0006421751624999999
22630.0 0.0006337123975
22640.0 0.000625102144
22650.0 0.0006163622015
22660.0 0.0006075107575
22670.0 0.0005985658055
22680.0 0.0005895455815
22690.0 0.000580468176
22700.0 0.000571351825
22710.0 0.000562214619
22720.0 0.0005530747454999999
22730.0 0.0005439501495
22740.0 0.0005348590185
22750.0 0.0005258192005
22760.0 0.0005168486405
22770.0 0.000507965138
22780.0 0.0004991864440000001
22790.0 0.000490530261
22800.0 0.00048201414114999996
22810.0 0.0004736555978
22820.0 0.00046547196970000006
22830.0 0.00045748055195
22840.0 0.0004496984456499999
22850.0 0.0004421426452
22860.0 0.000434829951
22870.0 0.00042777698885000003
22880.0 0.00042100014205
22890.0 0.00041451552715000004
22900.0 0.00040833896
22910.0 0.000402485883
22920.0 0.00039697134084999995
22930.0 0.00039180988839999996
22940.0 0.00038701552274999996
22950.0 0.0003826016105
22960.0 0.00037858080529999997
22970.0 0.0003749649557
22980.0 0.00037176497905
22990.0 0.0003689908033
23000.0 0.00036665122635
23010.0 0.00036475381905
23020.0 0.0003633048282
23030.0 0.00036230904075
23040.0 0.0003617696916499999
23050.0 0.00036168837169999997
23060.0 0.00036206491599999997
23070.0 0.00036289731665
23080.0 0.00036418166455
23090.0 0.00036591206210000003
23100.0 0.0003680805941
23110.0 0.00037067726469999996
23120.0 0.00037369000710000004
23130.0 0.00037710466415
23140.0 0.00038090501744999995
23150.0 0.00038507283099999996
23160.0 0.00038958788515
23170.0 0.00039442808815
23180.0 0.00039956955860000003
23190.0 0.00040498673699999996
23200.0 0.00041065253609999996
23210.0 0.0004165385058
23220.0 0.0004226149641
23230.0 0.0004288511814
23240.0 0.00043521569575
23250.0 0.00044167630799999997
23260.0 0.0004482004504
23270.0 0.0004547553903
23280.0 0.0004613083417
23290.0 0.00046782683385
23300.0 0.00047427875005
23310.0 0.00048063273990000004
23320.0 0.0004868582289999999
23330.0 0.000492925676
23340.0 0.0004988067860000001
23350.0 0.0005044746415
23360.0 0.0005099038285000001
23370.0 0.0005150704850000001
23380.0 0.0005199526405
23390.0 0.0005245300705
23400.0 0.0005287842964999999
23410.0 0.0005326990225
23420.0 0.0005362597954999999
23430.0 0.000539454054
23440.0 0.000542271225
23450.0 0.0005447027724999999
23460.0 0.0005467418579999999
23470.0 0.0005483835345
23480.0 0.000549624698
23490.0 0.0005504638449999999
23500.0 0.000550901024
23510.0 0.000550937884
23520.0 0.0005505774804999999
23530.0 0.0005498241785
23540.0 0.000548683701
23550.0 0.000547162838
23560.0 0.000545269495
23570.0 0.0005430126445
23580.0 0.0005404022775
23590.0 0.000537449161
23600.0 0.000534165129
23610.0 0.000530562743
23620.0 0.000526655486
23630.0 0.0005224576170000001
23640.0 0.0005179842195000001
23650.0 0.0005132512499999999
23660.0 0.0005082755865
23670.0 0.0005030749315
23680.0 0.0004976679575
23690.0 0.000492074307
23700.0 0.000486314738
23710.0 0.0004804111046
23720.0 0.00047438632790000005
23730.0 0.00046826457545
23740.0 0.00046207123699999996
23750.0 0.0004558330215
23760.0 0.00044957782614999997
23770.0 0.00044333487705
23780.0 0.00043713454004999994
23790.0 0.00043100833045
23800.0 0.0004249886899
23810.0 0.00041910894275
23820.0 0.00041340293229999995
23830.0 0.0004079124898
23840.0 0.00040266584225
23850.0 0.00039769487355
23860.0 0.00039303241335
23870.0 0.00038870997695
23880.0 0.0003847572803
23890.0 0.00038120173074999996
23900.0 0.00037806796630000003
23910.0 0.0003753773996999999
23920.0 0.00037314779164999995
23930.0 0.00037139291615
23940.0 0.0003701222986
23950.0 0.00036934108
23960.0 0.0003690499102499999
23970.0 0.00036924505
23980.0 0.00036991851129999996
23990.0 0.00037105837285
24000.0 0.00037264911949999997
24010.0 0.00037467215149999993
24020.0 0.00037710628405
24030.0 0.00037992834870000005
24040.0 0.0003831137802
24050.0 0.0003866372276
24060.0 0.00039047310715
24070.0 0.0003945961358
24080.0 0.0003989817871
24090.0 0.00040360668889999996
24100.0 0.00040844887555
24110.0 0.00041348803039999995
24120.0 0.00041870554885
24130.0 0.00042408462565
24140.0 0.0004296100803
24150.0 0.0004352683328
24160.0 0.0004410471757
24170.0 0.00044693555099999994
24180.0 0.00045292330279999996
24190.0 0.0004590008669
24200.0 0.00046515913985
24210.0 0.00047138904244999996
24220.0 0.0004776814567
24230.0 0.00048402685235
24240.0 0.0004904152675
24250.0 0.0004968360854999999
24260.0 0.000503277904
24270.0 0.0005097285495000001
24280.0 0.00051617483
24290.0 0.0005226026804999999
24300.0 0.0005289971145
24310.0 0.0005353420785
24320.0 0.0005416206945000001
24330.0 0.0005478150174999999
24340.0 0.0005539062779999999
24350.0 0.000559874882
24360.0 0.000565700217
24370.0 0.0005713611369999999
24380.0 0.0005768356715
24390.0 0.0005821014619999999
24400.0 0.000587135665
24410.0 0.0005919152429999999
24420.0 0.0005964174009999999
24430.0 0.0006006195380000001
24440.0 0.0006044999745000001
24450.0 0.000608038001
24460.0 0.0006112147509999999
24470.0 0.0006140132494999999
24480.0 0.0006164192859999999
24490.0 0.000618421851
24500.0 0.0006200133785
24510.0 0.000621190522
24520.0 0.0006219545425
24530.0 0.0006223114055
24540.0 0.0006222721205
24550.0 0.0006218527895
24560.0 0.000621074607
24570.0 0.0006199636175
24580.0 0.0006185502789999999
24590.0 0.0006168691235
24600.0 0.000614957884
24610.0 0.000612857058
24620.0 0.0006106088404999999
24630.0 0.0006082563480000001
24640.0 0.0006058426969999999
24650.0 0.0006034099855
24660.0 0.000600998517
24670.0 0.0005986460729999999
24680.0 0.0005963868945
24690.0 0.000594251488
24700.0 0.000592265704
24710.0 0.0005904507855
24720.0 0.0005888229315
24730.0 0.000587393297
24740.0 0.0005861680899999999
24750.0 0.0005851488625
24760.0 0.0005843326075
24770.0 0.0005837123895
24780.0 0.0005832776840000001
24790.0 0.000583015008
24800.0 0.0005829084049999999
24810.0 0.0005829401239999999
24820.0 0.0005830913955
24830.0 0.000583342674
24840.0 0.0005836746564999999
24850.0 0.0005840685249999999
24860.0 0.0005845067225
24870.0 0.0005849730985
24880.0 0.0005854533455
24890.0 0.0005859353384999999
24900.0 0.0005864089409999999
24910.0 0.0005868662475
24920.0 0.0005873013895
24930.0 0.0005877101959999999
24940.0 0.0005880901935
24950.0 0.000588440218
24960.0 0.000588760221
24970.0 0.000589050833
24980.0 0.0005893134605000001
24990.0 0.0005895497524999999
25000.0 0.000589761649
