#lamb flux
1000.0 2.368744125e-06
1010.0 2.8700647800000004e-06
1020.0 3.4887788100000004e-06
1030.0 4.24862988e-06
1040.0 5.1791170200000004e-06
1050.0 6.313941315000001e-06
1060.0 7.690721445e-06
1070.0 9.35032725e-06
1080.0 1.133577654e-05
1090.0 1.3690702410000001e-05
1100.0 1.6457448975000002e-05
1110.0 1.967492835e-05
1120.0 2.3376417900000003e-05
1130.0 2.758747035e-05
1140.0 3.2324125350000003e-05
1150.0 3.7591512750000004e-05
1160.0 4.3382926950000006e-05
1170.0 4.9679330250000005e-05
1180.0 5.6449331400000006e-05
1190.0 6.364951559999999e-05
1200.0 7.122519855e-05
1210.0 7.911150555e-05
1220.0 8.723482845e-05
1230.0 9.551458785000001e-05
1240.0 0.00010386528900000002
1250.0 0.0001121987757
1260.0 0.00012042661454999999
1270.0 0.00012846247590000002
1280.0 0.00013622444715
1290.0 0.00014363712330000002
1300.0 0.00015063343349999998
1310.0 0.00015715613429999998
1320.0 0.00016315892010000001
1330.0 0.0001686071475
1340.0 0.00017347817849999999
1350.0 0.0001777614135
1360.0 0.00018145790850000002
1370.0 0.0001845798405
1380.0 0.00018714964950000001
1390.0 0.0001891990155
1400.0 0.000190767687
1410.0 0.00019190219400000002
1420.0 0.00019265447850000001
1430.0 0.00019308047550000004
1440.0 0.000193238694
1450.0 0.0001931887815
1460.0 0.000192990138
1470.0 0.000192700728
1480.0 0.000192375909
1490.0 0.00019206744150000003
1500.0 0.00019182276300000004
1510.0 0.00019168450950000004
1520.0 0.00019169005349999998
1530.0 0.00019187153699999998
1540.0 0.00019225592100000004
1550.0 0.0001928653485
1560.0 0.00019371745800000003
1570.0 0.0001948260105
1580.0 0.0001962013845
1590.0 0.00019785121950000002
1600.0 0.000199780878
1610.0 0.00020199400650000002
1620.0 0.0002044928655
1630.0 0.0002072787255
1640.0 0.0002103519825
1650.0 0.00021371229000000002
1660.0 0.00021735844350000003
1670.0 0.00022128813300000002
1680.0 0.000225497382
1690.0 0.000229979772
1700.0 0.000234725205
1710.0 0.000239718237
1720.0 0.0002449359165
1730.0 0.000250345194
1740.0 0.00025590010049999996
1750.0 0.000261538992
1760.0 0.000267182586
1770.0 0.0002727332685
1780.0 0.00027807687600000006
1790.0 0.0002830875135
1800.0 0.00028763610150000005
1810.0 0.000291602883
1820.0 0.0002948928675
1830.0 0.000297453123
1840.0 0.000299289441
1850.0 0.0003004794045
1860.0 0.00030117928500000005
1870.0 0.0003016219965
1880.0 0.0003021055125
1890.0 0.000302971779
1900.0 0.000304578615
1910.0 0.000307268577
1920.0 0.000311339028
1930.0 0.00031701841049999995
1940.0 0.0003244518915
1950.0 0.0003336983595
1960.0 0.0003447378165
1970.0 0.000357486921
1980.0 0.00037181862299999995
1990.0 0.00038758112250000007
2000.0 0.0004046125215
2010.0 0.00042274831499999996
2020.0 0.0004418211435
2030.0 0.0004616533515
2040.0 0.0004820448765
2050.0 0.0005027594055
2060.0 0.0005235115215
2070.0 0.0005439576615
2080.0 0.0005636929815000001
2090.0 0.000582255531
2100.0 0.0005991389910000001
2110.0 0.0006138147180000001
2120.0 0.0006257633085
2130.0 0.000634514397
2140.0 0.0006396919155000001
2150.0 0.0006410603595
2160.0 0.000638565048
2170.0 0.0006323598765
2180.0 0.0006228152370000001
2190.0 0.0006105026564999999
2200.0 0.0005961552795
2210.0 0.0005806084845
2220.0 0.000564728307
2230.0 0.000549338064
2240.0 0.000535153773
2250.0 0.0005227373745
2260.0 0.0005124725100000001
2270.0 0.000504564159
2280.0 0.0004990581585
2290.0 0.0004958742855
2300.0 0.000494844702
2310.0 0.000495750222
2320.0 0.0004983483615000001
2330.0 0.0005023902675
2340.0 0.0005076269055
2350.0 0.000513807195
2360.0 0.0005206728450000001
2370.0 0.000527954922
2380.0 0.0005353763745000001
2390.0 0.0005426621475
2400.0 0.00054955659
2410.0 0.000555844608
2420.0 0.0005613714975
2430.0 0.0005660558970000001
2440.0 0.0005698915695
2450.0 0.000572935671
2460.0 0.0005752852545
2470.0 0.0005770458210000001
2480.0 0.0005782991445
2490.0 0.0005790776475
2500.0 0.000579351531
2510.0 0.0005790325035000001
2520.0 0.000577993614
2530.0 0.000576101163
2540.0 0.0005732513985
2550.0 0.000569403681
2560.0 0.0005646027585000001
2570.0 0.0005589852510000001
2580.0 0.0005527697835000001
2590.0 0.000546233688
2600.0 0.000539681802
2610.0 0.0005334140295000001
2620.0 0.0005276972414999999
2630.0 0.0005227453275
2640.0 0.000518708949
2650.0 0.000515741457
2660.0 0.000517417131
2670.0 0.0005571711915000001
2680.0 0.000665587494
2690.0 0.000774860097
2700.0 0.0008488979564999999
2710.0 0.0008899273350000001
2720.0 0.0009492400170000001
2730.0 0.0010336738005
2740.0 0.001104454395
2750.0 0.0011347498635
2760.0 0.0011315044455
2770.0 0.0011346958094999998
2780.0 0.0011542240545000001
2790.0 0.0011731692225000001
2800.0 0.001219801902
2810.0 0.0012857623515000003
2820.0 0.0013171909245000002
2830.0 0.0013107357615000001
2840.0 0.0013048693845
2850.0 0.0013745921310000001
2860.0 0.0015892117890000002
2870.0 0.00188664267
2880.0 0.00209532345
2890.0 0.002161779015
2900.0 0.0022598147549999998
2910.0 0.002436099765
2920.0 0.0025711903800000003
2930.0 0.0026142746850000005
2940.0 0.0026021155050000005
2950.0 0.0025399058850000002
2960.0 0.00242853171
2970.0 0.0023045375100000003
2980.0 0.002206724685
2990.0 0.00208000518
3000.0 0.0018555835650000002
3010.0 0.001654665375
3020.0 0.001586596176
3030.0 0.0016106263965000001
3040.0 0.001648903047
3050.0 0.00172607292
3060.0 0.0018592068
3070.0 0.0019177197600000002
3080.0 0.00187486629
3090.0 0.0018780689400000002
3100.0 0.0019834785300000004
3110.0 0.00211615503
3120.0 0.0022345126649999996
3130.0 0.002396527485
3140.0 0.0025854820200000004
3150.0 0.002649282075
3160.0 0.0025308333600000004
3170.0 0.00233183049
3180.0 0.002183104275
3190.0 0.002232174945
3200.0 0.002601981525
3210.0 0.0031530132150000005
3220.0 0.0034617051150000002
3230.0 0.003346375065
3240.0 0.0030255150750000005
3250.0 0.0027546337500000003
3260.0 0.002636905755
3270.0 0.00265782429
3280.0 0.002722038
3290.0 0.0027246070500000002
3300.0 0.0026927699700000003
3310.0 0.0027319769400000003
3320.0 0.002807622675
3330.0 0.002866237275
3340.0 0.00288811215
3350.0 0.002883024045
3360.0 0.00290220282
3370.0 0.00298111209
3380.0 0.003131783325
3390.0 0.003337531725
3400.0 0.0035507216250000003
3410.0 0.0037100325900000005
3420.0 0.0037927060050000003
3430.0 0.0038187296400000004
3440.0 0.00383488446
3450.0 0.00388522464
3460.0 0.00398604063
3470.0 0.0041370857550000004
3480.0 0.00433663725
3490.0 0.0045938046
3500.0 0.004896411135000001
3510.0 0.00522065478
3520.0 0.005553214755
3530.0 0.005859401460000001
3540.0 0.006107652705
3550.0 0.00631033722
3560.0 0.00649172469
3570.0 0.006656462504999999
3580.0 0.00679034037
3590.0 0.00687984363
3600.0 0.006915155775
3610.0 0.006897542685000001
3620.0 0.006922181475
3630.0 0.00713355621
3640.0 0.007538397735000001
3650.0 0.008034711795
3660.0 0.008514571065
3670.0 0.008878913339999999
3680.0 0.009043403325000001
3690.0 0.008962715355000001
3700.0 0.00865014579
3710.0 0.008172787425000001
3720.0 0.007621508895
3730.0 0.007063728705
3740.0 0.00651713139
3750.0 0.005979197235000001
3760.0 0.005472301065
3770.0 0.005048884335
3780.0 0.0047697556500000005
3790.0 0.004688257035
3800.0 0.004840025025
3810.0 0.0052387917450000005
3820.0 0.005877373755
3830.0 0.00672567984
3840.0 0.007735504425
3850.0 0.008849936205
3860.0 0.010001836679999999
3870.0 0.01111446303
3880.0 0.01212511971
3890.0 0.013009117935000002
3900.0 0.013775000415
3910.0 0.014445614865000001
3920.0 0.015046487280000001
3930.0 0.015594593685
3940.0 0.01607110494
3950.0 0.016403190375
3960.0 0.016498318815000003
3970.0 0.016308308445000003
3980.0 0.01585553541
3990.0 0.01521504699
4000.0 0.014491446750000001
4010.0 0.013797372435000002
4020.0 0.013221573255
4030.0 0.012799143555000001
4040.0 0.012507695805000002
4050.0 0.012291680775000001
4060.0 0.012094402320000003
4070.0 0.011881265715
4080.0 0.011650070355
4090.0 0.01142350407
4100.0 0.011228132850000001
4110.0 0.0110798292
4120.0 0.010985634825
4130.0 0.010953388545000001
4140.0 0.010996150605
4150.0 0.01112412444
4160.0 0.011327709029999999
4170.0 0.01156767315
4180.0 0.011789504100000002
4190.0 0.01195522119
4200.0 0.01206031365
4210.0 0.012121536570000003
4220.0 0.012159353085
4230.0 0.012195429345000001
4240.0 0.01225604919
4250.0 0.012367225365
4260.0 0.01254400158
4270.0 0.012782003685
4280.0 0.013053902070000001
4290.0 0.013309989825000002
4300.0 0.013484478975
4310.0 0.013509042360000003
4320.0 0.013332291885
4330.0 0.012940278945
4340.0 0.012365761815000001
4350.0 0.011675952750000001
4360.0 0.010947188175000002
4370.0 0.010245043545000002
4380.0 0.009617551680000001
4390.0 0.00909698064
4400.0 0.00870398397
4410.0 0.00845086968
4420.0 0.00834225876
4430.0 0.008373586485
4440.0 0.008531686680000001
4450.0 0.008801618760000001
4460.0 0.009176970165000001
4470.0 0.00966500106
4480.0 0.01028468067
4490.0 0.011063233005
4500.0 0.012031518675
4510.0 0.013211980650000002
4520.0 0.014601482115
4530.0 0.01616216646
4540.0 0.01782487245
4550.0 0.01949827275
4560.0 0.02108411085
4570.0 0.02250085035
4580.0 0.023699984550000004
4590.0 0.024655999500000005
4600.0 0.025337365350000002
4610.0 0.025686637350000003
4620.0 0.02562777855
4630.0 0.02508818565
4640.0 0.02402605425
4650.0 0.022480258350000004
4660.0 0.0206228814
4670.0 0.01870580745
4680.0 0.01692264915
4690.0 0.015362592465000002
4700.0 0.014056706565
4710.0 0.013013101695
4720.0 0.012230004764999998
4730.0 0.011703545370000002
4740.0 0.011430839970000002
4750.0 0.011407116765
4760.0 0.011615621324999999
4770.0 0.012014473515000002
4780.0 0.012531974895000002
4790.0 0.013077405
4800.0 0.013563420420000001
4810.0 0.013932902774999999
4820.0 0.014180339580000001
4830.0 0.014357044515000002
4840.0 0.014553042899999999
4850.0 0.01486263669
4860.0 0.015355751235000003
4870.0 0.016065100425
4880.0 0.01697889105
4890.0 0.018035549400000003
4900.0 0.019125843
4910.0 0.0201058968
4920.0 0.020823948749999998
4930.0 0.0211572405
4940.0 0.021044636250000002
4950.0 0.020500769850000003
4960.0 0.019608735300000003
4970.0 0.01849647525
4980.0 0.017304896400000002
4990.0 0.016156337340000004
5000.0 0.015132421095
5010.0 0.01426912674
5020.0 0.013568013855000002
5030.0 0.01301239038
5040.0 0.012577436685000002
5050.0 0.012235474845
5060.0 0.01196145852
5070.0 0.011738141415
5080.0 0.011558561850000001
5090.0 0.011425294320000001
5100.0 0.01134748032
5110.0 0.011337524220000002
5120.0 0.011408694165
5130.0 0.011573307405
5140.0 0.01184108046
5150.0 0.01221836352
5160.0 0.012708649965
5170.0 0.01331271447
5180.0 0.014026130579999999
5190.0 0.014835165015000002
5200.0 0.015714992535
5210.0 0.016633295250000003
5220.0 0.0175589964
5230.0 0.018469512599999998
5240.0 0.0193505829
5250.0 0.0201886179
5260.0 0.0209616495
5270.0 0.021636412049999998
5280.0 0.0221747394
5290.0 0.022546207199999998
5300.0 0.02274078015
5310.0 0.022776448200000004
5320.0 0.022699744650000003
5330.0 0.02257919895
5340.0 0.022492917150000003
5350.0 0.0225130983
5360.0 0.022691712450000002
5370.0 0.02305190745
5380.0 0.02358815415
5390.0 0.02427403605
5400.0 0.02507228955
5410.0 0.025943100150000002
5420.0 0.026846590650000002
5430.0 0.027742354200000003
5440.0 0.0285903189
5450.0 0.029354265600000002
5460.0 0.0300064215
5470.0 0.030530817899999996
5480.0 0.0309240129
5490.0 0.0311915934
5500.0 0.03133909845
5510.0 0.03136356465
5520.0 0.03125731125000001
5530.0 0.031019462100000002
5540.0 0.03065756595
5550.0 0.030179603850000004
5560.0 0.029591532299999997
5570.0 0.028901723400000003
5580.0 0.02812216935
5590.0 0.027264967950000003
5600.0 0.026340590100000002
5610.0 0.02535944235
5620.0 0.02433534675
5630.0 0.023287829400000005
5640.0 0.022241881200000004
5650.0 0.021226007550000002
5660.0 0.02027022195
5670.0 0.019405039500000002
5680.0 0.01866130035
5690.0 0.018069669750000003
5700.0 0.01765838085
5710.0 0.017448457950000003
5720.0 0.01744790685
5730.0 0.01764819045
5740.0 0.01802605035
5750.0 0.018550032600000002
5760.0 0.019187721300000002
5770.0 0.0199092366
5780.0 0.02068583385
5790.0 0.0214859898
5800.0 0.022273049700000002
5810.0 0.02300693505
5820.0 0.023649154650000004
5830.0 0.0241678437
5840.0 0.0245400276
5850.0 0.024750909150000003
5860.0 0.0247923192
5870.0 0.0246627282
5880.0 0.0243675795
5890.0 0.023917261500000002
5900.0 0.023323315950000003
5910.0 0.022597456200000005
5920.0 0.021756776250000002
5930.0 0.0208320156
5940.0 0.0198709995
5950.0 0.01893197955
5960.0 0.01806927375
5970.0 0.0173192316
5980.0 0.01669367205
5990.0 0.016182849375
6000.0 0.015765069870000002
6010.0 0.01541786499
6020.0 0.015125760705
6030.0 0.014881614165000003
6040.0 0.01468175313
6050.0 0.01451849982
6060.0 0.014375078355000001
6070.0 0.01422629439
6080.0 0.01404532338
6090.0 0.013813172175000003
6100.0 0.01352658912
6110.0 0.013201474110000002
6120.0 0.012870841995000002
6130.0 0.012577945875
6140.0 0.01236602004
6150.0 0.012266910150000001
6160.0 0.012291853364999999
6170.0 0.012427870785000001
6180.0 0.01264150569
6190.0 0.01288868592
6200.0 0.013127174115000001
6210.0 0.013327451115000001
6220.0 0.013478875245
6230.0 0.013589873715
6240.0 0.013683026939999999
6250.0 0.013787531835000002
6260.0 0.01393198092
6270.0 0.014139483600000002
6280.0 0.014425474965000002
6290.0 0.014797150665000001
6300.0 0.01525344678
6310.0 0.01578575724
6320.0 0.016380263790000002
6330.0 0.0170215056
6340.0 0.01769547945
6350.0 0.01839082245
6360.0 0.01909829295
6370.0 0.01980925485
6380.0 0.0205140507
6390.0 0.0212011866
6400.0 0.02185781565
6410.0 0.022471219650000002
6420.0 0.0230304987
6430.0 0.023527783950000002
6440.0 0.023958681450000005
6450.0 0.024322008149999998
6460.0 0.02461895205
6470.0 0.02485174065
6480.0 0.025022073449999998
6490.0 0.0251298993
6500.0 0.025173099600000005
6510.0 0.025148201100000003
6520.0 0.02505167775
6530.0 0.024881010000000002
6540.0 0.024635023050000003
6550.0 0.024313541999999997
6560.0 0.023916812699999998
6570.0 0.02344520145
6580.0 0.02289960915
6590.0 0.0222824613
6600.0 0.0215989422
6610.0 0.02085801465
6620.0 0.0200727681
6630.0 0.0192599187
6640.0 0.01843854375
6650.0 0.017628306300000004
6660.0 0.0168475428
6670.0 0.016111561950000002
6680.0 0.01543153293
6690.0 0.01481404782
6700.0 0.014261248815
6710.0 0.013771286265000002
6720.0 0.0133390422
6730.0 0.012957246225
6740.0 0.012617991705000001
6750.0 0.012314286105
6760.0 0.01204109148
6770.0 0.011795608604999999
6780.0 0.011576962980000003
6790.0 0.011385518760000001
6800.0 0.011221942215
6810.0 0.011086260735000002
6820.0 0.010977283680000002
6830.0 0.010892498760000001
6840.0 0.010828216409999999
6850.0 0.010779772245
6860.0 0.01074182538
6870.0 0.010708872735
6880.0 0.010675846335000001
6890.0 0.010638622830000001
6900.0 0.010594307955
6910.0 0.010541202045000002
6920.0 0.010478443635000001
6930.0 0.01040550819
6940.0 0.010321895760000002
6950.0 0.010227269745
6960.0 0.010121983410000002
6970.0 0.010007600625
6980.0 0.00988698546
6990.0 0.009763868235
7000.0 0.009642178755
7010.0 0.009525571935000001
7020.0 0.009417370215
7030.0 0.00932082393
7040.0 0.009239417055
7050.0 0.009176955480000002
7060.0 0.00913731324
7070.0 0.009123863099999999
7080.0 0.00913877844
7090.0 0.009182481000000001
7100.0 0.00925345509
7110.0 0.00934845945
7120.0 0.009462974235
7130.0 0.009591679185
7140.0 0.009728773725
7150.0 0.009868120515
7160.0 0.010003514895
7170.0 0.01012918467
7180.0 0.010240427505000002
7190.0 0.010334107410000001
7200.0 0.010408853894999999
7210.0 0.0104651349
7220.0 0.010505389290000002
7230.0 0.010534041375
7240.0 0.01055701977
7250.0 0.010580780594999999
7260.0 0.010611311040000002
7270.0 0.010653557474999999
7280.0 0.01071130203
7290.0 0.010787188005000002
7300.0 0.01088262846
7310.0 0.010997574224999999
7320.0 0.011130332235
7330.0 0.011277611565000002
7340.0 0.01143479304
7350.0 0.011596217820000003
7360.0 0.011755295145
7370.0 0.01190442495
7380.0 0.012034946055
7390.0 0.012137398680000001
7400.0 0.012202263480000001
7410.0 0.0122211309
7420.0 0.012187984545
7430.0 0.012100675784999999
7440.0 0.01196204229
7450.0 0.011780172194999999
7460.0 0.011567733540000001
7470.0 0.011340473100000002
7480.0 0.01111523391
7490.0 0.010907882865
7500.0 0.01073143896
7510.0 0.010594638615
7520.0 0.010501407345
7530.0 0.01045190091
7540.0 0.010445203065
7550.0 0.010482206130000001
7560.0 0.010566137505000002
7570.0 0.010699619865
7580.0 0.01088037027
7590.0 0.011099134200000001
7600.0 0.011341365915000002
7610.0 0.01159102329
7620.0 0.011833883325
7630.0 0.01205911014
7640.0 0.01225935513
7650.0 0.012430203555000002
7660.0 0.01256953995
7670.0 0.012677017155
7680.0 0.012753613785000001
7690.0 0.012801219585
7700.0 0.012822246030000001
7710.0 0.012819282630000001
7720.0 0.012794816925
7730.0 0.012751105455
7740.0 0.012690156105000001
7750.0 0.01261376787
7760.0 0.01252360758
7770.0 0.012421256595000001
7780.0 0.012308160645
7790.0 0.012185468295
7800.0 0.012053833275000002
7810.0 0.011913324225000002
7820.0 0.01176355455
7830.0 0.0116039946
7840.0 0.011434304805
7850.0 0.011254494405
7860.0 0.011064842910000003
7870.0 0.010865697479999999
7880.0 0.010657352640000001
7890.0 0.01044016149
7900.0 0.01021485069
7910.0 0.009982842045
7920.0 0.00974630085
7930.0 0.009507719925
7940.0 0.009269106329999999
7950.0 0.00903122748
7960.0 0.008793617250000002
7970.0 0.008555687085000001
7980.0 0.008318290365
7990.0 0.008084331915000001
8000.0 0.00785763396
8010.0 0.00764104077
8020.0 0.007435006260000001
8030.0 0.007237547460000001
8040.0 0.0070452470549999995
8050.0 0.006854087295
8060.0 0.006659713335
8070.0 0.006457445115000001
8080.0 0.0062424796500000004
8090.0 0.0060104460900000005
8100.0 0.005758188975
8110.0 0.005484518159999999
8120.0 0.00519071157
8130.0 0.004880664525
8140.0 0.004560697185
8150.0 0.004239092715
8160.0 0.003925445865
8170.0 0.0036298843350000003
8180.0 0.003362214405
8190.0 0.0031310530350000003
8200.0 0.00294303768
8210.0 0.002802227835
8220.0 0.0027098119950000003
8230.0 0.0026641890000000004
8240.0 0.00266141931
8250.0 0.002695940775
8260.0 0.0027613941300000003
8270.0 0.002851379355
8280.0 0.0029600483550000006
8290.0 0.00308252769
8300.0 0.00321523884
8310.0 0.0033561856350000003
8320.0 0.00350520456
8330.0 0.0036641056650000003
8340.0 0.0038366009550000004
8350.0 0.004027944195
8360.0 0.00424428114
8370.0 0.004491767445
8380.0 0.004775568105
8390.0 0.005098900125000001
8400.0 0.005462264610000001
8410.0 0.00586295919
8420.0 0.006295555695000001
8430.0 0.006752926125
8440.0 0.0072275616599999995
8450.0 0.007712796465
8460.0 0.00820345383
8470.0 0.008695650315
8480.0 0.009185903265
8490.0 0.0096700758
8500.0 0.010142800965
8510.0 0.010597775595
8520.0 0.011028820770000001
8530.0 0.01143117294
8540.0 0.01180236486
8550.0 0.012142314030000002
8560.0 0.01245270444
8570.0 0.012736154145
8580.0 0.012995745179999999
8590.0 0.013235159355000001
8600.0 0.013459080194999999
8610.0 0.01367315895
8620.0 0.013883139765000002
8630.0 0.014093466419999999
8640.0 0.01430617485
8650.0 0.01452064515
8660.0 0.014734150695
8670.0 0.01494273198
8680.0 0.015141973605000001
8690.0 0.015327526830000002
8700.0 0.01549541961
8710.0 0.015642563970000002
8720.0 0.015766724985
8730.0 0.015866127255
8740.0 0.01593938478
8750.0 0.015985472415
8760.0 0.016003733295000003
8770.0 0.015993889395000002
8780.0 0.015956035095
8790.0 0.01589061375
8800.0 0.01579839921
8810.0 0.01568050407
8820.0 0.015538409535000002
8830.0 0.015373979940000001
8840.0 0.015189422325
8850.0 0.014987170275000001
8860.0 0.014769720900000002
8870.0 0.014539476765000002
8880.0 0.01429865019
8890.0 0.014049253680000002
8900.0 0.013793171535
8910.0 0.013532282775000001
8920.0 0.013278070410000002
8930.0 0.013026264075
8940.0 0.012776054775
8950.0 0.012530213685
8960.0 0.012291737205
8970.0 0.012063674205000001
8980.0 0.011848902615
8990.0 0.011649871695000001
9000.0 0.011468330609999999
9010.0 0.011305067565
9020.0 0.011159730120000001
9030.0 0.011030815290000003
9040.0 0.01091586837
9050.0 0.010811848080000002
9060.0 0.010715543685
9070.0 0.010623862425000002
9080.0 0.010533943035
9090.0 0.010443158880000001
9100.0 0.010349119605000002
9110.0 0.01024977855
9120.0 0.010143685695000002
9130.0 0.0100303632
9140.0 0.009910701405000001
9150.0 0.009787213095
9160.0 0.009663915195
9170.0 0.009545658375000002
9180.0 0.00943692948
9190.0 0.00934047477
9200.0 0.00925629639
9210.0 0.009181436715000001
9220.0 0.0091105773
9230.0 0.009037168305
9240.0 0.00895477902
9250.0 0.00885847149
9260.0 0.008746066890000001
9270.0 0.008619120345000002
9280.0 0.008483272545
9290.0 0.008347541730000001
9300.0 0.008222313
9310.0 0.008116468469999999
9320.0 0.008034846929999999
9330.0 0.00797729988
9340.0 0.007939700834999999
9350.0 0.007916120685
9360.0 0.00790090257
9370.0 0.00788981226
9380.0 0.007880211074999999
9390.0 0.00787067193
9400.0 0.007860484005000001
9410.0 0.007849283805
9420.0 0.007836843960000001
9430.0 0.00782298297
9440.0 0.00780753468
9450.0 0.007790343495000001
9460.0 0.007771267845000001
9470.0 0.007750187939999999
9480.0 0.007727013855000001
9490.0 0.00770169345
9500.0 0.007674220125000001
9510.0 0.00764463876
9520.0 0.007613052150000001
9530.0 0.007579623315000001
9540.0 0.007544577645000001
9550.0 0.007508202075
9560.0 0.007470842610000001
9570.0 0.00743289855
9580.0 0.0073948160550000005
9590.0 0.007357078575000001
9600.0 0.007320194805
9610.0 0.007284688290000001
9620.0 0.007251082244999999
9630.0 0.007219887015
9640.0 0.0071915847300000005
9650.0 0.0071666175899999995
9660.0 0.007143857160000001
9670.0 0.0071241962550000005
9680.0 0.007108589565
9690.0 0.007097195655
9700.0 0.007090086135000001
9710.0 0.0070872438450000005
9720.0 0.00708856269
9730.0 0.007093849290000001
9740.0 0.0071028276
9750.0 0.00711514551
9760.0 0.007130382765
9770.0 0.007148060535
9780.0 0.0071676528
9790.0 0.007188597570000001
9800.0 0.007210308765
9810.0 0.00723218793
9820.0 0.007253636115000001
9830.0 0.00727406328
9840.0 0.007292898855
9850.0 0.0073095986699999995
9860.0 0.007323651885
9870.0 0.007334585940000001
9880.0 0.00734196969
9890.0 0.0073454162100000005
9900.0 0.007344584445
9910.0 0.00733917888
9920.0 0.007328951685
9930.0 0.007313702055
9940.0 0.00729327753
9950.0 0.007267574985
9960.0 0.00723654228
9970.0 0.007200178755000001
9980.0 0.007158538695
9990.0 0.007111731
10000.0 0.00705992034
10010.0 0.007003327980000001
10020.0 0.006942228810000001
10030.0 0.00687695052
10040.0 0.006807869640000001
10050.0 0.006735406755
10060.0 0.0066600220500000005
10070.0 0.006582209205000001
10080.0 0.0065024907750000005
10090.0 0.0064214120850000014
10100.0 0.006339537104999999
10110.0 0.00625744317
10120.0 0.006175717845
10130.0 0.00609495447
10140.0 0.00601574688
10150.0 0.005938685775
10160.0 0.005864350470000001
10170.0 0.0057933027900000005
10180.0 0.005726076179999999
10190.0 0.005663165475
10200.0 0.005605014855000001
10210.0 0.0055520054699999995
10220.0 0.005504443395
10230.0 0.005462548575
10240.0 0.0054264459150000005
10250.0 0.00539616
10260.0 0.00537161229
10270.0 0.005352621945000001
10280.0 0.005338912425000001
10290.0 0.0053301187500000005
10300.0 0.0053257998749999995
10310.0 0.005325452715000001
10320.0 0.005328526830000001
10330.0 0.00533444109
10340.0 0.005342596050000001
10350.0 0.005352387975
10360.0 0.005363220060000001
10370.0 0.00537451233
10380.0 0.0053857089
10390.0 0.00539628342
10400.0 0.005405743365
10410.0 0.005413633334999999
10420.0 0.0054195371999999995
10430.0 0.005423080245000001
10440.0 0.005423930325000001
10450.0 0.00542180067
10460.0 0.005416451535
10470.0 0.005407691025
10480.0 0.00539537757
10490.0 0.00537942042
10500.0 0.005359779974999999
10510.0 0.00533646762
10520.0 0.0053095440749999995
10530.0 0.0052791179100000005
10540.0 0.00524534208
10550.0 0.0052084107900000004
10560.0 0.00516855504
10570.0 0.0051260388300000004
10580.0 0.0050811540449999994
10590.0 0.0050342158350000004
10600.0 0.004985557335
10610.0 0.004935525375
10620.0 0.004884475365
10630.0 0.00483276519
10640.0 0.004780752075
10650.0 0.00472878615
10660.0 0.0046772055
10670.0 0.00462633171
10680.0 0.0045764645849999995
10690.0 0.004527876705
10700.0 0.004480810619999999
10710.0 0.004435472745
10720.0 0.004392032535
10730.0 0.004350617535
10740.0 0.0043113130500000004
10750.0 0.0042741609899999995
10760.0 0.0042391597049999995
10770.0 0.00420626481
10780.0 0.00417539166
10790.0 0.004146417164999999
10800.0 0.004119184079999999
10810.0 0.004093504635
10820.0 0.004069164825
10830.0 0.00404592969
10840.0 0.004023548265
10850.0 0.00400175886
10860.0 0.0039802946700000005
10870.0 0.003958888725
10880.0 0.003937280160000001
10890.0 0.003915218175
10900.0 0.003892468305
10910.0 0.0038688167099999995
10920.0 0.0038440746300000004
10930.0 0.00381808284
10940.0 0.0037907151150000005
10950.0 0.0037618803750000002
10960.0 0.0037315258200000005
10970.0 0.0036996364350000005
10980.0 0.0036662353200000003
10990.0 0.0036313818750000003
11000.0 0.003595168665
11010.0 0.003557717625
11020.0 0.003519174285
11030.0 0.003479701995
11040.0 0.00343947549
11050.0 0.0033986734650000004
11060.0 0.0033574729650000007
11070.0 0.0033160424550000007
11080.0 0.00327453786
11090.0 0.00323309811
11100.0 0.00319184283
11110.0 0.0031508716800000003
11120.0 0.0031102645200000003
11130.0 0.00307008306
11140.0 0.0030303735000000004
11150.0 0.002991169995
11160.0 0.002952497955
11170.0 0.002914378665
11180.0 0.0028768319250000005
11190.0 0.00283987968
11200.0 0.002803548165
11210.0 0.002767870215
11220.0 0.00273288477
11230.0 0.0026986381950000003
11240.0 0.0026651827949999997
11250.0 0.00263257533
11260.0 0.0026008752
11270.0 0.0025701423
11280.0 0.00254043438
11290.0 0.002511803745
11300.0 0.00248429577
11310.0 0.0024579462599999997
11320.0 0.002432778315
11330.0 0.00240880266
11340.0 0.002386014675
11350.0 0.002364394395
11360.0 0.00234390651
11370.0 0.002324500365
11380.0 0.0023061099600000003
11390.0 0.00228865626
11400.0 0.0022720473600000004
11410.0 0.0022561809600000005
11420.0 0.002240945685
11430.0 0.002226223065
11440.0 0.00221189034
11450.0 0.00219782079
11460.0 0.0021838872000000003
11470.0 0.00216996318
11480.0 0.002155924485
11490.0 0.002141651325
11500.0 0.0021270293549999998
11510.0 0.002111951325
11520.0 0.002096317905
11530.0 0.002080039665
11540.0 0.002063037075
11550.0 0.0020452421550000003
11560.0 0.002026599135
11570.0 0.0020070657749999997
11580.0 0.0019866132
11590.0 0.00196522656
11600.0 0.0019429065150000002
11610.0 0.0019196682450000001
11620.0 0.001895541945
11630.0 0.0018705728250000002
11640.0 0.0018448201200000002
11650.0 0.0018183569250000001
11660.0 0.0017912687100000001
11670.0 0.001763652165
11680.0 0.001735613055
11690.0 0.00170726556
11700.0 0.0016787291400000002
11710.0 0.001650126555
11720.0 0.0016215816045000002
11730.0 0.0015932169825000001
11740.0 0.0015651515549999998
11750.0 0.0015374985120000001
11760.0 0.0015103631400000003
11770.0 0.0014838410895000001
11780.0 0.0014580168075
11790.0 0.0014329624319999999
11800.0 0.0014087368350000002
11810.0 0.0013853852265
11820.0 0.0013629389399999999
11830.0 0.001341415713
11840.0 0.0013208201985
11850.0 0.001301144691
11860.0 0.001282370232
11870.0 0.001264467765
11880.0 0.0012473995545000001
11890.0 0.001231120572
11900.0 0.001215579948
11910.0 0.0012007225065000001
11920.0 0.001186490085
11930.0 0.0011728229534999999
11940.0 0.0011596610685
11950.0 0.0011469451455
11960.0 0.0011346176985000001
11970.0 0.001122623898
11980.0 0.001110912264
11990.0 0.001099435359
12000.0 0.0010881501345
12010.0 0.0010770183600000002
12020.0 0.0010660068705
12030.0 0.0010550876985000002
12040.0 0.0010442380905000001
12050.0 0.0010334405730000001
12060.0 0.0010226828205000002
12070.0 0.001011957573
12080.0 0.001001262504
12090.0 0.0009905999565000003
12100.0 0.0009799768770000002
12110.0 0.0009694045680000001
12120.0 0.00095889849
12130.0 0.0009484781625
12140.0 0.0009381669330000001
12150.0 0.0009279918615
12160.0 0.0009179835555
12170.0 0.0009081760875000001
12180.0 0.0008986066650000001
12190.0 0.000889315581
12200.0 0.0008803459005
12210.0 0.0008717430315000001
12220.0 0.0008635544115000001
12230.0 0.0008558289465000001
12240.0 0.000848616318
12250.0 0.0008419663560000001
12260.0 0.000835928049
12270.0 0.0008305487355000001
12280.0 0.0008258730149999999
12290.0 0.0008219417580000001
12300.0 0.00081879105
12310.0 0.0008164512015
12320.0 0.0008149458900000001
12330.0 0.000814291269
12340.0 0.0008144954565000001
12350.0 0.0008155580565000001
12360.0 0.0008174698785000001
12370.0 0.00082021302
12380.0 0.0008237611799999999
12390.0 0.0008280801869999999
12400.0 0.0008331285929999999
12410.0 0.000838858581
12420.0 0.000845216922
12430.0 0.0008521460310000001
12440.0 0.0008595850725000001
12450.0 0.000867470934
12460.0 0.0008757394139999999
12470.0 0.000884325981
12480.0 0.0008931667305000002
12490.0 0.0009021989955
12500.0 0.0009113619240000002
12510.0 0.0009205968915000001
12520.0 0.000929847798
12530.0 0.0009390612165000002
12540.0 0.0009481865745
12550.0 0.000957176055
12560.0 0.0009659846955
12570.0 0.0009745703385
12580.0 0.0009828935325
12590.0 0.000990917565
12600.0 0.000998608479
12610.0 0.0010059350235
12620.0 0.0010128687360000002
12630.0 0.0010193840250000002
12640.0 0.001025458203
12650.0 0.001031071569
12660.0 0.0010362074910000001
12670.0 0.0010408524720000002
12680.0 0.0010449961335000002
12690.0 0.001048631364
12700.0 0.001051754121
12710.0 0.00105436353
12720.0 0.001056461769
12730.0 0.001058053986
12740.0 0.001059148167
12750.0 0.0010597549875
12760.0 0.001059887697
12770.0 0.0010595619045
12780.0 0.0010587953805000002
12790.0 0.0010576078755
12800.0 0.0010560208395
12810.0 0.0010540572240000001
12820.0 0.001051741185
12830.0 0.0010490978025
12840.0 0.0010461527670000003
12850.0 0.0010429320825
12860.0 0.00103946172
12870.0 0.001035767238
12880.0 0.0010318735020000002
12890.0 0.0010278042885
12900.0 0.001023581988
12910.0 0.0010192272915
12920.0 0.001014758877
12930.0 0.0010101931785
12940.0 0.001005544221
12950.0 0.0010008234225000001
12960.0 0.0009960394785
12970.0 0.0009911984115000003
12980.0 0.000986303538
12990.0 0.0009813555675
13000.0 0.0009763527840000001
13010.0 0.0009712913595000002
13020.0 0.0009661655355000001
13030.0 0.0009609680685
13040.0 0.0009556905930000002
13050.0 0.000950324199
13060.0 0.0009448598115
13070.0 0.000939288735
13080.0 0.0009336032970000001
13090.0 0.0009277972440000001
13100.0 0.000921866286
13110.0 0.000915808575
13120.0 0.0009096250845000002
13130.0 0.0009033199395
13140.0 0.0008969006145
13150.0 0.0008903781150000001
13160.0 0.0008837669115000001
13170.0 0.0008770849065
13180.0 0.0008703531705
13190.0 0.0008635955955000001
13200.0 0.0008568385320000001
13210.0 0.0008501101455
13220.0 0.0008434399545000001
13230.0 0.0008368580385000001
13240.0 0.0008303944275000001
13250.0 0.0008240784255
13260.0 0.0008179378845
13270.0 0.000811998561
13280.0 0.0008062835550000001
13290.0 0.0008008127490000001
13300.0 0.0007956023790000001
13310.0 0.000790664688
13320.0 0.0007860076125
13330.0 0.0007816347165000001
13340.0 0.0007775450430000001
13350.0 0.0007737332130000001
13360.0 0.0007701895575000001
13370.0 0.000766900299
13380.0 0.0007638479145
13390.0 0.000761011449
13400.0 0.0007583670765
13410.0 0.000755888397
13420.0 0.0007535471955
13430.0 0.0007513139205
13440.0 0.0007491581955000001
13450.0 0.000747049611
13460.0 0.0007449581205
13470.0 0.00074285475
13480.0 0.000740712093
13490.0 0.000738504756
13500.0 0.000736209903
13510.0 0.000733807503
13520.0 0.0007312807095
13530.0 0.0007286160255000001
13540.0 0.0007258034355000001
13550.0 0.0007228364385
13560.0 0.000719712048
13570.0 0.0007164306105
13580.0 0.0007129956735
13590.0 0.0007094137545
13600.0 0.000705694011
13610.0 0.000701847927
13620.0 0.0006978889665000001
13630.0 0.0006938322765000001
13640.0 0.0006896941755
13650.0 0.0006854919225000001
13660.0 0.0006812432715
13670.0 0.0006769662075
13680.0 0.0006726785175000001
13690.0 0.0006683976090000001
13700.0 0.0006641400645000001
13710.0 0.0006599215590000001
13720.0 0.0006557564475000001
13730.0 0.0006516576825
13740.0 0.000647636517
13750.0 0.000643702455
13760.0 0.0006398629380000001
13770.0 0.0006361234770000001
13780.0 0.000632487339
13790.0 0.000628955679
13800.0 0.000625527507
13810.0 0.000622199688
13820.0 0.000618967107
13830.0 0.000615822768
13840.0 0.0006127580085
13850.0 0.0006097626645000001
13860.0 0.00060682545
13870.0 0.0006039341385
13880.0 0.000601075992
13890.0 0.000598238025
13900.0 0.0005954074665000001
13910.0 0.0005925720570000001
13920.0 0.0005897204280000001
13930.0 0.000586842498
13940.0 0.0005839297035000001
13950.0 0.000580975428
13960.0 0.000577975068
13970.0 0.0005749263960000001
13980.0 0.0005718295605
13990.0 0.0005686872675
14000.0 0.0005655046980000001
14010.0 0.0005622894585
14020.0 0.0005590514985
14030.0 0.0005558028135000001
14040.0 0.00055255728
14050.0 0.000549330342
14060.0 0.000546138549
14070.0 0.0005429993910000001
14080.0 0.0005399306385
14090.0 0.0005369501940000001
14100.0 0.000534075564
14110.0 0.000531323562
14120.0 0.0005287099125000001
14130.0 0.0005262491025
14140.0 0.0005239540185
14150.0 0.0005218359465
14160.0 0.0005199042750000001
14170.0 0.0005181667094999999
14180.0 0.0005166290910000001
14190.0 0.000515295594
14200.0 0.0005141688585
14210.0 0.000513250122
14220.0 0.0005125394175
14230.0 0.0005120358210000001
14240.0 0.0005117376
14250.0 0.000511642461
14260.0 0.0005117476650000001
14270.0 0.000512050209
14280.0 0.000512546859
14290.0 0.0005132342820000001
14300.0 0.0005141090130000001
14310.0 0.0005151674385000001
14320.0 0.0005164056975
14330.0 0.0005178195660000001
14340.0 0.0005194043910000001
14350.0 0.0005211549090000001
14360.0 0.000523065048
14370.0 0.0005251278614999999
14380.0 0.0005273353800000001
14390.0 0.000529678512
14400.0 0.0005321469945
14410.0 0.0005347294095
14420.0 0.000537413217
14430.0 0.000540184854
14440.0 0.0005430298830000002
14450.0 0.0005459333055
14460.0 0.0005488796775000001
14470.0 0.0005518535880000001
14480.0 0.0005548398735000001
14490.0 0.0005578240635
14500.0 0.0005607927600000001
14510.0 0.0005637339510000001
14520.0 0.0005666374725
14530.0 0.000569495223
14540.0 0.00057230151
14550.0 0.0005750532150000001
14560.0 0.000577750008
14570.0 0.000580394364
14580.0 0.0005829915630000001
14590.0 0.0005855496240000001
14600.0 0.000588079107
14610.0 0.0005905929315
14620.0 0.000593105964
14630.0 0.0005956347705
14640.0 0.000598197171
14650.0 0.000600811761
14660.0 0.000603497565
14670.0 0.0006062735085000001
14680.0 0.000609157989
14690.0 0.0006121685955
14700.0 0.0006153216135000001
14710.0 0.000618631761
14720.0 0.0006221120235000001
14730.0 0.0006257732745000001
14740.0 0.0006296243250000001
14750.0 0.0006336718245
14760.0 0.0006379200794999999
14770.0 0.0006423713835000001
14780.0 0.000647025885
14790.0 0.0006518817855
14800.0 0.000656935554
14810.0 0.0006621820425
14820.0 0.0006676147995
14830.0 0.0006732261690000002
14840.0 0.0006790076535
14850.0 0.0006849499965
14860.0 0.0006910435124999999
14870.0 0.0006972782355000001
14880.0 0.0007036441665
14890.0 0.0007101313725
14900.0 0.0007167302505
14910.0 0.0007234316099999999
14920.0 0.000730226805
14930.0 0.000737107833
14940.0 0.0007440675165
14950.0 0.0007510993875
14960.0 0.0007581979515
14970.0 0.0007653584895
14980.0 0.000772577256
14990.0 0.0007798512644999999
15000.0 0.0007871783865000001
15010.0 0.0007945572030000002
15020.0 0.000801986856
15030.0 0.0008094670485000002
15040.0 0.0008169977640000001
15050.0 0.0008245792005
15060.0 0.0008322115890000002
15070.0 0.0008398949295000001
15080.0 0.000847628925
15090.0 0.000855412767
15100.0 0.0008632449540000001
15110.0 0.0008711231760000001
15120.0 0.0008790442485000001
15130.0 0.0008870039475
15140.0 0.000894997026
15150.0 0.0009030171809999999
15160.0 0.0009110570700000001
15170.0 0.0009191084430000002
15180.0 0.0009271621755000001
15190.0 0.0009352084005000001
15200.0 0.0009432367395
15210.0 0.0009512364015000001
15220.0 0.0009591963975
15230.0 0.0009671057715000002
15240.0 0.0009749537160000001
15250.0 0.0009827298195
15260.0 0.0009904242314999999
15270.0 0.0009980277285
15280.0 0.001005531879
15290.0 0.0010129291755
15300.0 0.0010202130015
15310.0 0.001027377747
15320.0 0.001034418726
15330.0 0.001041332193
15340.0 0.0010481153595
15350.0 0.0010547662125
15360.0 0.001061283597
15370.0 0.0010676670180000002
15380.0 0.001073916657
15390.0 0.001080033306
15400.0 0.001086018219
15410.0 0.001091873211
15420.0 0.001097600526
15430.0 0.001103202837
15440.0 0.0011086832295000002
15450.0 0.0011140452015
15460.0 0.0011192925975
15470.0 0.0011244296580000001
15480.0 0.0011294610195
15490.0 0.0011343915495
15500.0 0.0011392264455
15510.0 0.0011439711030000002
15520.0 0.0011486310495
15530.0 0.0011532118455000002
15540.0 0.0011577190185
15550.0 0.001162157865
15560.0 0.0011665334505
15570.0 0.001170850296
15580.0 0.001175112477
15590.0 0.00117932331
15600.0 0.001183485402
15610.0 0.001187600469
15620.0 0.0011916693195
15630.0 0.0011956919205000003
15640.0 0.001199667216
15650.0 0.001203593358
15660.0 0.001207467657
15670.0 0.0012112866975
15680.0 0.0012150465525000002
15690.0 0.0012187428000000001
15700.0 0.001222370754
15710.0 0.0012259256130000003
15720.0 0.0012294026415
15730.0 0.0012327972855
15740.0 0.0012361053705000002
15750.0 0.001239323217
15760.0 0.0012424477395000001
15770.0 0.001245476496
15780.0 0.0012484078365000001
15790.0 0.0012512407875000001
15800.0 0.0012539752169999998
15810.0 0.0012566116530000001
15820.0 0.0012591513165000003
15830.0 0.001261596039
15840.0 0.001263948114
15850.0 0.0012662102475000001
15860.0 0.0012683854425
15870.0 0.0012704767845
15880.0 0.0012724874250000001
15890.0 0.001274420433
15900.0 0.0012762785805000001
15910.0 0.001278064359
15920.0 0.001279779732
15930.0 0.0012814261680000002
15940.0 0.0012830044095
15950.0 0.001284514539
15960.0 0.0012859557315
15970.0 0.00128732637
15980.0 0.0012886238805000002
15990.0 0.0012898447155
16000.0 0.0012909844035000001
16010.0 0.001292037417
16020.0 0.001292997288
16030.0 0.0012938565915
16040.0 0.001294606929
16050.0 0.0012952391099999999
16060.0 0.0012957430860000001
16070.0 0.0012961081485000003
16080.0 0.0012963229455
16090.0 0.0012963756630000002
16100.0 0.0012962541075000002
16110.0 0.0012959459370000001
16120.0 0.0012954386775000002
16130.0 0.0012947199705
16140.0 0.001293777738
16150.0 0.0012926002815
16160.0 0.0012911764965000002
16170.0 0.0012894959715
16180.0 0.0012875491529999999
16190.0 0.001285327461
16200.0 0.001282823388
16210.0 0.001280030598
16220.0 0.0012769439925000002
16230.0 0.0012735597105
16240.0 0.0012698752605
16250.0 0.001265889372
16260.0 0.001261602078
16270.0 0.0012570146655
16280.0 0.0012521295435
16290.0 0.001246950243
16300.0 0.001241481318
16310.0 0.0012357282300000001
16320.0 0.001229697282
16330.0 0.001223395503
16340.0 0.0012168306645
16350.0 0.0012100110990000002
16360.0 0.001202945733
16370.0 0.0011956439715
16380.0 0.0011881157474999998
16390.0 0.0011803715880000002
16400.0 0.001172422482
16410.0 0.0011642801445
16420.0 0.001155956967
16430.0 0.0011474661495
16440.0 0.0011388217995
16450.0 0.0011300390805000001
16460.0 0.0011211342615
16470.0 0.001112124816
16480.0 0.0011030295540000001
16490.0 0.001093868589
16500.0 0.00108466347
16510.0 0.001075437066
16520.0 0.0010662135825000002
16530.0 0.0010570184625000002
16540.0 0.0010478782545
16550.0 0.0010388203815
16560.0 0.0010298730420000002
16570.0 0.00102106488
16580.0 0.0010124247045
16590.0 0.001003981308
16600.0 0.000995762955
16610.0 0.0009877972500000002
16620.0 0.0009801107085
16630.0 0.00097272846
16640.0 0.0009656740004999999
16650.0 0.000958968813
16660.0 0.0009526322520000001
16670.0 0.0009466811970000001
16680.0 0.0009411300360000001
16690.0 0.0009359904015
16700.0 0.0009312712035000001
16710.0 0.0009269784975000001
16720.0 0.0009231156165000001
16730.0 0.000919683138
16740.0 0.0009166790655000002
16750.0 0.0009140989275
16760.0 0.0009119360085000001
16770.0 0.000910181514
16780.0 0.0009088248840000001
16790.0 0.0009078539745
16800.0 0.000907255437
16810.0 0.0009070149000000001
16820.0 0.0009071173485
16830.0 0.000907547322
16840.0 0.000908289294
16850.0 0.0009093278205000001
16860.0 0.0009106478535000002
16870.0 0.0009122348895000001
16880.0 0.0009140752665
16890.0 0.0009161561970000001
16900.0 0.0009184659825000001
16910.0 0.000920994063
16920.0 0.0009237311655
16930.0 0.0009266692215
16940.0 0.0009298014825
16950.0 0.0009331224375
16960.0 0.000936627813
16970.0 0.0009403145235000001
16980.0 0.0009441805725000002
16990.0 0.000948225003
17000.0 0.0009524477985000001
17010.0 0.0009568497015000001
17020.0 0.0009614322795000001
17030.0 0.0009661977105
17040.0 0.0009711486840000001
17050.0 0.0009762884174999999
17060.0 0.0009816204090000002
17070.0 0.0009871485194999999
17080.0 0.000992876808
17090.0 0.0009988094985
17100.0 0.0010049509140000001
17110.0 0.0010113053775000001
17120.0 0.0010178772945
17130.0 0.0010246709220000003
17140.0 0.0010316905005000002
17150.0 0.0010389400230000003
17160.0 0.001046423301
17170.0 0.001054143882
17180.0 0.0010621049670000002
17190.0 0.0010703093445000001
17200.0 0.0010787592915
17210.0 0.0010874565075
17220.0 0.0010964020815000001
17230.0 0.0011055962775000001
17240.0 0.001115038551
17250.0 0.0011247274335
17260.0 0.001134660384
17270.0 0.0011448338055
17280.0 0.0011552428635000001
17290.0 0.0011658815190000002
17300.0 0.0011767423635
17310.0 0.001187816718
17320.0 0.0011990944845
17330.0 0.001210564179
17340.0 0.0012222129645000001
17350.0 0.0012340266345000001
17360.0 0.0012459896955000001
17370.0 0.0012580853505
17380.0 0.001270295598
17390.0 0.0012826013475
17400.0 0.0012949824029999998
17410.0 0.0013074175784999998
17420.0 0.00131988483
17430.0 0.0013323612555
17440.0 0.0013448232435
17450.0 0.0013572465390000001
17460.0 0.0013696062600000003
17470.0 0.0013818770790000002
17480.0 0.0013940331405000001
17490.0 0.001406048292
17500.0 0.001417896018
17510.0 0.0014295495555
17520.0 0.0014409819435
17530.0 0.001452166155
17540.0 0.0014630750310000002
17550.0 0.001473681462
17560.0 0.0014839585035
17570.0 0.00149387931
17580.0 0.0015034174484999999
17590.0 0.0015125468325
17600.0 0.0015212419035000003
17610.0 0.0015294778125
17620.0 0.001537230453
17630.0 0.001544476692
17640.0 0.0015511944525
17650.0 0.0015573628455000002
17660.0 0.001562962368
17670.0 0.0015679749855000002
17680.0 0.001572384264
17690.0 0.0015761755020000004
17700.0 0.0015793358295
17710.0 0.0015818543235
17720.0 0.0015837219915000003
17730.0 0.0015849319530000002
17740.0 0.0015854794065000002
17750.0 0.0015853616625
17760.0 0.0015845782259999999
17770.0 0.001583130648
17780.0 0.0015810226575
17790.0 0.0015782600295000003
17800.0 0.0015748505685000001
17810.0 0.0015708040425000001
17820.0 0.0015661321335000001
17830.0 0.001560848355
17840.0 0.0015549678870000001
17850.0 0.0015485076255
17860.0 0.0015414859185
17870.0 0.001533922566
17880.0 0.001525838622
17890.0 0.001517256312
17900.0 0.001508198835
17910.0 0.0014986903305
17920.0 0.0014887555485000002
17930.0 0.0014784199155
17940.0 0.0014677091550000002
17950.0 0.0014566493039999998
17960.0 0.0014452664325
17970.0 0.0014335865445
17980.0 0.001421635446
17990.0 0.001409438547
18000.0 0.0013970207295
18010.0 0.0013844062815
18020.0 0.0013716187320000001
18030.0 0.0013586807685
18040.0 0.001345614138
18050.0 0.001332439647
18060.0 0.0013191769965000002
18070.0 0.0013058448810000002
18080.0 0.00129246084
18090.0 0.0012790413570000002
18100.0 0.001265601843
18110.0 0.0012521566365
18120.0 0.0012387190365000002
18130.0 0.0012253014015000002
18140.0 0.001211915166
18150.0 0.00119857089
18160.0 0.0011852783250000001
18170.0 0.0011720465295
18180.0 0.001158883836
18190.0 0.0011457980159999999
18200.0 0.001132796247
18210.0 0.0011198851785
18220.0 0.0011070710805000002
18230.0 0.001094359695
18240.0 0.0010817564505000003
18250.0 0.0010692663465
18260.0 0.0010568940855
18270.0 0.0010446440235
18280.0 0.0010325202195
18290.0 0.001020526452
18300.0 0.0010086662685
18310.0 0.0009969429855000002
18320.0 0.0009853597380000002
18330.0 0.000973919562
18340.0 0.0009626253945000002
18350.0 0.0009514801065000001
18360.0 0.0009404867175000001
18370.0 0.0009296482305000001
18380.0 0.0009189678960000001
18390.0 0.0009084491130000001
18400.0 0.0008980955940000001
18410.0 0.0008879113155
18420.0 0.0008779005675
18430.0 0.0008680679700000001
18440.0 0.0008584184070000001
18450.0 0.000848957043
18460.0 0.0008396892404999999
18470.0 0.0008306204610000001
18480.0 0.000821756232
18490.0 0.000813101916
18500.0 0.0008046627435000001
18510.0 0.0007964436150000001
18520.0 0.0007884489855
18530.0 0.0007806826995
18540.0 0.000773147991
18550.0 0.0007658472855
18560.0 0.000758782167
18570.0 0.0007519533120000001
18580.0 0.0007453604235
18590.0 0.0007390022640000001
18600.0 0.0007328765565
18610.0 0.0007269800999999999
18620.0 0.0007213087695
18630.0 0.0007158575325
18640.0 0.0007106205315000001
18650.0 0.0007055911665000002
18660.0 0.0007007621610000001
18670.0 0.0006961255785
18680.0 0.000691672971
18690.0 0.0006873954615
18700.0 0.0006832836945
18710.0 0.0006793280505
18720.0 0.0006755185635
18730.0 0.0006718451190000001
18740.0 0.0006682973715
18750.0 0.00066486486
18760.0 0.0006615370739999999
18770.0 0.0006583034535000001
18780.0 0.000655153455
18790.0 0.000652076634
18800.0 0.0006490626780000001
18810.0 0.000646101489
18820.0 0.0006431832495000001
18830.0 0.0006402984555
18840.0 0.0006374380980000001
18850.0 0.0006345936795
18860.0 0.0006317573295
18870.0 0.0006289219035000001
18880.0 0.0006260810655
18890.0 0.0006232293870000001
18900.0 0.000620362479
18910.0 0.0006174769755000001
18920.0 0.000614570682
18930.0 0.000611642625
18940.0 0.000608693052
18950.0 0.0006057235140000001
18960.0 0.0006027367995
18970.0 0.0005997370005
18980.0 0.0005967294135000001
18990.0 0.0005937205065
19000.0 0.0005907178695
19010.0 0.0005877300495
19020.0 0.0005847665175
19030.0 0.0005818374375000001
19040.0 0.0005789536005
19050.0 0.00057612621
19060.0 0.0005733667665
19070.0 0.0005706867705
19080.0 0.0005680976400000001
19090.0 0.0005656104795000001
19100.0 0.0005632358820000001
19110.0 0.0005609837475000001
19120.0 0.0005588631345
19130.0 0.000556882062
19140.0 0.000555047295
19150.0 0.0005533643445
19160.0 0.0005518372365
19170.0 0.0005504684295
19180.0 0.0005492587980000001
19190.0 0.0005482075335
19200.0 0.0005473121445
19210.0 0.0005465684235000001
19220.0 0.0005459705955
19230.0 0.0005455112355000001
19240.0 0.000545181516
19250.0 0.00054497124
19260.0 0.0005448690225
19270.0 0.0005448624885
19280.0 0.0005449384545
19290.0 0.0005450831265000001
19300.0 0.00054528243
19310.0 0.000545522142
19320.0 0.0005457882375
19330.0 0.000546067005
19340.0 0.0005463454590000001
19350.0 0.0005466114225000001
19360.0 0.0005468538240000001
19370.0 0.0005470628295
19380.0 0.0005472300075
19390.0 0.0005473485105
19400.0 0.0005474130750000001
19410.0 0.0005474201040000001
19420.0 0.0005473677000000001
19430.0 0.0005472556485
19440.0 0.0005470852695000001
19450.0 0.0005468594175
19460.0 0.000546582267
19470.0 0.0005462591805
19480.0 0.0005458965435
19490.0 0.0005455015170000001
19500.0 0.000545081856
19510.0 0.0005446456785000001
19520.0 0.000544201218
19530.0 0.0005437566585
19540.0 0.00054331992
19550.0 0.0005428984440000001
19560.0 0.0005424989955
19570.0 0.0005421276795000001
19580.0 0.000541789644
19590.0 0.00054148908
19600.0 0.000541229172
19610.0 0.000541012032
19620.0 0.0005408386830000001
19630.0 0.000540709125
19640.0 0.0005406223020000001
19650.0 0.0005405762175000001
19660.0 0.000540567918
19670.0 0.0005405936745
19680.0 0.000540648933
19690.0 0.0005407285125000001
19700.0 0.0005408266215
19710.0 0.000540936924
19720.0 0.0005410527045000001
19730.0 0.000541166769
19740.0 0.000541271742
19750.0 0.0005413599180000001
19760.0 0.0005414233935
19770.0 0.0005414541165
19780.0 0.0005414438865
19790.0 0.0005413844535
19800.0 0.000541267485
19810.0 0.0005410846155
19820.0 0.0005408275125
19830.0 0.000540487827
19840.0 0.0005400573585
19850.0 0.000539527923
19860.0 0.0005388915674999999
19870.0 0.000538140504
19880.0 0.0005372671920000001
19890.0 0.0005362644045
19900.0 0.000535125261
19910.0 0.0005338433265000001
19920.0 0.0005324126775
19930.0 0.000530827902
19940.0 0.000529084248
19950.0 0.0005271776565
19960.0 0.000525104778
19970.0 0.0005228631045
19980.0 0.0005204509860000001
19990.0 0.00051786768
20000.0 0.000515113368
20010.0 0.000512189205
20020.0 0.0005090973525
20030.0 0.0005058409785
20040.0 0.000502424208
20050.0 0.000498852189
20060.0 0.0004951310100000001
20070.0 0.0004912677165
20080.0 0.0004872701790000001
20090.0 0.00048314717550000007
20100.0 0.00047890816050000007
20110.0 0.000474563364
20120.0 0.000470123577
20130.0 0.00046560018450000006
20140.0 0.00046100495100000004
20150.0 0.00045635008650000004
20160.0 0.0004516479825
20170.0 0.00044691131100000004
20180.0 0.00044215277700000006
20190.0 0.0004373851185
20200.0 0.0004326210405
20210.0 0.00042787306650000006
20220.0 0.00042315355500000006
20230.0 0.00041847460050000005
20240.0 0.00041384798400000004
20250.0 0.000409285107
20260.0 0.00040479699150000007
20270.0 0.00040039424700000003
20280.0 0.00039608702099999996
20290.0 0.0003918850155
20300.0 0.000387797454
20310.0 0.0003838330485
20320.0 0.000380000049
20330.0 0.00037630626
20340.0 0.00037275894150000003
20350.0 0.0003693648915
20360.0 0.0003661304625
20370.0 0.000363061512
20380.0 0.0003601634025
20390.0 0.00035744108400000005
20400.0 0.00035489896200000003
20410.0 0.00035254098
20420.0 0.0003503706525
20430.0 0.00034839090000000005
20440.0 0.00034660423050000003
20450.0 0.0003450125415
20460.0 0.00034361723550000003
20470.0 0.00034241918700000007
20480.0 0.00034141866
20490.0 0.00034061534100000005
20500.0 0.000340008339
20510.0 0.0003395961525
20520.0 0.00033937665300000006
20530.0 0.00033934703550000006
20540.0 0.000339503934
20550.0 0.000339843306
20560.0 0.0003403604985
20570.0 0.00034105016549999996
20580.0 0.000341906367
20590.0 0.0003429225855
20600.0 0.00034409162699999997
20610.0 0.00034540580250000006
20620.0 0.000346856796
20630.0 0.00034843576350000006
20640.0 0.00035013339900000006
20650.0 0.00035193991799999997
20660.0 0.00035384505749999997
20670.0 0.000355838208
20680.0 0.00035790841350000007
20690.0 0.00036004437150000004
20700.0 0.0003622345815
20710.0 0.000364467279
20720.0 0.0003667306335000001
20730.0 0.0003690126495
20740.0 0.0003713013975000001
20750.0 0.0003735849150000001
20760.0 0.00037585135500000006
20770.0 0.0003780891345
20780.0 0.00038028678600000003
20790.0 0.00038243327099999995
20800.0 0.00038451788099999997
20810.0 0.00038653036950000004
20820.0 0.0003884610180000001
20830.0 0.00039030070199999996
20840.0 0.00039204094050000006
20850.0 0.0003936739455
20860.0 0.00039519268800000006
20870.0 0.0003965909145
20880.0 0.00039786321300000005
20890.0 0.0003990050295
20900.0 0.00040001263500000006
20910.0 0.00040088320799999997
20920.0 0.000401614818
20930.0 0.0004022062935000001
20940.0 0.00040265738700000003
20950.0 0.00040296861
20960.0 0.0004031412
20970.0 0.000403177104
20980.0 0.00040307894550000004
20990.0 0.000402849909
21000.0 0.00040249367400000004
21010.0 0.000402014382
21020.0 0.00040141655400000004
21030.0 0.00040070500800000003
21040.0 0.0003998847765
21050.0 0.0003989611395
21060.0 0.0003979394265
21070.0 0.00039682506599999996
21080.0 0.00039562351950000004
21090.0 0.00039434021550000003
21100.0 0.00039298054950000005
21110.0 0.000391549917
21120.0 0.0003900535485
21130.0 0.000388496724
21140.0 0.00038688460800000006
21150.0 0.00038522231550000005
21160.0 0.00038351499450000004
21170.0 0.00038176772700000006
21180.0 0.00037998571050000004
21190.0 0.0003781741425
21200.0 0.000376338303
21210.0 0.000374483604
21220.0 0.00037261562250000003
21230.0 0.00037074003450000007
21240.0 0.00036886271400000004
21250.0 0.000366989667
21260.0 0.00036512713050000005
21270.0 0.0003632814405
21280.0 0.00036145911450000004
21290.0 0.0003596667525
21300.0 0.000357911037
21310.0 0.000356198733
21320.0 0.000354536556
21330.0 0.0003529312215
21340.0 0.00035138928
21350.0 0.000349917183
21360.0 0.00034852115099999996
21370.0 0.00034720715700000006
21380.0 0.00034598084400000006
21390.0 0.0003448474755
21400.0 0.0003438119355000001
21410.0 0.00034287864600000004
21420.0 0.0003420515505
21430.0 0.00034133408100000005
21440.0 0.000340729158
21450.0 0.00034023912450000004
21460.0 0.00033986579550000003
21470.0 0.00033961044150000003
21480.0 0.00033947378849999996
21490.0 0.00033945600150000007
21500.0 0.00033955680000000003
21510.0 0.0003397753425
21520.0 0.000340110408
21530.0 0.0003405602805
21540.0 0.000341122881
21550.0 0.0003417958335
21560.0 0.0003425763495
21570.0 0.000343461459
21580.0 0.000344447928
21590.0 0.0003455323245
21600.0 0.00034671108449999997
21610.0 0.0003479805285
21620.0 0.000349336878
21630.0 0.00035077633799999997
21640.0 0.00035229506400000004
21650.0 0.00035388927750000006
21660.0 0.0003555551505
21670.0 0.00035728897049999996
21680.0 0.00035908707450000004
21690.0 0.00036094581600000004
21700.0 0.00036286173000000003
21710.0 0.0003648313515
21720.0 0.000366851364
21730.0 0.0003689184675
21740.0 0.0003710295105
21750.0 0.00037318139100000005
21760.0 0.00037537104
21770.0 0.0003775954875
21780.0 0.00037985179649999997
21790.0 0.00038213703
21800.0 0.00038444835000000003
21810.0 0.00038678286900000006
21820.0 0.000389137782
21830.0 0.0003915102015
21840.0 0.000393897339
21850.0 0.000396296307
21860.0 0.000398704284
21870.0 0.0004011184155
21880.0 0.00040353584700000004
21890.0 0.000405953691
21900.0 0.00040836909299999996
21910.0 0.00041077914899999995
21920.0 0.000413180988
21930.0 0.00041557168950000006
21940.0 0.00041794834950000003
21950.0 0.000420308031
21960.0 0.00042264778050000003
21970.0 0.00042496462800000004
21980.0 0.00042725550449999996
21990.0 0.0004295173575
22000.0 0.0004317470355
22010.0 0.0004339413045
22020.0 0.000436096848
22030.0 0.0004382102175
22040.0 0.00044027788200000004
22050.0 0.0004422961455
22060.0 0.00044426114700000006
22070.0 0.0004461689265
22080.0 0.000448015326
22090.0 0.000449796006
22100.0 0.0004515065115
22110.0 0.0004531421895
22120.0 0.00045469828800000006
22130.0 0.0004561698735
22140.0 0.00045755194650000006
22150.0 0.00045883940849999994
22160.0 0.00046002711150000005
22170.0 0.00046110987450000005
22180.0 0.0004620825495
22190.0 0.0004629400380000001
22200.0 0.00046367730750000003
22210.0 0.000464289507
22220.0 0.00046477193400000006
22230.0 0.000465120117
22240.0 0.00046532984850000003
22250.0 0.0004653972345
22260.0 0.00046531869450000004
22270.0 0.000465091044
22280.0 0.00046471147799999996
22290.0 0.00046417767
22300.0 0.000463487739
22310.0 0.000462640266
22320.0 0.000461634327
22330.0 0.0004604695920000001
22340.0 0.00045914616
22350.0 0.00045766472399999997
22360.0 0.00045602648850000005
22370.0 0.000454233252
22380.0 0.00045228732450000006
22390.0 0.0004501915605
22400.0 0.000447949359
22410.0 0.0004455646965
22420.0 0.000443042028
22430.0 0.00044038638600000005
22440.0 0.000437603298
22450.0 0.00043469880300000006
22460.0 0.0004316794185
22470.0 0.00042855214050000005
22480.0 0.00042532446000000004
22490.0 0.00042200424750000006
22500.0 0.0004185998355
22510.0 0.000415119936
22520.0 0.00041157355800000003
22530.0 0.0004079700735
22540.0 0.000404319102
22550.0 0.0004006305105
22560.0 0.000396914331
22570.0 0.00039318067800000003
22580.0 0.000389439798
22590.0 0.000385701888
22600.0 0.00038197706250000005
22610.0 0.0003782753535
22620.0 0.000374606562
22630.0 0.0003709802085
22640.0 0.000367405467
22650.0 0.00036389114850000003
22660.0 0.0003604455195
22670.0 0.0003570763515
22680.0 0.000353790822
22690.0 0.00035059544850000004
22700.0 0.00034749607199999996
22710.0 0.00034449777450000003
22720.0 0.000341604912
22730.0 0.000338821065
22740.0 0.00033614900550000003
22750.0 0.00033359073
22760.0 0.00033114742650000004
22770.0 0.00032881959
22780.0 0.00032660687400000004
22790.0 0.00032450832150000006
22800.0 0.000322522266
22810.0 0.00032064649650000003
22820.0 0.00031887817500000004
22830.0 0.0003172140345
22840.0 0.0003156503625
22850.0 0.0003141831165
22860.0 0.000312807957
22870.0 0.00031152036300000004
22880.0 0.00031031564850000004
22890.0 0.0003091890615
22900.0 0.0003081358665
22910.0 0.000307151328
22920.0 0.000306230859
22930.0 0.0003053700045
22940.0 0.000304564491
22950.0 0.000303810243
22960.0 0.00030310343250000005
22970.0 0.000302440479
22980.0 0.000301818033
22990.0 0.000301233009
23000.0 0.0003006825525
23010.0 0.0003001639575
23020.0 0.0002996747985
23030.0 0.000299212683
23040.0 0.000298775466
23050.0 0.00029836098600000003
23060.0 0.000297967164
23070.0 0.00029759197050000007
23080.0 0.0002972333595000001
23090.0 0.00029688925199999997
23100.0 0.00029655758550000007
23110.0 0.0002962362315
23120.0 0.000295923111
23130.0 0.00029561614500000003
23140.0 0.000295313337
23150.0 0.000295012839
23160.0 0.000294712902
23170.0 0.0002944121235
23180.0 0.00029410936500000003
23190.0 0.00029380386750000004
23200.0 0.000293495367
23210.0 0.0002931840285
23220.0 0.00029287059450000004
23230.0 0.0002925563025
23240.0 0.0002922429675
23250.0 0.00029193289950000005
23260.0 0.000291628788
23270.0 0.000291333735
23280.0 0.00029105109
23290.0 0.0002907843345
23300.0 0.000290536917
23310.0 0.0002903121705
23320.0 0.00029011311449999997
23330.0 0.000289942323
23340.0 0.00028980185850000005
23350.0 0.00028969312350000004
23360.0 0.00028961674500000003
23370.0 0.00028957260750000005
23380.0 0.000289559787
23390.0 0.00028957650150000005
23400.0 0.0002896203255
23410.0 0.000289688025
23420.0 0.000289775838
23430.0 0.0002898794745
23440.0 0.00028999431450000006
23450.0 0.00029011545750000004
23460.0 0.000290237904
23470.0 0.000290356704
23480.0 0.00029046700650000006
23490.0 0.00029056427400000004
23500.0 0.00029064426599999997
23510.0 0.00029070327
23520.0 0.00029073796950000003
23530.0 0.0002907457245
23540.0 0.000290724456
23550.0 0.000290672712
23560.0 0.000290589717
23570.0 0.000290475372
23580.0 0.0002903301885
23590.0 0.0002901554205
23600.0 0.00028995291600000003
23610.0 0.00028972521599999996
23620.0 0.0002894755215
23630.0 0.0002892076275
23640.0 0.000288926022
23650.0 0.00028863577050000004
23660.0 0.00028834263150000005
23670.0 0.0002880529245
23680.0 0.000287773596
23690.0 0.0002875121865
23700.0 0.000287276748
23710.0 0.0002870759595
23720.0 0.0002869188795
23730.0 0.000286815078
23740.0 0.00028677440550000006
23750.0 0.00028680700950000005
23760.0 0.00028692325200000004
23770.0 0.00028713349500000004
23780.0 0.0002874480015
23790.0 0.000287876787
23800.0 0.0002884295535
23810.0 0.0002891152935
23820.0 0.00028994230650000003
23830.0 0.00029092671299999997
23840.0 0.00029207021250000003
23850.0 0.0002933737125
23860.0 0.00029484048
23870.0 0.00029647214850000005
23880.0 0.00029826845400000005
23890.0 0.000300227136
23900.0 0.000302343954
23910.0 0.000304612539
23920.0 0.00030702444300000005
23930.0 0.0003095691885
23940.0 0.00031223438400000003
23950.0 0.000315005922
23960.0 0.000317868111
23970.0 0.0003208039725
23980.0 0.000323795604
23990.0 0.00032682445950000003
24000.0 0.0003298716795000001
24010.0 0.00033291848700000003
24020.0 0.0003359465505
24030.0 0.00033893834699999997
24040.0 0.000341877393
24050.0 0.000344748657
24060.0 0.00034753862550000004
24070.0 0.000350235666
24080.0 0.0003528299445
24090.0 0.0003553136235
24100.0 0.0003576808125
24110.0 0.00035992750200000007
24120.0 0.00036205146450000005
24130.0 0.0003640521555
24140.0 0.0003659304165
24150.0 0.000367688409
24160.0 0.000369329334
24170.0 0.00037085723400000003
24180.0 0.000372276795
24190.0 0.0003735931320000001
24200.0 0.0003748116735
24210.0 0.0003759378810000001
24220.0 0.00037697728200000003
24230.0 0.000377935239
24240.0 0.00037881694950000003
24250.0 0.000379627314
24260.0 0.0003803710185000001
24270.0 0.000381052419
24280.0 0.0003816755085
24290.0 0.0003822440985
24300.0 0.000382761687
24310.0 0.000383231541
24320.0 0.00038365669650000005
24330.0 0.00038404005750000003
24340.0 0.00038438436300000005
24350.0 0.00038469230250000005
24360.0 0.00038496645000000003
24370.0 0.0003852093465
24380.0 0.00038542351649999997
24390.0 0.00038561151750000005
24400.0 0.000385775907
24410.0 0.0003859192755
24420.0 0.00038604421350000006
24430.0 0.000386153427
24440.0 0.00038624952300000005
24450.0 0.0003863352075
24460.0 0.00038641310399999997
24470.0 0.0003864857865
24480.0 0.00038655573
24490.0 0.00038662526099999997
24500.0 0.000386696508
24510.0 0.000386771385
24520.0 0.00038685147600000006
24530.0 0.0003869380845
24540.0 0.0003870321015
24550.0 0.000387134055
24560.0 0.000387244044
24570.0 0.00038736177150000003
24580.0 0.00038748656100000007
24590.0 0.0003876173565
24600.0 0.00038775277200000006
24610.0 0.0003878911575
24620.0 0.000388030698
24630.0 0.000388169397
24640.0 0.0003883052745
24650.0 0.00038843636700000003
24660.0 0.00038856081000000005
24670.0 0.0003886769535
24680.0 0.0003887833785
24690.0 0.00038887896300000005
24700.0 0.00038896289849999995
24710.0 0.00038903470650000007
24720.0 0.00038909427150000004
24730.0 0.000389141808
24740.0 0.000389177778
24750.0 0.0003892029735
24760.0 0.00038921833500000006
24770.0 0.00038922498450000005
24780.0 0.000389224176
24790.0 0.00038921718
24800.0 0.000389205267
24810.0 0.000389189658
24820.0 0.000389171541
24830.0 0.000389151939
24840.0 0.000389131743
24850.0 0.00038911172850000005
24860.0 0.0003890924565000001
24870.0 0.000389074389
24880.0 0.0003890578395
24890.0 0.00038904298950000004
24900.0 0.00038902988849999996
24910.0 0.00038901855300000005
24920.0 0.000389008884
24930.0 0.00038900079900000003
24940.0 0.0003889941165
24950.0 0.000388988688
24960.0 0.000388984365
24970.0 0.000388980966
24980.0 0.0003889783425
24990.0 0.000388976379
25000.0 0.0003889749435
