#lamb flux
1000.0 1.4690278350000001e-06
1010.0 1.7800325559999998e-06
1020.0 2.163885578e-06
1030.0 2.6353261839999997e-06
1040.0 3.2126660070000002e-06
1050.0 3.91682592e-06
1060.0 4.7711592499999995e-06
1070.0 5.80103834e-06
1080.0 7.0331683099999995e-06
1090.0 8.494635379999999e-06
1100.0 1.021172324e-05
1110.0 1.2208582899999999e-05
1120.0 1.4505860359999999e-05
1130.0 1.711940272e-05
1140.0 2.0059146700000003e-05
1150.0 2.332825284e-05
1160.0 2.692253089e-05
1170.0 3.083014677e-05
1180.0 3.503160333e-05
1190.0 3.94999716e-05
1200.0 4.420136179999999e-05
1210.0 4.909561079999999e-05
1220.0 5.4137204899999996e-05
1230.0 5.92763902e-05
1240.0 6.44604676e-05
1250.0 6.96351988e-05
1260.0 7.47463085e-05
1270.0 7.97409607e-05
1280.0 8.45692054e-05
1290.0 8.91852662e-05
1300.0 9.354867249999999e-05
1310.0 9.762516229999999e-05
1320.0 0.0001013873778
1330.0 0.0001048152687
1340.0 0.0001078963105
1350.0 0.0001106254638
1360.0 0.00011300498930000001
1370.0 0.00011504402230000001
1380.0 0.00011675807690000001
1390.0 0.0001181683985
1400.0 0.00011930123489999999
1410.0 0.00012018705929999999
1420.0 0.0001208597267
1430.0 0.0001213556044
1440.0 0.00012171271730000001
1450.0 0.00012196987099999999
1460.0 0.0001221658267
1470.0 0.0001223384909
1480.0 0.00012252418279999999
1490.0 0.0001227569572
1500.0 0.0001230680347
1510.0 0.0001234853318
1520.0 0.00012403312419999999
1530.0 0.0001247318396
1540.0 0.0001255980318
1550.0 0.0001266444954
1560.0 0.0001278805581
1570.0 0.0001293125099
1580.0 0.0001309441618
1590.0 0.00013277746
1600.0 0.0001348131075
1610.0 0.00013705117089999998
1620.0 0.000139491554
1630.0 0.00014213437149999998
1640.0 0.0001449801266
1650.0 0.0001480297665
1660.0 0.0001512845899
1670.0 0.00015474605090000002
1680.0 0.00015841551479999999
1690.0 0.0001622939695
1700.0 0.00016638178869999998
1710.0 0.000170678484
1720.0 0.00017518247550000002
1730.0 0.0001798909771
1740.0 0.000184799793
1750.0 0.0001899032511
1760.0 0.00019519408459999998
1770.0 0.00020066337279999998
1780.0 0.00020630053000000002
1790.0 0.0002120933129
1800.0 0.0002180278872
1810.0 0.00022408893860000002
1820.0 0.0002302598245
1830.0 0.0002365227368
1840.0 0.00024285886839999998
1850.0 0.0002492485649
1860.0 0.0002556714504
1870.0 0.0002621065089
1880.0 0.0002685321139
1890.0 0.0002749261024
1900.0 0.0002812657453
1910.0 0.0002875278436
1920.0 0.0002936887913
1930.0 0.00029972473079999996
1940.0 0.0003056117675
1950.0 0.0003113262658
1960.0 0.0003168452117
1970.0 0.0003221465717
1980.0 0.00032720974790000003
1990.0 0.000332015985
2000.0 0.000336548781
2010.0 0.0003407941536
2020.0 0.0003447409991
2030.0 0.00034838125519999995
2040.0 0.00035170995650000004
2050.0 0.00035472515680000003
2060.0 0.00035742806230000003
2070.0 0.0003598226394
2080.0 0.0003619154852
2090.0 0.0003637156277
2100.0 0.0003652342002
2110.0 0.00036648423409999995
2120.0 0.00036748030740000004
2130.0 0.00036823837819999997
2140.0 0.0003687755997
2150.0 0.00036911005380000007
2160.0 0.00036926057350000004
2170.0 0.00036924667629999994
2180.0 0.00036908845319999994
2190.0 0.0003688063948
2200.0 0.00036842131360000004
2210.0 0.0003679543736
2220.0 0.000367426983
2230.0 0.00036686079420000003
2240.0 0.0003662776409
2250.0 0.00036569947150000005
2260.0 0.0003651484379
2270.0 0.00036464670680000003
2280.0 0.00036421643009999994
2290.0 0.0003638797227
2300.0 0.00036365855889999995
2310.0 0.00036357477240000005
2320.0 0.00036365029310000003
2330.0 0.0003639074024
2340.0 0.0003643696656
2350.0 0.0003650631418
2360.0 0.0003660185558
2370.0 0.00036727439130000006
2380.0 0.0003688808351
2390.0 0.000370904872
2400.0 0.000373435635
2410.0 0.00037658958899999996
2420.0 0.00038051399399999995
2430.0 0.00038538752299999997
2440.0 0.00039141545200000003
2450.0 0.000398818782
2460.0 0.000407815702
2470.0 0.00041859520799999994
2480.0 0.000431285986
2490.0 0.000445922076
2500.0 0.000462412125
2510.0 0.000480517261
2520.0 0.000499844026
2530.0 0.000519856031
2540.0 0.000539906553
2550.0 0.0005592883
2560.0 0.0005772952379999999
2570.0 0.0005932860829999999
2580.0 0.000606739986
2590.0 0.000617296197
2600.0 0.000624772269
2610.0 0.0006291610240000001
2620.0 0.000630608871
2630.0 0.000629382321
2640.0 0.000625828878
2650.0 0.0006202678519999999
2660.0 0.0006095154669999999
2670.0 0.000566558726
2680.0 0.000538465884
2690.0 0.000738695565
2700.0 0.0011767706440000002
2710.0 0.0016931939999999999
2720.0 0.0020507212259999997
2730.0 0.002171659167
2740.0 0.002209394061
2750.0 0.0022578450430000003
2760.0 0.002276495892
2770.0 0.002276028804
2780.0 0.002335094457
2790.0 0.002506226302
2800.0 0.002584966631
2810.0 0.00257558887
2820.0 0.0025337141200000002
2830.0 0.002418746425
2840.0 0.0023156163989999996
2850.0 0.0023129888069999996
2860.0 0.002326925782
2870.0 0.0023346893810000002
2880.0 0.002364772416
2890.0 0.0025104676859999996
2900.0 0.002768141939
2910.0 0.003035208457
2920.0 0.0032820391199999996
2930.0 0.0034495572490000005
2940.0 0.00342052383
2950.0 0.0031710769340000003
2960.0 0.002979446016
2970.0 0.002900947926
2980.0 0.002842448595
2990.0 0.0027161587889999997
3000.0 0.002511811785
3010.0 0.002329639177
3020.0 0.002220236023
3030.0 0.0022062079169999998
3040.0 0.0021639160660000003
3050.0 0.00202601566
3060.0 0.001952786851
3070.0 0.0019441070209999997
3080.0 0.001961065194
3090.0 0.001962550411
3100.0 0.001954992828
3110.0 0.002026835025
3120.0 0.00216731866
3130.0 0.0022788976360000003
3140.0 0.002319784338
3150.0 0.0023213257209999997
3160.0 0.002383621067
3170.0 0.002543568811
3180.0 0.002739521736
3190.0 0.002891786023
3200.0 0.0029802650109999997
3210.0 0.00298138267
3220.0 0.002896783465
3230.0 0.002738876345
3240.0 0.002562403624
3250.0 0.0023976602359999997
3260.0 0.002278442092
3270.0 0.0022428432819999997
3280.0 0.00224644908
3290.0 0.002231569752
3300.0 0.0022240381060000002
3310.0 0.0022554477390000004
3320.0 0.002315757591
3330.0 0.0023700347409999997
3340.0 0.0024041518859999997
3350.0 0.00243669013
3360.0 0.0025015091719999996
3370.0 0.002600752348
3380.0 0.002710256882
3390.0 0.002809789694
3400.0 0.002892570608
3410.0 0.0029863120319999995
3420.0 0.003102542352
3430.0 0.00321073013
3440.0 0.003292059312
3450.0 0.003341086088
3460.0 0.0033602112029999997
3470.0 0.0033770547869999995
3480.0 0.003411125941
3490.0 0.0034747600210000003
3500.0 0.003591189919
3510.0 0.00377556843
3520.0 0.00400157405
3530.0 0.00423737653
3540.0 0.00446255594
3550.0 0.00466022955
3560.0 0.00482783363
3570.0 0.00497774209
3580.0 0.005102055059999999
3590.0 0.005174680510000001
3600.0 0.00518728715
3610.0 0.005147432969999999
3620.0 0.005095153450000001
3630.0 0.00507794697
3640.0 0.00513751993
3650.0 0.0053033247
3660.0 0.005592676170000001
3670.0 0.00599637651
3680.0 0.00646066139
3690.0 0.006932349600000001
3700.0 0.0073878011
3710.0 0.00782489024
3720.0 0.008173383250000001
3730.0 0.00828319518
3740.0 0.00812528473
3750.0 0.007775506340000001
3760.0 0.0072698636
3770.0 0.006619069490000001
3780.0 0.00587823773
3790.0 0.0051500189
3800.0 0.00453236569
3810.0 0.00410326781
3820.0 0.00394205474
3830.0 0.00411106704
3840.0 0.00462991656
3850.0 0.00545732906
3860.0 0.006498678150000001
3870.0 0.00764787854
3880.0 0.00882498803
3890.0 0.00998867318
3900.0 0.01112074775
3910.0 0.01219430386
3920.0 0.01315925498
3930.0 0.01396370824
3940.0 0.014582048539999998
3950.0 0.01501307782
3960.0 0.01526556064
3970.0 0.01534802624
3980.0 0.015260050970000001
3990.0 0.014984110519999998
4000.0 0.0144960339
4010.0 0.013801525399999999
4020.0 0.01296597179
4030.0 0.012096714879999998
4040.0 0.01129502626
4050.0 0.01062885643
4060.0 0.01012696179
4070.0 0.00976906708
4080.0 0.00949078638
4090.0 0.00922619642
4100.0 0.008956851589999999
4110.0 0.0087152205
4120.0 0.00854263437
4130.0 0.00845208797
4140.0 0.00842558524
4150.0 0.00843646065
4160.0 0.00847414256
4170.0 0.00855030965
4180.0 0.00867972011
4190.0 0.00885353464
4200.0 0.00903491234
4210.0 0.00918396869
4220.0 0.009284911350000001
4230.0 0.009350062800000001
4240.0 0.00940421267
4250.0 0.00946673564
4260.0 0.00954526851
4270.0 0.009644003379999998
4280.0 0.009772149919999999
4290.0 0.00993627637
4300.0 0.01012427781
4310.0 0.01030117444
4320.0 0.01041731152
4330.0 0.010417015149999998
4340.0 0.010249988639999999
4350.0 0.00989201771
4360.0 0.00936298135
4370.0 0.00872300863
4380.0 0.00804735792
4390.0 0.00740142783
4400.0 0.00683258058
4410.0 0.006373781319999999
4420.0 0.00604717788
4430.0 0.005865796109999999
4440.0 0.0058348223000000005
4450.0 0.0059519458
4460.0 0.00620681919
4470.0 0.0065819910499999995
4480.0 0.00705840416
4490.0 0.00762416339
4500.0 0.00827953625
4510.0 0.009033063079999999
4520.0 0.00989188044
4530.0 0.010853284
4540.0 0.011901612030000001
4550.0 0.01300898281
4560.0 0.01413588071
4570.0 0.015233026169999999
4580.0 0.016249960810000002
4590.0 0.017146592170000002
4600.0 0.01789580332
4610.0 0.018475830859999997
4620.0 0.01886237393
4630.0 0.01902795189
4640.0 0.018943744699999997
4650.0 0.01858140888
4660.0 0.017923735729999998
4670.0 0.01698565216
4680.0 0.0158279636
4690.0 0.01454790198
4700.0 0.013253363
4710.0 0.01203846911
4720.0 0.01096780529
4730.0 0.010068607240000001
4740.0 0.00933417056
4750.0 0.00874219461
4760.0 0.00827951183
4770.0 0.00795414271
4780.0 0.0077854068
4790.0 0.00778278461
4800.0 0.00792920508
4810.0 0.008177888000000001
4820.0 0.008460805169999999
4830.0 0.00870624948
4840.0 0.008864800769999999
4850.0 0.00893505341
4860.0 0.00897041912
4870.0 0.00905638159
4880.0 0.00927157914
4890.0 0.00965830092
4900.0 0.01021490006
4910.0 0.01090302051
4920.0 0.01165734025
4930.0 0.012393087469999998
4940.0 0.013013948210000001
4950.0 0.01342428487
4960.0 0.01354652177
4970.0 0.01334112404
4980.0 0.012823906220000002
4990.0 0.012069139889999999
5000.0 0.011194405130000001
5010.0 0.0103281023
5020.0 0.00957300815
5030.0 0.00898396186
5040.0 0.008567749599999999
5050.0 0.00829944484
5060.0 0.008142883410000001
5070.0 0.00806500729
5080.0 0.00804078709
5090.0 0.008051969970000001
5100.0 0.0080845703
5110.0 0.00812748475
5120.0 0.00817254261
5130.0 0.008216269949999999
5140.0 0.00826265537
5150.0 0.00832400507
5160.0 0.008417470770000001
5170.0 0.00855898948
5180.0 0.00875904848
5190.0 0.00902181656
5200.0 0.0093458263
5210.0 0.00972340834
5220.0 0.010140110479999999
5230.0 0.0105776599
5240.0 0.01102033234
5250.0 0.01145999335
5260.0 0.01189525987
5270.0 0.01232542779
5280.0 0.012744683300000002
5290.0 0.01314139286
5300.0 0.01350156677
5310.0 0.013811529460000001
5320.0 0.014059674030000002
5330.0 0.014244419099999999
5340.0 0.01438314061
5350.0 0.01450101632
5360.0 0.014606290199999998
5370.0 0.01468557787
5380.0 0.01472156814
5390.0 0.01470846015
5400.0 0.01465796218
5410.0 0.01459880288
5420.0 0.014569508129999999
5430.0 0.014606910320000001
5440.0 0.014735261469999998
5450.0 0.01496003018
5460.0 0.015267528300000001
5470.0 0.01562934316
5480.0 0.01600921106
5490.0 0.0163692107
5500.0 0.01667313832
5510.0 0.0168878693
5520.0 0.01698542165
5530.0 0.01694660458
5540.0 0.01676381718
5550.0 0.0164403617
5560.0 0.01598681977
5570.0 0.015417443050000002
5580.0 0.01474850525
5590.0 0.01399906063
5600.0 0.013190624319999998
5610.0 0.01234506369
5620.0 0.011484133629999999
5630.0 0.010630146620000001
5640.0 0.00980757631
5650.0 0.00904457082
5660.0 0.00837311702
5670.0 0.00782710025
5680.0 0.00743848518
5690.0 0.007232791820000001
5700.0 0.00722541624
5710.0 0.00741986641
5720.0 0.00780792537
5730.0 0.00837099692
5740.0 0.00908186534
5750.0 0.00990649026
5760.0 0.01080577785
5770.0 0.011737566239999999
5780.0 0.012659049759999999
5790.0 0.013529307150000001
5800.0 0.014311349509999998
5810.0 0.014973781229999998
5820.0 0.01549288827
5830.0 0.01585528033
5840.0 0.01605970533
5850.0 0.01611600638
5860.0 0.01604198936
5870.0 0.01586023944
5880.0 0.015594330799999999
5890.0 0.01526505189
5900.0 0.014886977010000002
5910.0 0.01446660632
5920.0 0.014003434399999999
5930.0 0.01349399731
5940.0 0.0129372276
5950.0 0.01233876111
5960.0 0.011712589019999999
5970.0 0.01107979615
5980.0 0.010465203210000001
5990.0 0.009893188760000001
6000.0 0.00938396109
6010.0 0.008951152479999998
6020.0 0.00860101001
6030.0 0.00833289691
6040.0 0.00814046805
6050.0 0.00801300934
6060.0 0.00793706758
6070.0 0.00789892872
6080.0 0.00788779431
6090.0 0.007898306749999999
6100.0 0.007930715789999999
6110.0 0.00798830111
6120.0 0.00807371376
6130.0 0.00818650345
6140.0 0.00832281145
6150.0 0.008476440629999998
6160.0 0.008639724590000002
6170.0 0.00880323203
6180.0 0.00895457276
6190.0 0.00907751895
6200.0 0.00915279693
6210.0 0.00916111453
6220.0 0.00908767952
6230.0 0.008926530089999999
6240.0 0.00868303087
6250.0 0.008373840740000001
6260.0 0.008024643619999999
6270.0 0.00766639889
6280.0 0.007331047909999999
6290.0 0.00704777184
6300.0 0.00684079939
6310.0 0.00672847331
6320.0 0.00672138337
6330.0 0.0068186227000000005
6340.0 0.00700648909
6350.0 0.00726453042
6360.0 0.00757547694
6370.0 0.007929782279999999
6380.0 0.008322527659999999
6390.0 0.00874851014
6400.0 0.00919964448
6410.0 0.00966419317
6420.0 0.010127119779999999
6430.0 0.01057202147
6440.0 0.010983802610000001
6450.0 0.01135002306
6460.0 0.011660386089999999
6470.0 0.01190578045
6480.0 0.01207809981
6490.0 0.012170879159999998
6500.0 0.01218016949
6510.0 0.012105104999999998
6520.0 0.011947900879999999
6530.0 0.011713370090000001
6540.0 0.011408254770000001
6550.0 0.01104059169
6560.0 0.010619333370000001
6570.0 0.010153843769999999
6580.0 0.00965356344
6590.0 0.009128176390000001
6600.0 0.00858790387
6610.0 0.008043531750000001
6620.0 0.007505931739999999
6630.0 0.006985177089999999
6640.0 0.00648960908
6650.0 0.00602524835
6660.0 0.00559575309
6670.0 0.00520289079
6680.0 0.00484724087
6690.0 0.00452880222
6700.0 0.004247267
6710.0 0.00400195885
6720.0 0.0037916201399999998
6730.0 0.0036142943099999993
6740.0 0.0034674517809999998
6750.0 0.003348314778
6760.0 0.003254196361
6770.0 0.003182688718
6780.0 0.0031316883249999997
6790.0 0.003099364274
6800.0 0.003084150873
6810.0 0.0030847279989999997
6820.0 0.003099920236
6830.0 0.003128531559
6840.0 0.003169233224
6850.0 0.0032206097220000003
6860.0 0.0032812845049999995
6870.0 0.003349859602
6880.0 0.0034246156969999996
6890.0 0.0035030771200000002
6900.0 0.0035817808559999997
6910.0 0.003656558966
6920.0 0.00372334108
6930.0 0.00377912931
6940.0 0.0038226901500000004
6950.0 0.00385467517
6960.0 0.00387722149
6970.0 0.00389332093
6980.0 0.00390625391
6990.0 0.00391921464
7000.0 0.0039350721
7010.0 0.00395618541
7020.0 0.00398426952
7030.0 0.004020383
7040.0 0.00406506753
7050.0 0.0041185595399999995
7060.0 0.00418095745
7070.0 0.00425226052
7080.0 0.004332312610000001
7090.0 0.0044207415
7100.0 0.00451697665
7110.0 0.00462036279
7120.0 0.00473031088
7130.0 0.004846383209999999
7140.0 0.00496813245
7150.0 0.00509491998
7160.0 0.00522583671
7170.0 0.0053595321400000005
7180.0 0.00549409115
7190.0 0.0056269677700000005
7200.0 0.00575498666
7210.0 0.00587444449
7220.0 0.00598133009
7230.0 0.0060716789099999995
7240.0 0.006142059940000001
7250.0 0.006190146620000001
7260.0 0.006215291079999999
7270.0 0.006218934100000001
7280.0 0.006204652839999999
7290.0 0.006177769379999999
7300.0 0.00614458482
7310.0 0.006111078730000001
7320.0 0.00608263868
7330.0 0.0060642482
7340.0 0.006058629750000001
7350.0 0.006066731639999999
7360.0 0.00608776355
7370.0 0.00611939929
7380.0 0.0061581072099999995
7390.0 0.006199537959999999
7400.0 0.0062388475
7410.0 0.00627094833
7420.0 0.00629079735
7430.0 0.0062934698599999995
7440.0 0.0062745158700000005
7450.0 0.00623053656
7460.0 0.006159855830000001
7470.0 0.00606325956
7480.0 0.005944792220000001
7490.0 0.0058123729199999995
7500.0 0.00567756379
7510.0 0.00555367373
7520.0 0.00545223416
7530.0 0.0053794618200000005
7540.0 0.00533513841
7550.0 0.00531474327
7560.0 0.00531280262
7570.0 0.00532464262
7580.0 0.00534618698
7590.0 0.005373722010000001
7600.0 0.00540487157
7610.0 0.0054398817099999995
7620.0 0.00548170503
7630.0 0.00553448331
7640.0 0.00560122613
7650.0 0.00568187577
7660.0 0.00577258201
7670.0 0.0058663093
7680.0 0.00595431121
7690.0 0.006027844270000001
7700.0 0.00607963132
7710.0 0.00610479058
7720.0 0.006101077999999999
7730.0 0.0060686711800000005
7740.0 0.00600987374
7750.0 0.0059287438399999995
7760.0 0.005830664239999999
7770.0 0.00572163856
7780.0 0.0056072464
7790.0 0.005491489309999999
7800.0 0.00537599714
7810.0 0.005260002139999999
7820.0 0.0051411285400000005
7830.0 0.00501663316
7840.0 0.0048845209599999995
7850.0 0.00474408635
7860.0 0.00459580071
7870.0 0.00444081807
7880.0 0.00428050854
7890.0 0.00411628145
7900.0 0.00394971855
7910.0 0.00378282783
7920.0 0.0036170630940000003
7930.0 0.0034567284039999997
7940.0 0.003304891023
7950.0 0.0031641109069999998
7960.0 0.00303602094
7970.0 0.0029211689439999997
7980.0 0.0028191945020000003
7990.0 0.002729235403
8000.0 0.0026503448909999997
8010.0 0.002581705562
8020.0 0.0025225454110000003
8030.0 0.002471828179
8040.0 0.0024279094749999996
8050.0 0.0023883604339999995
8060.0 0.002350067025
8070.0 0.002309569415
8080.0 0.002263499568
8090.0 0.0022089559069999997
8100.0 0.0021437364509999998
8110.0 0.00206646924
8120.0 0.001976753675
8130.0 0.0018753929890000002
8140.0 0.001764670674
8150.0 0.001648486271
8160.0 0.0015321233429999997
8170.0 0.0014215370770000002
8180.0 0.001322283615
8190.0 0.001238430256
8200.0 0.0011718504949999999
8210.0 0.001122164786
8220.0 0.001087321331
8230.0 0.0010645581170000001
8240.0 0.001051368875
8250.0 0.001046143661
8260.0 0.001048317707
8270.0 0.0010580673549999999
8280.0 0.0010757616060000001
8290.0 0.0011014604
8300.0 0.001134701422
8310.0 0.001174653097
8320.0 0.001220522589
8330.0 0.001272002021
8340.0 0.001329556557
8350.0 0.0013944599960000002
8360.0 0.0014685960819999999
8370.0 0.001554097236
8380.0 0.001652905847
8390.0 0.001766336303
8400.0 0.001894718607
8410.0 0.0020371903629999998
8420.0 0.002191664549
8430.0 0.0023549461780000003
8440.0 0.002522939498
8450.0 0.002690904143
8460.0 0.0028537593099999996
8470.0 0.003006473591
8480.0 0.00314456377
8490.0 0.0032646685080000007
8500.0 0.0033650816979999996
8510.0 0.003446081913
8520.0 0.0035099123889999998
8530.0 0.0035603447950000003
8540.0 0.0036019027509999997
8550.0 0.0036389526640000004
8560.0 0.003674928615
8570.0 0.00371191992
8580.0 0.00375070813
8590.0 0.0037911839099999995
8600.0 0.003832941
8610.0 0.00387579033
8620.0 0.00391998942
8630.0 0.00396609808
8640.0 0.00401455402
8650.0 0.00406519333
8660.0 0.00411699111
8670.0 0.00416820392
8680.0 0.00421690517
8690.0 0.0042616799799999995
8700.0 0.004302128749999999
8710.0 0.0043389012
8720.0 0.0043731854
8730.0 0.00440588193
8740.0 0.004436857220000001
8750.0 0.00446464348
8760.0 0.004486727669999999
8770.0 0.004500264489999999
8780.0 0.0045028704
8790.0 0.00449316604
8800.0 0.00447090943
8810.0 0.00443679136
8820.0 0.00439207205
8830.0 0.00433825703
8840.0 0.00427689697
8850.0 0.00420951035
8860.0 0.00413755312
8870.0 0.004062378
8880.0 0.00398515826
8890.0 0.0039068115
8900.0 0.00382795858
8910.0 0.00374897061
8920.0 0.0036700892369999996
8930.0 0.0035915822669999996
8940.0 0.0035138844499999996
8950.0 0.0034376776219999998
8960.0 0.0033638948120000003
8970.0 0.003293655344
8980.0 0.0032281495820000003
8990.0 0.0031685032510000003
9000.0 0.0031156637359999995
9010.0 0.0030703492440000003
9020.0 0.003033083214
9030.0 0.003004297103
9040.0 0.002984442681
9050.0 0.002974042647
9060.0 0.002973634759
9070.0 0.002983615028
9080.0 0.00300403407
9090.0 0.0030344211340000006
9100.0 0.0030737036269999998
9110.0 0.0031202644640000005
9120.0 0.003172144865
9130.0 0.0032273670690000002
9140.0 0.0032843129919999997
9150.0 0.0033420613339999994
9160.0 0.003400563773
9170.0 0.003460561271
9180.0 0.00352320512
9190.0 0.0035894651639999994
9200.0 0.0036595066819999997
9210.0 0.00373227917
9220.0 0.00380551623
9230.0 0.0038762102799999995
9240.0 0.00394142907
9250.0 0.00399916054
9260.0 0.00404879197
9270.0 0.00409096901
9280.0 0.00412689416
9290.0 0.00415748687
9300.0 0.00418292659
9310.0 0.00420281557
9320.0 0.00421675384
9330.0 0.00422484796
9340.0 0.00422782535
9350.0 0.00422677418
9360.0 0.00422277263
9370.0 0.0042166324799999995
9380.0 0.00420883436
9390.0 0.00419959324
9400.0 0.00418895426
9410.0 0.00417687265
9420.0 0.00416325998
9430.0 0.00414800673
9440.0 0.00413099376
9450.0 0.00411209675
9460.0 0.00409119582
9470.0 0.00406818256
9480.0 0.00404296743
9490.0 0.00401549049
9500.0 0.0039857302800000004
9510.0 0.00395371381
9520.0 0.003919521
9530.0 0.0038832950399999996
9540.0 0.00384523943
9550.0 0.00380562242
9560.0 0.0037647714599999996
9570.0 0.00372306802
9580.0 0.0036809396350000003
9590.0 0.003638847991
9600.0 0.003597279342
9610.0 0.0035567307829999996
9620.0 0.0035176974110000003
9630.0 0.003480660855
9640.0 0.0034460783610000003
9650.0 0.0034143718029999996
9660.0 0.00338592032
9670.0 0.0033610535449999997
9680.0 0.003340046721
9690.0 0.003323117223
9700.0 0.003310422745
9710.0 0.0033020604120000004
9720.0 0.003298066891
9730.0 0.003298419168
9740.0 0.0033030355840000004
9750.0 0.0033117777589999997
9760.0 0.0033244523309999994
9770.0 0.0033408138419999994
9780.0 0.003360567809
9790.0 0.003383375016
9800.0 0.00340885736
9810.0 0.00343660366
9820.0 0.003466179684
9830.0 0.0034971366960000003
9840.0 0.003529021742
9850.0 0.003561390489
9860.0 0.003593817955
9870.0 0.0036259096090000002
9880.0 0.003657309918
9890.0 0.0036877097840000003
9900.0 0.00371685128
9910.0 0.0037445276499999997
9920.0 0.0037705819399999996
9930.0 0.0037949013
9940.0 0.00381740951
9950.0 0.00383805699
9960.0 0.0038568137699999997
9970.0 0.00387365506
9980.0 0.00388855829
9990.0 0.0039014938600000003
10000.0 0.0039124243999999996
10010.0 0.00392130514
10020.0 0.00392808576
10030.0 0.00393271927
10040.0 0.0039351705200000005
10050.0 0.003935425080000001
10060.0 0.00393350145
10070.0 0.0039294599399999994
10080.0 0.0039234134
10090.0 0.00391552944
10100.0 0.00390603672
10110.0 0.0038952223599999997
10120.0 0.0038834282399999994
10130.0 0.0038710402700000003
10140.0 0.00385847877
10150.0 0.00384618256
10160.0 0.0038345900899999998
10170.0 0.0038241227900000004
10180.0 0.00381516472
10190.0 0.00380804555
10200.0 0.00380302391
10210.0 0.00380027518
10220.0 0.00379988224
10230.0 0.0038018328799999997
10240.0 0.0038060190599999997
10250.0 0.00381224468
10260.0 0.0038202348299999998
10270.0 0.00382964985
10280.0 0.00384010235
10290.0 0.0038511757099999994
10300.0 0.0038624422100000002
10310.0 0.0038734789399999994
10320.0 0.0038838837100000005
10330.0 0.0038932854100000003
10340.0 0.0039013528899999998
10350.0 0.00390779903
10360.0 0.00391238
10370.0 0.00391489415
10380.0 0.00391517646
10390.0 0.00391309114
10400.0 0.00390852571
10410.0 0.00390138249
10420.0 0.00389157527
10430.0 0.00387902154
10440.0 0.0038636436
10450.0 0.0038453644899999998
10460.0 0.00382411354
10470.0 0.00379982563
10480.0 0.00377244933
10490.0 0.0037419502299999995
10500.0 0.00370831908
10510.0 0.003671576156
10520.0 0.003631778438
10530.0 0.003589022829
10540.0 0.003543451964
10550.0 0.0034952531
10560.0 0.003444661631
10570.0 0.0033919572769999995
10580.0 0.0033374630109999997
10590.0 0.00328153851
10600.0 0.003224575456
10610.0 0.003166989433
10620.0 0.003109211861
10630.0 0.0030516805979999995
10640.0 0.002994830801
10650.0 0.0029390850839999994
10660.0 0.002884844379
10670.0 0.002832478945
10680.0 0.0027823204499999995
10690.0 0.002734654793
10700.0 0.002689716369
10710.0 0.002647683592
10720.0 0.0026086760090000003
10730.0 0.002572752561
10740.0 0.002539912027
10750.0 0.0025100943929999998
10760.0 0.002483183886
10770.0 0.002459013525
10780.0 0.002437370449
10790.0 0.0024180026879999997
10800.0 0.0024006261190000003
10810.0 0.002384932606
10820.0 0.0023705982509999997
10830.0 0.002357291534
10840.0 0.002344681601
10850.0 0.002332446034
10860.0 0.002320278251
10870.0 0.002307893796
10880.0 0.002295036074
10890.0 0.00228148068
10900.0 0.0022670388770000003
10910.0 0.002251559594
10920.0 0.002234930277
10930.0 0.002217076519
10940.0 0.002197960358
10950.0 0.002177577724
10960.0 0.00215595485
10970.0 0.002133143647
10980.0 0.0021092169679999997
10990.0 0.002084263095
11000.0 0.002058380337
11010.0 0.0020316714059999998
11020.0 0.002004238459
11030.0 0.001976178436
11040.0 0.00194757899
11050.0 0.00191851549
11060.0 0.0018890485789999998
11070.0 0.001859223249
11080.0 0.001829068508
11090.0 0.001798598009
11100.0 0.0017678120479999997
11110.0 0.001736699784
11120.0 0.001705242569
11130.0 0.0016734173890000001
11140.0 0.001641201045
11150.0 0.0016085737419999997
11160.0 0.0015755233070000002
11170.0 0.001542048704
11180.0 0.0015081627720000001
11190.0 0.001473895185
11200.0 0.00143929371
11210.0 0.001404425317
11220.0 0.0013693761790000002
11230.0 0.001334250858
11240.0 0.0012991706400000001
11250.0 0.001264271204
11260.0 0.001229699514
11270.0 0.0011956104519999999
11280.0 0.0011621628590000003
11290.0 0.001129515354
11300.0 0.001097822301
11310.0 0.0010672297019999998
11320.0 0.001037871349
11330.0 0.001009865309
11340.0 0.000983311075
11350.0 0.0009582868649999999
11360.0 0.000934848216
11370.0 0.000913026282
11380.0 0.00089282776
11390.0 0.0008742347419999998
11400.0 0.000857205603
11410.0 0.0008416762220000001
11420.0 0.000827561906
11430.0 0.0008147596100000001
11440.0 0.000803150342
11450.0 0.000792602345
11460.0 0.000782973835
11470.0 0.0007741163309999999
11480.0 0.000765877689
11490.0 0.0007581052099999999
11500.0 0.0007506486
11510.0 0.0007433628189999999
11520.0 0.00073611056
11530.0 0.000728764617
11540.0 0.000721209883
11550.0 0.000713344941
11560.0 0.0007050835810000001
11570.0 0.000696355577
11580.0 0.000687107575
11590.0 0.000677303278
11600.0 0.000666923446
11610.0 0.000655965378
11620.0 0.0006444424679999999
11630.0 0.000632383206
11640.0 0.000619829772
11650.0 0.0006068368149999999
11660.0 0.0005934697509999999
11670.0 0.0005798028389999999
11680.0 0.000565917627
11690.0 0.0005519005840000001
11700.0 0.000537841509
11710.0 0.000523831163
11720.0 0.000509959826
11730.0 0.000496315225
11740.0 0.00048298083199999997
11750.0 0.00047003467999999997
11760.0 0.000457547698
11770.0 0.00044558300800000007
11780.0 0.000434194741
11790.0 0.00042342763000000007
11800.0 0.00041331649200000004
11810.0 0.00040388608
11820.0 0.00039515112
11830.0 0.00038711649600000004
11840.0 0.000379777657
11850.0 0.00037312106099999994
11860.0 0.00036712498899999993
11870.0 0.0003617601814
11880.0 0.00035699070749999995
11890.0 0.0003527748498
11900.0 0.0003490660623
11910.0 0.0003458139029
11920.0 0.0003429651175
11930.0 0.00034046442069999997
11940.0 0.00033825556879999997
11950.0 0.00033628235879999994
11960.0 0.0003344893425
11970.0 0.0003328229254
11980.0 0.0003312319661
11990.0 0.00032966871979999996
12000.0 0.00032808948209999994
12010.0 0.00032645519950000003
12020.0 0.00032473206140000004
12030.0 0.0003228920218
12040.0 0.00032091314339999997
12050.0 0.0003187799158
12060.0 0.0003164834664
12070.0 0.0003140216196
12080.0 0.00031139890050000004
12090.0 0.00030862642019999995
12100.0 0.0003057216279
12110.0 0.0003027079853
12120.0 0.0002996145448
12130.0 0.0002964754352
12140.0 0.00029332925490000003
12150.0 0.00029021842439999997
12160.0 0.0002871884611
12170.0 0.0002842872245
12180.0 0.000281564117
12190.0 0.00027906928839999996
12200.0 0.0002768528182
12210.0 0.0002749639275
12220.0 0.0002734501946
12230.0 0.0002723568261
12240.0 0.000271725965
12250.0 0.0002715960469
12260.0 0.0002720012709
12270.0 0.0002729710705
12280.0 0.0002745297214
12290.0 0.0002766960307
12300.0 0.0002794831001
12310.0 0.0002828981816
12320.0 0.0002869426368
12330.0 0.0002916119702
12340.0 0.0002968959587
12350.0 0.0003027788403
12360.0 0.0003092395805
12370.0 0.0003162522053
12380.0 0.00032378618229999997
12390.0 0.0003318068573
12400.0 0.00034027589830000005
12410.0 0.000349151721
12420.0 0.0003583900142
12430.0 0.000367944169
12440.0 0.00037776567099999993
12450.0 0.0003878046589999999
12460.0 0.00039801003600000004
12470.0 0.00040833015
12480.0 0.00041871286799999996
12490.0 0.000429105946
12500.0 0.00043945714
12510.0 0.00044971464999999993
12520.0 0.0004598270459999999
12530.0 0.00046974367499999996
12540.0 0.000479414587
12550.0 0.000488790979
12560.0 0.0004978251579999999
12570.0 0.0005064707630000001
12580.0 0.000514683283
12590.0 0.000522419946
12600.0 0.000529640237
12610.0 0.000536306268
12620.0 0.000542382889
12630.0 0.000547838391
12640.0 0.000552644617
12650.0 0.0005567775169999999
12660.0 0.0005602172959999999
12670.0 0.000562948969
12680.0 0.000564962472
12690.0 0.000566252921
12700.0 0.000566820649
12710.0 0.0005666713910000001
12720.0 0.0005658160620000001
12730.0 0.000564270757
12740.0 0.000562056381
12750.0 0.0005591983529999999
12760.0 0.000555726125
12770.0 0.0005516728119999999
12780.0 0.000547074526
12790.0 0.00054196971
12800.0 0.0005363985829999999
12810.0 0.000530402511
12820.0 0.000524023267
12830.0 0.0005173025499999999
12840.0 0.000510281356
12850.0 0.000502999312
12860.0 0.000495494565
12870.0 0.00048780300499999996
12880.0 0.000479958339
12890.0 0.000471991573
12900.0 0.00046393104899999997
12910.0 0.00045580237100000003
12920.0 0.000447628331
12930.0 0.00043942905699999996
12940.0 0.000431222198
12950.0 0.00042302292400000005
12960.0 0.00041484437
12970.0 0.00040669767300000005
12980.0 0.000398592379
12990.0 0.000390536628
13000.0 0.00038253745
13010.0 0.00037460098700000007
13020.0 0.00036673287040000005
13030.0 0.0003589382728
13040.0 0.0003512222706
13050.0 0.00034358991059999996
13060.0 0.0003360465504
13070.0 0.00032859782139999996
13080.0 0.00032124990629999996
13090.0 0.0003140095576
13100.0 0.0003068842123
13110.0 0.0002998820548
13120.0 0.00029301207980000004
13130.0 0.0002862841108
13140.0 0.0002797088408
13150.0 0.0002732978249
13160.0 0.0002670634988
13170.0 0.00026101916030000003
13180.0 0.0002551789619
13190.0 0.00024955787380000004
13200.0 0.00024417167279999996
13210.0 0.0002390368757
13220.0 0.0002341707134
13230.0 0.00022959104580000001
13240.0 0.00022531629520000003
13250.0 0.00022136533529999998
13260.0 0.0002177573876
13270.0 0.0002145118549
13280.0 0.00021164815479999998
13290.0 0.0002091855014
13300.0 0.00020714264629999998
13310.0 0.000205537627
13320.0 0.00020438738949999998
13330.0 0.00020370746270000003
13340.0 0.00020351155509999998
13350.0 0.00020381112929999996
13360.0 0.0002046149839
13370.0 0.000205928791
13380.0 0.0002077547003
13390.0 0.0002100909025
13400.0 0.0002129313111
13410.0 0.0002162652257
13420.0 0.0002200771433
13430.0 0.00022434661769999998
13440.0 0.00022904825209999998
13450.0 0.0002341517842
13460.0 0.00023962231189999999
13470.0 0.0002454206559
13480.0 0.00025150380370000003
13490.0 0.00025782549790000003
13500.0 0.0002643369244
13510.0 0.0002709874524
13520.0 0.000277725441
13530.0 0.00028449911979999996
13540.0 0.0002912573918
13550.0 0.00029795066959999996
13560.0 0.0003045316561
13570.0 0.00031095603639999997
13580.0 0.000317183055
13590.0 0.0003231760264
13600.0 0.00032890266439999997
13610.0 0.0003343353263
13620.0 0.0003394510906
13630.0 0.0003442317533
13640.0 0.00034866359480000003
13650.0 0.00035273728
13660.0 0.0003564473403
13670.0 0.00035979196640000005
13680.0 0.0003627723793000001
13690.0 0.00036539255280000003
13700.0 0.00036765852159999994
13710.0 0.0003695782296
13720.0 0.000371160801
13730.0 0.000372416359
13740.0 0.000373355715
13750.0 0.000373989821
13760.0 0.000374329814
13770.0 0.000374386794
13780.0 0.00037417156499999993
13790.0 0.000373694561
13800.0 0.00037296599400000004
13810.0 0.000371995632
13820.0 0.000370792725
13830.0 0.0003693663306
13840.0 0.0003677251105
13850.0 0.00036587735640000003
13860.0 0.0003638312453
13870.0 0.0003615946323
13880.0 0.00035917533179999995
13890.0 0.0003565810102
13900.0 0.000353819345
13910.0 0.0003508979952
13920.0 0.00034782475669999996
13930.0 0.0003446075549
13940.0 0.0003412545372
13950.0 0.00033777412849999997
13960.0 0.0003341751533
13970.0 0.00033046681719999996
13980.0 0.0003266588438
13990.0 0.00032276151540000004
14000.0 0.00031878576179999996
14010.0 0.0003147432084
14020.0 0.0003106462428
14030.0 0.0003065080444
14040.0 0.00030234262509999996
14050.0 0.0002981648626
14060.0 0.0002939904745
14070.0 0.0002898360146
14080.0 0.0002857188285
14090.0 0.000281656987
14100.0 0.0002776691899
14110.0 0.00027377466240000004
14120.0 0.00026999299229999997
14130.0 0.0002663439894
14140.0 0.0002628475079
14150.0 0.0002595231985
14160.0 0.000256390353
14170.0 0.0002534676305
14180.0 0.00025077286869999997
14190.0 0.00024832282859999996
14200.0 0.0002461329873
14210.0 0.0002442173345
14220.0 0.0002425881838
14230.0 0.0002412559951
14240.0 0.0002402292636
14250.0 0.00023951437919999998
14260.0 0.0002391155747
14270.0 0.00023903487029999998
14280.0 0.0002392720477
14290.0 0.00023982469819999999
14300.0 0.0002406882449
14310.0 0.0002418560278
14320.0 0.00024331939629999998
14330.0 0.0002450678202
14340.0 0.0002470890377
14350.0 0.0002493691812
14360.0 0.00025189292899999995
14370.0 0.0002546436792
14380.0 0.0002576036977
14390.0 0.000260754281
14400.0 0.0002640759301
14410.0 0.0002675485096
14420.0 0.0002711514179
14430.0 0.00027486375369999995
14440.0 0.0002786645047
14450.0 0.000282532703
14460.0 0.0002864476286
14470.0 0.0002903889907
14480.0 0.0002943371238
14490.0 0.00029827319860000005
14500.0 0.0003021794181
14510.0 0.0003060392322
14520.0 0.00030983755599999993
14530.0 0.0003135609548
14540.0 0.0003171978513
14550.0 0.00032073872540000004
14560.0 0.00032417625109999997
14570.0 0.00032750545559999996
14580.0 0.0003307238414
14590.0 0.000333831464
14600.0 0.00033683098739999996
14610.0 0.0003397276582
14620.0 0.0003425293648
14630.0 0.00034524644869999996
14640.0 0.0003478917193
14650.0 0.00035048018380000003
14660.0 0.0003530289954
14670.0 0.0003555570759
14680.0 0.00035808493439999997
14690.0 0.0003606345304
14700.0 0.0003632286374
14710.0 0.0003658909132
14720.0 0.00036864531160000005
14730.0 0.000371515853
14740.0 0.00037452628400000003
14750.0 0.00037769981099999996
14760.0 0.00038105863399999994
14770.0 0.00038462388
14780.0 0.00038841519599999995
14790.0 0.000392450379
14800.0 0.00039674545000000004
14810.0 0.000401314062
14820.0 0.00040616772199999996
14830.0 0.000411315125
14840.0 0.000416762487
14850.0 0.000422513027
14860.0 0.000428567152
14870.0 0.00043492212399999996
14880.0 0.000441572097
14890.0 0.000448508043
14900.0 0.000455717641
14910.0 0.000463185388
14920.0 0.000470892488
14930.0 0.000478816852
14940.0 0.000486933246
14950.0 0.0004952133649999999
14960.0 0.0005036259440000001
14970.0 0.000512136906
14980.0 0.000520709658
14990.0 0.00052930535
15000.0 0.000537883208
15010.0 0.0005464008670000001
15020.0 0.000554814926
15030.0 0.000563081281
15040.0 0.000571155939
15050.0 0.000578995166
15060.0 0.000586556486
15070.0 0.000593799051
15080.0 0.000600684196
15090.0 0.0006071763270000001
15100.0 0.0006132430320000001
15110.0 0.0006188560060000001
15120.0 0.000623991088
15130.0 0.000628628964
15140.0 0.0006327553519999999
15150.0 0.000636361039
15160.0 0.00063944214
15170.0 0.000642000024
15180.0 0.000644041166
15190.0 0.000645577073
15200.0 0.0006466238399999999
15210.0 0.000647201891
15220.0 0.000647335387
15230.0 0.000647051967
15240.0 0.0006463820450000001
15250.0 0.000645358218
15260.0 0.000644014896
15270.0 0.000642387673
15280.0 0.000640512624
15290.0 0.00063842612
15300.0 0.0006361640140000001
15310.0 0.0006337614929999999
15320.0 0.000631252634
15330.0 0.0006286701079999999
15340.0 0.000626044773
15350.0 0.000623405748
15360.0 0.000620780043
15370.0 0.000618192485
15380.0 0.000615665718
15390.0 0.000613220203
15400.0 0.0006108739960000001
15410.0 0.0006086428960000001
15420.0 0.000606540556
15430.0 0.000604578261
15440.0 0.0006027652609999999
15450.0 0.0006011086229999999
15460.0 0.000599613194
15470.0 0.000598281934
15480.0 0.0005971157310000001
15490.0 0.000596113586
15500.0 0.00059527265
15510.0 0.000594588261
15520.0 0.000594054203
15530.0 0.000593662669
15540.0 0.0005934045199999999
15550.0 0.0005932693590000001
15560.0 0.000593245938
15570.0 0.00059332201
15580.0 0.000593484884
15590.0 0.000593721647
15600.0 0.000594019127
15610.0 0.000594364522
15620.0 0.000594745474
15630.0 0.000595150254
15640.0 0.0005955682800000001
15650.0 0.000595989858
15660.0 0.000596406959
15670.0 0.0005968127750000001
15680.0 0.000597202274
15690.0 0.0005975720519999999
15700.0 0.0005979204069999999
15710.0 0.000598247376
15720.0 0.000598554661
15730.0 0.000598845407
15740.0 0.000599124239
15750.0 0.0005993970769999999
15760.0 0.00059967084
15770.0 0.000599953298
15780.0 0.0006002528869999999
15790.0 0.000600578413
15800.0 0.00060093883
15810.0 0.000601342981
15820.0 0.0006017993760000001
15830.0 0.0006023160810000001
15840.0 0.000602900348
15850.0 0.000603558541
15860.0 0.000604295988
15870.0 0.000605116796
15880.0 0.0006060239249999999
15890.0 0.0006070188549999999
15900.0 0.0006081017710000001
15910.0 0.000609271637
15920.0 0.0006105259369999999
15930.0 0.000611861008
15940.0 0.0006132720399999999
15950.0 0.000614753187
15960.0 0.0006162976779999999
15970.0 0.000617898076
15980.0 0.000619546352
15990.0 0.000621234144
16000.0 0.000622952942
16010.0 0.000624694125
16020.0 0.0006264493309999999
16030.0 0.0006282106789999999
16040.0 0.000629970806
16050.0 0.0006317228300000001
16060.0 0.000633461016
16070.0 0.000635180369
16080.0 0.000636877004
16090.0 0.000638547961
16100.0 0.000640191538
16110.0 0.0006418069949999999
16120.0 0.000643394702
16130.0 0.000644955991
16140.0 0.000646492934
16150.0 0.0006480084909999999
16160.0 0.0006495061769999999
16170.0 0.000650989877
16180.0 0.000652463772
16190.0 0.0006539321169999999
16200.0 0.0006553989450000001
16210.0 0.000656868141
16220.0 0.000658342887
16230.0 0.000659825958
16240.0 0.0006613190929999999
16250.0 0.000662823365
16260.0 0.0006643387739999999
16270.0 0.000665864395
16280.0 0.0006673983040000001
16290.0 0.000668937689
16300.0 0.000670478887
16310.0 0.0006720174950000001
16320.0 0.0006735485920000001
16330.0 0.0006750669609999999
16340.0 0.000676567052
16350.0 0.000678043537
16360.0 0.000679491347
16370.0 0.000680905857
16380.0 0.000682283108
16390.0 0.000683620029
16400.0 0.0006849144370000001
16410.0 0.000686165148
16420.0 0.000687372125
16430.0 0.0006885362929999999
16440.0 0.0006896594279999999
16450.0 0.0006907441199999999
16460.0 0.000691793625
16470.0 0.0006928115319999999
16480.0 0.0006938015779999999
16490.0 0.000694767278
16500.0 0.0006957118139999999
16510.0 0.000696637554
16520.0 0.000697545941
16530.0 0.0006984371229999999
16540.0 0.000699309805
16550.0 0.0007001610269999999
16560.0 0.000700986053
16570.0 0.000701778223
16580.0 0.0007025290269999999
16590.0 0.000703227957
16600.0 0.0007038627290000001
16610.0 0.000704419357
16620.0 0.000704882264
16630.0 0.000705234504
16640.0 0.000705458169
16650.0 0.0007055344999999999
16660.0 0.000705444368
16670.0 0.000705168348
16680.0 0.000704687533
16690.0 0.00070398346
16700.0 0.000703038628
16710.0 0.0007018370899999999
16720.0 0.000700364342
16730.0 0.000698608137
16740.0 0.000696558411
16750.0 0.00069420769
16760.0 0.000691551201
16770.0 0.000688587316
16780.0 0.0006853172929999999
16790.0 0.000681745572
16800.0 0.00067787996
16810.0 0.00067373115
16820.0 0.0006693130169999999
16830.0 0.000664642322
16840.0 0.0006597386009999999
16850.0 0.000654623906
16860.0 0.0006493226199999999
16870.0 0.000643861013
16880.0 0.000638267057
16890.0 0.000632570019
16900.0 0.000626800202
16910.0 0.00062098839
16920.0 0.0006151655519999999
16930.0 0.000609362509
16940.0 0.0006036094900000001
16950.0 0.000597935762
16960.0 0.000592369334
16970.0 0.00058693655
16980.0 0.000581661867
16990.0 0.0005765675219999999
17000.0 0.000571673384
17010.0 0.00056699651
17020.0 0.000562551441
17030.0 0.0005583496840000001
17040.0 0.000554399786
17050.0 0.0005507074450000001
17060.0 0.000547275325
17070.0 0.000544103352
17080.0 0.000541188714
17090.0 0.000538526046
17100.0 0.000536107726
17110.0 0.000533924023
17120.0 0.00053196343
17130.0 0.000530212812
17140.0 0.000528658072
17150.0 0.000527283966
17160.0 0.00052607488
17170.0 0.000525015015
17180.0 0.0005240885719999999
17190.0 0.000523280159
17200.0 0.000522575124
17210.0 0.000521959629
17220.0 0.000521421131
17230.0 0.000520948234
17240.0 0.000520531133
17250.0 0.00052016154
17260.0 0.000519832906
17270.0 0.000519540236
17280.0 0.000519280348
17290.0 0.000519051614
17300.0 0.000518853886
17310.0 0.000518688681
17320.0 0.000518558589
17330.0 0.000518467606
17340.0 0.000518420579
17350.0 0.000518423243
17360.0 0.000518481925
17370.0 0.0005186034330000001
17380.0 0.000518794871
17390.0 0.000519063306
17400.0 0.000519415731
17410.0 0.0005198588800000001
17420.0 0.000520398969
17430.0 0.000521041622
17440.0 0.00052179176
17450.0 0.000522653268
17460.0 0.000523629254
17470.0 0.000524721642
17480.0 0.000525931209
17490.0 0.000527257511
17500.0 0.00052869892
17510.0 0.000530252513
17520.0 0.0005319140349999999
17530.0 0.000533677973
17540.0 0.00053553763
17550.0 0.000537485014
17560.0 0.00053951106
17570.0 0.000541605519
17580.0 0.000543757291
17590.0 0.000545954166
17600.0 0.0005481833789999999
17610.0 0.0005504313139999999
17620.0 0.0005526839109999999
17630.0 0.000554926703
17640.0 0.00055714489
17650.0 0.000559323672
17660.0 0.0005614481009999999
17670.0 0.000563503599
17680.0 0.000565475699
17690.0 0.000567350526
17700.0 0.000569114612
17710.0 0.000570755229
17720.0 0.000572260352
17730.0 0.0005736188810000001
17740.0 0.000574820456
17750.0 0.000575855864
17760.0 0.000576716706
17770.0 0.00057739573
17780.0 0.000577886646
17790.0 0.000578184163
17800.0 0.000578284026
17810.0 0.0005781830529999999
17820.0 0.0005778788389999999
17830.0 0.000577370126
17840.0 0.000576656359
17850.0 0.000575738019
17860.0 0.0005746163269999999
17870.0 0.000573293281
17880.0 0.000571771656
17890.0 0.000570055078
17900.0 0.000568147654
17910.0 0.0005660544529999999
17920.0 0.000563781025
17930.0 0.000561333697
17940.0 0.0005587193879999999
17950.0 0.00055594572
17960.0 0.000553020759
17970.0 0.0005499533480000001
17980.0 0.0005467527369999999
17990.0 0.000543428805
18000.0 0.000539991801
18010.0 0.000536452381
18020.0 0.000532821534
18030.0 0.000529110508
18040.0 0.000525330551
18050.0 0.000521493096
18060.0 0.0005176093170000001
18070.0 0.0005136903140000001
18080.0 0.0005097466690000001
18090.0 0.000505788557
18100.0 0.0005018254500000001
18110.0 0.00049786608
18120.0 0.000493918328
18130.0 0.000489989039
18140.0 0.00048608405900000005
18150.0 0.000482207976
18160.0 0.000478364268
18170.0 0.00047455522899999994
18180.0 0.000470781895
18190.0 0.000467044229
18200.0 0.00046334104699999996
18210.0 0.00045967020299999997
18220.0 0.000456028663
18230.0 0.00045241265299999996
18240.0 0.000448817844
18250.0 0.00044523953699999997
18260.0 0.000441672737
18270.0 0.00043811256
18280.0 0.000434554196
18290.0 0.000430993057
18300.0 0.000427425295
18310.0 0.00042384757999999994
18320.0 0.000420257322
18330.0 0.000416652893
18340.0 0.000413033479
18350.0 0.000409399302
18360.0 0.00040575154599999997
18370.0 0.000402092246
18380.0 0.00039842439899999996
18390.0 0.00039475174199999995
18400.0 0.000391078641
18410.0 0.00038740998
18420.0 0.000383751124
18430.0 0.00038010758599999996
18440.0 0.000376484953
18450.0 0.00037288881200000005
18460.0 0.00036932449840000007
18470.0 0.00036579712190000003
18480.0 0.0003623112594
18490.0 0.0003588711326
18500.0 0.0003554803823
18510.0 0.0003521421757
18520.0 0.0003488590843
18530.0 0.00034563328
18540.0 0.0003424664981
18550.0 0.0003393601224
18560.0 0.000336315348
18570.0 0.00033333314059999996
18580.0 0.0003304145029
18590.0 0.0003275604561
18600.0 0.00032477218049999996
18610.0 0.0003220510488
18620.0 0.000319398726
18630.0 0.00031681713979999997
18640.0 0.00031430853609999996
18650.0 0.0003118754161
18660.0 0.0003095205104
18670.0 0.00030724667910000004
18680.0 0.0003050568489
18690.0 0.0003029538688
18700.0 0.00030094039540000004
18710.0 0.00029901875600000003
18720.0 0.0002971908191
18730.0 0.00029545782789999997
18740.0 0.00029382032629999996
18750.0 0.0002922779924
18760.0 0.00029082959410000003
18770.0 0.0002894728855
18780.0 0.00028820458100000003
18790.0 0.0002870203368
18800.0 0.00028591475830000006
18810.0 0.00028488145929999996
18820.0 0.00028391310640000003
18830.0 0.00028300154479999994
18840.0 0.00028213788340000003
18850.0 0.0002813126724
18860.0 0.00028051601429999995
18870.0 0.0002797377674
18880.0 0.00027896769010000007
18890.0 0.00027819562959999997
18900.0 0.0002774116921
18910.0 0.0002766063908
18920.0 0.00027577083460000006
18930.0 0.00027489684650000004
18940.0 0.0002739771005
18950.0 0.0002730052363
18960.0 0.0002719759407
18970.0 0.00027088504380000004
18980.0 0.00026972954120000004
18990.0 0.0002685076606
19000.0 0.0002672188581
19010.0 0.0002658638256
19020.0 0.0002644444538
19030.0 0.00026296382479999996
19040.0 0.0002614261418
19050.0 0.0002598366773
19060.0 0.00025820170279999995
19070.0 0.00025652840000000004
19080.0 0.00025482477569999996
19090.0 0.0002530995804
19100.0 0.0002513621825
19110.0 0.00024962249430000004
19120.0 0.00024789085359999994
19130.0 0.0002461779127
19140.0 0.0002444945422
19150.0 0.0002428517311
19160.0 0.00024126046469999997
19170.0 0.0002397316395
19180.0 0.00023827595219999998
19190.0 0.000236903822
19200.0 0.0002356252759
19210.0 0.0002344498784
19220.0 0.0002333866316
19230.0 0.0002324439086
19240.0 0.00023162936470000003
19250.0 0.0002309498819
19260.0 0.0002304114912
19270.0 0.0002300193134
19280.0 0.00022977750360000002
19290.0 0.0002296892068
19300.0 0.00022975651720000002
19310.0 0.00022998042269999997
19320.0 0.0002303607938
19330.0 0.0002308963614
19340.0 0.0002315846946
19350.0 0.00023242220810000002
19360.0 0.0002334041548
19370.0 0.00023452465539999998
19380.0 0.00023577672429999998
19390.0 0.0002371522992
19400.0 0.0002386423151
19410.0 0.00024023674129999996
19420.0 0.0002419246813
19430.0 0.0002436944616
19440.0 0.0002455337205
19450.0 0.00024742951910000004
19460.0 0.0002493684819
19470.0 0.0002513369115
19480.0 0.0002533209329
19490.0 0.0002553066341
19500.0 0.00025728020670000003
19510.0 0.0002592281087
19520.0 0.0002611371718
19530.0 0.0002629947864
19540.0 0.0002647889867
19550.0 0.00026650862089999997
19560.0 0.00026814342520000003
19570.0 0.00026968411999999997
19580.0 0.0002711225283
19590.0 0.0002724515942
19600.0 0.00027366546799999995
19610.0 0.0002747595062
19620.0 0.0002757302937
19630.0 0.0002765756327
19640.0 0.00027729449460000004
19650.0 0.00027788700520000004
19660.0 0.00027835434480000005
19670.0 0.00027869870009999997
19680.0 0.0002789231421
19690.0 0.00027903153359999997
19700.0 0.0002790284145
19710.0 0.00027891888340000003
19720.0 0.0002787084533
19730.0 0.0002784029406
19740.0 0.0002780083245
19750.0 0.00027753062859999997
19760.0 0.00027697579139999995
19770.0 0.0002763495553
19780.0 0.00027565734820000004
19790.0 0.0002749042058
19800.0 0.00027409467539999993
19810.0 0.000273232753
19820.0 0.0002723218167
19830.0 0.000271364586
19840.0 0.00027036311439999997
19850.0 0.0002693187413
19860.0 0.0002682321364
19870.0 0.0002671032886
19880.0 0.0002659315578
19890.0 0.0002647157008
19900.0 0.00026345395269999997
19910.0 0.000262144075
19920.0 0.00026078345179999997
19930.0 0.0002593691601
19940.0 0.000257898066
19950.0 0.0002563669172
19960.0 0.000254772454
19970.0 0.0002531114907
19980.0 0.0002513810155
19990.0 0.0002495782978
20000.0 0.0002477009622
20010.0 0.000245747081
20020.0 0.0002437152482
20030.0 0.00024160464980000002
20040.0 0.00023941511559999996
20050.0 0.00023714717469999996
20060.0 0.00023480209619999997
20070.0 0.00023238190769999997
20080.0 0.00022988940639999996
20090.0 0.00022732816650000002
20100.0 0.00022470254660000003
20110.0 0.0002220176342
20120.0 0.0002192792457
20130.0 0.00021649387459999998
20140.0 0.0002136686286
20150.0 0.0002108112
20160.0 0.0002079297584
20170.0 0.0002050329026
20180.0 0.0002021295829
20190.0 0.00019922899379999997
20200.0 0.00019634050739999998
20210.0 0.00019347358459999997
20220.0 0.0001906376567
20230.0 0.00018784206619999999
20240.0 0.0001850959743
20250.0 0.000182408261
20260.0 0.0001797874474
20270.0 0.00017724164020000002
20280.0 0.0001747784281
20290.0 0.0001724048596
20300.0 0.00017012734679999996
20310.0 0.0001679516506
20320.0 0.00016588282519999997
20330.0 0.0001639252033
20340.0 0.0001620823554
20350.0 0.00016035711569999998
20360.0 0.0001587515414
20370.0 0.0001572669497
20380.0 0.0001559039252
20390.0 0.00015466234949999998
20400.0 0.00015354142340000002
20410.0 0.00015253972610000002
20420.0 0.0001516552337
20430.0 0.00015088539689999997
20440.0 0.0001502271854
20450.0 0.00014967713600000002
20460.0 0.0001492314266
20470.0 0.00014888592799999997
20480.0 0.0001486362631
20490.0 0.00014847787719999997
20500.0 0.0001484060787
20510.0 0.0001484161242
20520.0 0.0001485032296
20530.0 0.0001486626515
20540.0 0.0001488897205
20550.0 0.0001491798819
20560.0 0.00014952872159999998
20570.0 0.0001499320142
20580.0 0.00015038572669999998
20590.0 0.00015088605920000002
20600.0 0.0001514294375
20610.0 0.000152012539
20620.0 0.0001526323001
20630.0 0.00015328590140000002
20640.0 0.00015397077879999999
20650.0 0.0001546846161
20660.0 0.0001554253413
20670.0 0.0001561911007
20680.0 0.0001569802626
20690.0 0.0001577913988
20700.0 0.0001586232624
20710.0 0.00015947478410000001
20720.0 0.00016034505369999998
20730.0 0.0001612332868
20740.0 0.0001621388322
20750.0 0.0001630611386
20760.0 0.0001639997509
20770.0 0.000164954288
20780.0 0.0001659244243
20790.0 0.0001669098897
20800.0 0.0001679104474
20810.0 0.00016892587910000002
20820.0 0.000169955985
20830.0 0.0001710005579
20840.0 0.0001720593869
20850.0 0.00017313225
20860.0 0.0001742188956
20870.0 0.0001753190388
20880.0 0.0001764323577
20890.0 0.0001775584897
20900.0 0.00017869702409999998
20910.0 0.00017984749099999998
20920.0 0.0001810093687
20930.0 0.0001821820763
20940.0 0.0001833649552
20950.0 0.000184557295
20960.0 0.00018575830389999998
20970.0 0.0001869671161
20980.0 0.0001881827881
20990.0 0.00018940429500000002
21000.0 0.00019063051569999997
21010.0 0.0001918602514
21020.0 0.0001930921997
21030.0 0.0001943249509
21040.0 0.00019555699169999997
21050.0 0.0001967866941
21060.0 0.0001980123043
21070.0 0.00019923194640000003
21080.0 0.00020044359280000002
21090.0 0.0002016450827
21100.0 0.0002028340999
21110.0 0.00020400817280000002
21120.0 0.00020516465219999998
21130.0 0.00020630072979999997
21140.0 0.0002074134197
21150.0 0.0002084995584
21160.0 0.0002095558048
21170.0 0.00021057863279999998
21180.0 0.0002115643572
21190.0 0.0002125091115
21200.0 0.0002134088738
21210.0 0.00021425948899999998
21220.0 0.00021505664659999998
21230.0 0.0002157959362
21240.0 0.0002164728512
21250.0 0.00021708280730000002
21260.0 0.00021762119059999998
21270.0 0.0002180833576
21280.0 0.0002184646981
21290.0 0.00021876065370000003
21300.0 0.0002189667622
21310.0 0.0002190786909
21320.0 0.00021909229950000002
21330.0 0.00021900365859999998
21340.0 0.00021880912
21350.0 0.00021850534260000001
21360.0 0.0002180893627
21370.0 0.0002175586236
21380.0 0.00021691103479999998
21390.0 0.0002161450201
21400.0 0.0002152595509
21410.0 0.0002142542017
21420.0 0.00021312919079999998
21430.0 0.00021188540249999997
21440.0 0.0002105244426
21450.0 0.00020904864580000002
21460.0 0.00020746110530000001
21470.0 0.00020576569870000002
21480.0 0.0002039670769
21490.0 0.00020207067520000002
21500.0 0.00020008271329999998
21510.0 0.00019801016939999998
21520.0 0.000195860758
21530.0 0.000193642904
21540.0 0.00019136569089999998
21550.0 0.0001890388238
21560.0 0.0001866725554
21570.0 0.0001842776342
21580.0 0.00018186521939999998
21590.0 0.0001794468106
21600.0 0.00017703415159999998
21610.0 0.00017463914529999998
21620.0 0.0001722737686
21630.0 0.000169949954
21640.0 0.00016767951190000001
21650.0 0.000165474027
21660.0 0.0001633447621
21670.0 0.0001613025693
21680.0 0.0001593577901
21690.0 0.00015752018880000002
21700.0 0.00015579887109999998
21710.0 0.0001542022027
21720.0 0.0001527377612
21730.0 0.0001514122769
21740.0 0.00015023159579999999
21750.0 0.0001492006389
21760.0 0.0001483233911
21770.0 0.00014760286789999998
21780.0 0.0001470411376
21790.0 0.00014663931020000002
21800.0 0.0001463975485
21810.0 0.0001463151236
21820.0 0.0001463904075
21830.0 0.00014662094339999997
21840.0 0.0001470034864
21850.0 0.00014753404420000002
21860.0 0.0001482079511
21870.0 0.00014901992719999998
21880.0 0.0001499641265
21890.0 0.0001510342257
21900.0 0.00015222349819999997
21910.0 0.00015352484
21920.0 0.00015493089919999998
21930.0 0.0001564340908
21940.0 0.0001580266855
21950.0 0.0001597008837
21960.0 0.0001614488414
21970.0 0.00016326275899999999
21980.0 0.0001651349072
21990.0 0.0001670576825
22000.0 0.00016902366270000002
22010.0 0.0001710256217
22020.0 0.00017305656279999998
22030.0 0.0001751097668
22040.0 0.00017717878830000001
22050.0 0.0001792574853
22060.0 0.0001813400266
22070.0 0.00018342089919999997
22080.0 0.000185494912
22090.0 0.0001875571847
22100.0 0.00018960317000000002
22110.0 0.0001916286055
22120.0 0.00019362953219999998
22130.0 0.000195602276
22140.0 0.00019754342180000001
22150.0 0.0001994497987
22160.0 0.0002013184615
22170.0 0.0002031466759
22180.0 0.0002049318852
22190.0 0.0002066717029
22200.0 0.0002083638609
22210.0 0.00021000623540000002
22220.0 0.0002115967729
22230.0 0.000213133505
22240.0 0.0002146145077
22250.0 0.00021603789030000001
22260.0 0.0002174017769
22270.0 0.0002187042916
22280.0 0.0002199435252
22290.0 0.00022111753890000001
22300.0 0.00022222436059999998
22310.0 0.00022326194419999997
22320.0 0.0002242281992
22330.0 0.00022512095739999998
22340.0 0.0002259379803
22350.0 0.0002266769813
22360.0 0.000227335585
22370.0 0.0002279113864
22380.0 0.0002284019028
22390.0 0.0002288046441
22400.0 0.0002291170869
22410.0 0.0002293367115
22420.0 0.0002294610167
22430.0 0.0002294875383
22440.0 0.0002294138824
22450.0 0.0002292377439
22460.0 0.00022895693609999997
22470.0 0.00022856942399999999
22480.0 0.0002280733428
22490.0 0.00022746703120000002
22500.0 0.00022674906839999999
22510.0 0.00022591828150000001
22520.0 0.00022497378989999998
22530.0 0.0002239150312
22540.0 0.00022274176490000002
22550.0 0.0002214541057
22560.0 0.00022005253830000002
22570.0 0.00021853793959999998
22580.0 0.0002169115676
22590.0 0.0002151750947
22600.0 0.0002133306003
22610.0 0.0002113805671
22620.0 0.00020932788479999996
22630.0 0.00020717584269999999
22640.0 0.00020492812230000002
22650.0 0.0002025887751
22660.0 0.0002001622226
22670.0 0.0001976532267
22680.0 0.0001950668823
22690.0 0.0001924085803
22700.0 0.00018968399649999998
22710.0 0.000186899062
22720.0 0.000184059941
22730.0 0.00018117300489999997
22740.0 0.00017824480639999998
22750.0 0.0001752820573
22760.0 0.0001722915915
22770.0 0.00016928036499999998
22780.0 0.00016625540779999999
22790.0 0.0001632238128
22800.0 0.00016019271359999997
22810.0 0.00015716926230000002
22820.0 0.0001541606147
22830.0 0.0001511738933
22840.0 0.00014821619470000002
22850.0 0.0001452945526
22860.0 0.0001424159378
22870.0 0.0001395872212
22880.0 0.0001368151775
22890.0 0.0001341064482
22900.0 0.0001314675453
22910.0 0.0001289048291
22920.0 0.0001264244823
22930.0 0.0001240324952
22940.0 0.00012173467680000002
22950.0 0.00011953658080000002
22960.0 0.00011744354630000001
22970.0 0.00011546063119999999
22980.0 0.0001135926381
22990.0 0.00011184405140000001
23000.0 0.00011021904100000001
23010.0 0.0001087214549
23020.0 0.0001073547748
23030.0 0.0001061221013
23040.0 0.0001050261576
23050.0 0.00010406924880000001
23060.0 0.0001032532619
23070.0 0.0001025796325
23080.0 0.00010204935590000001
23090.0 0.0001016629538
23100.0 0.00010142047429999999
23110.0 0.0001013214808
23120.0 0.000101365052
23130.0 0.0001015497708
23140.0 0.00010187372429999999
23150.0 0.00010233450379999998
23160.0 0.00010292921589999999
23170.0 0.0001036544751
23180.0 0.0001045064334
23190.0 0.0001054807692
23200.0 0.00010657270949999998
23210.0 0.0001077770558
23220.0 0.0001090881952
23230.0 0.0001105001152
23240.0 0.00011200644070000001
23250.0 0.00011360045619999999
23260.0 0.0001152751317
23270.0 0.00011702316710000001
23280.0 0.0001188369922
23290.0 0.00012070885179999998
23300.0 0.0001226307872
23310.0 0.00012459472499999998
23320.0 0.0001265924771
23330.0 0.0001286157999
23340.0 0.0001306564276
23350.0 0.0001327061166
23360.0 0.0001347566788
23370.0 0.0001368000371
23380.0 0.0001388282365
23390.0 0.00014083351439999998
23400.0 0.0001428083006
23410.0 0.0001447452913
23420.0 0.0001466374528
23430.0 0.0001484780474
23440.0 0.00015026069260000002
23450.0 0.0001519793463
23460.0 0.00015362835120000002
23470.0 0.0001552024533
23480.0 0.0001566967908
23490.0 0.0001581069385
23500.0 0.0001594288856
23510.0 0.00016065906529999998
23520.0 0.0001617943252
23530.0 0.0001628319532
23540.0 0.000163769659
23550.0 0.00016460555560000002
23560.0 0.0001653381704
23570.0 0.000165966423
23580.0 0.0001664896067
23590.0 0.0001669073848
23600.0 0.0001672197684
23610.0 0.00016742709419999998
23620.0 0.00016753003929999998
23630.0 0.0001675295731
23640.0 0.0001674269758
23650.0 0.00016722380510000002
23660.0 0.00016692191469999998
23670.0 0.0001665234247
23680.0 0.00016603074749999998
23690.0 0.0001654465656
23700.0 0.0001647738538
23710.0 0.0001640158866
23720.0 0.00016317623820000002
23730.0 0.00016225882689999997
23740.0 0.0001612678818
23750.0 0.0001602079983
23760.0 0.00015908414179999997
23770.0 0.0001579016477
23780.0 0.0001566662399
23790.0 0.00015538403450000003
23800.0 0.00015406152869999997
23810.0 0.0001527055786
23820.0 0.0001513234103
23830.0 0.0001499253394
23840.0 0.0001485171638
23850.0 0.00014710610590000002
23860.0 0.0001457002983
23870.0 0.0001443079439
23880.0 0.00014293722340000001
23890.0 0.00014159618800000003
23900.0 0.0001402926891
23910.0 0.00013903426360000002
23920.0 0.0001378280451
23930.0 0.0001366806751
23940.0 0.0001355982401
23950.0 0.0001345861828
23960.0 0.000133649291
23970.0 0.0001327916236
23980.0 0.00013201652539999997
23990.0 0.0001313266308
24000.0 0.0001307238712
24010.0 0.00013020951200000001
24020.0 0.0001297842229
24030.0 0.0001294481075
24040.0 0.0001292007958
24050.0 0.00012904148120000003
24060.0 0.00012896902779999998
24070.0 0.0001289819963
24080.0 0.0001290787254
24090.0 0.00012925737990000002
24100.0 0.0001295159766
24110.0 0.00012985243610000001
24120.0 0.00013026458649999999
24130.0 0.0001307501893
24140.0 0.0001313069394
24150.0 0.00013193244289999998
24160.0 0.000132624243
24170.0 0.00013337979040000002
24180.0 0.00013419643590000002
24190.0 0.000135071423
24200.0 0.00013600187309999997
24210.0 0.0001369848077
24220.0 0.0001380170966
24230.0 0.00013909553189999998
24240.0 0.0001402167651
24250.0 0.0001413773774
24260.0 0.00014257386120000002
24270.0 0.000143802646
24280.0 0.0001450601243
24290.0 0.0001463426701
24300.0 0.0001476466574
24310.0 0.00014896846389999998
24320.0 0.0001503045228
24330.0 0.0001516513006
24340.0 0.0001530053304
24350.0 0.0001543632156
24360.0 0.0001557216299
24370.0 0.0001570773321
24380.0 0.00015842713650000002
24390.0 0.0001597679425
24400.0 0.00016109671610000002
24410.0 0.0001624104603
24420.0 0.00016370624839999999
24430.0 0.0001649811722
24440.0 0.00016623236049999999
24450.0 0.0001674569569
24460.0 0.00016865210499999997
24470.0 0.0001698149706
24480.0 0.0001709427084
24490.0 0.00017203246570000002
24500.0 0.00017308140830000002
24510.0 0.0001740866872
24520.0 0.000175045483
24530.0 0.0001759549948
24540.0 0.0001768124587
24550.0 0.0001776151774
24560.0 0.00017836053499999997
24570.0 0.00017904602290000002
24580.0 0.00017966926939999998
24590.0 0.00018022805820000002
24600.0 0.0001807203839
24610.0 0.00018114447419999999
24620.0 0.0001814988084
24630.0 0.00018178218399999999
24640.0 0.0001819937315
24650.0 0.0001821329551
24660.0 0.0001821997623
24670.0 0.0001821945009
24680.0 0.00018211797009999998
24690.0 0.00018197147969999997
24700.0 0.0001817568279
24710.0 0.00018147634569999998
24720.0 0.00018113288579999997
24730.0 0.00018072984479999997
24740.0 0.00018027115210000002
24750.0 0.0001797612514
24760.0 0.00017920510069999998
24770.0 0.00017860813529999999
24780.0 0.0001779762271
24790.0 0.0001773156328
24800.0 0.0001766329347
24810.0 0.00017593494079999998
24820.0 0.00017522857379999998
24830.0 0.00017452073789999998
24840.0 0.0001738181819
24850.0 0.0001731273142
24860.0 0.0001724540585
24870.0 0.0001718037095
24880.0 0.00017118077749999998
24890.0 0.0001705889144
24900.0 0.000170030873
24910.0 0.00016950847
24920.0 0.0001690226563
24930.0 0.0001685735762
24940.0 0.0001681606858
24950.0 0.0001677828492
24960.0 0.0001674384939
24970.0 0.0001671257181
24980.0 0.0001668424128
24990.0 0.00016658635799999999
25000.0 0.0001663552967
