#lamb flux
1000.0 -2.8073088872811517e-32
1010.0 -3.4664012240066873e-13
1020.0 -3.895678526286883e-13
1030.0 -3.082272847344005e-13
1040.0 -2.4543174925249666e-13
1050.0 -1.7361352554443064e-13
1060.0 -1.0816938211244662e-13
1070.0 -3.9366264277400436e-14
1080.0 -4.938642750064765e-14
1090.0 -3.070209475914345e-14
1100.0 -2.1153403692393686e-14
1110.0 -4.0919033622277896e-16
1120.0 -1.343731473044921e-19
1130.0 -9.731306570894164e-16
1140.0 -4.372319146505241e-14
1150.0 -1.287477639092176e-13
1160.0 -1.2695872444399997e-13
1170.0 -1.2073868320814618e-13
1180.0 -1.2359462743984263e-13
1190.0 -1.3308150837160365e-13
1200.0 -1.0127008671349575e-13
1210.0 -7.504194754218521e-14
1220.0 -1.0480702027761326e-13
1230.0 -7.548778821586475e-14
1240.0 -4.8579244843672264e-14
1250.0 -4.8366854297512325e-14
1260.0 -4.8331618296049995e-15
1270.0 -4.88539402909834e-13
1280.0 -3.0301497150966146e-13
1290.0 -1.8579192498283907e-13
1300.0 -8.474776911473905e-13
1310.0 -1.5159727859237333e-12
1320.0 -2.301439742988274e-12
1330.0 -2.7104676490108246e-12
1340.0 -2.2935241050714254e-12
1350.0 -1.583171087766631e-12
1360.0 -1.0865491566098116e-12
1370.0 -9.803091510791696e-13
1380.0 -7.123612365378803e-13
1390.0 -3.6774051907254475e-13
1400.0 -1.9739758379780587e-13
1410.0 -3.341739563097372e-13
1420.0 -1.1152900208744084e-12
1430.0 -1.7516824002343666e-12
1440.0 -2.3166449244720553e-12
1450.0 -2.328420010145095e-12
1460.0 -2.6169824688775935e-12
1470.0 -3.383378302507188e-12
1480.0 -3.6833777803902566e-12
1490.0 -4.415296442587484e-12
1500.0 -4.84086543781607e-12
1510.0 -5.794966494194524e-12
1520.0 -4.864098295478456e-12
1530.0 -4.704876699030918e-12
1540.0 -4.457107507184369e-12
1550.0 -3.5991044174718523e-12
1560.0 -3.023685396511061e-12
1570.0 -3.208699643277292e-12
1580.0 -3.757110099869613e-12
1590.0 -4.5615357211787466e-12
1600.0 -5.2029882812601215e-12
1610.0 -4.847519018401114e-12
1620.0 -5.423797671738688e-12
1630.0 -6.960723500654662e-12
1640.0 -1.0305724616046188e-11
1650.0 -1.0496263276346173e-11
1660.0 -1.1926378362077878e-11
1670.0 -8.288074104302797e-12
1680.0 -7.865992376653937e-12
1690.0 -5.830576764475309e-12
1700.0 -5.173600145518083e-12
1710.0 -5.68080649638788e-12
1720.0 -6.881608821763443e-12
1730.0 -1.2210579829359677e-11
1740.0 -1.9131396629469338e-11
1750.0 -2.5611197782817112e-11
1760.0 -2.9327616058456496e-11
1770.0 -2.6681816866258434e-11
1780.0 -2.8536187338917182e-11
1790.0 -2.6472925639555136e-11
1800.0 -2.192320854020086e-11
1810.0 -1.9057400683508467e-11
1820.0 -1.480327057938469e-11
1830.0 -1.5283365835614994e-11
1840.0 -2.1057635426584213e-11
1850.0 -4.061717832307143e-11
1860.0 -5.716783285723194e-11
1870.0 -8.557117028194106e-11
1880.0 -9.842029033428926e-11
1890.0 -1.0297401291994818e-10
1900.0 -9.110657151316027e-11
1910.0 -7.015110282392486e-11
1920.0 -5.1627425624901976e-11
1930.0 -3.325207911250984e-11
1940.0 -2.3177533754112316e-11
1950.0 -1.6421347329690804e-11
1960.0 -1.699905014040948e-11
1970.0 -2.3460335027097414e-11
1980.0 -3.62954181533824e-11
1990.0 -5.0734931645179176e-11
2000.0 -6.060065340613027e-11
2010.0 -6.140279384955216e-11
2020.0 -5.6133196001465435e-11
2030.0 -5.15282415070912e-11
2040.0 -5.0298564198493085e-11
2050.0 -5.331742335410288e-11
2060.0 -5.4695323599257765e-11
2070.0 -6.135151278278908e-11
2080.0 -7.190310956627078e-11
2090.0 -8.503858729397432e-11
2100.0 -8.970863499052586e-11
2110.0 -8.363668856013419e-11
2120.0 -7.32918989900166e-11
2130.0 -6.890577744568884e-11
2140.0 -5.857625966489216e-11
2150.0 -5.408496772407276e-11
2160.0 -5.151960904641627e-11
2170.0 -4.9302624842480646e-11
2180.0 -4.3251318448052593e-11
2190.0 -3.4201550442428535e-11
2200.0 -2.6298627244939002e-11
2210.0 -2.1072302885590326e-11
2220.0 2.7648197959043937e-06
2230.0 4.0276672438725144e-05
2240.0 6.709184680877515e-05
2250.0 9.437518766891515e-05
2260.0 0.00011432926335810249
2270.0 0.00011917273456997541
2280.0 0.00013916903073791305
2290.0 0.00019141399453617445
2300.0 0.0002722781760239135
2310.0 0.0003398354003352141
2320.0 0.00040138084096459696
2330.0 0.0004561159171992697
2340.0 0.0005026652091732913
2350.0 0.000518134192982371
2360.0 0.000509591347525571
2370.0 0.0005589708259240503
2380.0 0.0005664577501486601
2390.0 0.0005471289528868695
2400.0 0.0005292359085339212
2410.0 0.000499410150230246
2420.0 0.00043892648634468123
2430.0 0.00037299866784909594
2440.0 0.00032227889776780254
2450.0 0.0002752909595839492
2460.0 0.000238119219402633
2470.0 0.00020933864647584906
2480.0 0.00021188777588170989
2490.0 0.0002299234612023614
2500.0 0.0002152351988243038
2510.0 0.00020065254415667326
2520.0 0.00018315437272950927
2530.0 0.000145614720964151
2540.0 0.0001255805708248572
2550.0 0.00010774154737259401
2560.0 8.892833561199589e-05
2570.0 8.622159078381981e-05
2580.0 9.508990775721042e-05
2590.0 0.00011191505886172265
2600.0 0.0001321105273154885
2610.0 0.00015761859297983133
2620.0 0.00018793628776060735
2630.0 0.0002326776450911427
2640.0 0.00029529222907115376
2650.0 0.0003526741872738708
2660.0 0.00044298017861307246
2670.0 0.000468716700593177
2680.0 0.0005151831297247151
2690.0 0.0005329381561825202
2700.0 0.0005881444038211403
2710.0 0.0006292672734792622
2720.0 0.0006920143174175694
2730.0 0.0008626477202839058
2740.0 0.001017838555073686
2750.0 0.0011362692243650897
2760.0 0.0012119985653700936
2770.0 0.0012304262359546826
2780.0 0.0012301981984872694
2790.0 0.001310762138099052
2800.0 0.001468654375122512
2810.0 0.0015589361274720717
2820.0 0.0016266048460578753
2830.0 0.0016912397174898301
2840.0 0.0017908955614576734
2850.0 0.0019805906408352746
2860.0 0.002247487303758489
2870.0 0.0024204711951628863
2880.0 0.0024909859359752264
2890.0 0.0025059150608593346
2900.0 0.0023161730180554234
2910.0 0.002173818304322181
2920.0 0.0021222296381024305
2930.0 0.002014001072226391
2940.0 0.0019292485894772695
2950.0 0.0018464267061640452
2960.0 0.0017449843346019486
2970.0 0.00170305545981788
2980.0 0.0016691939958636388
2990.0 0.0016152250973394803
3000.0 0.001599307419002488
3010.0 0.0016252809176141609
3020.0 0.0016431793700334655
3030.0 0.0016076912735947767
3040.0 0.0015420543271886316
3050.0 0.001452257460445632
3060.0 0.001386137093275841
3070.0 0.0013623733196647878
3080.0 0.0013753125718692905
3090.0 0.0014492643854654478
3100.0 0.0015707576568827514
3110.0 0.0016883492872672829
3120.0 0.0017875282667137887
3130.0 0.001795391315568602
3140.0 0.001731636944597345
3150.0 0.001646981483402
3160.0 0.0015260716803352859
3170.0 0.0013557633369600153
3180.0 0.0012762239027290837
3190.0 0.0012115206147358514
3200.0 0.001162747221162878
3210.0 0.0011469733615356603
3220.0 0.0011610313534719597
3230.0 0.001178429784579875
3240.0 0.001212461620309362
3250.0 0.0012935745370404798
3260.0 0.0014117098539363356
3270.0 0.0015843874605966735
3280.0 0.001790103574252976
3290.0 0.0020351239450924247
3300.0 0.0023308126558867046
3310.0 0.002586502701044875
3320.0 0.0028390656281452394
3330.0 0.0030487172362665053
3340.0 0.0031056713103562285
3350.0 0.0031887905998717225
3360.0 0.003424695441524244
3370.0 0.0036310568194381733
3380.0 0.004010847004130564
3390.0 0.00436286681127835
3400.0 0.004534580256641194
3410.0 0.004613670345018594
3420.0 0.004525993409932789
3430.0 0.004360115054400748
3440.0 0.0041910265154495325
3450.0 0.003956043191122266
3460.0 0.003668874070454635
3470.0 0.003411427787724781
3480.0 0.003306113241790604
3490.0 0.003115423173429976
3500.0 0.0028066342676197026
3510.0 0.0025587844399983374
3520.0 0.0024241475090999273
3530.0 0.0023558644673078617
3540.0 0.002276012333621399
3550.0 0.0022552184317759585
3560.0 0.002177737179106904
3570.0 0.002043503960288148
3580.0 0.001963231795945823
3590.0 0.001941565673820245
3600.0 0.0013293478229379982
3610.0 0.0016292563337359442
3620.0 0.0018003167009510873
3630.0 0.0020262507457731015
3640.0 0.002048769856923944
3650.0 0.001975364731369843
3660.0 0.0018494572434439446
3670.0 0.002160169270404799
3680.0 0.002733461118246551
3690.0 0.002877357341270606
3700.0 0.0023344616158623268
3710.0 0.002620380445282431
3720.0 0.0026796379068923524
3730.0 0.002489883444787634
3740.0 0.002742700243858522
3750.0 0.002919450038490839
3760.0 0.001964716653103738
3770.0 0.0016124375818383576
3780.0 0.001844949378404651
3790.0 0.0013013489193395339
3800.0 0.0009034953380813445
3810.0 0.0013117248660987632
3820.0 0.0010348666455493036
3830.0 0.0010108175522586683
3840.0 0.0011112061872289689
3850.0 0.001914143173256754
3860.0 0.0021892150342707585
3870.0 0.002309110375998597
3880.0 0.0030705890965707625
3890.0 0.0028928341111681515
3900.0 0.00326723817003745
3910.0 0.003653887695189678
3920.0 0.0036070438706353103
3930.0 0.004197431762614872
3940.0 0.004732509499906304
3950.0 0.005447752588441761
3960.0 0.00630577037080376
3970.0 0.007106693978639354
3980.0 0.007453135946765084
3990.0 0.007489001367384502
4000.0 0.007316652724470513
4010.0 0.007066204694604301
4020.0 0.00664808669102735
4030.0 0.005730681000667797
4040.0 0.004827374614423471
4050.0 0.004800885758289893
4060.0 0.004507220220793016
4070.0 0.004276359562519283
4080.0 0.0038005327613908216
4090.0 0.003747380363096926
4100.0 0.003362193543658364
4110.0 0.003380946127114033
4120.0 0.0038272619729157707
4130.0 0.0031564874558759042
4140.0 0.0027309046693886592
4150.0 0.003083434317287898
4160.0 0.003159531518439487
4170.0 0.0025827721624193775
4180.0 0.0029453968778259663
4190.0 0.002855884650436502
4200.0 0.002568382404731809
4210.0 0.0033301095707927997
4220.0 0.0030549337194248154
4230.0 0.0031518622747645497
4240.0 0.0032659053712090096
4250.0 0.0031711074438298304
4260.0 0.003401040894727552
4270.0 0.0029083619730834445
4280.0 0.003603108155482762
4290.0 0.0031771848084809016
4300.0 0.003441143640130004
4310.0 0.003140351979878636
4320.0 0.0030438739176431866
4330.0 0.0033344360240313755
4340.0 0.003296294534336163
4350.0 0.002979704035120715
4360.0 0.003150071162533239
4370.0 0.0031395892432811556
4380.0 0.003100721193829756
4390.0 0.00234176623851961
4400.0 0.002844883339695098
4410.0 0.002429030035887278
4420.0 0.0025309498278747273
4430.0 0.0027036932839806906
4440.0 0.002585420455146953
4450.0 0.0025637798261528427
4460.0 0.0024061410090568404
4470.0 0.0033105443043104955
4480.0 0.0032063445856217333
4490.0 0.0038032528675467905
4500.0 0.0038261671172566424
4510.0 0.0040028851497453735
4520.0 0.003996212570843079
4530.0 0.004573167871883944
4540.0 0.004945894089792161
4550.0 0.005980176401758274
4560.0 0.005945345754656208
4570.0 0.007089630474741158
4580.0 0.007235294992977255
4590.0 0.008138241658585637
4600.0 0.008137940816712427
4610.0 0.008806561022106398
4620.0 0.008919195654988856
4630.0 0.008745154459278011
4640.0 0.00872660937282983
4650.0 0.008477333088196053
4660.0 0.007768209868493953
4670.0 0.006898514342049112
4680.0 0.006022697692762563
4690.0 0.005187195623690429
4700.0 0.004454394230992764
4710.0 0.003836160165354991
4720.0 0.003452373394540039
4730.0 0.0031360898716394268
4740.0 0.0033290209827454382
4750.0 0.0035685756030981843
4760.0 0.003484177242423714
4770.0 0.0034944656196173396
4780.0 0.0036868806171871547
4790.0 0.004218390564451958
4800.0 0.0041937901073145975
4810.0 0.004892773826621446
4820.0 0.005685326476767062
4830.0 0.006001307261437902
4840.0 0.006161727331352835
4850.0 0.005573245796760224
4860.0 0.005283332588572964
4870.0 0.0049250742535830675
4880.0 0.004592617940919238
4890.0 0.004872623487082602
4900.0 0.005349311068045211
4910.0 0.005450117456410857
4920.0 0.006325259719571983
4930.0 0.00673902109062903
4940.0 0.007480744144361878
4950.0 0.008105104498117055
4960.0 0.008329232568356588
4970.0 0.008523077319608175
4980.0 0.008446509875778685
4990.0 0.007724181451583316
5000.0 0.006314933828427167
5010.0 0.0051536978739302785
5020.0 0.004698562595278339
5030.0 0.0040879957106132745
5040.0 0.004371618542385632
5050.0 0.004057348257383491
5060.0 0.0038660872219858505
5070.0 0.0040657517469261896
5080.0 0.004257486819765691
5090.0 0.004157196958552667
5100.0 0.004496554504514366
5110.0 0.0049213518756665
5120.0 0.0048333488639880065
5130.0 0.005086076364551323
5140.0 0.004656136225026424
5150.0 0.004683096382279326
5160.0 0.004836491006371872
5170.0 0.004985188571744187
5180.0 0.0051078229654853615
5190.0 0.005338407564628411
5200.0 0.005726228199275823
5210.0 0.00578919212363346
5220.0 0.006165557855725103
5230.0 0.006439543103417161
5240.0 0.006708834433002865
5250.0 0.007182741746886226
5260.0 0.007293759964593473
5270.0 0.007440859267890902
5280.0 0.008108952154246491
5290.0 0.008182206517156525
5300.0 0.00861463383167623
5310.0 0.008900796655134876
5320.0 0.0089366267338291
5330.0 0.008931959345460308
5340.0 0.009176982243262773
5350.0 0.008814264264983903
5360.0 0.00844641997239295
5370.0 0.008494273004141111
5380.0 0.008346150675951734
5390.0 0.008218033039025996
5400.0 0.008130283696705655
5410.0 0.008256223527923073
5420.0 0.009144185910898668
5430.0 0.00973064328563979
5440.0 0.009927957245077336
5450.0 0.01062381305980386
5460.0 0.011802078617769454
5470.0 0.01258483421662044
5480.0 0.012955165401338793
5490.0 0.014134891949511258
5500.0 0.014383791039985553
5510.0 0.014993003503267125
5520.0 0.015502120031053316
5530.0 0.015829903343422318
5540.0 0.0156657408304256
5550.0 0.015707801417800343
5560.0 0.015440453320878043
5570.0 0.01409517475141318
5580.0 0.013917883370934934
5590.0 0.013445150788166578
5600.0 0.012758378494015114
5610.0 0.012032640523539546
5620.0 0.010953889301881358
5630.0 0.010239427552364818
5640.0 0.00835261289669257
5650.0 0.006551987454751866
5660.0 0.004638234076536782
5670.0 0.0037544267345185137
5680.0 0.004127088859967352
5690.0 0.004759663478963313
5700.0 0.005736833856521567
5710.0 0.0064405497357457545
5720.0 0.006295014403786553
5730.0 0.006441594013226898
5740.0 0.006806178211107238
5750.0 0.006919152890052651
5760.0 0.0068899751992744646
5770.0 0.007109362569607032
5780.0 0.0071901832770216905
5790.0 0.007228601744266853
5800.0 0.007236166955557014
5810.0 0.007568878741899238
5820.0 0.008270296513793985
5830.0 0.008175353593642652
5840.0 0.008874113043123702
5850.0 0.00935630682748048
5860.0 0.009689918881839166
5870.0 0.010309980452508586
5880.0 0.010145849339513556
5890.0 0.01062085643872162
5900.0 0.011198704107210153
5910.0 0.010427731305265803
5920.0 0.009597128335218183
5930.0 0.009008070192625787
5940.0 0.008903830812325333
5950.0 0.008426496895372813
5960.0 0.007638971545595466
5970.0 0.007782907329816977
5980.0 0.007660747896704714
5990.0 0.007405472196182788
6000.0 0.00749192672308696
6010.0 0.007285418259085655
6020.0 0.007188975817591409
6030.0 0.007420184539547095
6040.0 0.007333248354530484
6050.0 0.007471527498239784
6060.0 0.007773322757782134
6070.0 0.007782048799099102
6080.0 0.00748555492468091
6090.0 0.007609123962053137
6100.0 0.007203930593355683
6110.0 0.007514304659509418
6120.0 0.0069793324790826325
6130.0 0.007164621547319948
6140.0 0.0071115967574269965
6150.0 0.00692368065729806
6160.0 0.006603512106061465
6170.0 0.0066754161601051696
6180.0 0.006405325296975439
6190.0 0.006372006442312242
6200.0 0.006291887344361568
6210.0 0.006101882681438135
6220.0 0.005542728796520223
6230.0 0.005606489572099899
6240.0 0.005881844489086062
6250.0 0.006100716068742964
6260.0 0.0062203946124281305
6270.0 0.0057893480087413554
6280.0 0.0062395610698745396
6290.0 0.006396972130710773
6300.0 0.006646550393120178
6310.0 0.006594096569092237
6320.0 0.00670819991444426
6330.0 0.007188103350248324
6340.0 0.007284836965967173
6350.0 0.007715593322292905
6360.0 0.00805468645223719
6370.0 0.008251436229367507
6380.0 0.008734765345891005
6390.0 0.008958414907171263
6400.0 0.009758048268804434
6410.0 0.010018857836587089
6420.0 0.010260850145640594
6430.0 0.011285403848692546
6440.0 0.011389405740396725
6450.0 0.011290223882695277
6460.0 0.011633430178726095
6470.0 0.011643102770538542
6480.0 0.012141883606266923
6490.0 0.0131272267235999
6500.0 0.012247783933832508
6510.0 0.012439377774207953
6520.0 0.012377843051476992
6530.0 0.012267104019022947
6540.0 0.011900093314766247
6550.0 0.011405134696982682
6560.0 0.010743738615123772
6570.0 0.010705152709136039
6580.0 0.00994353967496908
6590.0 0.009200733522307948
6600.0 0.00863110774526492
6610.0 0.0077419416156147315
6620.0 0.007361771171222785
6630.0 0.006561645113579793
6640.0 0.005875609178126955
6650.0 0.005580661736846438
6660.0 0.005099177898848233
6670.0 0.0048984088643251765
6680.0 0.004575082090321007
6690.0 0.00415090037566464
6700.0 0.0036784608190110054
6710.0 0.004134984156710392
6720.0 0.0037769653589125466
6730.0 0.00366634219669112
6740.0 0.003614822384158196
6750.0 0.003229645860938257
6760.0 0.003487451191249843
6770.0 0.003398986574306605
6780.0 0.003289780852969825
6790.0 0.0033738885003254124
6800.0 0.003575831794061564
6810.0 0.003537078665611726
6820.0 0.0038453170485624965
6830.0 0.003632059495433309
6840.0 0.0035768704859443444
6850.0 0.0032495365232926995
6860.0 0.0024743349804288764
6870.0 0.0030247644854802798
6880.0 0.003006209788695925
6890.0 0.0033360079249695794
6900.0 0.0034512235040653092
6910.0 0.0035018854374600345
6920.0 0.003481379126463993
6930.0 0.003953018967044666
6940.0 0.004208450116256389
6950.0 0.0043161255536624775
6960.0 0.004203586905716313
6970.0 0.004147564061798055
6980.0 0.004479368907221128
6990.0 0.004479540813824034
7000.0 0.004408898292641365
7010.0 0.004548989348640203
7020.0 0.004503396309531211
7030.0 0.0048817995690108
7040.0 0.004971274348313629
7050.0 0.00555970479392683
7060.0 0.005391241409259886
7070.0 0.005833292771436881
7080.0 0.005775847532019266
7090.0 0.006086321248520834
7100.0 0.006211019673587554
7110.0 0.0063115257885497135
7120.0 0.006476513074463958
7130.0 0.00628278715044186
7140.0 0.006280698122438054
7150.0 0.006035700426708971
7160.0 0.0057847051896459944
7170.0 0.005603919697221471
7180.0 0.0058790517093714354
7190.0 0.006026369292227474
7200.0 0.0063470645531382725
7210.0 0.006407688615516125
7220.0 0.006074589195408375
7230.0 0.006302187316583453
7240.0 0.006128326928453253
7250.0 0.006039060853558487
7260.0 0.006152170041223364
7270.0 0.00636603828107255
7280.0 0.0058386286309862504
7290.0 0.005855371537208717
7300.0 0.006153900100728228
7310.0 0.006246702974450935
7320.0 0.006216920209123721
7330.0 0.006287423181462937
7340.0 0.006237246457227072
7350.0 0.006434155203400643
7360.0 0.006336310036282176
7370.0 0.006215321654306839
7380.0 0.0058954060139677356
7390.0 0.005997901110470531
7400.0 0.005870365451953919
7410.0 0.007404391150965062
7420.0 0.007381328119608021
7430.0 0.006732826028609094
7440.0 0.005726022502271583
7450.0 0.004897375184158308
7460.0 0.004234852590343761
7470.0 0.0037262107668975604
7480.0 0.003504729245123642
7490.0 0.0029923423861443962
7500.0 0.0027512511441846843
7510.0 0.0026921582334539333
7520.0 0.003282415748333826
7530.0 0.003456161990542924
7540.0 0.0038184690783466214
7550.0 0.004162622289211622
7560.0 0.004612169895935228
7570.0 0.0049195984418214204
7580.0 0.002611124826185034
7590.0 0.0013949328612014263
7600.0 0.003368530073411153
7610.0 0.0026027011905054302
7620.0 0.0028778803033202194
7630.0 0.003842698867053878
7640.0 0.004520473610126002
7650.0 0.005117298521922922
7660.0 0.006086734270121307
7670.0 0.00663001559483216
7680.0 0.006708948051771075
7690.0 0.007519039357628645
7700.0 0.007745954794885822
7710.0 0.007512374899335202
7720.0 0.007734655564156022
7730.0 0.008667123758330626
7740.0 0.008232080212105105
7750.0 0.008062391963813254
7760.0 0.008374822303326432
7770.0 0.008584523114766934
7780.0 0.008061165774692918
7790.0 0.007928682399526824
7800.0 0.008549405645526158
7810.0 0.008441264919990912
7820.0 0.007965818038566715
7830.0 0.008168894429024357
7840.0 0.008558552062873747
7850.0 0.008254694953827605
7860.0 0.008081883337260162
7870.0 0.008305253736754614
7880.0 0.008320044201165064
7890.0 0.007857669341744668
7900.0 0.008213350981627348
7910.0 0.00785419521160125
7920.0 0.00736118850385477
7930.0 0.007516655164147379
7940.0 0.007424415901846538
7950.0 0.006734266613978051
7960.0 0.006689490700960043
7970.0 0.0070190117944905275
7980.0 0.006673099009244556
7990.0 0.006245445315848773
8000.0 0.006394120933677579
8010.0 0.00644887388593963
8020.0 0.006022076487872263
8030.0 0.005834161583880675
8040.0 0.006360243862915389
8050.0 0.006064084701009477
8060.0 0.005488124583259339
8070.0 0.0055482297882833275
8080.0 0.005465711072967201
8090.0 0.004970514492834366
8100.0 0.003967208248808659
8110.0 0.0035545925865384355
8120.0 0.0033034439557266485
8130.0 0.002728178371450667
8140.0 0.0022235680508504484
8150.0 0.0019093992210512142
8160.0 0.001740063309490121
8170.0 0.0015775012558069778
8180.0 0.0012071623798512398
8190.0 0.0013115716042029636
8200.0 0.0013004276059530588
8210.0 0.0011889268576598096
8220.0 0.0015135098421814942
8230.0 0.0016158815656479794
8240.0 0.001669947658170294
8250.0 0.0021516128390812656
8260.0 0.0022845787107846046
8270.0 0.0022477199594415414
8280.0 0.0018922707045380017
8290.0 0.0018061005995206889
8300.0 0.0017012031383941584
8310.0 0.0019100200303473576
8320.0 0.001747407011499934
8330.0 0.0015986042370104692
8340.0 0.002058827311532719
8350.0 0.0022975009653414128
8360.0 0.0023144427845417093
8370.0 0.0022950656583538153
8380.0 0.0026832120202494357
8390.0 0.0030100519678243117
8400.0 0.0031558604974898656
8410.0 0.0032889156118378338
8420.0 0.0034463187803160126
8430.0 0.004061410062531687
8440.0 0.0036202491184526026
8450.0 0.003883054127224062
8460.0 0.004438500199950073
8470.0 0.0047078636790560836
8480.0 0.004759406797536089
8490.0 0.004591986945746712
8500.0 0.005036180843078124
8510.0 0.005545867032205174
8520.0 0.005570162796611394
8530.0 0.005025133425456464
8540.0 0.005286397934755437
8550.0 0.005478750078041256
8560.0 0.005568155132369723
8570.0 0.005591619679962498
8580.0 0.005283958888419077
8590.0 0.005525579165560146
8600.0 0.005651889062380812
8610.0 0.005428812633465497
8620.0 0.005557973791882424
8630.0 0.005334841382821408
8640.0 0.0053030436887825695
8650.0 0.0051089121717339155
8660.0 0.004899205881428721
8670.0 0.004798653049655149
8680.0 0.004840740970519781
8690.0 0.004763206633421024
8700.0 0.004800510217186673
8710.0 0.004268449467580403
8720.0 0.004089323686898193
8730.0 0.003946665679608515
8740.0 0.003897678169581797
8750.0 0.004001088334818573
8760.0 0.0036740806755073334
8770.0 0.003810790989126295
8780.0 0.003973560708049861
8790.0 0.004224175566811079
8800.0 0.004187015472504335
8810.0 0.0039378898136596795
8820.0 0.003899585430052835
8830.0 0.004238073350935841
8840.0 0.003743872461236836
8850.0 0.0034321743083316884
8860.0 0.0031543924936967937
8870.0 0.002888425582920912
8880.0 0.002741589370067707
8890.0 0.0022518671276338907
8900.0 0.002049176378698234
8910.0 0.0025710851750237987
8920.0 0.002176957745244887
8930.0 0.002096917626649114
8940.0 0.0021727542663287037
8950.0 0.0020832382954117925
8960.0 0.002489226323676668
8970.0 0.002593514451666494
8980.0 0.002813267441673031
8990.0 0.002876954681025654
9000.0 0.0029400255746227415
9010.0 0.003076591562439262
9020.0 0.0028535483117433425
9030.0 0.0027669357303533363
9040.0 0.003034669200241234
9050.0 0.0028518181744491894
9060.0 0.003000770300094551
9070.0 0.002974000716109679
9080.0 0.0031473575829189865
9090.0 0.003293463439963558
9100.0 0.0033499893481086047
9110.0 0.003283550618304579
9120.0 0.003288083440526606
9130.0 0.0033934569062761054
9140.0 0.003398111312383518
9150.0 0.0034208403174223754
9160.0 0.0036840862900271777
9170.0 0.0037018734012708677
9180.0 0.0038107831188490373
9190.0 0.0037523388368212586
9200.0 0.0039308971446011705
9210.0 0.003635642763475353
9220.0 0.003551143987372881
9230.0 0.003351609486124498
9240.0 0.0035664765204165188
9250.0 0.003712140571783417
9260.0 0.0035457370870034827
9270.0 0.00351470514191529
9280.0 0.0033858814896112793
9290.0 0.00329118172861907
9300.0 0.00325335427592495
9310.0 0.0031828158945994126
9320.0 0.0032823868291550463
9330.0 0.003298901043208196
9340.0 0.0033369114599317968
9350.0 0.003343670547463565
9360.0 0.0035809512812826167
9370.0 0.0036895457585889653
9380.0 0.0038286969409248965
9390.0 0.003743051898094682
9400.0 0.0036492170334902
9410.0 0.00369803976379533
9420.0 0.003841040254884174
9430.0 0.0037551001770614995
9440.0 0.0038653893792548223
9450.0 0.0035823594185126952
9460.0 0.003847180429163882
9470.0 0.0037429276097647388
9480.0 0.0038564453768338124
9490.0 0.00392249478606352
9500.0 0.003778624346543042
9510.0 0.0041524492279049145
9520.0 0.004082046840415453
9530.0 0.003700419558616026
9540.0 0.003661216956006578
9550.0 0.003716203703114053
9560.0 0.0033564006947178456
9570.0 0.0032095777731271746
9580.0 0.003234616246819081
9590.0 0.0031593566118934616
9600.0 0.003051915762354451
9610.0 0.0030559734564433645
9620.0 0.0030319762822363255
9630.0 0.002846443090392595
9640.0 0.0031745383567823937
9650.0 0.003072263326879724
9660.0 0.00291902081048254
9670.0 0.0027990885779705346
9680.0 0.0027848229880543134
9690.0 0.0033649538604601844
9700.0 0.0027692419550492367
9710.0 0.0029603573028714235
9720.0 0.003124114539226673
9730.0 0.002919525772784347
9740.0 0.002663778272823061
9750.0 0.002239157140796412
9760.0 0.0026101934179362215
9770.0 0.0023646182050579678
9780.0 0.0027286750064999033
9790.0 0.002390800996753466
9800.0 0.0024588744259104243
9810.0 0.0028795888977278207
9820.0 0.002883535684234189
9830.0 0.002174321785332155
9840.0 0.0026694414632773607
9850.0 0.0032947323976346057
9860.0 0.002709071474385167
9870.0 0.002768371222695404
9880.0 0.002310079208517536
9890.0 0.0025890053611518156
9900.0 0.002487378103470849
9910.0 0.002401489647488759
9920.0 0.002315785841165325
9930.0 0.002230245542370344
9940.0 0.0022203723938424252
9950.0 0.0022105429469117316
9960.0 0.002200757736039228
9970.0 0.0021910299201109104
9980.0 0.0021813618724445417
9990.0 0.0021717297158789146
10000.0 0.0021621654854662026
10010.0 0.002152651239573077
10020.0 0.0021431817092207113
10030.0 0.0021337580294826606
10040.0 0.002124395489756153
10050.0 0.002115080464498409
10060.0 0.002105824485421807
10070.0 0.0020966149974162396
10080.0 0.0020874544197679156
10090.0 0.002078345979198117
10100.0 0.0020692899712190338
10110.0 0.0020602852421250126
10120.0 0.002051325760176985
10130.0 0.0020424274910904425
10140.0 0.002033558606806611
10150.0 0.002024755893376186
10160.0 0.0020159987319004636
10170.0 0.0020072924897110065
10180.0 0.001998638576663965
10190.0 0.001990029289410057
10200.0 0.0019814694332353374
10210.0 0.001972968870671241
10220.0 0.001964500657323351
10230.0 0.0019560836260820603
10240.0 0.0019477241388826513
10250.0 0.0019394124619006795
10260.0 0.0019311430380106061
10270.0 0.0019229346442181865
10280.0 0.001914759719963338
10290.0 0.001906631778573161
10300.0 0.001898553139432784
10310.0 0.001890514173983366
10320.0 0.0018825335778907143
10330.0 0.001874583455129842
10340.0 0.001866681287300052
10350.0 0.0018588291373266752
10360.0 0.0018510152292401584
10370.0 0.001843242582539713
10380.0 0.0018355214044505097
10390.0 0.0018278270032933616
10400.0 0.0018201789494206146
10410.0 0.0018125712372181865
10420.0 0.0018050101259837691
10430.0 0.0017974680381034566
10440.0 0.001789974354333285
10450.0 0.0017825340697615157
10460.0 0.0017751197809237585
10470.0 0.0017677427418590001
10480.0 0.001760392954874102
10490.0 0.0017530872871246313
10500.0 0.001745814962147223
10510.0 0.0017385845342265728
10520.0 0.0017313770081718487
10530.0 0.0017242104257276748
10540.0 0.0017170836376525802
10550.0 0.0017099802470885823
10560.0 0.0017029155649512663
10570.0 0.0016958855908181982
10580.0 0.0016888768233748735
10590.0 0.0016819020086027093
10600.0 0.001674966849758371
10610.0 0.001668052470562468
10620.0 0.0016611730968569822
10630.0 0.0016543271488378727
10640.0 0.001647497280426867
10650.0 0.0016407135765889945
10660.0 0.001633949002069793
10670.0 0.0016272141745425558
10680.0 0.001620509263579355
10690.0 0.0016138293868553602
10700.0 0.0016071733228354029
10710.0 0.0016005522991218752
10720.0 0.001593952249519926
10730.0 0.0015873719145540058
10740.0 0.0015808328368582625
10750.0 0.0015742986664447547
10760.0 0.0015677999827177376
10770.0 0.0015613355468889036
10780.0 0.0015548877598180841
10790.0 0.0015484518451144734
10800.0 0.0015420548183660756
10810.0 0.00153568113656
10820.0 0.001529319669780152
10830.0 0.0015229948488276197
10840.0 0.0015166766743370886
10850.0 0.0015103843074304793
10860.0 0.0015041222300601965
10870.0 0.0014978756543135535
10880.0 0.0014916392089431671
10890.0 0.0014854475905464878
10900.0 0.0014792597150224654
10910.0 0.0014730895846224328
10920.0 0.0014669514780606
10930.0 0.0014608173002198528
10940.0 0.0014547154349850312
10950.0 0.0014486288039366958
10960.0 0.0014425633526275396
10970.0 0.0014365100548603478
10980.0 0.0014304822015924778
10990.0 0.0014244665476678567
11000.0 0.0014184699252114351
11010.0 0.0014124917333403323
11020.0 0.0014065292426402828
11030.0 0.0014005812931654133
11040.0 0.001394664145560546
11050.0 0.0013887452691913069
11060.0 0.0013828514828031636
11070.0 0.0013769661645389013
11080.0 0.0013711040898035287
11090.0 0.0013652495613716285
11100.0 0.001359420376003884
11110.0 0.001353601082455511
11120.0 0.0013478040981524842
11130.0 0.0013420186254805716
11140.0 0.001336243587409401
11150.0 0.0013304856530806936
11160.0 0.0013247426288853033
11170.0 0.0013190131148302533
11180.0 0.0013132925469423746
11190.0 0.0013075927618246433
11200.0 0.0013018983432952734
11210.0 0.00129622358709901
11220.0 0.0012905634275611382
11230.0 0.0012849000202469552
11240.0 0.0012792734784139016
11250.0 0.0012736471761856407
11260.0 0.0012680257984770274
11270.0 0.0012624245694545717
11280.0 0.001256839263272008
11290.0 0.001251259104264224
11300.0 0.0012456936085793843
11310.0 0.001240147368705303
11320.0 0.0012345968263716405
11330.0 0.0012290633883499079
11340.0 0.0012235484998362914
11350.0 0.0012180394580890528
11360.0 0.0012125430833869009
11370.0 0.001207061415727695
11380.0 0.0012015831872926282
11390.0 0.0011961189145140655
11400.0 0.0011906584933856373
11410.0 0.0011852139562069093
11420.0 0.001179780660398639
11430.0 0.0011743611455592988
11440.0 0.0011689441765889087
11450.0 0.001163542758625928
11460.0 0.0011581462330047035
11470.0 0.001152769148978222
11480.0 0.0011473900473220298
11490.0 0.001142023772887255
11500.0 0.0011366790041824266
11510.0 0.0011274553710490275
11520.0 0.0011216875801894036
11530.0 0.0011159110051325194
11540.0 0.0011101433016651658
11550.0 0.0011043816939762272
11560.0 0.0010986138896393442
11570.0 0.0010928447321024571
11580.0 0.001087075772800882
11590.0 0.0010813003491688903
11600.0 0.001075532686704778
11610.0 0.0010697714420102558
11620.0 0.001064002275039628
11630.0 0.0010582336423002913
11640.0 0.0010524665134778038
11650.0 0.0010466902299257617
11660.0 0.0010409207966022849
11670.0 0.0010351531041831088
11680.0 0.0010293929064270444
11690.0 0.0010236240674072587
11700.0 0.001017854066914803
11710.0 0.0010120778527107797
11720.0 0.0010063123490208859
11730.0 0.0010005423495118902
11740.0 0.000994773380846145
11750.0 0.000989011576365742
11760.0 0.0009832457741967419
11770.0 0.0009774686245878168
11780.0 0.0009716996602512235
11790.0 0.0009659308625567924
11800.0 0.0009601641578608238
11810.0 0.0009543951311398115
11820.0 0.0009486334269425396
11830.0 0.00094285673916901
11840.0 0.000937087828241911
11850.0 0.000931321337923735
11860.0 0.0009255526163679359
11870.0 0.0009197827573926649
11880.0 0.0009140214075145801
11890.0 0.0009082478248384439
11900.0 0.0009024784139473203
11910.0 0.0008967092455791269
11920.0 0.0008909407027171146
11930.0 0.0008851744599236975
11940.0 0.0008794045664749614
11950.0 0.0008736353845199347
11960.0 0.0008678672736443059
11970.0 0.0008621000588046048
11980.0 0.0008563310914891224
11990.0 0.0008505621397132782
12000.0 0.000844793080025437
