#lamb flux
1000.0 -1.782027710011853e-34
1010.0 -8.670732937914643e-18
1020.0 -9.74439621335375e-18
1030.0 -7.709768033839983e-18
1040.0 -6.139158431994798e-18
1050.0 -4.342740427506918e-18
1060.0 -2.7056901303382493e-18
1070.0 -9.846903783913257e-19
1080.0 -1.2353332106714112e-18
1090.0 -7.679607019301733e-19
1100.0 -5.291304434645011e-19
1110.0 -1.0235217131823684e-20
1120.0 -3.361131391304164e-24
1130.0 -2.4341011077149203e-20
1140.0 -1.0936767381556851e-18
1150.0 -3.220457583607328e-18
1160.0 -3.1756469150618615e-18
1170.0 -3.020124480489859e-18
1180.0 -3.0915326485093574e-18
1190.0 -3.3288255480472993e-18
1200.0 -2.533129915557292e-18
1210.0 -1.877070998241104e-18
1220.0 -2.621579393795295e-18
1230.0 -1.8882050765308923e-18
1240.0 -1.2151286738977524e-18
1250.0 -1.2098240169302627e-18
1260.0 -1.2089338824062067e-19
1270.0 -1.2220007551825491e-17
1280.0 -7.579447827453867e-18
1290.0 -4.647220924577076e-18
1300.0 -2.1198434770599683e-17
1310.0 -3.791936009946105e-17
1320.0 -5.756684821718422e-17
1330.0 -6.779789488978739e-17
1340.0 -5.736889214410658e-17
1350.0 -3.9600627081702514e-17
1360.0 -2.7177924367100396e-17
1370.0 -2.452094152008876e-17
1380.0 -1.7818550594070586e-17
1390.0 -9.198529429877829e-18
1400.0 -4.937603644444946e-18
1410.0 -8.358850153408843e-18
1420.0 -2.7897294464387223e-17
1430.0 -4.381486394779921e-17
1440.0 -5.794806063115186e-17
1450.0 -5.824287660246198e-17
1460.0 -6.546028576830815e-17
1470.0 -8.463017410680058e-17
1480.0 -9.213389401482303e-17
1490.0 -1.1044157744545415e-16
1500.0 -1.2108681415613648e-16
1510.0 -1.4495231373951216e-16
1520.0 -1.216669687598451e-16
1530.0 -1.176853359577781e-16
1540.0 -1.1148751555939928e-16
1550.0 -9.002605765018454e-17
1560.0 -7.563300609904461e-17
1570.0 -8.026177654481978e-17
1580.0 -9.397808526205777e-17
1590.0 -1.1409926972236556e-16
1600.0 -1.301434374148216e-16
1610.0 -1.2125397535211834e-16
1620.0 -1.356675447162981e-16
1630.0 -1.7411176416188157e-16
1640.0 -2.577836239045125e-16
1650.0 -2.625502451655625e-16
1660.0 -2.9831758193978626e-16
1670.0 -2.073112105918689e-16
1680.0 -1.9675684450362105e-16
1690.0 -1.4584242442993305e-16
1700.0 -1.2941024209536112e-16
1710.0 -1.4209796853358933e-16
1720.0 -1.7213215284429125e-16
1730.0 -3.0543106711504462e-16
1740.0 -4.785366384108419e-16
1750.0 -6.40618192132822e-16
1760.0 -7.335771760357402e-16
1770.0 -6.674109493449614e-16
1780.0 -7.137938260524807e-16
1790.0 -6.621723152424022e-16
1800.0 -5.483677657474589e-16
1810.0 -4.766950453409006e-16
1820.0 -3.702741271324093e-16
1830.0 -3.822851378611277e-16
1840.0 -5.26720736778762e-16
1850.0 -1.0159899689355905e-15
1860.0 -1.4299584301650182e-15
1870.0 -2.140425508016286e-15
1880.0 -2.461838850120585e-15
1890.0 -2.575771695890008e-15
1900.0 -2.278915929362348e-15
1910.0 -1.7547205903141772e-15
1920.0 -1.2913808726050413e-15
1930.0 -8.317509613097826e-16
1940.0 -5.797509941318302e-16
1950.0 -4.107612433726371e-16
1960.0 -4.2520523709468014e-16
1970.0 -5.868287750617431e-16
1980.0 -9.078817928760927e-16
1990.0 -1.269054284374178e-15
2000.0 -1.5158309542275786e-15
2010.0 -1.5358869800794591e-15
2020.0 -1.4041004594563898e-15
2030.0 -1.2889044757540726e-15
2040.0 -1.2581381348428314e-15
2050.0 -1.3336566044823068e-15
2060.0 -1.3681180970656764e-15
2070.0 -1.5346168343191048e-15
2080.0 -1.79852923388629e-15
2090.0 -2.1270985217024187e-15
2100.0 -2.243905959100879e-15
2110.0 -2.0920881720282387e-15
2120.0 -1.8332790179117367e-15
2130.0 -1.7235452098468997e-15
2140.0 -1.4651956687688668e-15
2150.0 -1.3528541770421904e-15
2160.0 -1.2886781437337747e-15
2170.0 -1.233228985391966e-15
2180.0 -1.081854621189177e-15
2190.0 -8.554945268103238e-16
2200.0 -6.578141430162377e-16
2210.0 -5.270888781274642e-16
2220.0 2.696130515463131e-07
2230.0 4.690805125405732e-06
2240.0 7.850678293929055e-06
2250.0 1.1061188526248811e-05
2260.0 1.3893610857626071e-05
2270.0 1.4552531746983138e-05
2280.0 1.708193717812464e-05
2290.0 2.3611865949082346e-05
2300.0 3.3749195411391595e-05
2310.0 4.2320186459068334e-05
2320.0 5.021129558811403e-05
2330.0 5.730987427855975e-05
2340.0 6.342840927666863e-05
2350.0 6.565149795137226e-05
2360.0 6.482933492838242e-05
2370.0 7.138952794888858e-05
2380.0 7.262095844518783e-05
2390.0 7.040257314418333e-05
2400.0 6.834537101267806e-05
2410.0 6.471966575877104e-05
2420.0 5.707547111031157e-05
2430.0 4.866389156436962e-05
2440.0 4.218274731306015e-05
2450.0 3.614614451316093e-05
2460.0 3.136165416219475e-05
2470.0 2.765374848984719e-05
2480.0 2.807253109868448e-05
2490.0 3.054901556995267e-05
2500.0 2.8677042520942337e-05
2510.0 2.6806983516805477e-05
2520.0 2.453437422845115e-05
2530.0 1.9556438000034876e-05
2540.0 1.690862355038051e-05
2550.0 1.4542747549387363e-05
2560.0 1.2032429666952641e-05
2570.0 1.1693894059890437e-05
2580.0 1.292656305670835e-05
2590.0 1.5248453214839156e-05
2600.0 1.8039989956479372e-05
2610.0 2.1569913597744653e-05
2620.0 2.5773993228615936e-05
2630.0 3.197642182466256e-05
2640.0 4.066449370665597e-05
2650.0 4.8663761236240084e-05
2660.0 6.124448672314662e-05
2670.0 6.492740605202815e-05
2680.0 7.149865299155375e-05
2690.0 7.409973269778382e-05
2700.0 8.192393688961493e-05
2710.0 8.780818608135057e-05
2720.0 9.673241762655986e-05
2730.0 0.00012079087397894014
2740.0 0.00014276120290100796
2750.0 0.0001596354031776228
2760.0 0.000170551805137891
2770.0 0.00017341998334702036
2780.0 0.00017365860474957898
2790.0 0.0001853159948642523
2800.0 0.00020795200859919838
2810.0 0.0002210623870763331
2820.0 0.00023099463699288353
2830.0 0.0002405172584918943
2840.0 0.0002550473268871318
2850.0 0.0002824555387483452
2860.0 0.00032095474738806304
2870.0 0.0003461201760166463
2880.0 0.00035667494994508865
2890.0 0.0003592749065526943
2900.0 0.0003324950842605861
2910.0 0.0003124518980368232
2920.0 0.0003054149919216486
2930.0 0.0002901919766691464
2940.0 0.000278313086753254
2950.0 0.00026667378529490336
2960.0 0.00025229713825779054
2970.0 0.0002471997339026053
2980.0 0.00024226611450787634
2990.0 0.0002344037012359248
3000.0 0.00023205725278715777
3010.0 0.00023577941024249891
3020.0 0.00023832210459218706
3030.0 0.00023311049287440188
3040.0 0.0002235261865958475
3050.0 0.0002104438064673035
3060.0 0.00020079056663327538
3070.0 0.00019727292739409063
3080.0 0.00019906895942048015
3090.0 0.00020968577345005827
3100.0 0.0002271668292961056
3110.0 0.00024406294904166467
3120.0 0.0002582814110544236
3130.0 0.00025929668349411927
3140.0 0.0002499704134668491
3150.0 0.00023763558405152195
3160.0 0.00022008485365797686
3170.0 0.00019542891020010082
3180.0 0.000183875577100975
3190.0 0.0001744690814084847
3200.0 0.00016736699845057375
3210.0 0.00016502079679236743
3220.0 0.0001669689854208008
3230.0 0.00016939666019770278
3240.0 0.00017421635569294346
3250.0 0.0001857969668700304
3260.0 0.00020268948319473025
3270.0 0.00022740201793870535
3280.0 0.00025684214991622935
3290.0 0.00029191164301372674
3300.0 0.0003342347049180949
3310.0 0.0003708119157151301
3320.0 0.00040694076015942
3330.0 0.0004369191180363027
3340.0 0.0004450310023190395
3350.0 0.00045690648861697585
3360.0 0.0004906929902391654
3370.0 0.0005202710979520248
3380.0 0.0005747265887515817
3390.0 0.0006252431354144393
3400.0 0.0006499679519236769
3410.0 0.0006614586458416742
3420.0 0.0006490800606356148
3430.0 0.0006255148861062041
3440.0 0.0006015121901732064
3450.0 0.0005680663538359732
3460.0 0.0005271272527550295
3470.0 0.000490449079862582
3480.0 0.00047564833164130135
3490.0 0.00044856749543313183
3500.0 0.0004044583612958043
3510.0 0.0003690958851011777
3520.0 0.00035003783369019585
3530.0 0.00034056210351506196
3540.0 0.00032942208661739485
3550.0 0.0003268422289623418
3560.0 0.0003160590704785666
3570.0 0.0002970276132961932
3580.0 0.00028582124743623937
3590.0 0.00028315367400530205
3600.0 0.0001936694436759871
3610.0 0.00023778834171900548
3620.0 0.00026301830402668697
3630.0 0.00029643127992795917
3640.0 0.0003002062173200437
3650.0 0.00028995421497940655
3660.0 0.00027198148576039526
3670.0 0.0003183223577934034
3680.0 0.0004036810502647285
3690.0 0.0004259258649582315
3700.0 0.00034642136890315485
3710.0 0.0003898773337175045
3720.0 0.00039981318147718213
3730.0 0.0003726051365217747
3740.0 0.00041172030163321436
3750.0 0.0004396954160690298
3760.0 0.0002969251545200512
3770.0 0.0002445695005328614
3780.0 0.0002808938452322476
3790.0 0.00019891513131973533
3800.0 0.00013867096672001282
3810.0 0.00020219203023462233
3820.0 0.00016022867145737828
3830.0 0.0001472332065255125
3840.0 0.00014986179489356752
3850.0 0.0002716292326140327
3860.0 0.0003345421459830019
3870.0 0.0003434530341958778
3880.0 0.0004895339503101252
3890.0 0.00045697251678631664
3900.0 0.0005114140007414841
3910.0 0.0005897674970875707
3920.0 0.0005750549430685692
3930.0 0.0006739260881341335
3940.0 0.0007510980528847938
3950.0 0.000914330906773735
3960.0 0.0010839880345469355
3970.0 0.0012345887115307542
3980.0 0.001310528109189614
3990.0 0.0013292731664919458
4000.0 0.0013158752263905844
4010.0 0.0012789602248755396
4020.0 0.0012130897365932728
4030.0 0.0010490797595269386
4040.0 0.0008831230785978164
4050.0 0.000891209925365504
4060.0 0.0008192960100030394
4070.0 0.000796687483827898
4080.0 0.0007058436983354583
4090.0 0.0007073201477958368
4100.0 0.0006261085454281706
4110.0 0.0006430187420405322
4120.0 0.0007683583681747735
4130.0 0.0006136339099011291
4140.0 0.0005244782981926483
4150.0 0.0006278750038185999
4160.0 0.0006606073334815804
4170.0 0.0005293032230886992
4180.0 0.0006140946821785598
4190.0 0.0005822462337330685
4200.0 0.0005243106752791887
4210.0 0.0007104702752219102
4220.0 0.0006514934873556646
4230.0 0.0006941430190850009
4240.0 0.0007199673684264371
4250.0 0.0007184600347330834
4260.0 0.0007891112591954281
4270.0 0.0006528081878504798
4280.0 0.0008579870859051172
4290.0 0.0007444528174456778
4300.0 0.0008230882060488438
4310.0 0.0007574097943883198
4320.0 0.0007367983382709243
4330.0 0.000835629535818968
4340.0 0.0008108948935340846
4350.0 0.0007338614794717825
4360.0 0.0008111697935071346
4370.0 0.0008025841235656094
4380.0 0.00082155161161518
4390.0 0.0006042445952008019
4400.0 0.0007685287689900983
4410.0 0.0006385125269068564
4420.0 0.00068501092442182
4430.0 0.000747592312669151
4440.0 0.0007073772830324479
4450.0 0.0006871934159983344
4460.0 0.0006194693039496692
4470.0 0.0009433597622998782
4480.0 0.0009222037452453625
4490.0 0.0011331183409769455
4500.0 0.0011258567329420614
4510.0 0.001203483646989574
4520.0 0.001192759285793331
4530.0 0.0013938869732517938
4540.0 0.001522023952568836
4550.0 0.001913379424455862
4560.0 0.001859064794729045
4570.0 0.002294765580429138
4580.0 0.0023369245321675424
4590.0 0.0026839772918488677
4600.0 0.0027236132003956104
4610.0 0.003016524511768503
4620.0 0.0031229486399721074
4630.0 0.0030967882340524355
4640.0 0.003134521010555912
4650.0 0.0031146734995471086
4660.0 0.0028728052651672818
4670.0 0.002579571863858697
4680.0 0.002284613044397782
4690.0 0.0019744937868383283
4700.0 0.0016871835096915293
4710.0 0.001447296252848832
4720.0 0.0012902940195994134
4730.0 0.0011515222283926135
4740.0 0.0012476535987989916
4750.0 0.0013790494655377987
4760.0 0.0013456962594269135
4770.0 0.0013703703182405271
4780.0 0.001457082261135955
4790.0 0.001683602376199367
4800.0 0.0016521164886485122
4810.0 0.0019717796885550514
4820.0 0.002342803721356038
4830.0 0.002478422453561145
4840.0 0.0025649685886037473
4850.0 0.0023363444939759367
4860.0 0.0022348152795856014
4870.0 0.002100381801058377
4880.0 0.001942055454571544
4890.0 0.0020860017974375033
4900.0 0.0022930261386266662
4910.0 0.0023248891897595563
4920.0 0.002765416471863316
4930.0 0.0029469076025057423
4940.0 0.003332030305853617
4950.0 0.0037267162483133423
4960.0 0.0038628341941890965
4970.0 0.0040315303309788435
4980.0 0.004103617939827521
4990.0 0.0038206769881904573
5000.0 0.003105514263981427
5010.0 0.002536866006558659
5020.0 0.0023186203476388352
5030.0 0.0019805150975093014
5040.0 0.0021605573798557684
5050.0 0.002002726058685392
5060.0 0.0019122708855275532
5070.0 0.002026746404657973
5080.0 0.0021518453559242396
5090.0 0.002078013656765051
5100.0 0.0022742716791004395
5110.0 0.002562548017697468
5120.0 0.0024802020969694836
5130.0 0.002656927652017692
5140.0 0.0024152462130335693
5150.0 0.0024317135824530696
5160.0 0.002538758879212618
5170.0 0.0026541979662033973
5180.0 0.0026921948763578445
5190.0 0.0028631000576686415
5200.0 0.003083032034569595
5210.0 0.0031059970020628543
5220.0 0.0033213078889214823
5230.0 0.003469191015120606
5240.0 0.0036398673635869737
5250.0 0.003940421622838183
5260.0 0.0041089154403330976
5270.0 0.004115563892168751
5280.0 0.004572624641142745
5290.0 0.004612651777859355
5300.0 0.004890626572978089
5310.0 0.005096666136610083
5320.0 0.005126685969915294
5330.0 0.005160561111666274
5340.0 0.00537545394333189
5350.0 0.005183752775441647
5360.0 0.004980673762526124
5370.0 0.005021792672403867
5380.0 0.004938999325779705
5390.0 0.004829785105942293
5400.0 0.004744684622249876
5410.0 0.004787226529364572
5420.0 0.005355613432886348
5430.0 0.00568158374447326
5440.0 0.005699215686500531
5450.0 0.006088450683968871
5460.0 0.006868372205520125
5470.0 0.007330563961760313
5480.0 0.0075313348831362896
5490.0 0.008373019129559189
5500.0 0.008519755492252097
5510.0 0.008899136831209358
5520.0 0.009258983764253851
5530.0 0.009564031121236901
5540.0 0.009440494024124625
5550.0 0.00952502978757772
5560.0 0.009392210942338318
5570.0 0.008471500331154106
5580.0 0.00840046537489912
5590.0 0.008132170573569531
5600.0 0.007646074532836221
5610.0 0.007220479483101565
5620.0 0.006470229567144843
5630.0 0.00606766128644675
5640.0 0.004905972227149402
5650.0 0.0038146655496132833
5660.0 0.0025973331112871313
5670.0 0.002023777681577965
5680.0 0.0023507112512616128
5690.0 0.0027006676292965293
5700.0 0.003306737290074723
5710.0 0.003758989829504762
5720.0 0.00362874493737803
5730.0 0.0036969491850880505
5740.0 0.0040213279364205495
5750.0 0.004074305605976063
5760.0 0.0040619259978615235
5770.0 0.004248199071840273
5780.0 0.004303500875727117
5790.0 0.004329307185689083
5800.0 0.004301129736997101
5810.0 0.004577038867702361
5820.0 0.005110227279224153
5830.0 0.0050246749984489535
5840.0 0.005580889451850805
5850.0 0.005976982430340578
5860.0 0.006239995796711872
5870.0 0.0067320772708280895
5880.0 0.006621010830323162
5890.0 0.007013977270492725
5900.0 0.007484243711933593
5910.0 0.0069369597973613925
5920.0 0.0062955885586186595
5930.0 0.005900360100521186
5940.0 0.005845709231161698
5950.0 0.005510728862988979
5960.0 0.004953918385416879
5970.0 0.005071319275573331
5980.0 0.004987630170093131
5990.0 0.004839857353443898
6000.0 0.004941331379428131
6010.0 0.004769940306265925
6020.0 0.004694942632244346
6030.0 0.004907275097244219
6040.0 0.004828788903921107
6050.0 0.0049550392303907825
6060.0 0.005192183428560163
6070.0 0.005232699033093287
6080.0 0.005037907359085889
6090.0 0.005150187541668734
6100.0 0.004872165621793048
6110.0 0.005134294141805365
6120.0 0.004768022791351562
6130.0 0.004972724913786892
6140.0 0.004999251506898313
6150.0 0.004900277041789673
6160.0 0.004679069480150006
6170.0 0.004783039986878084
6180.0 0.004615334170626554
6190.0 0.004599168323451867
6200.0 0.004528868715841664
6210.0 0.004348826872522513
6220.0 0.00386764796649201
6230.0 0.003893323069877204
6240.0 0.004095361887337244
6250.0 0.004209048257964626
6260.0 0.004278192518661434
6270.0 0.003938924954563898
6280.0 0.004297912137999175
6290.0 0.004450632678504049
6300.0 0.00463672162404764
6310.0 0.004527354238836925
6320.0 0.004599996437209076
6330.0 0.0049683579992255665
6340.0 0.004992468360838945
6350.0 0.005353192954070641
6360.0 0.005580225809820723
6370.0 0.005704585054541008
6380.0 0.006041039594746094
6390.0 0.006170226419424246
6400.0 0.006774769587651013
6410.0 0.006952281273359829
6420.0 0.0071104314812164
6430.0 0.007896604283342478
6440.0 0.0079111070114054
6450.0 0.00783009040154758
6460.0 0.008079008426533736
6470.0 0.00807217147741047
6480.0 0.008454245169700766
6490.0 0.009270567501682057
6500.0 0.008537730013627525
6510.0 0.008658350166188314
6520.0 0.00865273937227349
6530.0 0.008601844518214538
6540.0 0.008317674879940484
6550.0 0.007919589137022662
6560.0 0.0074802091639703285
6570.0 0.0075077642001004944
6580.0 0.006893360964924763
6590.0 0.006325191492849563
6600.0 0.005874019081817093
6610.0 0.005204859119333991
6620.0 0.0049423205749936
6630.0 0.004318058202844898
6640.0 0.003813935212698244
6650.0 0.0036535804366307073
6660.0 0.003269694898940148
6670.0 0.0031842172099718494
6680.0 0.0029433733422020267
6690.0 0.0026940021004309618
6700.0 0.002269752749431177
6710.0 0.0027093590077415493
6720.0 0.0024367129985592493
6730.0 0.0023592224966839433
6740.0 0.002323402743762397
6750.0 0.0019892731370818387
6760.0 0.002250999438880179
6770.0 0.0021434743517865563
6780.0 0.0020099016288984617
6790.0 0.0021044072840235937
6800.0 0.0022608683277981784
6810.0 0.0022249552421436413
6820.0 0.002470378323547922
6830.0 0.0023476663393938112
6840.0 0.002283719522271057
6850.0 0.002075968304365429
6860.0 0.001595796610473659
6870.0 0.0019399423670897473
6880.0 0.0019627268298131966
6890.0 0.0022336854091795358
6900.0 0.002310007471866097
6910.0 0.0022940413425797364
6920.0 0.002281209551614263
6930.0 0.0026999053120933666
6940.0 0.0029197284162656325
6950.0 0.002984115774666523
6960.0 0.00283505069171489
6970.0 0.0028087487474609367
6980.0 0.0031145036890912903
6990.0 0.0031335428024908416
7000.0 0.003089772377629266
7010.0 0.0032297232747454567
7020.0 0.0031860148505127544
7030.0 0.003508051538502833
7040.0 0.0036413408251652294
7050.0 0.0041785804773357815
7060.0 0.004023079425105072
7070.0 0.004484125408587123
7080.0 0.004410439640615946
7090.0 0.0046770480502899125
7100.0 0.004823688673431744
7110.0 0.0049285852613924624
7120.0 0.005065120700002525
7130.0 0.0049210965961639045
7140.0 0.0049270253414688036
7150.0 0.004742148847171633
7160.0 0.004552017175189551
7170.0 0.004416657645074454
7180.0 0.00464078341928548
7190.0 0.0047646153330351765
7200.0 0.0050261553360509015
7210.0 0.005082304015805242
7220.0 0.004825900366806332
7230.0 0.005014826986583136
7240.0 0.0048844577368004575
7250.0 0.004821252931266145
7260.0 0.0049196731764066795
7270.0 0.005099188152753156
7280.0 0.00468457788178446
7290.0 0.004705946454844362
7300.0 0.0049542865618523715
7310.0 0.005037620858336283
7320.0 0.005022226152206264
7330.0 0.005087982622166204
7340.0 0.005056209820975615
7350.0 0.005225002831055394
7360.0 0.00515465286773629
7370.0 0.005065233234147803
7380.0 0.00481313737264523
7390.0 0.004905664799709186
7400.0 0.004810073875929888
7410.0 0.006078141158705036
7420.0 0.006070394471929633
7430.0 0.005547330282359345
7440.0 0.004726623051149111
7450.0 0.004050208909073549
7460.0 0.0035089304043635578
7470.0 0.003093358048809174
7480.0 0.002915090374309618
7490.0 0.00249372576876802
7500.0 0.002297266674526661
7510.0 0.002252318042577465
7520.0 0.0027515776954656034
7530.0 0.002902992916066541
7540.0 0.0032137160961693305
7550.0 0.0035104430623296057
7560.0 0.0038974422589413164
7570.0 0.004165720571632044
7580.0 0.002215540829501959
7590.0 0.001186051550841809
7600.0 0.002870108257293729
7610.0 0.0022222386009279303
7620.0 0.0024624025020406563
7630.0 0.0032949234486941543
7640.0 0.0038844048497432768
7650.0 0.004406737097542796
7660.0 0.005252945893343483
7670.0 0.005734329697177888
7680.0 0.0058153802241462434
7690.0 0.006532018932114949
7700.0 0.006744192419870075
7710.0 0.006555517516380081
7720.0 0.00676476581837004
7730.0 0.007597586980717174
7740.0 0.007232780423319459
7750.0 0.007100047009795007
7760.0 0.007392333691028701
7770.0 0.007595179235594564
7780.0 0.007148931477591279
7790.0 0.007048134045181805
7800.0 0.0076180619590305275
7810.0 0.007539771113379831
7820.0 0.007132315011007453
7830.0 0.007331949219432726
7840.0 0.007700504140825725
7850.0 0.007445431644782648
7860.0 0.007307683149082092
7870.0 0.007528420021495313
7880.0 0.007560777247555657
7890.0 0.007158681745797873
7900.0 0.007501771594319836
7910.0 0.007192124410800434
7920.0 0.0067580742189369694
7930.0 0.0069187062805967465
7940.0 0.006851664739022687
7950.0 0.006231100725975761
7960.0 0.006206034946549587
7970.0 0.0065290650989754595
7980.0 0.006223919526130341
7990.0 0.005840756178720361
8000.0 0.005995982310260699
8010.0 0.006063791522937119
8020.0 0.005678386517995248
8030.0 0.005516425436572644
8040.0 0.00603045524848722
8050.0 0.005765715507820852
8060.0 0.005232744868389415
8070.0 0.005304976135300861
8080.0 0.005240885542125786
8090.0 0.004779654492434641
8100.0 0.003825792043630936
8110.0 0.0034377385305154264
8120.0 0.0032040812827506446
8130.0 0.0026538064781116283
8140.0 0.0021692614822528215
8150.0 0.0018682180938854136
8160.0 0.0017075302116671119
8170.0 0.001552594494486357
8180.0 0.0011916163186353717
8190.0 0.0012985435804715676
8200.0 0.0012913521131577839
8210.0 0.0011841776368958419
8220.0 0.001511996963749643
8230.0 0.0016191415931850936
8240.0 0.0016783880027850307
8250.0 0.0021690663664268783
8260.0 0.0023101363910967153
8270.0 0.0022798314831953517
8280.0 0.0019251834316948138
8290.0 0.0018431734360731295
8300.0 0.0017414881275117351
8310.0 0.001961282981140339
8320.0 0.0017998744161130842
8330.0 0.001651740731599422
8340.0 0.002133886528046519
8350.0 0.0023887020905039246
8360.0 0.0024138507355187184
8370.0 0.002401158906201771
8380.0 0.0028160872475994827
8390.0 0.0031690791828781605
8400.0 0.0033330845871577665
8410.0 0.0034846073755854705
8420.0 0.0036629707821542665
8430.0 0.004330425064343124
8440.0 0.0038723074482041324
8450.0 0.004166656347422376
8460.0 0.004777851036598817
8470.0 0.005084014293695087
8480.0 0.005156104721036013
8490.0 0.004990674325823478
8500.0 0.005490984999170281
8510.0 0.006066108230861587
8520.0 0.006112250082726191
8530.0 0.005531911479151607
8540.0 0.005838261986678891
8550.0 0.006070181049296745
8560.0 0.006189120471741621
8570.0 0.006235250198672421
8580.0 0.005911203550467497
8590.0 0.006201435337846531
8600.0 0.006363693987041898
8610.0 0.006132269580090136
8620.0 0.006298447448901493
8630.0 0.006065135701632757
8640.0 0.00604847666839492
8650.0 0.00584588725731837
8660.0 0.0056240508938509215
8670.0 0.0055264327222567244
8680.0 0.005592924674933015
8690.0 0.005521100110941918
8700.0 0.005582311114572511
8710.0 0.004979640344766637
8720.0 0.004786055868320425
8730.0 0.004633985889751124
8740.0 0.004591212488181647
8750.0 0.004728213918684426
8760.0 0.004355746088104202
8770.0 0.0045323584906343025
8780.0 0.004741143813336957
8790.0 0.005056344287469935
8800.0 0.005027930073342752
8810.0 0.004743908741727519
8820.0 0.004712814391680791
8830.0 0.005138268153369997
8840.0 0.004553569574181221
8850.0 0.004187793637577325
8860.0 0.0038610910486749465
8870.0 0.003546761240624955
8880.0 0.003377163984217777
8890.0 0.002782691127883686
8900.0 0.0025402390781158815
8910.0 0.0031972695097573036
8920.0 0.002715694879483874
8930.0 0.002624072349397573
8940.0 0.002727532611729809
8950.0 0.0026233471481314735
8960.0 0.0031443973120592983
8970.0 0.003286349360380142
8980.0 0.003575910520314161
8990.0 0.0036682238076259353
9000.0 0.003760262793236547
9010.0 0.003947074978586067
9020.0 0.003672218107973986
9030.0 0.0035717151089922215
9040.0 0.003929330634638223
9050.0 0.0037038648548649946
9060.0 0.003909220692841356
9070.0 0.003886109697556714
9080.0 0.004125127354529294
9090.0 0.004329678920182658
9100.0 0.004417252859243339
9110.0 0.00434265930563101
9120.0 0.0043616744149913705
9130.0 0.0045148987567790785
9140.0 0.004534559028256527
9150.0 0.004578417157942914
9160.0 0.004945303620342364
9170.0 0.004983808549773575
9180.0 0.00514547571191188
9190.0 0.00508136675100327
9200.0 0.005338672347112587
9210.0 0.0049519851794970395
9220.0 0.00485084116131191
9230.0 0.004591458006529511
9240.0 0.00489980781016899
9250.0 0.005114470842390459
9260.0 0.004899073494198988
9270.0 0.004869937625861496
9280.0 0.004704612250595894
9290.0 0.004585843122652719
9300.0 0.00454579675290365
9310.0 0.004459571392567334
9320.0 0.004611772614390385
9330.0 0.0046476937564430216
9340.0 0.004714116499628255
9350.0 0.004736484009154797
9360.0 0.005086346044803203
9370.0 0.00525470532478849
9380.0 0.0054674844409654255
9390.0 0.005359376210829167
9400.0 0.005238862002261784
9410.0 0.0053229389941180935
9420.0 0.005543219103414121
9430.0 0.005433303379494473
9440.0 0.005607331605114134
9450.0 0.005210112054668249
9460.0 0.005609533043135714
9470.0 0.0054713877123742745
9480.0 0.0056515367626103555
9490.0 0.005762700855346013
9500.0 0.005565168943740834
9510.0 0.006130842777870891
9520.0 0.006041703896354689
9530.0 0.0054902032147213665
9540.0 0.0054451781650211506
9550.0 0.005540210162705426
9560.0 0.005015735625633087
9570.0 0.004807656542810159
9580.0 0.004856544438182189
9590.0 0.00475458633544598
9600.0 0.0046035212360401485
9610.0 0.0046201876694438445
9620.0 0.004594342780584975
9630.0 0.004322929650984976
9640.0 0.004831967448626939
9650.0 0.004686662498838986
9660.0 0.004462670112026919
9670.0 0.00428861550513618
9680.0 0.004275962920845835
9690.0 0.005177757261296389
9700.0 0.004270148010447622
9710.0 0.004574381041575909
9720.0 0.004837450538476521
9730.0 0.00452994227161464
9740.0 0.004141516048041059
9750.0 0.0034883419777578086
9760.0 0.004074471823953295
9770.0 0.003698392351241853
9780.0 0.00427610632102173
9790.0 0.0037538339791324932
9800.0 0.003868060801398317
9810.0 0.004538415796492409
9820.0 0.004553096197893298
9830.0 0.0034395191462552347
9840.0 0.0042304166852872695
9850.0 0.005230705313891775
9860.0 0.004308513387438932
9870.0 0.0044104990161776625
9880.0 0.003686712934415812
9890.0 0.0041388648419834655
9900.0 0.003983034095917287
9910.0 0.0038518625038570396
9920.0 0.003720405416881963
9930.0 0.0035887549349511777
9940.0 0.003578473181763378
9950.0 0.0035681646305862525
9960.0 0.0035577864554874484
9970.0 0.003547399145695642
9980.0 0.0035369444424294904
9990.0 0.003526468456833406
10000.0 0.0035159401147965424
10010.0 0.0035053550609592723
10020.0 0.0034947285932516617
10030.0 0.003484077315524588
10040.0 0.003473368851788302
10050.0 0.0034626228081401154
10060.0 0.0034518453794788843
10070.0 0.0034410250145583527
10080.0 0.003430140809428629
10090.0 0.003419241291938026
10100.0 0.003408298555910847
10110.0 0.0033973095570828155
10120.0 0.0033862756704071875
10130.0 0.003375220492370775
10140.0 0.00336411525627787
10150.0 0.0033529848150523536
10160.0 0.003341792178654728
10170.0 0.003330571571906744
10180.0 0.0033193361759552846
10190.0 0.003308023033216662
10200.0 0.0032966955383125916
10210.0 0.003285342407348895
10220.0 0.0032739331190381857
10230.0 0.0032624938118985506
10240.0 0.0032510288744518243
10250.0 0.003239529492318468
10260.0 0.00322798432368376
10270.0 0.0032164232517101123
10280.0 0.0032047947174835517
10290.0 0.003193180195811912
10300.0 0.0031815184864404803
10310.0 0.003169808068704155
10320.0 0.0031581026941091372
10330.0 0.0031463621584773243
10340.0 0.0031345881288114058
10350.0 0.0031228165156282246
10360.0 0.0031109991743436733
10370.0 0.0030991686130850773
10380.0 0.003087324134835718
10390.0 0.003075461300967786
10400.0 0.0030635904658781413
10410.0 0.003051695610477071
10420.0 0.0030397709768195088
10430.0 0.0030278589907416133
10440.0 0.0030159213228785646
10450.0 0.003003976548509978
10460.0 0.0029920317595648416
10470.0 0.0029800768704040903
10480.0 0.0029681163520554293
10490.0 0.002956139967159644
10500.0 0.0029441657904100164
10510.0 0.002932184646320148
10520.0 0.0029202075193046455
10530.0 0.002908218668887064
10540.0 0.0028962494350672115
10550.0 0.0028842325182003655
10560.0 0.0028722681882171197
10570.0 0.0028602915933107456
10580.0 0.002848308094904906
10590.0 0.0028363412923753726
10600.0 0.0028243703646131106
10610.0 0.0028123954958337465
10620.0 0.0028004676408280712
10630.0 0.002788505002783348
10640.0 0.0027765706094357357
10650.0 0.0027646629188115917
10660.0 0.002752719224452281
10670.0 0.002740835446368538
10680.0 0.002728946208250876
10690.0 0.0027170630896670325
10700.0 0.0027051788527506595
10710.0 0.002693353652255835
10720.0 0.002681507476059245
10730.0 0.002669682049702378
10740.0 0.0026578985350358226
10750.0 0.002646114104045329
10760.0 0.002634337898328248
10770.0 0.0026226015282356232
10780.0 0.002610885024495726
10790.0 0.002599161476104686
10800.0 0.002587494278959098
10810.0 0.0025758222942343116
10820.0 0.002564185381026074
10830.0 0.0025525850829353235
10840.0 0.002541008071506512
10850.0 0.0025294347778913135
10860.0 0.002517896783119735
10870.0 0.002506392794962508
10880.0 0.002494888349916221
10890.0 0.0024834475330024557
10900.0 0.002472009347529142
10910.0 0.0024606066658632007
10920.0 0.002449262530623639
10930.0 0.0024379192781697457
10940.0 0.0024265816213163904
10950.0 0.002415320207835921
10960.0 0.002404073979742425
10970.0 0.002392859278610637
10980.0 0.002381687233614196
10990.0 0.0023705313638323375
11000.0 0.0023594028045197516
11010.0 0.002348316380166263
11020.0 0.0023372749649507407
11030.0 0.0023262617657409134
11040.0 0.0023152792316578027
11050.0 0.002304334885750545
11060.0 0.0022934336773125516
11070.0 0.002282568916494728
11080.0 0.0022717359732447686
11090.0 0.002260933838294741
11100.0 0.0022501905444828117
11110.0 0.0022394683048169526
11120.0 0.002228786305368969
11130.0 0.0022181532060245074
11140.0 0.0022075426526716223
11150.0 0.0021969898298533617
11160.0 0.0021864680116710005
11170.0 0.0021759857616982705
11180.0 0.002165545205998204
11190.0 0.002155153235712609
11200.0 0.0021447926649618785
11210.0 0.0021344800311040375
11220.0 0.0021242098363842645
11230.0 0.002113978943347085
11240.0 0.002103798080176663
11250.0 0.002093658272546037
11260.0 0.0020835473217632725
11270.0 0.002073496796305398
11280.0 0.0020634861406869233
11290.0 0.0020535168138354773
11300.0 0.0020435861650635262
11310.0 0.0020337181093621473
11320.0 0.002023877337250565
11330.0 0.0020140884200744633
11340.0 0.0020043480955209193
11350.0 0.001994639168649064
11360.0 0.001984992309292684
11370.0 0.0019753832318957186
11380.0 0.0019658237270759535
11390.0 0.0019563044299959168
11400.0 0.0019468380049946902
11410.0 0.0019374182516390304
11420.0 0.0019280414250216632
11430.0 0.0019187121077209528
11440.0 0.0019094262368804643
11450.0 0.0019001975919328174
11460.0 0.0018910108418798007
11470.0 0.001881873464337809
11480.0 0.0018727763530910321
11490.0 0.0018637287395158863
11500.0 0.0018547125031034989
11510.0 0.0018384374682083632
11520.0 0.0018286283410829795
11530.0 0.0018188287525414178
11540.0 0.0018090213447748517
11550.0 0.001799213165364795
11560.0 0.0017894131661628791
11570.0 0.0017796050177534275
11580.0 0.0017697955066806948
11590.0 0.0017599985713599097
11600.0 0.0017501888999330451
11610.0 0.0017403898547955299
11620.0 0.0017305803421781374
11630.0 0.0017207721937393882
11640.0 0.0017109742699111979
11650.0 0.0017011649059037108
11660.0 0.0016913566088988998
11670.0 0.0016815564636848337
11680.0 0.0016717478944785974
11690.0 0.0016619385722615064
11700.0 0.0016521414459153162
11710.0 0.0016423321817443765
11720.0 0.0016325241036050067
11730.0 0.0016227240399322859
11740.0 0.0016129177303913598
11750.0 0.001603107981511322
11760.0 0.0015933090194425266
11770.0 0.0015834996582194008
11780.0 0.001573691358654531
11790.0 0.0015638912168880112
11800.0 0.001554084103630471
11810.0 0.001544285063548983
11820.0 0.0015344750978343146
11830.0 0.0015246668343320256
11840.0 0.0015148690228834038
11850.0 0.0015050609049791154
11860.0 0.0014952512849581016
11870.0 0.0014854523183639983
11880.0 0.0014756431010750726
11890.0 0.001465843880998202
11900.0 0.001456036199302248
11910.0 0.0014462280782425207
11920.0 0.0014364280131970717
11930.0 0.0014266184007761297
11940.0 0.0014168103027913804
11950.0 0.0014070124855507333
11960.0 0.001397204224478814
11970.0 0.0013874034733588067
11980.0 0.0013775952546804034
11990.0 0.001367785891304468
12000.0 0.0013579870688339862
