#lamb flux
1000.0 -2.6850401088664035e-25
1010.0 2.032730809691279e-08
1020.0 2.2844466850401504e-08
1030.0 1.807439248677976e-08
1040.0 1.439229362268703e-08
1050.0 1.0180682948849351e-08
1060.0 6.343148331532681e-09
1070.0 2.3084539929147215e-09
1080.0 2.89604977218329e-09
1090.0 1.8003566764417906e-09
1100.0 1.2404565383791534e-09
1110.0 2.3995270668949606e-11
1120.0 7.879751243681419e-15
1130.0 5.7063746958205516e-11
1140.0 2.56394502710689e-09
1150.0 7.549796792558451e-09
1160.0 7.444847206022166e-09
1170.0 7.080167509746293e-09
1180.0 7.247635945949223e-09
1190.0 7.803955279764304e-09
1200.0 5.9385361812534375e-09
1210.0 4.400488885496484e-09
1220.0 6.145897971023345e-09
1230.0 4.4266216838083886e-09
1240.0 2.848710370092544e-09
1250.0 2.8362643131538195e-09
1260.0 2.8341598214305826e-10
1270.0 2.864847579391218e-08
1280.0 1.776878877892071e-08
1290.0 1.0894901484477353e-08
1300.0 4.9696434311105305e-08
1310.0 8.889623790991125e-08
1320.0 1.3495695701170725e-07
1330.0 1.5894259168193304e-07
1340.0 1.34491864541359e-07
1350.0 9.283777273158836e-08
1360.0 6.371543381556798e-08
1370.0 5.748632927717513e-08
1380.0 4.177309650660173e-08
1390.0 2.156476109705907e-08
1400.0 1.1575530975928454e-08
1410.0 1.9596088362098377e-08
1420.0 6.540160066782809e-08
1430.0 1.0271945666864631e-07
1440.0 1.3584961509210834e-07
1450.0 1.3653900840606133e-07
1460.0 1.5346147170600208e-07
1470.0 1.9840167274108504e-07
1480.0 2.1599229829251903e-07
1490.0 2.589178130300274e-07
1500.0 2.8386966457701574e-07
1510.0 3.39820441284784e-07
1520.0 2.852318850106203e-07
1530.0 2.758972247542319e-07
1540.0 2.613642714156518e-07
1550.0 2.1105256225886336e-07
1560.0 1.7730786297840417e-07
1570.0 1.881593332852384e-07
1580.0 2.2032066364087455e-07
1590.0 2.6749003591909876e-07
1600.0 3.05105655994262e-07
1610.0 2.842631382630869e-07
1620.0 3.1805343381716527e-07
1630.0 4.0817814711733804e-07
1640.0 6.043318286140623e-07
1650.0 6.155144582103254e-07
1660.0 6.993694829619392e-07
1670.0 4.860123721746082e-07
1680.0 4.6126741943928056e-07
1690.0 3.4190836768661743e-07
1700.0 3.033793021367743e-07
1710.0 3.3312566599776184e-07
1720.0 4.0353891954506387e-07
1730.0 7.160400969013248e-07
1740.0 1.1218485935112235e-06
1750.0 1.5018210783364563e-06
1760.0 1.719754364706032e-06
1770.0 1.56463191072536e-06
1780.0 1.6733937358302543e-06
1790.0 1.552375784713797e-06
1800.0 1.2855835213931868e-06
1810.0 1.11752141999638e-06
1820.0 8.680598522265255e-07
1830.0 8.962106720511014e-07
1840.0 1.2348337988259893e-06
1850.0 2.3818250819357957e-06
1860.0 3.3523250867780843e-06
1870.0 5.0179626587162645e-06
1880.0 5.771334017661742e-06
1890.0 6.038444637727649e-06
1900.0 5.342562976911209e-06
1910.0 4.113668615653467e-06
1920.0 3.027437751316767e-06
1930.0 1.9499311898765263e-06
1940.0 1.3591609399068012e-06
1950.0 9.629644267126383e-07
1960.0 9.968261825476371e-07
1970.0 1.3757178683206744e-06
1980.0 2.128410843628005e-06
1990.0 2.9750948513948014e-06
2000.0 3.553617388846138e-06
2010.0 3.6006660026726545e-06
2020.0 3.2916812693794677e-06
2030.0 3.021633462160751e-06
2040.0 2.949540741800372e-06
2050.0 3.126534838540764e-06
2060.0 3.2073393341192283e-06
2070.0 3.597676182477143e-06
2080.0 4.216401331560205e-06
2090.0 4.986691723374546e-06
2100.0 5.26050539998524e-06
2110.0 4.90450488935675e-06
2120.0 4.297884382948424e-06
2130.0 4.0406030003084155e-06
2140.0 3.434914034575123e-06
2150.0 3.171561075628385e-06
2160.0 3.021141001139464e-06
2170.0 2.8910998087814822e-06
2180.0 2.5362779004026274e-06
2190.0 2.005587461825993e-06
2200.0 1.542142738020021e-06
2210.0 1.2356951566678146e-06
2220.0 1.007093504736991e-06
2230.0 7.4636385934817895e-06
2240.0 1.4246350912652006e-05
2250.0 2.0923172031512932e-05
2260.0 2.741640001996102e-05
2270.0 3.5320124348382706e-05
2280.0 4.727897124088866e-05
2290.0 6.4330011142072e-05
2300.0 9.053924820215259e-05
2310.0 0.00011182960392055003
2320.0 0.0001307301828572506
2330.0 0.00014706075258316643
2340.0 0.00016046089145977895
2350.0 0.00016378408237202764
2360.0 0.00015953316903007643
2370.0 0.00017333347819722416
2380.0 0.00017401544491687842
2390.0 0.00016653077409706102
2400.0 0.00015962440624600786
2410.0 0.00014928138496907249
2420.0 0.00013004606313601712
2430.0 0.00010955247723285455
2440.0 9.38447229545237e-05
2450.0 7.948475579637922e-05
2460.0 6.817930186718737e-05
2470.0 5.9445861962984195e-05
2480.0 5.968168723299477e-05
2490.0 6.424348827543238e-05
2500.0 5.966416352169692e-05
2510.0 5.518836156334133e-05
2520.0 4.998789031803344e-05
2530.0 3.944030110817253e-05
2540.0 3.375903594724615e-05
2550.0 2.8748945706823053e-05
2560.0 2.3555283565064347e-05
2570.0 2.2673429539865758e-05
2580.0 2.4827199867646164e-05
2590.0 2.901420043474118e-05
2600.0 3.401123805096833e-05
2610.0 4.0299014215666846e-05
2620.0 4.772413422224554e-05
2630.0 5.86885824735977e-05
2640.0 7.398775042920757e-05
2650.0 8.77853246056145e-05
2660.0 0.0001095486122843748
2670.0 0.0001151701954550894
2680.0 0.00012578495019143165
2690.0 0.00012930463478116362
2700.0 0.00014181512357823393
2710.0 0.0001508010154626194
2720.0 0.0001648334490121423
2730.0 0.0002042460216753549
2740.0 0.00023956058263871523
2750.0 0.00026586620713415463
2760.0 0.00028194025284663317
2770.0 0.00028458244618845274
2780.0 0.00028291301097658366
2790.0 0.0002997477594255257
2800.0 0.000333987236000782
2810.0 0.0003525676986869396
2820.0 0.0003658673401662741
2830.0 0.00037835520041918383
2840.0 0.00039851030735431846
2850.0 0.00043839621586883525
2860.0 0.000494870622475896
2870.0 0.0005302006089493904
2880.0 0.0005428503930301315
2890.0 0.0005433294302374318
2900.0 0.0004996660134361176
2910.0 0.00046662250857303344
2920.0 0.00045330609733798056
2930.0 0.00042808728899089166
2940.0 0.00040809130435797114
2950.0 0.0003886966928035404
2960.0 0.0003655913258819258
2970.0 0.00035631343314862046
2980.0 0.00035283575631899085
2990.0 0.00034462234385032007
3000.0 0.00034119274462652936
3010.0 0.0003466907256939851
3020.0 0.0003504568212794594
3030.0 0.0003428266596132918
3040.0 0.0003287655768942368
3050.0 0.00030955621835196753
3060.0 0.0002953911247548885
3070.0 0.0002902541842665654
3080.0 0.00029293544151838514
3090.0 0.0003086015703370466
3100.0 0.00033437651418622214
3110.0 0.00035930106242644533
3120.0 0.0003802897373417878
3130.0 0.0003818444758139055
3140.0 0.0003681675525971104
3150.0 0.0003500579134780455
3160.0 0.00032425555121690146
3170.0 0.000287975433628795
3180.0 0.00027099489456924614
3190.0 0.0002571743005586437
3200.0 0.0002467432140232284
3210.0 0.0002433237809065941
3220.0 0.0002462328674050311
3230.0 0.0002498504997284603
3240.0 0.00025699692980656736
3250.0 0.0002741185017244873
3260.0 0.00029908004487577754
3270.0 0.0003355867947797322
3280.0 0.00037907971604265295
3290.0 0.0004308849707832655
3300.0 0.0004934096203210102
3310.0 0.0005474563936995872
3320.0 0.0006008460267813023
3330.0 0.0006451563504998866
3340.0 0.0006571718786883652
3350.0 0.0006747403610264565
3360.0 0.0007246590649170672
3370.0 0.0007683546315506044
3380.0 0.0008487813594378394
3390.0 0.0009233789593610585
3400.0 0.0009598655955216303
3410.0 0.0009767924562275579
3420.0 0.0009584552657705401
3430.0 0.0009235863823064474
3440.0 0.0008880591733000516
3450.0 0.0008385807542298263
3460.0 0.0007780382285537784
3470.0 0.0007237882592665396
3480.0 0.0007018158858856334
3490.0 0.0006617230860925017
3500.0 0.0005965197540678534
3510.0 0.0005442263715873287
3520.0 0.0005159849385911148
3530.0 0.0005018668862374322
3540.0 0.0004852886049375389
3550.0 0.00048131770315101055
3560.0 0.0004652616491216151
3570.0 0.00043706596821725294
3580.0 0.000420393910368831
3590.0 0.00041627330289874064
3600.0 0.00019498167177939735
3610.0 0.0002402644184733039
3620.0 0.00026483371892307804
3630.0 0.000299427945572974
3640.0 0.0003847599125050278
3650.0 0.0004400467655743358
3660.0 0.0004858135115087413
3670.0 0.000503215024714619
3680.0 0.00048605037205650526
3690.0 0.0004663910313950625
3700.0 0.0004818918076673435
3710.0 0.00044423257256011485
3720.0 0.0005079652640845691
3730.0 0.0005843680177200659
3740.0 0.0005034537019211146
3750.0 0.0005203307552858696
3760.0 0.0004285731646350295
3770.0 0.00035382686767542924
3780.0 0.00042286659677641565
3790.0 0.0003344897536590186
3800.0 0.0003092165122411937
3810.0 0.00031018681466202117
3820.0 0.0003853578250167802
3830.0 0.0004932543234227735
3840.0 0.0005211217235952836
3850.0 0.0006128504391271364
3860.0 0.0006461036136164574
3870.0 0.0006671565268153294
3880.0 0.0007299382029618703
3890.0 0.0008231526895259867
3900.0 0.000890490597876277
3910.0 0.0009778472125638992
3920.0 0.0010803963428282905
3930.0 0.0012089491652219847
3940.0 0.0012867323844361026
3950.0 0.0014461165699701348
3960.0 0.0014929459472611754
3970.0 0.0016387385959359675
3980.0 0.0016708954251115624
3990.0 0.0016069861974813864
4000.0 0.0015372363570979432
4010.0 0.001382264687524622
4020.0 0.0013422549065203009
4030.0 0.0012431433883862283
4040.0 0.0011855542476520474
4050.0 0.0011877782395607822
4060.0 0.0011332563082033333
4070.0 0.0010758376918736472
4080.0 0.0009599057760832211
4090.0 0.0009345817005247969
4100.0 0.000953755430125221
4110.0 0.0009490189196489095
4120.0 0.0008611073965929921
4130.0 0.0007755032393053741
4140.0 0.0007454540823212059
4150.0 0.0006967638901657767
4160.0 0.0006473511142273364
4170.0 0.0006640074441972697
4180.0 0.0007445031577464396
4190.0 0.0007889959339574165
4200.0 0.0008168465636353651
4210.0 0.0008216425593552996
4220.0 0.000779354291165748
4230.0 0.0007687765773677439
4240.0 0.0008295136430577851
4250.0 0.0008985172439827547
4260.0 0.000907048752693999
4270.0 0.0009434223464750738
4280.0 0.0009596638480721324
4290.0 0.0008994412791122294
4300.0 0.0009649686929161
4310.0 0.0009865698730690913
4320.0 0.0009718348061473378
4330.0 0.0010560107640246817
4340.0 0.0010928640806082948
4350.0 0.0010374614493674518
4360.0 0.001014894988255878
4370.0 0.0009527647524309923
4380.0 0.0009991684882145386
4390.0 0.0009637764406806524
4400.0 0.0009986999119336547
4410.0 0.0011600443280420003
4420.0 0.0012232207311702176
4430.0 0.0014257417471034417
4440.0 0.0016044651734160977
4450.0 0.0018255268000472048
4460.0 0.001962283385417392
4470.0 0.0020846505071911246
4480.0 0.002241676154718625
4490.0 0.002378196865387663
4500.0 0.0026282722194636496
4510.0 0.0026992080293717306
4520.0 0.002906346158069975
4530.0 0.0032531555950176707
4540.0 0.0035612733665471015
4550.0 0.003875045074729646
4560.0 0.004334355660871697
4570.0 0.0045937001496184765
4580.0 0.004715040186839946
4590.0 0.004784613451601489
4600.0 0.004573920816112863
4610.0 0.004411343936953818
4620.0 0.004325721803528135
4630.0 0.00441943530295025
4640.0 0.004473979376979964
4650.0 0.0043818388111645954
4660.0 0.004164480311158728
4670.0 0.003969478702954211
4680.0 0.003690562647991643
4690.0 0.003405658301894863
4700.0 0.003363636056835205
4710.0 0.003235543587140177
4720.0 0.003222316257509374
4730.0 0.0032586334889356766
4740.0 0.003273794882624266
4750.0 0.003271097274838252
4760.0 0.0032794296401563116
4770.0 0.0035255016083201593
4780.0 0.003662496506273814
4790.0 0.003943161276507683
4800.0 0.0042426214337766555
4810.0 0.0046699985079333645
4820.0 0.005033124779946091
4830.0 0.005100546692141383
4840.0 0.004948408649918276
4850.0 0.004608150048210567
4860.0 0.0044628979002803385
4870.0 0.00448533799153289
4880.0 0.004647772982144598
4890.0 0.004937346253793178
4900.0 0.005204742374149248
4910.0 0.005278347549419716
4920.0 0.005475924364783205
4930.0 0.00562581243541433
4940.0 0.005528330797247371
4950.0 0.0052670078110961345
4960.0 0.004892395366264559
4970.0 0.004470043924793977
4980.0 0.004200199494870153
4990.0 0.003868142491546917
5000.0 0.003762042508999419
5010.0 0.003677766655865889
5020.0 0.0036368664420636187
5030.0 0.0036843100065725976
5040.0 0.003763882994810499
5050.0 0.0038752040062474177
5060.0 0.003918494520622343
5070.0 0.004057989404664556
5080.0 0.004344712020119417
5090.0 0.0045874288235343685
5100.0 0.004735754827232844
5110.0 0.0050844809213016744
5120.0 0.005160954096428457
5130.0 0.005135131035694618
5140.0 0.005189404157216092
5150.0 0.005230559394371701
5160.0 0.0052769175802375185
5170.0 0.005478981077408163
5180.0 0.005546384340507958
5190.0 0.005687123041450769
5200.0 0.0059684770757753285
5210.0 0.006329035337436066
5220.0 0.006736713996112806
5230.0 0.006954791555788945
5240.0 0.007057904425145349
5250.0 0.0072220338000254115
5260.0 0.0075241759136210305
5270.0 0.007899933063667866
5280.0 0.00832960650781802
5290.0 0.008858164206489508
5300.0 0.009045877790004873
5310.0 0.00901121030683658
5320.0 0.00860521485227036
5330.0 0.008114276157189125
5340.0 0.007906234718367112
5350.0 0.00786419003578783
5360.0 0.007872233607877685
5370.0 0.00823855542756756
5380.0 0.008873647456717926
5390.0 0.00957616824587287
5400.0 0.010503272393394913
5410.0 0.011514190112286342
5420.0 0.012455043877461342
5430.0 0.013340798101055477
5440.0 0.013810695692655691
5450.0 0.014289783574839164
5460.0 0.014361333260913713
5470.0 0.01409165435373306
5480.0 0.014226456705261245
5490.0 0.014250838349098759
5500.0 0.014322813346528001
5510.0 0.014116749092246693
5520.0 0.01421907606246047
5530.0 0.014120883340643965
5540.0 0.014106196245519155
5550.0 0.014331091264338836
5560.0 0.014403853416376573
5570.0 0.01450763212873844
5580.0 0.014682220245738786
5590.0 0.014897873086243421
5600.0 0.015049193285531426
5610.0 0.015308175461695285
5620.0 0.015425149036682458
5630.0 0.014934872777551494
5640.0 0.014129674703237376
5650.0 0.013688726109505278
5660.0 0.013054278264144811
5670.0 0.012790534766619843
5680.0 0.012619880255053688
5690.0 0.012568403890555524
5700.0 0.012491892391749472
5710.0 0.01229832923295126
5720.0 0.012000859420085056
5730.0 0.011931774981863702
5740.0 0.011375979408525739
5750.0 0.011587030850194482
5760.0 0.011548757600889765
5770.0 0.011624749669281221
5780.0 0.01142812539276332
5790.0 0.01117500561407289
5800.0 0.010701599336053266
5810.0 0.010123551380146565
5820.0 0.00987445152672307
5830.0 0.009688111418366119
5840.0 0.009781404659775063
5850.0 0.01011154116890195
5860.0 0.010683632103578995
5870.0 0.011242780215521003
5880.0 0.01163595285670152
5890.0 0.011803677682323273
5900.0 0.012257029631521095
5910.0 0.012519116587038307
5920.0 0.01282969778991202
5930.0 0.012554066701140107
5940.0 0.012286822389641718
5950.0 0.01182426243577767
5960.0 0.01134920723464259
5970.0 0.010717650089193719
5980.0 0.01073161381305864
5990.0 0.01063926649814267
6000.0 0.010928768981472933
6010.0 0.011087514104967017
6020.0 0.011653800957378892
6030.0 0.011733576006430773
6040.0 0.011423350558144798
6050.0 0.011084532435467179
6060.0 0.010736581001646728
6070.0 0.010443337020007182
6080.0 0.010313589627061881
6090.0 0.010167214486242466
6100.0 0.009708259428256092
6110.0 0.008596186233325401
6120.0 0.007724491719517535
6130.0 0.006926576040935908
6140.0 0.006324871739703872
6150.0 0.005936455478859864
6160.0 0.005763489894396691
6170.0 0.006003199993682072
6180.0 0.006429131113624086
6190.0 0.007089128031718317
6200.0 0.007737385571102037
6210.0 0.00836746145979421
6220.0 0.0090114566412302
6230.0 0.009307723807683207
6240.0 0.009534637036300996
6250.0 0.009810415974236868
6260.0 0.00994053906273056
6270.0 0.010143930815675025
6280.0 0.010305170248568415
6290.0 0.010932435532460937
6300.0 0.0113168101111195
6310.0 0.011856344415581269
6320.0 0.01228350344593107
6330.0 0.012538908333025997
6340.0 0.013212100348966551
6350.0 0.013934634750822078
6360.0 0.014563881395967366
6370.0 0.015559771855362253
6380.0 0.016507266706205264
6390.0 0.017299726525827817
6400.0 0.017761856541314992
6410.0 0.017893055887281482
6420.0 0.018041457033388737
6430.0 0.01781043532377232
6440.0 0.017968697468940403
6450.0 0.017873556056074016
6460.0 0.01770721676871905
6470.0 0.017912261354956285
6480.0 0.017865176006241948
6490.0 0.018055825106946335
6500.0 0.017936516699035523
6510.0 0.018195084654309895
6520.0 0.018039121999574817
6530.0 0.01796180208047431
6540.0 0.018118767984089037
6550.0 0.01804494045103269
6560.0 0.017822431178468573
6570.0 0.017596669276205505
6580.0 0.017338265712344328
6590.0 0.016911539779156656
6600.0 0.016404860009742638
6610.0 0.01565994932803313
6620.0 0.015213069530827808
6630.0 0.01448369259283758
6640.0 0.014104527533130613
6650.0 0.013833316989111479
6660.0 0.01372479296335088
6670.0 0.013721226506686337
6680.0 0.013695477967971518
6690.0 0.01382957835354858
6700.0 0.013802745587367948
6710.0 0.013726501634022113
6720.0 0.013515700614941787
6730.0 0.013393159689461266
6740.0 0.013174182926264249
6750.0 0.012856320123742038
6760.0 0.01252046038136317
6770.0 0.01200366150293381
6780.0 0.011764067035756247
6790.0 0.011582423737218177
6800.0 0.01147880428867443
6810.0 0.011450241251540667
6820.0 0.011180257573925377
6830.0 0.011283400879070805
6840.0 0.01115656753514349
6850.0 0.010727835519783086
6860.0 0.00893132202348202
6870.0 0.010175659619776707
6880.0 0.010041273784951793
6890.0 0.010403643775970221
6900.0 0.011009490526759355
6910.0 0.011338716568557472
6920.0 0.01131070273028598
6930.0 0.011485358212666382
6940.0 0.011332743520835869
6950.0 0.01132137749924622
6960.0 0.011367354680011972
6970.0 0.011032691450927492
6980.0 0.010776737951062687
6990.0 0.010567407871751065
7000.0 0.010333912216194225
7010.0 0.010079436475737925
7020.0 0.010139932165936135
7030.0 0.010257373372060414
7040.0 0.010384888238264207
7050.0 0.010739647226670302
7060.0 0.01053331493176612
7070.0 0.010612475559795408
7080.0 0.010254688922328777
7090.0 0.009927245048767117
7100.0 0.009961413041552571
7110.0 0.009753424663319044
7120.0 0.00992604004257035
7130.0 0.010037655284226817
7140.0 0.010392129968577272
7150.0 0.010514010878271309
7160.0 0.010767563539845648
7170.0 0.010067461111259616
7180.0 0.010809525694871893
7190.0 0.01094057885881663
7200.0 0.011337047141926177
7210.0 0.011274185678893338
7220.0 0.01054882650396542
7230.0 0.010630170281398553
7240.0 0.011027769046694766
7250.0 0.01052395311616838
7260.0 0.010670689090505796
7270.0 0.011113247874787485
7280.0 0.010954390895081288
7290.0 0.011036181125893291
7300.0 0.011146167550404183
7310.0 0.011539908030571824
7320.0 0.011376443205053148
7330.0 0.011859056341766084
7340.0 0.012349746839882285
7350.0 0.01212288336022943
7360.0 0.012497897031416077
7370.0 0.012379786565724688
7380.0 0.012568955741682776
7390.0 0.012108842827443412
7400.0 0.012536689943835218
7410.0 0.012287405261592372
7420.0 0.01230165009245158
7430.0 0.011269019777751797
7440.0 0.009625281863324087
7450.0 0.008268050285115205
7460.0 0.00718066490787143
7470.0 0.00634582593959667
7480.0 0.005994848193902873
7490.0 0.005140964293899532
7500.0 0.004747670413147126
7510.0 0.0046663419443461075
7520.0 0.00571482674426334
7530.0 0.006044274967270245
7540.0 0.0067079047535204776
7550.0 0.00734551055492965
7560.0 0.008175642289402148
7570.0 0.008760256934764853
7580.0 0.004670811247443837
7590.0 0.0025067052440884683
7600.0 0.006081125313951435
7610.0 0.004720288014861327
7620.0 0.005243503128868133
7630.0 0.007033980295235704
7640.0 0.008313251081526155
7650.0 0.009454867209344976
7660.0 0.011298809011095133
7670.0 0.012365353455028613
7680.0 0.012571743252334509
7690.0 0.01415661761196724
7700.0 0.014653355593855803
7710.0 0.014279404712837439
7720.0 0.014772401594224778
7730.0 0.016632916689870415
7740.0 0.015874204282277718
7750.0 0.015622183636722364
7760.0 0.01630645825436981
7770.0 0.01679614211349225
7780.0 0.015849132484204997
7790.0 0.01566506721259238
7800.0 0.016974490484080004
7810.0 0.016842425909546477
7820.0 0.015972406302083225
7830.0 0.016460810275261542
7840.0 0.017331689958095923
7850.0 0.016799750086937917
7860.0 0.01653039025811068
7870.0 0.01707235787688905
7880.0 0.01718870422816292
7890.0 0.016315391250907564
7900.0 0.017140132861122807
7910.0 0.016473753597555763
7920.0 0.015518116665154532
7930.0 0.01592658286163958
7940.0 0.015811538430542105
7950.0 0.014415213176102698
7960.0 0.014392898879792775
7970.0 0.015179565048904603
7980.0 0.014505820344833012
7990.0 0.013646481914190446
8000.0 0.014043712548314833
8010.0 0.01423721746446961
8020.0 0.013363637131048335
8030.0 0.013012905672623847
8040.0 0.014258724913257326
8050.0 0.01366494020029165
8060.0 0.01243209949038801
8070.0 0.012634362903262789
8080.0 0.012512110826242092
8090.0 0.011438723004211733
8100.0 0.009178129832517678
8110.0 0.00826720646845821
8120.0 0.007723939594462595
8130.0 0.00641286315755502
8140.0 0.00525464082402789
8150.0 0.0045363238430991834
8160.0 0.0041561796187617505
8170.0 0.003788115675671892
8180.0 0.0029143792262868616
8190.0 0.003183498323616645
8200.0 0.0031734725813107054
8210.0 0.002917045482238412
8220.0 0.003733479075852794
8230.0 0.004007602876727952
8240.0 0.004164138831132726
8250.0 0.005394339441339504
8260.0 0.005758841937719961
8270.0 0.005696776054608727
8280.0 0.004822043342823838
8290.0 0.004627561333191661
8300.0 0.004382608649368451
8310.0 0.004947399766682609
8320.0 0.004550975320844094
8330.0 0.004186246432053228
8340.0 0.005420944710469459
8350.0 0.006082573287049831
8360.0 0.006161048189760417
8370.0 0.006143013468517083
8380.0 0.007221427085409946
8390.0 0.00814561849383558
8400.0 0.008587204640222676
8410.0 0.00899851695412204
8420.0 0.00948114484824158
8430.0 0.011234883711203451
8440.0 0.010069693293916295
8450.0 0.010860244535041003
8460.0 0.012482186358339713
8470.0 0.013312824585515104
8480.0 0.013532867563749617
8490.0 0.013128888933834392
8500.0 0.014478387493491736
8510.0 0.016031616587183214
8520.0 0.01619087308964694
8530.0 0.01468720170248153
8540.0 0.015536123008436745
8550.0 0.01619032227344881
8560.0 0.01654539522309015
8570.0 0.016706788182749604
8580.0 0.01587464391990752
8590.0 0.016692139109655207
8600.0 0.017167905040614186
8610.0 0.016581219514751375
8620.0 0.01706920513243257
8630.0 0.01647410758655435
8640.0 0.016466137889515207
8650.0 0.01595064532927048
8660.0 0.015380113989706897
8670.0 0.015147253032280143
8680.0 0.015364000835012184
8690.0 0.01520089523945104
8700.0 0.015403971687067156
8710.0 0.01377176821539222
8720.0 0.013266106779783396
8730.0 0.012873367101337149
8740.0 0.01278309680512483
8750.0 0.013193922599988106
8760.0 0.012181717924520219
8770.0 0.012703929111159386
8780.0 0.013318663954441812
8790.0 0.014235722453982011
8800.0 0.014187204033734937
8810.0 0.01341541409320458
8820.0 0.013357001570880343
8830.0 0.014594920427785053
8840.0 0.012962808507196872
8850.0 0.011947751306626316
8860.0 0.011039995932772927
8870.0 0.010163614623904003
8880.0 0.00969881591395071
8890.0 0.008009111784726687
8900.0 0.007327310109819347
8910.0 0.009242735511970994
8920.0 0.007867716264578436
8930.0 0.007618899975138076
8940.0 0.007936514954725821
8950.0 0.0076499882413524605
8960.0 0.009189396213436271
8970.0 0.00962513357942618
8980.0 0.010495883856217228
8990.0 0.010790161410499858
9000.0 0.011084836383628739
9010.0 0.011660753692766458
9020.0 0.010872096672872655
9030.0 0.010597332180691933
9040.0 0.011683532879913656
9050.0 0.01103682161305029
9060.0 0.011673701342059875
9070.0 0.01162966500928782
9080.0 0.012371368646121648
9090.0 0.01301249121997599
9100.0 0.013304138901966614
9110.0 0.013107343554844927
9120.0 0.013192809032328112
9130.0 0.013685292682631415
9140.0 0.013774062111482138
9150.0 0.013936849139368124
9160.0 0.015085452058732268
9170.0 0.015235261458980734
9180.0 0.015762584369142716
9190.0 0.015599190239997398
9200.0 0.01642361900048168
9210.0 0.01526609841278887
9220.0 0.014985794575528245
9230.0 0.01421425108767136
9240.0 0.015200687098636596
9250.0 0.01589987036065346
9260.0 0.015262050405018048
9270.0 0.015202963792068792
9280.0 0.014717568184964646
9290.0 0.014375951994091505
9300.0 0.014280010584612762
9310.0 0.01403829357955445
9320.0 0.014547615860481457
9330.0 0.014691264752108111
9340.0 0.014932087505344457
9350.0 0.015034038223338032
9360.0 0.01617786884864291
9370.0 0.01674781509106464
9380.0 0.01746183469281142
9390.0 0.017151846134033255
9400.0 0.016800531825694763
9410.0 0.017105252335711096
9420.0 0.017849569432064564
9430.0 0.01753145328315854
9440.0 0.01812997086322793
9450.0 0.01688007429491685
9460.0 0.018211235862600587
9470.0 0.01779888644094089
9480.0 0.018422310074495584
9490.0 0.018822838451866695
9500.0 0.01821447512716852
9510.0 0.020106562029707706
9520.0 0.01985433571709389
9530.0 0.01807837214463654
9540.0 0.017966319776722306
9550.0 0.01831683673360342
9560.0 0.016616073776994807
9570.0 0.015958920147026937
9580.0 0.016153459785463016
9590.0 0.015846091027116847
9600.0 0.015373403126656493
9610.0 0.015459892866040877
9620.0 0.015404095909477443
9630.0 0.014522966907471003
9640.0 0.016265470022292745
9650.0 0.015807745171929954
9660.0 0.015082105083808448
9670.0 0.014522663594431022
9680.0 0.014508473065212921
9690.0 0.017603015558092402
9700.0 0.014546062892731101
9710.0 0.01561325842727196
9720.0 0.016543677359428712
9730.0 0.015522538189289807
9740.0 0.014219538511013154
9750.0 0.012000402901851498
9760.0 0.01404427825134658
9770.0 0.012772938428218516
9780.0 0.014797070815391337
9790.0 0.013015167938156241
9800.0 0.01343735895638305
9810.0 0.01579693731127522
9820.0 0.01587879573146155
9830.0 0.012018661867762771
9840.0 0.014810860687227678
9850.0 0.018348491067938896
9860.0 0.015142827357560295
9870.0 0.015531229030339828
9880.0 0.01300754865623315
9890.0 0.014631051668508714
9900.0 0.014107277319665172
9910.0 0.013668986980332379
9920.0 0.013227851713296627
9930.0 0.012784161257562055
9940.0 0.012772064353299329
9950.0 0.01275965436067205
9960.0 0.012746934020494219
9970.0 0.01273391502720881
9980.0 0.012720702385186322
9990.0 0.012707069758888394
10000.0 0.012693194073758568
10010.0 0.01267906545070148
10020.0 0.012664647234532934
10030.0 0.012649979637887335
10040.0 0.01263500136095239
10050.0 0.012619663977581755
10060.0 0.012604193783738431
10070.0 0.012588296966060498
10080.0 0.012572169633108636
10090.0 0.012555853523206498
10100.0 0.012539094068333125
10110.0 0.01252212159184754
10120.0 0.01250493202538355
10130.0 0.012487409544398425
10140.0 0.01246950134638862
10150.0 0.012451454412897283
10160.0 0.012433118409048765
10170.0 0.012414422628504203
10180.0 0.012395527030649256
10190.0 0.0123762844651966
10200.0 0.01235678861878266
10210.0 0.012336974741867193
10220.0 0.012316977053381488
10230.0 0.012296550610874412
10240.0 0.012276019901977476
10250.0 0.012255102521321663
10260.0 0.012233875550964649
10270.0 0.012212460343909829
10280.0 0.012190743790164636
10290.0 0.012168730856434174
10300.0 0.012146470598683873
10310.0 0.012123954468772371
10320.0 0.012101130805189823
10330.0 0.012078093681255425
10340.0 0.012054770297416757
10350.0 0.012031125313745108
10360.0 0.012007411847063438
10370.0 0.011983268750320243
10380.0 0.011959045746083277
10390.0 0.011934501579412192
10400.0 0.011909694154198893
10410.0 0.011884760545202301
10420.0 0.011859555852652878
10430.0 0.01183415992099652
10440.0 0.011808519275757993
10450.0 0.011782702289022248
10460.0 0.011756708505008198
10470.0 0.011730455527012748
10480.0 0.011704087991508976
10490.0 0.0116774248424646
10500.0 0.011650660867667056
10510.0 0.011623637933397917
10520.0 0.011596519620767819
10530.0 0.01156913502627317
10540.0 0.011541732398319782
10550.0 0.011514057071734883
10560.0 0.011486281247057794
10570.0 0.01145828467897501
10580.0 0.011430088772888293
10590.0 0.011401805219723136
10600.0 0.011373419291009709
10610.0 0.011344837494589366
10620.0 0.011316068057731152
10630.0 0.011287296445047182
10640.0 0.011258351555062869
10650.0 0.011229186348263427
10660.0 0.011200043489018518
10670.0 0.011170688775079136
10680.0 0.011141220432916803
10690.0 0.01111165900750518
10700.0 0.01108194074487117
10710.0 0.011052226656618092
10720.0 0.01102236375261797
10730.0 0.010992341028071194
10740.0 0.010962317611084824
10750.0 0.010932196882672775
10760.0 0.01090191116123284
10770.0 0.010871583904928744
10780.0 0.010841189349120966
10790.0 0.010810659716500403
10800.0 0.010780173456605528
10810.0 0.010749590330955301
10820.0 0.010718910980144372
10830.0 0.01068810650643756
10840.0 0.010657359852593445
10850.0 0.010626467136978325
10860.0 0.010595609547148077
10870.0 0.01056454131162788
10880.0 0.010533551356129198
10890.0 0.010502541665475687
10900.0 0.010471490646904271
10910.0 0.01044032768117184
10920.0 0.010409132392223686
10930.0 0.01037798199418756
10940.0 0.010346724174942104
10950.0 0.010315500741219464
10960.0 0.010284220105723729
10970.0 0.01025289315117908
10980.0 0.010221611857882444
10990.0 0.010190334325506043
11000.0 0.010159010166347364
11010.0 0.010127656290739672
11020.0 0.010096334935733873
11030.0 0.010064973369840115
11040.0 0.010033692983974662
11050.0 0.01000234069687778
11060.0 0.00997098154626872
11070.0 0.0099396980094546
11080.0 0.009908382475518765
11090.0 0.009877066737451147
11100.0 0.009845822754831042
11110.0 0.009814554407309687
11120.0 0.00978332261984332
11130.0 0.009752123703661977
11140.0 0.009720941796052396
11150.0 0.009689771917876304
11160.0 0.009658662030116814
11170.0 0.009627585005555904
11180.0 0.009596514857495315
11190.0 0.009565532075931416
11200.0 0.009534554720284532
11210.0 0.00950360957815258
11220.0 0.009472751700747352
11230.0 0.009441915792765378
11240.0 0.00941112511437595
11250.0 0.009380413573298954
11260.0 0.009349731455270061
11270.0 0.009319108675762626
11280.0 0.00928855959165577
11290.0 0.009258048792944161
11300.0 0.009227607928462613
11310.0 0.009197258076118393
11320.0 0.009166934222614286
11330.0 0.009136699258628042
11340.0 0.009106550246732318
11350.0 0.009076439895458147
11360.0 0.009046431497296968
11370.0 0.009016486478297387
11380.0 0.008986611174005874
11390.0 0.00895683659564021
11400.0 0.008927140766217942
11410.0 0.008897501792934925
11420.0 0.008867973109490435
11430.0 0.008838532440518599
11440.0 0.008809161475466232
11450.0 0.008779903296447024
11460.0 0.008750731702985444
11470.0 0.008721636170424754
11480.0 0.008692657797966031
11490.0 0.008663752991137263
11500.0 0.00863483909186606
11510.0 0.008602234194827594
11520.0 0.00857289795107571
11530.0 0.008543559416749186
11540.0 0.008514221397825247
11550.0 0.008484871042036475
11560.0 0.008455530979665837
11570.0 0.008426198889571974
11580.0 0.008396854732227357
11590.0 0.008367516982337607
11600.0 0.008338177844322553
11610.0 0.008308838311310802
11620.0 0.008279495379428353
11630.0 0.008250166078706338
11640.0 0.008220814796216055
11650.0 0.008191472935567068
11660.0 0.008162124275878292
11670.0 0.008132796765121493
11680.0 0.008103454003893056
11690.0 0.008074109447821779
11700.0 0.00804477360479468
11710.0 0.008015431651091172
11720.0 0.007986095310351155
11730.0 0.007956743587637132
11740.0 0.007927418235695947
11750.0 0.007898068475992113
11760.0 0.007868733677913305
11770.0 0.007839397748259723
11780.0 0.007810050719191363
11790.0 0.0077807028680269156
11800.0 0.007751361151526446
11810.0 0.007722026354735252
11820.0 0.007692692660899401
11830.0 0.0076633414693137725
11840.0 0.007634010555161034
11850.0 0.007604661716178611
11860.0 0.007575328022027009
11870.0 0.007545994250724223
11880.0 0.00751664525589994
11890.0 0.007487304765630963
11900.0 0.007457962775527189
11910.0 0.007428627769025568
11920.0 0.007399284892626625
11930.0 0.007369940406531914
11940.0 0.0073406017475478955
11950.0 0.007311264038228793
11960.0 0.007281918885930466
11970.0 0.007252579317325738
11980.0 0.007223242432732517
11990.0 0.007193899560786845
12000.0 0.007164554624516227
