#lamb flux
1000.0 -1.8920192416413052e-25
1010.0 1.3508999061754689e-08
1020.0 1.518191841665614e-08
1030.0 1.2011866149068712e-08
1040.0 9.564775152594442e-09
1050.0 6.765855526963579e-09
1060.0 4.21548574274465e-09
1070.0 1.5341582393720008e-09
1080.0 1.9246595434230796e-09
1090.0 1.1964784562171589e-09
1100.0 8.243764786897968e-10
1110.0 1.5946654093210574e-11
1120.0 5.236699756035639e-15
1130.0 3.7923035129949645e-11
1140.0 1.7039363406102335e-09
1150.0 5.017433279426641e-09
1160.0 4.9476720587733245e-09
1170.0 4.705336589627291e-09
1180.0 4.816586188332437e-09
1190.0 5.1863596361262825e-09
1200.0 3.946610817522733e-09
1210.0 2.924460357945152e-09
1220.0 4.084411670778798e-09
1230.0 2.941840019266071e-09
1240.0 1.8931849974414566e-09
1250.0 1.8849049460204373e-09
1260.0 1.8835199205306587e-10
1270.0 1.90390218006673e-08
1280.0 1.180873387320286e-08
1290.0 7.240525891529366e-09
1300.0 3.3027168017479963e-08
1310.0 5.9078758356877875e-08
1320.0 8.969003956303973e-08
1330.0 1.0562951020605696e-07
1340.0 8.938010007966141e-08
1350.0 6.169788977770473e-08
1360.0 4.2343883063170735e-08
1370.0 3.820424652175412e-08
1380.0 2.7761338533291664e-08
1390.0 1.4331418602745696e-08
1400.0 7.69281652675539e-09
1410.0 1.302309291319984e-08
1420.0 4.3464219553208254e-08
1430.0 6.8264818963627e-08
1440.0 9.028270830343582e-08
1450.0 9.07406397849772e-08
1460.0 1.0198700533277344e-07
1470.0 1.318536282908711e-07
1480.0 1.4354349258105533e-07
1490.0 1.7207107393019547e-07
1500.0 1.8865368287014252e-07
1510.0 2.2583759282224388e-07
1520.0 1.8955996617413255e-07
1530.0 1.833549477982709e-07
1540.0 1.73697377767948e-07
1550.0 1.402609560804514e-07
1560.0 1.1783567755388689e-07
1570.0 1.250468681474708e-07
1580.0 1.4642109993777392e-07
1590.0 1.7776846742313174e-07
1600.0 2.027674501726748e-07
1610.0 1.8891437437910842e-07
1620.0 2.113707838113396e-07
1630.0 2.7126637194633325e-07
1640.0 4.0162716275706826e-07
1650.0 4.0905520190816823e-07
1660.0 4.6478434493287803e-07
1670.0 3.229906172412269e-07
1680.0 3.065475516798176e-07
1690.0 2.272231300938555e-07
1700.0 2.0161978369712284e-07
1710.0 2.2138621482931702e-07
1720.0 2.6818226661225455e-07
1730.0 4.7586510376953246e-07
1740.0 7.455547036265383e-07
1750.0 9.980741175791226e-07
1760.0 1.1429107826408226e-06
1770.0 1.0398223052483912e-06
1780.0 1.1120944973371443e-06
1790.0 1.0316695179498376e-06
1800.0 8.543685265392427e-07
1810.0 7.426851304686145e-07
1820.0 5.768936334452019e-07
1830.0 5.955980608365546e-07
1840.0 8.206428229396668e-07
1850.0 1.5829122124005574e-06
1860.0 2.2278921329052797e-06
1870.0 3.3348158196682422e-06
1880.0 3.835516038794564e-06
1890.0 4.01300837509133e-06
1900.0 3.5505656478126095e-06
1910.0 2.733851524227123e-06
1920.0 2.011975165908607e-06
1930.0 1.295883386529832e-06
1940.0 9.032678044265954e-07
1950.0 6.399638852372928e-07
1960.0 6.624660923124469e-07
1970.0 9.142727463296897e-07
1980.0 1.414498044928289e-06
1990.0 1.9771841581618064e-06
2000.0 2.3616548373787204e-06
2010.0 2.392924652310975e-06
2020.0 2.187585321795726e-06
2030.0 2.008106438513214e-06
2040.0 1.960187508357996e-06
2050.0 2.0778300397592554e-06
2060.0 2.1315189733311437e-06
2070.0 2.3909317339568733e-06
2080.0 2.8021334664942834e-06
2090.0 3.3140621264616205e-06
2100.0 3.49602165488047e-06
2110.0 3.2594485157124635e-06
2120.0 2.856263525508677e-06
2130.0 2.685293043258696e-06
2140.0 2.282762019425009e-06
2150.0 2.107743565928429e-06
2160.0 2.0077932173708644e-06
2170.0 1.9213756354305627e-06
2180.0 1.6855489460465928e-06
2190.0 1.3328755331200394e-06
2200.0 1.0248815526471856e-06
2210.0 8.212110991442475e-07
2220.0 6.728205454933859e-07
2230.0 0.00018671493517630254
2240.0 0.00037408490571207983
2250.0 0.0005569302516471124
2260.0 0.0007327576571157752
2270.0 0.0009537002265872605
2280.0 0.0011661339556119942
2290.0 0.0015751107630327093
2300.0 0.0022004354533394057
2310.0 0.002697802199952489
2320.0 0.0031304231879834333
2330.0 0.0034953787796701296
2340.0 0.003785536156197035
2350.0 0.0038351348031489562
2360.0 0.0037077525246467812
2370.0 0.003998391143236828
2380.0 0.0039840473596609
2390.0 0.0037840863222014004
2400.0 0.003599860928414097
2410.0 0.003341242623502453
2420.0 0.002888731226695605
2430.0 0.002415077698192635
2440.0 0.0020531120158883984
2450.0 0.001725728861758286
2460.0 0.0014689909692957705
2470.0 0.0012710365576986233
2480.0 0.001266313009411316
2490.0 0.0013526458834995545
2500.0 0.0012465678360403696
2510.0 0.0011441630407780362
2520.0 0.0010283344754933102
2530.0 0.0008050687329778537
2540.0 0.0006837462330430492
2550.0 0.0005777396339971664
2560.0 0.0004696716192639776
2570.0 0.00044854854798049654
2580.0 0.00048729992199384446
2590.0 0.0005649987193469448
2600.0 0.0006570828614138568
2610.0 0.0007723981228750438
2620.0 0.000907452184423159
2630.0 0.0011070523935133977
2640.0 0.0013845038739436794
2650.0 0.0016295389477787984
2660.0 0.0020172008542635412
2670.0 0.0021036315763247786
2680.0 0.0022789685258621495
2690.0 0.0023237493561320027
2700.0 0.0025278589315658045
2710.0 0.0026661183609364876
2720.0 0.0028903719860740615
2730.0 0.0035520882025844476
2740.0 0.004131963211670208
2750.0 0.004547824033747525
2760.0 0.004782832456053149
2770.0 0.0047875060415931954
2780.0 0.004719714343062878
2790.0 0.004958675235369001
2800.0 0.005478710271902118
2810.0 0.005734748013530091
2820.0 0.00590072602354575
2830.0 0.006050296208244417
2840.0 0.006318287510644303
2850.0 0.00689120626945494
2860.0 0.007712158280952201
2870.0 0.008191525787105617
2880.0 0.00831439215987851
2890.0 0.008249452098967837
2900.0 0.007520357321946417
2910.0 0.006961545275525285
2920.0 0.006703410848057551
2930.0 0.006274617727188267
2940.0 0.00592852792227852
2950.0 0.005596651531536808
2960.0 0.005217218852777469
2970.0 0.005039843661530288
2980.0 0.004948431339815615
2990.0 0.004828213691373991
3000.0 0.004829177669827499
3010.0 0.004957896398176346
3020.0 0.00506432561133904
3030.0 0.005006596520208248
3040.0 0.004852689608633817
3050.0 0.00461863599649409
3060.0 0.004455523533900407
3070.0 0.0044263998318889485
3080.0 0.004517119387634897
3090.0 0.004812289261047318
3100.0 0.005273491396687052
3110.0 0.005731613686861084
3120.0 0.006136633000401646
3130.0 0.006233711362629655
3140.0 0.006081242037085523
3150.0 0.005850794668916706
3160.0 0.00548447257892913
3170.0 0.004929690780265286
3180.0 0.004695502247096459
3190.0 0.004510725914151172
3200.0 0.0043813361957577915
3210.0 0.004374498227724777
3220.0 0.004482440475652487
3230.0 0.0046058909082355584
3240.0 0.004798069420524467
3250.0 0.005183509275793669
3260.0 0.005728778400186275
3270.0 0.006511912297279443
3280.0 0.007452520184590083
3290.0 0.00858312531398949
3300.0 0.00995966595035182
3310.0 0.011199036471858792
3320.0 0.012457360204748417
3330.0 0.013558336963438925
3340.0 0.0140003480060789
3350.0 0.014573168623362817
3360.0 0.01586924642542779
3370.0 0.017061997876047678
3380.0 0.019113991480540226
3390.0 0.02108963583396946
3400.0 0.022237143113042705
3410.0 0.02295593569542764
3420.0 0.022852514453155313
3430.0 0.022343690466619753
3440.0 0.021801289627238263
3450.0 0.020892902114055353
3460.0 0.01967518952767759
3470.0 0.018579785447033925
3480.0 0.018290150979400937
3490.0 0.017510163150703053
3500.0 0.016029203085683764
3510.0 0.014852392662408238
3520.0 0.014303464789465358
3530.0 0.014133237568612417
3540.0 0.013885534062358106
3550.0 0.013994796938986724
3560.0 0.013748989930692297
3570.0 0.013128903049043768
3580.0 0.012838531704312539
3590.0 0.012926665259241106
3600.0 0.005471866360432214
3610.0 0.006865373119095773
3620.0 0.007767971968979673
3630.0 0.008844810472058186
3640.0 0.011228332595489705
3650.0 0.012720622085300328
3660.0 0.013920991535511401
3670.0 0.014370843505383438
3680.0 0.013888924061668176
3690.0 0.013288996382223967
3700.0 0.013572180732846422
3710.0 0.012506255789044358
3720.0 0.014180730362083898
3730.0 0.01614509362150389
3740.0 0.01391461898535421
3750.0 0.01431307725049816
3760.0 0.011665568034880894
3770.0 0.009576345276970625
3780.0 0.011368504012503085
3790.0 0.00892080272227084
3800.0 0.008158227413677915
3810.0 0.008191682529836658
3820.0 0.010034011795627478
3830.0 0.012760509208423443
3840.0 0.013456354348573663
3850.0 0.015814787295406925
3860.0 0.01651616457189053
3870.0 0.01699692169021274
3880.0 0.018457906630219036
3890.0 0.020621005980783456
3900.0 0.022206566387045067
3910.0 0.02417293141207681
3920.0 0.026496428322385423
3930.0 0.02945953564023947
3940.0 0.031219317533463214
3950.0 0.0346809525484519
3960.0 0.03556078124788806
3970.0 0.03873634541915347
3980.0 0.03918449867687935
3990.0 0.03740983850813926
4000.0 0.0354822637842403
4010.0 0.03170309504448978
4020.0 0.030491337113753583
4030.0 0.02795523583293544
4040.0 0.026363508478906332
4050.0 0.026145364951498305
4060.0 0.024786921914500513
4070.0 0.023260291340971594
4080.0 0.02057799208359591
4090.0 0.019825684924127847
4100.0 0.020005996765121124
4110.0 0.01968024564696112
4120.0 0.017675526575441813
4130.0 0.01579651177495397
4140.0 0.015008197419236625
4150.0 0.013866241861483875
4160.0 0.012743734178389678
4170.0 0.012887454993480926
4180.0 0.014273691284416946
4190.0 0.014967932062021384
4200.0 0.015258194760034439
4210.0 0.015215457490519122
4220.0 0.014258081865923877
4230.0 0.013864248423304946
4240.0 0.014768079041133265
4250.0 0.015696930068667556
4260.0 0.015634491505392662
4270.0 0.016042179866147383
4280.0 0.016086880441022064
4290.0 0.014900951825797048
4300.0 0.015746890329321323
4310.0 0.01582408233413283
4320.0 0.015373524966431969
4330.0 0.016416855885461407
4340.0 0.016785306054573325
4350.0 0.01569786957055293
4360.0 0.01509954054321975
4370.0 0.01402715103738875
4380.0 0.014412037489077328
4390.0 0.013660727928283631
4400.0 0.013944579856885735
4410.0 0.015887275778623457
4420.0 0.016462474693301667
4430.0 0.01883838036087339
4440.0 0.02083979575451395
4450.0 0.02333270795562426
4460.0 0.024686263358219284
4470.0 0.02599926267734865
4480.0 0.02748478327406248
4490.0 0.028725103127301633
4500.0 0.031268030230591576
4510.0 0.031611824027467116
4520.0 0.03351974856442362
4530.0 0.03693848028979589
4540.0 0.03981896056818391
4550.0 0.042661500839947096
4560.0 0.047016427245522345
4570.0 0.04910186975852378
4580.0 0.04969153258276068
4590.0 0.04974152389698713
4600.0 0.046876453289361665
4610.0 0.04461142769793232
4620.0 0.04307676568574031
4630.0 0.04331270359974735
4640.0 0.04317060208650096
4650.0 0.041592857649870106
4660.0 0.03894199284981518
4670.0 0.036519871063940786
4680.0 0.033406244035129685
4690.0 0.030368033985985497
4700.0 0.029531024277060284
4710.0 0.02798363076299912
4720.0 0.027471147426556396
4730.0 0.027396280740053836
4740.0 0.027157974059943444
4750.0 0.026764462396972423
4760.0 0.026481063652614358
4770.0 0.02804233528035624
4780.0 0.02876168394203454
4790.0 0.030599359678560843
4800.0 0.032504956113914484
4810.0 0.03533197536337593
4820.0 0.03761955220269071
4830.0 0.037708454741726696
4840.0 0.03618872957827641
4850.0 0.03327714070026867
4860.0 0.031827735882678974
4870.0 0.03155853743767562
4880.0 0.032292577498668484
4890.0 0.033899223179645166
4900.0 0.03538309781307438
4910.0 0.03552704544385389
4920.0 0.0365003568081619
4930.0 0.03715791103945876
4940.0 0.03621066832961559
4950.0 0.0341704651651823
4960.0 0.03151064390212841
4970.0 0.028556361245624304
4980.0 0.02652410400881441
4990.0 0.02413390355914521
5000.0 0.02316950762661595
5010.0 0.022342303209874157
5020.0 0.02185354306380341
5030.0 0.02191470508484248
5040.0 0.022177495196699707
5050.0 0.022594114890596335
5060.0 0.02262615676326935
5070.0 0.02323359269451659
5080.0 0.024634110654839485
5090.0 0.02579174466481245
5100.0 0.026419442101428936
5110.0 0.028085704600340794
5120.0 0.028318939124727438
5130.0 0.027958670501265673
5140.0 0.0280160774067242
5150.0 0.028037945917936027
5160.0 0.028079555937485026
5170.0 0.02891769394647998
5180.0 0.029117662105866454
5190.0 0.02962865992783018
5200.0 0.030902692623024034
5210.0 0.032547789223627
5220.0 0.03442457702674006
5230.0 0.035339852494956955
5240.0 0.035655433998874324
5250.0 0.036278635072961515
5260.0 0.03746472427910135
5270.0 0.03917816437548135
5280.0 0.041042467580463156
5290.0 0.04337796794631918
5300.0 0.044074116957843454
5310.0 0.04368860350648411
5320.0 0.04156490080881333
5330.0 0.039039412874518495
5340.0 0.03785598214056854
5350.0 0.037444842354756806
5360.0 0.037278058055493675
5370.0 0.038807887938192065
5380.0 0.04154603325790459
5390.0 0.044608672616380414
5400.0 0.0486727927640375
5410.0 0.05310831607344465
5420.0 0.05721251176406101
5430.0 0.061070385225722626
5440.0 0.06307616383612447
5450.0 0.06510139512715137
5460.0 0.06527286895766864
5470.0 0.06397463408502328
5480.0 0.06444090104290771
5490.0 0.06437823314584132
5500.0 0.06454769392103846
5510.0 0.06353827011360906
5520.0 0.06384079802641343
5530.0 0.06319586159803157
5540.0 0.06298117597903448
5550.0 0.06365462631328359
5560.0 0.0637468066367312
5570.0 0.06396118594722476
5580.0 0.0644957181892133
5590.0 0.0651823979458783
5600.0 0.06564718946384582
5610.0 0.06648386624838701
5620.0 0.06677151505730756
5630.0 0.06443307800192102
5640.0 0.060666590657209925
5650.0 0.05843515088274235
5660.0 0.055439476345568034
5670.0 0.05412849785831394
5680.0 0.05326313044664593
5690.0 0.05306344533629037
5700.0 0.05277229115178979
5710.0 0.0519527851091748
5720.0 0.05064808059514331
5730.0 0.05031467707095983
5740.0 0.047902893962737614
5750.0 0.0487196054537355
5760.0 0.04847274073038233
5770.0 0.0486882280419563
5780.0 0.047815020314115504
5790.0 0.04671451259996865
5800.0 0.044753358065390235
5810.0 0.042328458041366375
5820.0 0.04127539092943892
5830.0 0.040478744906387185
5840.0 0.04079432029822055
5850.0 0.04205580296758654
5860.0 0.04430376769453833
5870.0 0.046489755131138275
5880.0 0.047991381924351616
5890.0 0.0485871743930379
5900.0 0.05032782703606918
5910.0 0.051252206136762964
5920.0 0.05241103393196767
5930.0 0.05117954738577294
5940.0 0.05002666956496919
5950.0 0.048086119793257234
5960.0 0.046076756976850604
5970.0 0.04352050197626757
5980.0 0.04350929292715245
5990.0 0.04303807732356619
6000.0 0.04409420818166918
6010.0 0.04467079248867297
6020.0 0.04683661861113141
6030.0 0.04706420091269891
6040.0 0.04579905897829852
6050.0 0.044402453916916336
6060.0 0.04299551355768352
6070.0 0.04176717510981734
6080.0 0.041165878536815394
6090.0 0.04053324883617495
6100.0 0.038649960153516856
6110.0 0.0342820695647713
6120.0 0.03079842258404313
6130.0 0.027624187302669495
6140.0 0.025200449849121623
6150.0 0.02362032537787476
6160.0 0.02288793144916096
6170.0 0.0237357987830998
6180.0 0.0252871731611947
6190.0 0.02777157484153293
6200.0 0.030219166140227256
6210.0 0.0326090045276189
6220.0 0.03504169319265961
6230.0 0.03614847237693264
6240.0 0.03698544673490298
6250.0 0.03804785374257601
6260.0 0.038517846862339084
6270.0 0.039215212123483216
6280.0 0.039781982621526116
6290.0 0.04206636859992778
6300.0 0.04347270594536943
6310.0 0.045502442603669695
6320.0 0.04705909040665756
6330.0 0.04797692382356845
6340.0 0.05047782506667879
6350.0 0.053094449725459444
6360.0 0.055412534129251255
6370.0 0.059069236936884616
6380.0 0.06256041684351742
6390.0 0.0654542240412976
6400.0 0.06712252921872695
6410.0 0.06753965864508171
6420.0 0.06802161338341965
6430.0 0.0671364219982082
6440.0 0.06768093886366293
6450.0 0.06721725306290512
6460.0 0.06653711588570412
6470.0 0.06718776735535871
6480.0 0.06694085551198237
6490.0 0.06753948396239653
6500.0 0.06697718717655106
6510.0 0.06780722988818874
6520.0 0.06705296068851528
6530.0 0.06661330155159752
6540.0 0.06703140674502926
6550.0 0.06662216879690343
6560.0 0.06557715269990368
6570.0 0.06458735557630708
6580.0 0.06350725435870251
6590.0 0.06179906390286205
6600.0 0.059841964334298926
6610.0 0.056989493489616135
6620.0 0.05523093228692573
6630.0 0.05248179756485803
6640.0 0.050952737063676166
6650.0 0.049800127629330435
6660.0 0.04928423715339301
6670.0 0.04907957495890724
6680.0 0.04884518874273342
6690.0 0.04908866465081209
6700.0 0.04890145031560711
6710.0 0.048485815685893226
6720.0 0.047609331610467764
6730.0 0.04705984807742973
6740.0 0.04618934438414258
6750.0 0.04498852957365018
6760.0 0.043697567863204424
6770.0 0.04185908177405897
6780.0 0.04098087069162841
6790.0 0.04024538889325431
6800.0 0.039818744925109305
6810.0 0.0396284698513526
6820.0 0.03864671797339433
6830.0 0.038836249266015185
6840.0 0.03832876317593771
6850.0 0.036718383719085264
6860.0 0.030422132828002133
6870.0 0.03463274819578684
6880.0 0.034059389590892386
6890.0 0.03519586917547797
6900.0 0.03713360350277905
6910.0 0.03818053950964835
6920.0 0.037983209295410665
6930.0 0.03845993958554279
6940.0 0.03786851710420663
6950.0 0.03776183447580707
6960.0 0.037855214444098666
6970.0 0.03664577911601517
6980.0 0.03571380086577714
6990.0 0.03492457969304636
7000.0 0.03406002181605792
7010.0 0.033139344649268716
7020.0 0.03324336128019
7030.0 0.033546645556669065
7040.0 0.033811244833676694
7050.0 0.034841046347932156
7060.0 0.03409305626004295
7070.0 0.03419572750807496
7080.0 0.032995619741553565
7090.0 0.031895253374300464
7100.0 0.031883164119332404
7110.0 0.03113523107858847
7120.0 0.03159600345219269
7130.0 0.031818579047683294
7140.0 0.032811147671064786
7150.0 0.033051136373954286
7160.0 0.03369066150134158
7170.0 0.03142525152299272
7180.0 0.03361606996459113
7190.0 0.03392410161704674
7200.0 0.035053049711805555
7210.0 0.03475766855554267
7220.0 0.03242560152074649
7230.0 0.032591138275741574
7240.0 0.03364605066592968
7250.0 0.032026430116514036
7260.0 0.03236824172187183
7270.0 0.033591982735802224
7280.0 0.032943898436172354
7290.0 0.033073473619830915
7300.0 0.033319210159144824
7310.0 0.03436162847919869
7320.0 0.03376490506592175
7330.0 0.035050232522394885
7340.0 0.036332883042333716
7350.0 0.03557944378563102
7360.0 0.03651233303015326
7370.0 0.03603065613201504
7380.0 0.0363972395872404
7390.0 0.034979083036168965
7400.0 0.036040343340223775
7410.0 0.03540491123270351
7420.0 0.0353124882402437
7430.0 0.032226205184560514
7440.0 0.027421067249126612
7450.0 0.0234645249876494
7460.0 0.020300333041357223
7470.0 0.017871060613127446
7480.0 0.016817079657963366
7490.0 0.014365503391667834
7500.0 0.013214620884748698
7510.0 0.012937107656184941
7520.0 0.015781329093915056
7530.0 0.016624666246284104
7540.0 0.018376446034433096
7550.0 0.02004240273437259
7560.0 0.022217498869806215
7570.0 0.023709664455327635
7580.0 0.012590138791496426
7590.0 0.00672917107970809
7600.0 0.016257552583209482
7610.0 0.012567268340144065
7620.0 0.01390245843035403
7630.0 0.018571969638590893
7640.0 0.021857791323414002
7650.0 0.02475496016670441
7660.0 0.029458011135869232
7670.0 0.03210188482296789
7680.0 0.032498741006359536
7690.0 0.0364391664506958
7700.0 0.03755576590697586
7710.0 0.03643935765617893
7720.0 0.03753399942801819
7730.0 0.042077345196707076
7740.0 0.03998252073902226
7750.0 0.039175175280669584
7760.0 0.04071082404058065
7770.0 0.041747892246926536
7780.0 0.03921918385033023
7790.0 0.03859079801213041
7800.0 0.041629367383229136
7810.0 0.04111961308732383
7820.0 0.03881948024126429
7830.0 0.03982517656613094
7840.0 0.041741561809236966
7850.0 0.04027561883897493
7860.0 0.03944801140040479
7870.0 0.04055416073678756
7880.0 0.04064197583670856
7890.0 0.03839819102687347
7900.0 0.040151482215487255
7910.0 0.03841018807139853
7920.0 0.03601275124552168
7930.0 0.03678686738372374
7940.0 0.03634859070121354
7950.0 0.03298178278479774
7960.0 0.03277411297022907
7970.0 0.034400679041160974
7980.0 0.03271685001620948
7990.0 0.030630611380894027
8000.0 0.03137061625907826
8010.0 0.03164896492275826
8020.0 0.029563096219675112
8030.0 0.028648200496824452
8040.0 0.0312409197789948
8050.0 0.029795453876131795
8060.0 0.02697372334581153
8070.0 0.027277334312957188
8080.0 0.026879534019413783
8090.0 0.024451470182049788
8100.0 0.019521479719919514
8110.0 0.017496079129111913
8120.0 0.016264422777089615
8130.0 0.013435810605986797
8140.0 0.010953764380579954
8150.0 0.009408580432297253
8160.0 0.008576466816600722
8170.0 0.007777291149779507
8180.0 0.0059529695335373
8190.0 0.006469520024930528
8200.0 0.006416137608876643
8210.0 0.005867475027079434
8220.0 0.007471110707970622
8230.0 0.00797837899965282
8240.0 0.008247254171967658
8250.0 0.010628494838090053
8260.0 0.011287915550981914
8270.0 0.011108321236621553
8280.0 0.009353751640778993
8290.0 0.008929729569215644
8300.0 0.008412930361081119
8310.0 0.009447472000268818
8320.0 0.008644978210744466
8330.0 0.007910429903082418
8340.0 0.010189806827693387
8350.0 0.011373261454821725
8360.0 0.01145932230667218
8370.0 0.011365511436105034
8380.0 0.013290172611478869
8390.0 0.014911839663193987
8400.0 0.015636954101710957
8410.0 0.016298980052189518
8420.0 0.01708215982785183
8430.0 0.02013424801776641
8440.0 0.017950060045370694
8450.0 0.01925631826550002
8460.0 0.022014193490322607
8470.0 0.023353935385070756
8480.0 0.023613153030243157
8490.0 0.022785977001258347
8500.0 0.024993821140639694
8510.0 0.027527175470002482
8520.0 0.02765157835441348
8530.0 0.024949392144849945
8540.0 0.026250070426402507
8550.0 0.02720868518000685
8560.0 0.027656204449156296
8570.0 0.027776233194552854
8580.0 0.026251095808741274
8590.0 0.02745468187302861
8600.0 0.02808560972567894
8610.0 0.026980115280823017
8620.0 0.027625009618302696
8630.0 0.026518734634902837
8640.0 0.02636347693548561
8650.0 0.025400892040003672
8660.0 0.0243607133247824
8670.0 0.023863046274983632
8680.0 0.024074509130438328
8690.0 0.023691074316633084
8700.0 0.02387865067525357
8710.0 0.02123394791955102
8720.0 0.020344597229442006
8730.0 0.01963632811362005
8740.0 0.019394096439347763
8750.0 0.019910285883882526
8760.0 0.018284237683080035
8770.0 0.01896599513706534
8780.0 0.019777372431258492
8790.0 0.02102624854211062
8800.0 0.020842539185579552
8810.0 0.019603572355093513
8820.0 0.019414088937275847
8830.0 0.021100491901503166
8840.0 0.018641060945490017
8850.0 0.017089985153912964
8860.0 0.015707584717568734
8870.0 0.014383922088362682
8880.0 0.013653392287541751
8890.0 0.011215003052941427
8900.0 0.010205979963397789
8910.0 0.012805926918979292
8920.0 0.010843267159224318
8930.0 0.010445053159746797
8940.0 0.010823289054517543
8950.0 0.010377691186262446
8960.0 0.01240060910464978
8970.0 0.012920642528788348
8980.0 0.014015829370923804
8990.0 0.01433347876396777
9000.0 0.014648216561652879
9010.0 0.01532903013966012
9020.0 0.014218204850749261
9030.0 0.013786967211142507
9040.0 0.015121463291876932
9050.0 0.014210690369821241
9060.0 0.014953254672610446
9070.0 0.014820204665444028
9080.0 0.015684511899760556
9090.0 0.01641290259334189
9100.0 0.016694985937823634
9110.0 0.016364254100307552
9120.0 0.016387230550487304
9130.0 0.016912734084976566
9140.0 0.01693627560009924
9150.0 0.01704998841474981
9160.0 0.018362260064723454
9170.0 0.018451354175906685
9180.0 0.018994603606727525
9190.0 0.018703562336260384
9200.0 0.019594170353836274
9210.0 0.018122652355796097
9220.0 0.017701945793374144
9230.0 0.01670766209687245
9240.0 0.017779121101679934
9250.0 0.018505642942404536
9260.0 0.017676559855541552
9270.0 0.017522314290882447
9280.0 0.016880360459423736
9290.0 0.016408842530756255
9300.0 0.016220661577117407
9310.0 0.01586941426574464
9320.0 0.016366303285226542
9330.0 0.01644908079050825
9340.0 0.01663920700654821
9350.0 0.016673484736630013
9360.0 0.01785733199042902
9370.0 0.018399633141323497
9380.0 0.019094260564028874
9390.0 0.018667845728066287
9400.0 0.01820060372687825
9410.0 0.018445043739483153
9420.0 0.01915917711791626
9430.0 0.018731365640178778
9440.0 0.019282520047115906
9450.0 0.017871619191316506
9460.0 0.01919375170549196
9470.0 0.018674856555178743
9480.0 0.019242343085673252
9490.0 0.019573106086370307
9500.0 0.01885647950122466
9510.0 0.020723502855325374
9520.0 0.02037367009734192
9530.0 0.01847033416536414
9540.0 0.0182761787007708
9550.0 0.01855216314411987
9560.0 0.01675747509872685
9570.0 0.01602583620753677
9580.0 0.016152425457335494
9590.0 0.015778106059360024
9600.0 0.015243085391238373
9610.0 0.015265013682555523
9620.0 0.015146831882244801
9630.0 0.014221596390429386
9640.0 0.015862747992593063
9650.0 0.015353690603824244
9660.0 0.014589701125216577
9670.0 0.013992159128431377
9680.0 0.013922722711509268
9690.0 0.016825552428960437
9700.0 0.013848901665350214
9710.0 0.014806971739000734
9720.0 0.01562857265139327
9730.0 0.0146075367183904
9740.0 0.01333020234978918
9750.0 0.01120731244478205
9760.0 0.01306675990461594
9770.0 0.011839682460482717
9780.0 0.013665102007817306
9790.0 0.01197548583925463
9800.0 0.012319079372330231
9810.0 0.014429990857920868
9820.0 0.01445295400548395
9830.0 0.010900688812686422
9840.0 0.013386077657761931
9850.0 0.016525630130146546
9860.0 0.013591411976797039
9870.0 0.013892537772274026
9880.0 0.01159577640083671
9890.0 0.012999441550426436
9900.0 0.012492620852387662
9910.0 0.012064815196828248
9920.0 0.011637642706940624
9930.0 0.011211181630146018
9940.0 0.011165056298225009
9950.0 0.01111912072394829
9960.0 0.011073597618575568
9970.0 0.011028381279371231
9980.0 0.010983546888449866
9990.0 0.010938841464338272
10000.0 0.010894679919711622
10010.0 0.010850769035863005
10020.0 0.010807141992034187
10030.0 0.010763928500124217
10040.0 0.01072097580756672
10050.0 0.010678364087908994
10060.0 0.01063610187503603
10070.0 0.010594159394835254
10080.0 0.010552491153720875
10090.0 0.01051116489835808
10100.0 0.010470230804730153
10110.0 0.010429489323066485
10120.0 0.01038924806993678
10130.0 0.010349264257205767
10140.0 0.010309530534786334
10150.0 0.01027012233049272
10160.0 0.010231105220229198
10170.0 0.01019241732753763
10180.0 0.010154051714866715
10190.0 0.010115928628851828
10200.0 0.010078211075043704
10210.0 0.010040736431001115
10220.0 0.010003700416085512
10230.0 0.009966839491712698
10240.0 0.009930428882464561
10250.0 0.009894243475222345
10260.0 0.009858375690219226
10270.0 0.009822924298080475
10280.0 0.009787666347131739
10290.0 0.009752790555313376
10300.0 0.009718178174971512
10310.0 0.00968395545687538
10320.0 0.00964992013407984
10330.0 0.009616263540589877
10340.0 0.009582904772536543
10350.0 0.009549701890847376
10360.0 0.0095169103022256
10370.0 0.009484330367225598
10380.0 0.009452058503217387
10390.0 0.00942000665858411
10400.0 0.009388235937411287
10410.0 0.009356718137487464
10420.0 0.009325514408073148
10430.0 0.009294458525846351
10440.0 0.009263652132193684
10450.0 0.00923312791375375
10460.0 0.009202763123116055
10470.0 0.009172698656505269
10480.0 0.009142855599926385
10490.0 0.009113220330059821
10500.0 0.009083772497419125
10510.0 0.009054596054803535
10520.0 0.009025572598495263
10530.0 0.008996692986717274
10540.0 0.00896810584356147
10550.0 0.00893968533437278
10560.0 0.008911472198630824
10570.0 0.008883389439675015
10580.0 0.008855507181972469
10590.0 0.008827847690812478
10600.0 0.008800345529606025
10610.0 0.008772924970336679
10620.0 0.008745760444591853
10630.0 0.008718732492294816
10640.0 0.008691840762528236
10650.0 0.00866514442503352
10660.0 0.008638581881136179
10670.0 0.00861212232626377
10680.0 0.008585862998000592
10690.0 0.008559712474089896
10700.0 0.00853367880241485
10710.0 0.008507803196900927
10720.0 0.008482044978503677
10730.0 0.008456376561045
10740.0 0.008430888080408091
10750.0 0.008405498311641646
10760.0 0.008380189274217012
10770.0 0.008355036813390695
10780.0 0.008329966908673214
10790.0 0.008304970979311536
10800.0 0.008280123440368485
10810.0 0.008255360012048206
10820.0 0.008230642105198482
10830.0 0.00820607557128304
10840.0 0.00818156940645181
10850.0 0.008157124861810756
10860.0 0.008132801364299464
10870.0 0.008108550132438155
10880.0 0.008084330240246787
10890.0 0.008060232142381319
10900.0 0.008036188734265242
10910.0 0.00801217502428371
10920.0 0.007988271824628216
10930.0 0.007964402236327058
10940.0 0.00794058113966821
10950.0 0.007916846985041222
10960.0 0.007893140641644258
10970.0 0.007869474593946383
10980.0 0.007845874194706217
10990.0 0.007822303805919407
11000.0 0.007798761811863026
11010.0 0.0077752961518511
11020.0 0.007751842520158995
11030.0 0.007728405753258777
11040.0 0.0077050346558996344
11050.0 0.0076816588448310125
11060.0 0.007658320261366175
11070.0 0.007635022221405546
11080.0 0.00761172578297838
11090.0 0.007588440686557245
11100.0 0.007565192209860949
11110.0 0.007541949087081539
11120.0 0.007518704665674277
11130.0 0.007495494711058131
11140.0 0.007472265219320144
11150.0 0.007449055215469368
11160.0 0.00742586581888951
11170.0 0.007402638426057841
11180.0 0.007379433238449391
11190.0 0.007356230723414838
11200.0 0.007333007661348572
11210.0 0.007309784360546939
11220.0 0.0072865620944227785
11230.0 0.007263312910118737
11240.0 0.007240055090713561
11250.0 0.007216802800912332
11260.0 0.007193496398888893
11270.0 0.0071702007011291355
11280.0 0.007146882930707592
11290.0 0.007123530503100409
11300.0 0.007100165775892841
11310.0 0.007076783309883064
11320.0 0.007053352056142397
11330.0 0.0070299160846254245
11340.0 0.007006445438565038
11350.0 0.006982930028565509
11360.0 0.006959397513111165
11370.0 0.0069358336172323344
11380.0 0.006912215106213266
11390.0 0.006888579721960456
11400.0 0.006864903443246865
11410.0 0.006841180525479554
11420.0 0.006817427933427838
11430.0 0.006793633155946458
11440.0 0.006769769915756997
11450.0 0.006745887671609359
11460.0 0.006721963956078248
11470.0 0.006697972775826998
11480.0 0.006673956627918898
11490.0 0.006649907690335061
11500.0 0.006625884213164954
11510.0 0.006593416672997382
11520.0 0.006568460017368554
11530.0 0.006543504089253392
11540.0 0.006518550720083899
11550.0 0.006493589850508687
11560.0 0.00646863444179409
11570.0 0.006443677404212268
11580.0 0.006418714828845344
11590.0 0.0063937614379690364
11600.0 0.006368808614938017
11610.0 0.0063438521863634295
11620.0 0.006318896056459055
11630.0 0.006293936753592382
11640.0 0.006268979428855095
11650.0 0.006244020188637583
11660.0 0.006219065787920249
11670.0 0.006194107479369296
11680.0 0.006169155044201694
11690.0 0.006144198098186881
11700.0 0.006119247140570587
11710.0 0.0060942853279764226
11720.0 0.006069329424467896
11730.0 0.006044364246068775
11740.0 0.006019412976371974
11750.0 0.005994456184573671
11760.0 0.005969503943496277
11770.0 0.005944548568228552
11780.0 0.005919582457680155
11790.0 0.005894630690216305
11800.0 0.005869674754999592
11810.0 0.00584471468734995
11820.0 0.005819761082036863
11830.0 0.005794801752299868
11840.0 0.0057698484978925095
11850.0 0.005744895571776252
11860.0 0.005719931883254994
11870.0 0.0056949796476634725
11880.0 0.005670024172759248
11890.0 0.005645059702897121
11900.0 0.0056201062985861685
11910.0 0.005595150527495496
11920.0 0.005570197076773189
11930.0 0.005545242491036727
11940.0 0.005520277466533761
11950.0 0.0054953260022623735
11960.0 0.005470372615141647
11970.0 0.005445408629752905
11980.0 0.005420455229830146
11990.0 0.0053954907273338374
12000.0 0.005370543823221032
