#lamb flux
1000.0 -1.393801477899795e-24
1010.0 1.849303640860271e-07
1020.0 2.0783136520011882e-07
1030.0 1.6443602204738782e-07
1040.0 1.3093650575002796e-07
1050.0 9.2620798688149e-08
1060.0 5.770787616236001e-08
1070.0 2.100158720833763e-08
1080.0 2.63474088295302e-08
1090.0 1.637913409108431e-08
1100.0 1.12852768938555e-08
1110.0 2.1830129096394642e-10
1120.0 7.168722861848532e-14
1130.0 5.191470548871e-10
1140.0 2.3325925234538234e-08
1150.0 6.868565047551477e-08
1160.0 6.773080340127024e-08
1170.0 6.441302605285465e-08
1180.0 6.593650653314939e-08
1190.0 7.099793345887018e-08
1200.0 5.4026806626568657e-08
1210.0 4.003408140916251e-08
1220.0 5.591335997573048e-08
1230.0 4.027200471840437e-08
1240.0 2.5916583958682268e-08
1250.0 2.5803322648319507e-08
1260.0 2.578420884402503e-09
1270.0 2.606343450399857e-07
1280.0 1.6165484365221597e-07
1290.0 9.911792602776107e-08
1300.0 4.5212194819713805e-07
1310.0 8.087486250512845e-07
1320.0 1.2277994177224918e-06
1330.0 1.4460010918125994e-06
1340.0 1.2235650976309897e-06
1350.0 8.446089990389309e-07
1360.0 5.796626959207411e-07
1370.0 5.229907893064286e-07
1380.0 3.800369062410064e-07
1390.0 1.9618879685791143e-07
1400.0 1.0531003000895885e-07
1410.0 1.7827898542640811e-07
1420.0 5.950012048106861e-07
1430.0 9.345076326057448e-07
1440.0 1.2359195200047599e-06
1450.0 1.2421900960737084e-06
1460.0 1.3961355762720786e-06
1470.0 1.8050013019350164e-06
1480.0 1.965025356083284e-06
1490.0 2.355545688056845e-06
1500.0 2.5825565479874914e-06
1510.0 3.0915697445780175e-06
1520.0 2.594937301987001e-06
1530.0 2.5100259327511875e-06
1540.0 2.3778112229675934e-06
1550.0 1.9200754460813085e-06
1560.0 1.6130921503847285e-06
1570.0 1.7118120837758798e-06
1580.0 2.0044004502431454e-06
1590.0 2.4335396373871595e-06
1600.0 2.7757481756097717e-06
1610.0 2.5861218887922853e-06
1620.0 2.8935436716966567e-06
1630.0 3.7134594908944498e-06
1640.0 5.498001097428613e-06
1650.0 5.59975522506559e-06
1660.0 6.362634866834176e-06
1670.0 4.421582661564754e-06
1680.0 4.196454726874519e-06
1690.0 3.110571792228969e-06
1700.0 2.7600581894661984e-06
1710.0 3.0306579384948105e-06
1720.0 3.6712623798390496e-06
1730.0 6.514283496592321e-06
1740.0 1.0206179083127066e-05
1750.0 1.3663081833340886e-05
1760.0 1.564574240338907e-05
1770.0 1.423453852611326e-05
1780.0 1.5223915318562774e-05
1790.0 1.4122890350124446e-05
1800.0 1.1695769031216365e-05
1810.0 1.0166875278710708e-05
1820.0 7.897318849733416e-06
1830.0 8.153417803449686e-06
1840.0 1.1234101301962188e-05
1850.0 2.166905062821643e-05
1860.0 3.0498395747794143e-05
1870.0 4.565187931703965e-05
1880.0 5.2505769386890325e-05
1890.0 5.493588542126306e-05
1900.0 4.860488643447936e-05
1910.0 3.7424808766730344e-05
1920.0 2.754262173086364e-05
1930.0 1.773985691494264e-05
1940.0 1.2365203986995382e-05
1950.0 8.76071478182111e-06
1960.0 9.068820817791257e-06
1970.0 1.251588917391461e-05
1980.0 1.936347508238757e-05
1990.0 2.7066465421254042e-05
2000.0 3.2329680302413065e-05
2010.0 3.275761920235192e-05
2020.0 2.9946563410167157e-05
2030.0 2.7489675725037903e-05
2040.0 2.6833952798407516e-05
2050.0 2.8444135602903307e-05
2060.0 2.917935938789484e-05
2070.0 3.2730578338203574e-05
2080.0 3.8359460370881746e-05
2090.0 4.536737395417072e-05
2100.0 4.7858307192858467e-05
2110.0 4.461950639921175e-05
2120.0 3.910064158217304e-05
2130.0 3.676004653098451e-05
2140.0 3.1249674361414826e-05
2150.0 2.885377743044318e-05
2160.0 2.748538700240902e-05
2170.0 2.6302405367238674e-05
2180.0 2.3074240203127455e-05
2190.0 1.8246218020867118e-05
2200.0 1.40299324719896e-05
2210.0 1.1241904616378451e-05
2220.0 9.210515454452608e-06
2230.0 1.3942498248225912e-05
2240.0 2.1755936284412503e-05
2250.0 2.9887305266814445e-05
2260.0 3.778761313517037e-05
2270.0 4.802498582545119e-05
2280.0 6.629796341663071e-05
2290.0 0.00010251636052427011
2300.0 0.00015290216694518278
2310.0 0.00018690108466070014
2320.0 0.000218315350995997
2330.0 0.0002453899783898833
2340.0 0.0002675376875978735
2350.0 0.00027286130134047325
2360.0 0.00026557047453870626
2370.0 0.00028831718505175334
2380.0 0.00028922361787837733
2390.0 0.0002765701626219745
2400.0 0.0002648944393740223
2410.0 0.0002475398862013347
2420.0 0.0002154777408807673
2430.0 0.00018138349525067293
2440.0 0.00015525789896054268
2450.0 0.00013140183658201128
2460.0 0.00011262678923335224
2470.0 9.812646492644621e-05
2480.0 9.844219990571914e-05
2490.0 0.00010588821338014895
2500.0 9.826759338294535e-05
2510.0 9.082886507229274e-05
2520.0 8.220984634110797e-05
2530.0 6.481610884130265e-05
2540.0 5.543918930940475e-05
2550.0 4.717757488137817e-05
2560.0 3.8627001892729816e-05
2570.0 3.715418015034853e-05
2580.0 4.065435001535538e-05
2590.0 4.747684662768623e-05
2600.0 5.561451078984115e-05
2610.0 6.584990848874844e-05
2620.0 7.792822241342557e-05
2630.0 9.576497239507997e-05
2640.0 0.00012064595367078016
2650.0 0.00014304464531003617
2660.0 0.00017838549916200072
2670.0 0.00018741111812779128
2680.0 0.00020454396532930345
2690.0 0.00021012518377345086
2700.0 0.0002302993649622234
2710.0 0.0002447259455604002
2720.0 0.0002673186999888663
2730.0 0.00033101702039786283
2740.0 0.00038799213702518854
2750.0 0.0004303118253904858
2760.0 0.00045603004798955695
2770.0 0.00046000168184814964
2780.0 0.00045700499842612276
2790.0 0.00048388225525251453
2800.0 0.0005388077866526935
2810.0 0.0005684169663606292
2820.0 0.0005894809569726525
2830.0 0.0006092075349553996
2840.0 0.0006412546865846885
2850.0 0.0007049880313566765
2860.0 0.0007953023051207806
2870.0 0.0008515461686384317
2880.0 0.0008713165590078519
2890.0 0.0008715435821383496
2900.0 0.0008010050667063937
2910.0 0.0007475728915508527
2920.0 0.0007257900045230421
2930.0 0.0006849918420084775
2940.0 0.0006525979616937176
2950.0 0.0006212016691348247
2960.0 0.0005838985656533524
2970.0 0.0005687202972697267
2980.0 0.0005630184136809917
2990.0 0.0005502765669037766
3000.0 0.0005503432539016546
3010.0 0.0005650295256563573
3020.0 0.0005765273130242807
3030.0 0.0005691369386592086
3040.0 0.0005508296362507812
3050.0 0.0005234687618363371
3060.0 0.0005041985556225788
3070.0 0.0005001089414721328
3080.0 0.0005095371040679515
3090.0 0.0005419410373095273
3100.0 0.0005928929487870773
3110.0 0.0006433116446297777
3120.0 0.0006875987033297141
3130.0 0.0006972729258027366
3140.0 0.0006790399648305696
3150.0 0.0006521703169358318
3160.0 0.000610269686700401
3170.0 0.0005475756947696624
3180.0 0.0005206490347607421
3190.0 0.0004992836152395643
3200.0 0.00048411533534785525
3210.0 0.0004825182771926745
3220.0 0.0004935686943410258
3230.0 0.0005062947224897179
3240.0 0.0005265248018798774
3250.0 0.0005678679569852041
3260.0 0.0006265639218894151
3270.0 0.000711054645750229
3280.0 0.0008124584170523246
3290.0 0.0009342419764526335
3300.0 0.0010824072021461922
3310.0 0.0012152700743671362
3320.0 0.0013498538863779236
3330.0 0.0014670637948145868
3340.0 0.001512796939948869
3350.0 0.0015726118800710868
3360.0 0.00171028327867725
3370.0 0.0018365787183235369
3380.0 0.002055083994498644
3390.0 0.0022649998262028893
3400.0 0.0023857452294659357
3410.0 0.0024604512509337835
3420.0 0.002447140588740663
3430.0 0.0023906590954152884
3440.0 0.0023308407454568285
3450.0 0.002232192271851896
3460.0 0.002100802978846631
3470.0 0.0019828145571066462
3480.0 0.001951049651897902
3490.0 0.0018672068742578314
3500.0 0.0017088365762822754
3510.0 0.0015831326067784633
3520.0 0.0015245144195820898
3530.0 0.0015064254294790834
3540.0 0.001480232198403244
3550.0 0.0014922497720849344
3560.0 0.0014665628617375928
3570.0 0.0014010789855075456
3580.0 0.0013708862156797208
3590.0 0.0013812869496337959
3600.0 0.0006980719945865227
3610.0 0.0008770005874457646
3620.0 0.0009855480108662167
3630.0 0.001108390045385864
3640.0 0.0013993552366460321
3650.0 0.0015479676746271757
3660.0 0.0016702078127347935
3670.0 0.0016938491126774128
3680.0 0.0016231153254953944
3690.0 0.0016570914853919058
3700.0 0.0017198737730879914
3710.0 0.0016455279114613243
3720.0 0.001794708273828976
3730.0 0.0019413199698322238
3740.0 0.0017753834710570288
3750.0 0.0016715441872637718
3760.0 0.0014396718713881144
3770.0 0.0012024666539958275
3780.0 0.0012863100600429506
3790.0 0.001135988152080993
3800.0 0.0010718743543993259
3810.0 0.0010697923612130737
3820.0 0.0012863056902200482
3830.0 0.0015964826359930898
3840.0 0.0017601047689190627
3850.0 0.0019907811352654027
3860.0 0.0021226102074509722
3870.0 0.0022529720694024298
3880.0 0.0025356435936196263
3890.0 0.0028478250461511055
3900.0 0.003003912550145404
3910.0 0.0033332179216721313
3920.0 0.0037215080005337537
3930.0 0.004167337646244961
3940.0 0.004492826737215972
3950.0 0.004892833106451534
3960.0 0.005246391786637017
3970.0 0.005579562856660705
3980.0 0.005534939320564082
3990.0 0.005162651519449271
4000.0 0.004925320431017607
4010.0 0.004472997975089807
4020.0 0.0042767192665673715
4030.0 0.004096976315498593
4040.0 0.0039023266555877085
4050.0 0.004007227034028038
4060.0 0.003921350604799213
4070.0 0.0035566169997633653
4080.0 0.0032205223652037257
4090.0 0.003207480592558525
4100.0 0.003272063343989056
4110.0 0.0032299800324575
4120.0 0.0028627351771890837
4130.0 0.0026417727244431
4140.0 0.002441837734132815
4150.0 0.0023751546858090753
4160.0 0.0022364905145206664
4170.0 0.0023272883479169702
4180.0 0.002593725860773558
4190.0 0.0028079034579035845
4200.0 0.0029435278204760704
4210.0 0.0029228295058249484
4220.0 0.002803465322376307
4230.0 0.0027824758771003875
4240.0 0.0029753904797197575
4250.0 0.0031455057227250806
4260.0 0.0031875759945809135
4270.0 0.0032965536044270716
4280.0 0.003304851222284895
4290.0 0.0032366117147495078
4300.0 0.003345027380632376
4310.0 0.0033338924471581263
4320.0 0.003359121784497876
4330.0 0.003520855856514665
4340.0 0.0036127373660653616
4350.0 0.0036206196441863356
4360.0 0.0034386661526795595
4370.0 0.003308301867387476
4380.0 0.0033265274458158987
4390.0 0.003396082288970396
4400.0 0.0036371831247770338
4410.0 0.004029907393768701
4420.0 0.004402990756063453
4430.0 0.005000204144172117
4440.0 0.0054919104580261075
4450.0 0.006255233639369077
4460.0 0.006700165455379325
4470.0 0.007006512929211858
4480.0 0.007506940406591899
4490.0 0.008064687164342067
4500.0 0.008737707191436963
4510.0 0.009111002856791775
4520.0 0.009843551596726452
4530.0 0.010944880118661309
4540.0 0.012055400019447288
4550.0 0.013208717848061489
4560.0 0.014653935847071082
4570.0 0.015533009394006175
4580.0 0.015528219993182837
4590.0 0.015477684662978565
4600.0 0.015105178658317262
4610.0 0.014746471325152312
4620.0 0.014649374352799371
4630.0 0.015140456122277617
4640.0 0.015604483503025863
4650.0 0.015200925069730885
4660.0 0.014272684932475504
4670.0 0.013214898598130853
4680.0 0.012233198418782005
4690.0 0.011313107889619593
4700.0 0.011047684597159543
4710.0 0.010661154779554748
4720.0 0.010451759815977367
4730.0 0.01072041601993196
4740.0 0.010973185181549392
4750.0 0.011152940649625614
4760.0 0.011159102194515876
4770.0 0.011692261436282313
4780.0 0.012090515222291123
4790.0 0.012991480499906961
4800.0 0.013974867787697385
4810.0 0.015276280214437511
4820.0 0.015958077418800093
4830.0 0.01613930258197444
4840.0 0.01564318955660609
4850.0 0.014805678695877818
4860.0 0.014337692896591255
4870.0 0.014148095733063514
4880.0 0.014167865598038802
4890.0 0.014511461914224205
4900.0 0.015344180687205448
4910.0 0.016095902135677114
4920.0 0.01668626281493455
4930.0 0.01741795395916884
4940.0 0.017256827122949844
4950.0 0.016608079615652884
4960.0 0.015562972506319135
4970.0 0.014338190534820133
4980.0 0.013270740711678643
4990.0 0.012409651740572384
5000.0 0.01203062117201345
5010.0 0.012045211594512106
5020.0 0.011977791819756755
5030.0 0.01214779576125679
5040.0 0.012538752070639085
5050.0 0.012925755445452228
5060.0 0.013212615692376875
5070.0 0.013816180394423543
5080.0 0.014440763284888964
5090.0 0.015177607413603708
5100.0 0.015556172037357992
5110.0 0.016278673680139372
5120.0 0.016744231692283854
5130.0 0.016521207137365445
5140.0 0.0165472054323129
5150.0 0.016851155935561517
5160.0 0.01706341417332362
5170.0 0.017704580610224816
5180.0 0.018356368451088817
5190.0 0.018907463772558898
5200.0 0.019700781378732827
5210.0 0.021146952941408247
5220.0 0.022836640234559228
5230.0 0.02358367799031129
5240.0 0.023859423027824966
5250.0 0.02466902685905011
5260.0 0.0258094459328089
5270.0 0.02718514038428686
5280.0 0.02877175306470035
5290.0 0.029873185365309755
5300.0 0.029750137779820725
5310.0 0.029227678995508117
5320.0 0.027729776786680982
5330.0 0.026630851968209603
5340.0 0.026177379609971387
5350.0 0.026422834488344378
5360.0 0.026647417726661245
5370.0 0.027943527635971643
5380.0 0.02974052083760124
5390.0 0.0316571229501087
5400.0 0.03397192831768895
5410.0 0.03618344149584044
5420.0 0.03794264207063401
5430.0 0.03892874484947181
5440.0 0.039831270880658694
5450.0 0.040205345596379505
5460.0 0.04010713092822526
5470.0 0.039471716680880675
5480.0 0.03958383508511478
5490.0 0.03937717564928751
5500.0 0.038980958453512425
5510.0 0.038490751132638626
5520.0 0.038167544994834504
5530.0 0.037995987041074285
5540.0 0.038472310641057404
5550.0 0.03873651694008248
5560.0 0.0394471831370112
5570.0 0.040076625087809556
5580.0 0.041389304916276404
5590.0 0.042076310979288635
5600.0 0.042676405908465685
5610.0 0.043738187339871365
5620.0 0.04402493248422185
5630.0 0.04314075174649639
5640.0 0.04160297837345147
5650.0 0.04060594494959236
5660.0 0.03887528842390294
5670.0 0.03810206315505159
5680.0 0.037756157665297566
5690.0 0.037196111677867544
5700.0 0.03644267857672222
5710.0 0.03624867492516495
5720.0 0.0357065297548006
5730.0 0.03540624216284982
5740.0 0.03469768375351584
5750.0 0.03490911286672152
5760.0 0.03423068747241025
5770.0 0.03327888521723472
5780.0 0.031524341940081434
5790.0 0.03024677162242295
5800.0 0.029005386826954378
5810.0 0.028281876102121305
5820.0 0.02838667961672444
5830.0 0.02901746772489819
5840.0 0.030114123303817564
5850.0 0.03158324943979214
5860.0 0.03333673325137821
5870.0 0.03500059336801835
5880.0 0.03609904470617442
5890.0 0.03749000693708871
5900.0 0.03914612543722124
5910.0 0.039679548265849414
5920.0 0.04069000899109158
5930.0 0.03981310014730376
5940.0 0.03902162609850501
5950.0 0.03738875347168383
5960.0 0.03612978008325583
5970.0 0.035094528808367664
5980.0 0.03520172577233492
5990.0 0.03574008644988427
6000.0 0.036655178052035775
6010.0 0.037242733474709744
6020.0 0.038510531294491786
6030.0 0.03793581186942139
6040.0 0.03625191601569326
6050.0 0.03493026878224931
6060.0 0.03382001431652585
6070.0 0.03366494384471954
6080.0 0.03312867011109261
6090.0 0.03174621690372175
6100.0 0.029051397925157586
6110.0 0.025499404540627074
6120.0 0.022543158782881035
6130.0 0.020231277061419316
6140.0 0.018728996405623394
6150.0 0.01767224406536076
6160.0 0.01779575557245425
6170.0 0.01844553990570724
6180.0 0.01990250354213924
6190.0 0.02175706813828719
6200.0 0.023681058614328152
6210.0 0.025432221550547175
6220.0 0.027102944059134125
6230.0 0.02820788002410922
6240.0 0.028887987973922474
6250.0 0.02953931685988211
6260.0 0.030287171083064196
6270.0 0.03074680198377709
6280.0 0.031975553023391556
6290.0 0.03402053658818094
6300.0 0.035436302144698284
6310.0 0.03706276876325996
6320.0 0.03841408986004957
6330.0 0.040142802471631996
6340.0 0.042072009895410906
6350.0 0.0444181898600844
6360.0 0.0459430834105674
6370.0 0.048225693313253055
6380.0 0.0498940782450746
6390.0 0.0509064677282638
6400.0 0.05088364011506785
6410.0 0.050954063941811706
6420.0 0.051302809144917735
6430.0 0.05078811372025831
6440.0 0.05101341900791514
6450.0 0.050715413830175096
6460.0 0.05034405109192256
6470.0 0.05036941615738708
6480.0 0.04979926297779328
6490.0 0.05040010264512708
6500.0 0.04941767840465565
6510.0 0.049728699388427305
6520.0 0.04921105573789763
6530.0 0.04893683473800115
6540.0 0.04872325971839657
6550.0 0.048494478192071845
6560.0 0.047568251790347155
6570.0 0.04674274788636393
6580.0 0.04580907941858436
6590.0 0.04471066439747635
6600.0 0.04317368084619783
6610.0 0.041498016450680644
6620.0 0.040312289754422054
6630.0 0.03938733142221548
6640.0 0.03891321535047506
6650.0 0.038242274741057264
6660.0 0.037952033233793904
6670.0 0.03774417099575533
6680.0 0.03740151827317067
6690.0 0.03767201224993797
6700.0 0.03727519581716167
6710.0 0.03677459873884504
6720.0 0.03617881110793972
6730.0 0.03545256025894249
6740.0 0.03470687784431634
6750.0 0.0338683086844378
6760.0 0.0332435444604339
6770.0 0.03220838538872745
6780.0 0.03201053482229257
6790.0 0.03149834677263669
6800.0 0.03125162428934041
6810.0 0.031366867791339056
6820.0 0.03052049389125724
6830.0 0.0305942052168444
6840.0 0.029896668491229978
6850.0 0.028994272413838635
6860.0 0.023579505063232382
6870.0 0.027802949026080558
6880.0 0.026574117619491716
6890.0 0.02786606170179722
6900.0 0.029416983367354464
6910.0 0.03001859666652557
6920.0 0.02989754967077828
6930.0 0.03031015385119903
6940.0 0.02988320758254085
6950.0 0.029840903437873923
6960.0 0.029952923462411057
6970.0 0.029033181185476493
6980.0 0.02833717365858252
6990.0 0.027745062525978647
7000.0 0.027103924405035278
7010.0 0.026417261281830997
7020.0 0.02653857127936651
7030.0 0.026815746388551394
7040.0 0.027066007599006587
7050.0 0.02791612690279559
7060.0 0.02735398899718949
7070.0 0.027472337191571182
7080.0 0.026550334003066868
7090.0 0.025708481017724022
7100.0 0.025739912576217328
7110.0 0.025179744262996188
7120.0 0.025588157425269983
7130.0 0.025805852061887492
7140.0 0.026646542965545802
7150.0 0.026876600616030692
7160.0 0.027411066457260394
7170.0 0.025609379865143934
7180.0 0.027429525970322832
7190.0 0.027724232647580675
7200.0 0.0287052162639642
7210.0 0.028500225371703172
7220.0 0.026621786965360352
7230.0 0.0268160325817854
7240.0 0.02771925314155136
7250.0 0.026437453022330023
7260.0 0.026755288913012147
7270.0 0.027820553392179904
7280.0 0.02732191481207315
7290.0 0.027475300361702263
7300.0 0.027718956346167882
7310.0 0.028640701850606413
7320.0 0.028192539608862595
7330.0 0.02930608390668358
7340.0 0.03042473896845525
7350.0 0.029846950669795248
7360.0 0.030679179844501487
7370.0 0.030328935932900657
7380.0 0.030683283647717274
7390.0 0.029541716713676787
7400.0 0.030483020606678318
7410.0 0.029999245760070785
7420.0 0.029962458910335128
7430.0 0.027392361311362454
7440.0 0.02334577083796256
7450.0 0.020019628752492528
7460.0 0.017359297975013566
7470.0 0.015312346446458975
7480.0 0.014433026181162241
7490.0 0.01236621467854994
7500.0 0.01139937413917757
7510.0 0.011187216459908405
7520.0 0.013662103895433732
7530.0 0.01442138915727845
7540.0 0.01597300099436883
7550.0 0.01745639928184534
7560.0 0.01939016174019139
7570.0 0.02073477817751814
7580.0 0.01103840950234999
7590.0 0.005917234053451427
7600.0 0.014310612134775304
7610.0 0.011088093367753434
7620.0 0.012291494411553161
7630.0 0.016452705793871758
7640.0 0.019405547075423756
7650.0 0.022026211675012584
7660.0 0.026267084766805796
7670.0 0.028688719306284343
7680.0 0.029109796996336368
7690.0 0.03271297619343439
7700.0 0.03379334982551892
7710.0 0.03286600677494733
7720.0 0.03393223887679358
7730.0 0.03812822516134632
7740.0 0.03631759349219549
7750.0 0.035670972881176245
7760.0 0.03715807962344832
7770.0 0.03819720314242748
7780.0 0.03597360081492292
7790.0 0.0354860575350552
7800.0 0.0383738837106347
7810.0 0.037999566716104015
7820.0 0.03596577731911373
7830.0 0.03699026321137643
7840.0 0.03886959031577388
7850.0 0.037602804298676885
7860.0 0.036926857964547886
7870.0 0.03806145712216038
7880.0 0.03824561981704842
7890.0 0.036232201586313836
7900.0 0.037986468774737756
7910.0 0.03643838074143823
7920.0 0.0342572423917495
7930.0 0.035089470973729345
7940.0 0.034767557974369014
7950.0 0.0316367934151765
7960.0 0.03152620953530459
7970.0 0.03318415491641544
7980.0 0.03165138445460836
7990.0 0.02971846523819355
8000.0 0.03052430269012031
8010.0 0.0308855155438242
8020.0 0.028937789750930372
8030.0 0.028127288591759905
8040.0 0.030763626824472354
8050.0 0.029428918379915164
8060.0 0.026723552825898392
8070.0 0.027105748984699526
8080.0 0.026792057369290266
8090.0 0.0244462643622325
8100.0 0.019579283892501482
8110.0 0.01760228299556379
8120.0 0.01641409442727834
8130.0 0.01360223778492951
8140.0 0.011124727328279568
8150.0 0.009585980034516429
8160.0 0.00876575024854676
8170.0 0.007974033399850852
8180.0 0.006124031222379223
8190.0 0.006676807622432904
8200.0 0.0066427609172303
8210.0 0.006094986048026355
8220.0 0.007785399060873919
8230.0 0.008341951854625952
8240.0 0.008652766893684032
8250.0 0.011186724128467877
8260.0 0.011920091834544481
8270.0 0.011769283683537333
8280.0 0.009945177448660754
8290.0 0.009526896381934173
8300.0 0.009004971279095926
8310.0 0.010146485597153528
8320.0 0.009316839426868591
8330.0 0.008554467733193514
8340.0 0.011056281842164135
8350.0 0.012383251808168162
8360.0 0.012519892074078724
8370.0 0.012461350333372857
8380.0 0.014621278927803651
8390.0 0.01646155755485543
8400.0 0.017323023420490732
8410.0 0.018120737603975038
8420.0 0.019058750534938156
8430.0 0.02254030146449664
8440.0 0.02016933835318359
8450.0 0.021712644814447974
8460.0 0.02490908961681725
8470.0 0.026518728781355753
8480.0 0.02690866051757062
8490.0 0.026059909300104947
8500.0 0.028687308349961645
8510.0 0.03170558892660509
8520.0 0.03196451177771144
8530.0 0.028945073003532048
8540.0 0.030564018630650332
8550.0 0.03179311822379851
8560.0 0.03243266787291753
8570.0 0.03269114401688452
8580.0 0.03100807964151791
8590.0 0.032547242858494425
8600.0 0.03341588048328262
8610.0 0.03221724155637612
8620.0 0.0331071172275899
8630.0 0.031897064374621344
8640.0 0.03182567204872612
8650.0 0.030775494850701107
8660.0 0.029622717413219913
8670.0 0.02912345948604471
8680.0 0.02948881759500296
8690.0 0.029125034297101914
8700.0 0.029463006924467853
8710.0 0.02629548866430082
8720.0 0.025286044176623033
8730.0 0.02449513823122227
8740.0 0.024281426013227005
8750.0 0.025018563213944772
8760.0 0.023059459390119243
8770.0 0.02400663577681502
8780.0 0.02512531281048466
8790.0 0.026809201583848464
8800.0 0.02667204188871634
8810.0 0.025178246182761287
8820.0 0.025025836830134405
8830.0 0.027298789317805307
8840.0 0.024204620128865154
8850.0 0.02227146237396414
8860.0 0.020544587306783144
8870.0 0.01888151631390899
8880.0 0.017987653546610523
8890.0 0.01482879550871051
8900.0 0.01354360071326661
8910.0 0.0170552613949563
8920.0 0.014493590744501208
8930.0 0.014011642346673575
8940.0 0.014571226232165847
8950.0 0.014021677997869565
8960.0 0.016815190585799437
8970.0 0.01758322013346217
8980.0 0.019141951117170212
8990.0 0.019645756608391674
9000.0 0.020148836936586808
9010.0 0.021160344040882798
9020.0 0.019696621021594026
9030.0 0.019167088048737676
9040.0 0.02109669493533412
9050.0 0.019896113704151796
9060.0 0.02100955240438195
9070.0 0.020895831520232163
9080.0 0.022191916477919037
9090.0 0.023303810147713423
9100.0 0.023786895342680296
9110.0 0.023396661706660757
9120.0 0.023510792654519875
9130.0 0.024348663351439873
9140.0 0.024466636643543434
9150.0 0.024715455847439026
9160.0 0.026709195000553118
9170.0 0.026930220263710027
9180.0 0.02781746570424715
9190.0 0.02748427899686703
9200.0 0.02889004603162221
9210.0 0.026810687716687653
9220.0 0.026275836647754618
9230.0 0.024883010526916098
9240.0 0.026566871749261308
9250.0 0.027744244304970248
9260.0 0.026588682389753628
9270.0 0.02644330191454996
9280.0 0.025558009706579333
9290.0 0.024924868082295527
9300.0 0.024719061090712233
9310.0 0.02426182839706711
9320.0 0.025101953051196498
9330.0 0.025309724318476362
9340.0 0.0256836232029023
9350.0 0.025818049944533388
9360.0 0.02773834379736146
9370.0 0.028670127557088556
9380.0 0.029845325757739266
9390.0 0.02926917629463429
9400.0 0.028624640005393626
9410.0 0.029097794991951136
9420.0 0.030316419578745552
9430.0 0.02972928806939997
9440.0 0.030696153907838544
9450.0 0.02853500103499049
9460.0 0.030737167743218982
9470.0 0.029994312487626764
9480.0 0.030996521988800922
9490.0 0.03162100711120543
9500.0 0.030551360386107076
9510.0 0.033672543865793145
9520.0 0.03319851163605376
9530.0 0.03018217966142168
9540.0 0.029948666090429094
9550.0 0.03048568835022765
9560.0 0.027612404652499326
9570.0 0.02647930576306904
9580.0 0.026760865690117385
9590.0 0.026211209185026743
9600.0 0.025390130153276937
9610.0 0.025493808622539565
9620.0 0.025362809583819427
9630.0 0.023875549914384658
9640.0 0.02669920776984552
9650.0 0.02590824490699108
9660.0 0.024681229811307874
9670.0 0.02372948731779007
9680.0 0.023670222371610643
9690.0 0.028675365525737184
9700.0 0.023659418742622115
9710.0 0.025356796356465355
9720.0 0.02682715301520724
9730.0 0.025133118704024942
9740.0 0.022988459640335832
9750.0 0.01937161336305516
9760.0 0.022636672222339543
9770.0 0.020556521778150275
9780.0 0.02377827724336407
9790.0 0.02088337429776305
9800.0 0.021528513075942925
9810.0 0.025270806992511732
9820.0 0.025363650356580256
9830.0 0.019168992142388343
9840.0 0.023587242544890988
9850.0 0.029177290907375183
9860.0 0.024043887471526332
9870.0 0.02462386927776019
9880.0 0.02059192279870352
9890.0 0.023127656768919858
9900.0 0.022266755692304786
9910.0 0.021542795647152186
9920.0 0.020816796984901565
9930.0 0.020088797045876423
9940.0 0.02004000518686483
9950.0 0.01999099450704809
9960.0 0.019941546953902937
9970.0 0.019891824557365434
9980.0 0.019841885679790162
9990.0 0.019791462338902548
10000.0 0.019740946719129748
10010.0 0.01968998540978412
10020.0 0.019638694044652277
10030.0 0.01958726483757076
10040.0 0.019535377386636077
10050.0 0.01948315569268296
10060.0 0.01943087122179567
10070.0 0.019378051866006336
10080.0 0.019325104422003025
10090.0 0.019271802538736994
10100.0 0.019218186314732398
10110.0 0.019164138005776356
10120.0 0.01911013877009933
10130.0 0.0190556334991837
10140.0 0.019000869798298767
10150.0 0.018945829070535245
10160.0 0.01889057036523525
10170.0 0.018834945799340468
10180.0 0.018779113335762876
10190.0 0.018723062623408667
10200.0 0.0186664751963147
10210.0 0.01860979084509151
10220.0 0.01855291988329376
10230.0 0.01849573417497556
10240.0 0.0184381959960364
10250.0 0.018380461757433807
10260.0 0.018322384075360954
10270.0 0.018264112206092635
10280.0 0.01820558769771713
10290.0 0.018146812790788468
10300.0 0.018087894943268717
10310.0 0.01802858183621562
10320.0 0.017969150901260517
10330.0 0.0179094545187979
10340.0 0.01784962747450358
10350.0 0.017789505373196894
10360.0 0.017729318298556698
10370.0 0.017668864677295056
10380.0 0.0176081644450066
10390.0 0.01754750691839852
10400.0 0.01748653719040311
10410.0 0.017425301087798606
10420.0 0.017364136495745457
10430.0 0.017302773822670946
10440.0 0.017241233010668475
10450.0 0.017179670681083534
10460.0 0.01711782912713722
10470.0 0.017055931268039726
10480.0 0.01699396886998963
10490.0 0.016931823812364827
10500.0 0.01686954735154033
10510.0 0.016807380576657514
10520.0 0.01674494088917125
10530.0 0.01668253850304388
10540.0 0.016620002820847076
10550.0 0.016557351976725792
10560.0 0.016494666573133848
10570.0 0.016432067131619082
10580.0 0.016369332699975557
10590.0 0.01630656326682109
10600.0 0.016243745129050153
10610.0 0.016180816061405368
10620.0 0.016117977453845342
10630.0 0.016055155513516915
10640.0 0.015992156685251318
10650.0 0.015929235558764746
10660.0 0.01586636075157842
10670.0 0.015803334687334965
10680.0 0.015740455255790695
10690.0 0.015677594191822363
10700.0 0.015614587888744869
10710.0 0.015551859333241123
10720.0 0.015488968318688701
10730.0 0.01542612411439159
10740.0 0.015363422785134487
10750.0 0.015300717411084935
10760.0 0.015237969513225173
10770.0 0.015175333366859273
10780.0 0.015112789312606314
10790.0 0.01505022580344724
10800.0 0.014987784525615052
10810.0 0.014925404369098264
10820.0 0.014863038882829227
10830.0 0.014800835821894105
10840.0 0.01473874529055172
10850.0 0.014676606185527819
10860.0 0.014614629459441825
10870.0 0.014552781019181622
10880.0 0.01449085988670812
10890.0 0.014429229980689531
10900.0 0.014367685351486926
10910.0 0.014306142937007273
10920.0 0.014244780207381345
10930.0 0.01418352089233623
10940.0 0.014122440226004083
10950.0 0.014061448047375668
10960.0 0.014000464623155297
10970.0 0.01393974644844966
10980.0 0.01387915722104216
10990.0 0.013818666362462092
11000.0 0.013758261270836158
11010.0 0.013698120436521148
11020.0 0.013638096349150959
11030.0 0.013578140639414149
11040.0 0.013518417655734796
11050.0 0.013458749713164554
11060.0 0.013399302489539158
11070.0 0.013340045314015073
11080.0 0.013280956129603115
11090.0 0.013222008171572264
11100.0 0.013163208058392543
11110.0 0.01310463468430394
11120.0 0.013046226098339818
11130.0 0.01298795381001417
11140.0 0.012929837294770567
11150.0 0.012872000459537
11160.0 0.012814311725095773
11170.0 0.012756791668978869
11180.0 0.012699434897401125
11190.0 0.012642314844724695
11200.0 0.012585372643666427
11210.0 0.012528630331771562
11220.0 0.012472098410555658
11230.0 0.012415750687774596
11240.0 0.01235967542999146
11250.0 0.012303730147423014
11260.0 0.012247935542818519
11270.0 0.012192458909221899
11280.0 0.01213717943477125
11290.0 0.012082099677559272
11300.0 0.012027212329160306
11310.0 0.011972615716347383
11320.0 0.011918124246906185
11330.0 0.01186390695078015
11340.0 0.01180993149753396
11350.0 0.011756110123096103
11360.0 0.011702604265653
11370.0 0.011649289190070106
11380.0 0.011596164734674907
11390.0 0.01154332577398658
11400.0 0.011490700624759037
11410.0 0.011438296585603963
11420.0 0.01138615300681623
11430.0 0.01133420395263521
11440.0 0.011282568329332545
11450.0 0.01123112205001683
11460.0 0.011179853750089699
11470.0 0.01112892832421704
11480.0 0.011078159204685988
11490.0 0.011027684573623131
11500.0 0.010977237964047006
11510.0 0.01089401382285758
11520.0 0.010840004267387595
11530.0 0.010786052733606916
11540.0 0.01073210621810507
11550.0 0.01067807164317738
11560.0 0.010624121786942104
11570.0 0.010570172632764961
11580.0 0.010516137817873649
11590.0 0.010462196942935622
11600.0 0.010408248058589453
11610.0 0.01035429693544161
11620.0 0.010300296704930385
11630.0 0.010246343353013311
11640.0 0.010192377883128928
11650.0 0.010138395709392026
11660.0 0.010084427921106918
11670.0 0.010030460927016467
11680.0 0.009976486927593333
11690.0 0.009922519582748163
11700.0 0.009868545541250998
11710.0 0.009814593293003666
11720.0 0.009760627574674706
11730.0 0.009706662099250878
11740.0 0.009652684627680541
11750.0 0.009598718691116717
11760.0 0.009544745491930942
11770.0 0.0094907784324441
11780.0 0.009436799284777744
11790.0 0.009382825796242129
11800.0 0.009328855145543213
11810.0 0.009274901329085228
11820.0 0.009220927789044238
11830.0 0.009166965011217398
11840.0 0.009112983899939461
11850.0 0.009059009747563906
11860.0 0.009005040340878257
11870.0 0.008951078251720278
11880.0 0.00889710672642962
11890.0 0.008843145241005358
11900.0 0.00878917794816655
11910.0 0.008735196353996432
11920.0 0.00868122480791344
11930.0 0.008627264159954772
11940.0 0.008573293970646054
11950.0 0.008519331117674032
11960.0 0.008465360675509497
11970.0 0.008411381585066357
11980.0 0.008357407970516066
11990.0 0.008303445269678467
12000.0 0.008249475316321812
