#lamb flux
1000.0 -1.2982653825242768e-24
1010.0 1.0960143116327617e-23
1020.0 -2.812414082680294e-23
1030.0 -1.1994118882018901e-23
1040.0 1.8611563782443123e-23
1050.0 4.1359030627651384e-24
1060.0 -6.061682926365156e-24
1070.0 -5.686866711302065e-25
1080.0 -3.1019272970738538e-24
1090.0 -1.1632227364026952e-24
1100.0 -3.4896682092080855e-25
1110.0 4.1359030627651384e-25
1120.0 -6.462348535570529e-27
1130.0 -8.788794008375919e-25
1140.0 2.274746684520826e-24
1150.0 -5.480071558163808e-24
1160.0 -2.0679515313825692e-24
1170.0 -3.5155176033503676e-24
1180.0 -2.0679515313825692e-25
1190.0 2.0679515313825692e-25
1200.0 -5.0664812518872945e-24
1210.0 -3.308722450212111e-24
1220.0 2.9985297205047253e-24
1230.0 1.7577588016751838e-24
1240.0 -2.895132143935597e-24
1250.0 -2.481541837659083e-24
1260.0 1.6543612251060553e-24
1270.0 7.444625512977249e-24
1280.0 1.9490443183280715e-23
1290.0 2.3988237764037803e-23
1300.0 3.639594695233322e-23
1310.0 -6.28657265540301e-23
1320.0 -1.1911400820763599e-22
1330.0 4.963083675318166e-23
1340.0 -2.3161057151484775e-23
1350.0 4.7976475528075605e-23
1360.0 4.1359030627651384e-23
1370.0 2.481541837659083e-24
1380.0 -1.6543612251060553e-23
1390.0 7.031035206700735e-24
1400.0 3.7223127564886245e-24
1410.0 -3.308722450212111e-24
1420.0 2.481541837659083e-23
1430.0 6.617444900424221e-23
1440.0 6.28657265540301e-23
1450.0 1.9852334701272664e-23
1460.0 1.2904017555827232e-22
1470.0 3.3087224502121107e-23
1480.0 3.771943593241806e-22
1490.0 2.6469779601696886e-23
1500.0 -2.6469779601696886e-23
1510.0 8.602678370551488e-23
1520.0 -9.26442286059391e-23
1530.0 -9.26442286059391e-23
1540.0 -1.6543612251060553e-22
1550.0 1.9852334701272664e-23
1560.0 5.293955920339377e-23
1570.0 -2.3161057151484775e-22
1580.0 -2.448454613156962e-22
1590.0 -5.955700410381799e-23
1600.0 -6.617444900424222e-24
1610.0 -9.26442286059391e-23
1620.0 1.7205356741102976e-22
1630.0 1.5881867761018131e-22
1640.0 2.514629062161204e-22
1650.0 -7.676236084492097e-22
1660.0 -2.6469779601696886e-23
1670.0 3.1763735522036263e-22
1680.0 -5.823351512373315e-22
1690.0 -4.036641389258775e-22
1700.0 -2.3822801641527197e-22
1710.0 -6.617444900424222e-24
1720.0 3.8381180422460484e-22
1730.0 -2.117582368135751e-22
1740.0 6.88214269644119e-22
1750.0 6.352747104407253e-22
1760.0 -1.3234889800848443e-21
1770.0 -5.823351512373315e-22
1780.0 -1.61465655570351e-21
1790.0 -2.3822801641527197e-22
1800.0 6.352747104407253e-22
1810.0 -1.971998580326418e-21
1820.0 -8.999725064576941e-22
1830.0 -7.940933880509066e-23
1840.0 0.0
1850.0 1.5881867761018131e-22
1860.0 -2.0117032497289633e-21
1870.0 -5.082197683525802e-21
1880.0 -5.082197683525802e-21
1890.0 -9.529120656610879e-21
1900.0 -3.1763735522036263e-21
1910.0 2.117582368135751e-21
1920.0 1.2705494208814505e-21
1930.0 8.999725064576941e-22
1940.0 -8.205631676526035e-22
1950.0 -4.499862532288471e-22
1960.0 -8.205631676526035e-22
1970.0 -4.235164736271502e-22
1980.0 2.117582368135751e-21
1990.0 3.0704944337968387e-21
2000.0 5.293955920339377e-22
2010.0 -4.0763460586613204e-21
2020.0 4.870439446712227e-21
2030.0 1.641126335305207e-21
2040.0 9.529120656610879e-22
2050.0 -3.8116482626443515e-21
2060.0 -2.6469779601696886e-21
2070.0 -1.376428539288238e-21
2080.0 4.235164736271502e-22
2090.0 -7.835054762102278e-21
2100.0 1.0587911840678754e-21
2110.0 -5.082197683525802e-21
2120.0 0.0
2130.0 -5.505714157152952e-21
2140.0 -1.1117307432712692e-21
2150.0 -1.376428539288238e-21
2160.0 4.235164736271502e-22
2170.0 -3.1763735522036263e-22
2180.0 2.6469779601696886e-22
2190.0 2.1969917069408415e-21
2200.0 -4.764560328305439e-22
2210.0 3.705769144237564e-22
2220.0 3.970466940254533e-22
2230.0 -1.4293680984916318e-21
2240.0 -1.6014216659026616e-21
2250.0 7.676236084492097e-22
2260.0 -2.8223402500309304e-21
2270.0 -3.7520912585405335e-21
2280.0 -4.863822001811803e-21
2290.0 -4.8857939868327425e-21
2300.0 -9.807053342428696e-21
2310.0 -1.6808310047077522e-21
2320.0 1.3429700000000029e-06
2330.0 5.283970000000002e-06
2340.0 9.85981999999999e-06
2350.0 1.4220000000000018e-05
2360.0 1.787699999999997e-05
2370.0 2.3773699999999948e-05
2380.0 2.8210699999999987e-05
2390.0 3.11313e-05
2400.0 3.3781199999999974e-05
2410.0 3.525809999999999e-05
2420.0 3.389099999999999e-05
2430.0 3.12115e-05
2440.0 2.900369999999999e-05
2450.0 2.6475599999999984e-05
2460.0 2.433949999999999e-05
2470.0 2.2635099999999996e-05
2480.0 2.413629999999999e-05
2490.0 2.7492300000000004e-05
2500.0 2.69287e-05
2510.0 2.6193199999999985e-05
2520.0 2.488230000000001e-05
2530.0 2.054039999999999e-05
2540.0 1.8355000000000006e-05
2550.0 1.6286200000000007e-05
2560.0 1.3878099999999998e-05
2570.0 1.3869899999999996e-05
2580.0 1.5744399999999994e-05
2590.0 1.9047299999999996e-05
2600.0 2.3083e-05
2610.0 2.8240799999999992e-05
2620.0 3.449300000000001e-05
2630.0 4.3701099999999994e-05
2640.0 5.670280000000002e-05
2650.0 6.917709999999999e-05
2660.0 8.8686e-05
2670.0 9.570439999999999e-05
2680.0 0.00010720700000000002
2690.0 0.00011294900000000002
2700.0 0.00012686900000000002
2710.0 0.000138075
2720.0 0.00015436600000000002
2730.0 0.00019552200000000006
2740.0 0.00023428400000000002
2750.0 0.000265481
2760.0 0.00028730799999999995
2770.0 0.0002957989999999999
2780.0 0.00029980099999999993
2790.0 0.0003236879999999999
2800.0 0.0003673690000000001
2810.0 0.00039485299999999997
2820.0 0.00041702200000000024
2830.0 0.00043874100000000003
2840.0 0.0004699610000000001
2850.0 0.0005255880000000002
2860.0 0.000602946
2870.0 0.000656282
2880.0 0.0006824240000000002
2890.0 0.000693471
2900.0 0.0006472979999999999
2910.0 0.0006133770000000001
2920.0 0.0006044600000000001
2930.0 0.0005789030000000001
2940.0 0.0005595229999999998
2950.0 0.0005401980000000001
2960.0 0.000514894
2970.0 0.0005084550000000003
2980.0 0.0005102320000000002
2990.0 0.0005054179999999999
3000.0 0.0005121999999999999
3010.0 0.0005326799999999999
3020.0 0.0005510570000000001
3030.0 0.0005516069999999997
3040.0 0.0005412440000000002
3050.0 0.000514213
3060.0 0.000490583
3070.0 0.000481956
3080.0 0.00048631500000000013
3090.0 0.0005122269999999998
3100.0 0.000554908
3110.0 0.0005961640000000003
3120.0 0.0006308739999999999
3130.0 0.000633337
3140.0 0.0006105370000000002
3150.0 0.00058039
3160.0 0.0005375010000000003
3170.0 0.00047725900000000006
3180.0 0.000449014
3190.0 0.00042601099999999985
3200.0 0.00040862499999999997
3210.0 0.00040284800000000014
3220.0 0.000407542
3230.0 0.000413396
3240.0 0.0004250699999999998
3250.0 0.0004532160000000001
3260.0 0.000494286
3270.0 0.0005543750000000002
3280.0 0.0006259249999999999
3290.0 0.0007110989999999999
3300.0 0.0008138369999999998
3310.0 0.0009024480000000005
3320.0 0.0009898229999999997
3330.0 0.0010620899999999995
3340.0 0.0010810799999999999
3350.0 0.0011091099999999997
3360.0 0.0011901600000000002
3370.0 0.0012608
3380.0 0.0013914399999999999
3390.0 0.0015121900000000003
3400.0 0.0015702499999999998
3410.0 0.0015961000000000003
3420.0 0.0015642300000000007
3430.0 0.00150537
3440.0 0.0014454800000000003
3450.0 0.00136297
3460.0 0.00126263
3470.0 0.0011726899999999997
3480.0 0.0011351499999999997
3490.0 0.00106837
3500.0 0.0009612730000000004
3510.0 0.00087525
3520.0 0.0008280849999999999
3530.0 0.0008036440000000001
3540.0 0.0007752920000000002
3550.0 0.0007670699999999999
3560.0 0.00073958
3570.0 0.000692893
3580.0 0.00066458
3590.0 0.0006561199999999999
3600.0 0.0005980510000000003
3610.0 0.000651325
3620.0 0.0006992300000000001
3630.0 0.0009901850000000002
3640.0 0.00117344
3650.0 0.0013411800000000006
3660.0 0.0013386999999999997
3670.0 0.00135901
3680.0 0.0012846100000000003
3690.0 0.0011494
3700.0 0.0010477600000000002
3710.0 0.0009841659999999996
3720.0 0.0009660589999999998
3730.0 0.0009009999999999996
3740.0 0.0007811170000000001
3750.0 0.0006999849999999999
3760.0 0.0007097329999999999
3770.0 0.0006237579999999999
3780.0 0.000636914
3790.0 0.0006473529999999999
3800.0 0.0006439959999999998
3810.0 0.000785743
3820.0 0.0008812399999999997
3830.0 0.0010356699999999998
3840.0 0.00112894
3850.0 0.0012230699999999997
3860.0 0.0013265599999999996
3870.0 0.0013846000000000002
3880.0 0.0015628600000000006
3890.0 0.0017372300000000002
3900.0 0.00181012
3910.0 0.0018922300000000002
3920.0 0.0019536899999999997
3930.0 0.0019410399999999998
3940.0 0.0020737299999999998
3950.0 0.0020715300000000002
3960.0 0.0018578200000000003
3970.0 0.0017619699999999996
3980.0 0.00170835
3990.0 0.0016233399999999998
4000.0 0.0015708700000000005
4010.0 0.0015475599999999995
4020.0 0.0015710299999999993
4030.0 0.00155195
4040.0 0.0015240599999999994
4050.0 0.001567349999999999
4060.0 0.0014795000000000003
4070.0 0.0014649300000000004
4080.0 0.00156399
4090.0 0.0017036499999999997
4100.0 0.0016769699999999994
4110.0 0.0014683099999999998
4120.0 0.0013167299999999997
4130.0 0.0011784900000000001
4140.0 0.00119894
4150.0 0.0012219399999999995
4160.0 0.0012436200000000004
4170.0 0.0013755199999999999
4180.0 0.0015053700000000004
4190.0 0.0015227700000000001
4200.0 0.00148911
4210.0 0.0012664300000000002
4220.0 0.0012558399999999998
4230.0 0.0012208399999999995
4240.0 0.0012999799999999998
4250.0 0.0013606800000000002
4260.0 0.00131054
4270.0 0.0013232700000000003
4280.0 0.00124257
4290.0 0.00108483
4300.0 0.00103923
4310.0 0.00100949
4320.0 0.0010549999999999995
4330.0 0.0011292500000000003
4340.0 0.0011092199999999997
4350.0 0.0010965900000000004
4360.0 0.00108082
4370.0 0.00108444
4380.0 0.0010651499999999997
4390.0 0.0011234700000000001
4400.0 0.00122781
4410.0 0.0013507600000000003
4420.0 0.00143421
4430.0 0.0015381
4440.0 0.0016010700000000004
4450.0 0.0016973199999999998
4460.0 0.00177522
4470.0 0.0018124999999999997
4480.0 0.0018777800000000001
4490.0 0.0019619800000000003
4500.0 0.00194825
4510.0 0.00194693
4520.0 0.0019990200000000007
4530.0 0.0020418899999999998
4540.0 0.002120690000000001
4550.0 0.0021343299999999994
4560.0 0.0020430500000000002
4570.0 0.0020213300000000004
4580.0 0.0019190099999999999
4590.0 0.0019375399999999997
4600.0 0.0018590900000000003
4610.0 0.0018442300000000005
4620.0 0.0018236800000000003
4630.0 0.0017826000000000007
4640.0 0.0017939500000000003
4650.0 0.0016910200000000001
4660.0 0.00158559
4670.0 0.0015363100000000004
4680.0 0.0015181199999999998
4690.0 0.00156567
4700.0 0.0015424000000000004
4710.0 0.0015439300000000006
4720.0 0.001558
4730.0 0.0015379299999999994
4740.0 0.0015614999999999997
4750.0 0.0015587200000000002
4760.0 0.0015372800000000005
4770.0 0.0015502799999999998
4780.0 0.0015501000000000004
4790.0 0.0015565299999999998
4800.0 0.00155361
4810.0 0.0015542200000000007
4820.0 0.0014785299999999998
4830.0 0.0013747299999999998
4840.0 0.0012479200000000005
4850.0 0.0011460399999999996
4860.0 0.0010777
4870.0 0.0011071100000000001
4880.0 0.0011539800000000004
4890.0 0.00122326
4900.0 0.0013080699999999995
4910.0 0.0013728299999999998
4920.0 0.0014338599999999995
4930.0 0.0014500099999999998
4940.0 0.0014077700000000005
4950.0 0.0013904200000000003
4960.0 0.0013208599999999997
4970.0 0.0012632299999999995
4980.0 0.0012650400000000003
4990.0 0.0012665299999999999
5000.0 0.0012767599999999996
5010.0 0.0012817499999999997
5020.0 0.00133852
5030.0 0.0013686299999999998
5040.0 0.0013910700000000001
5050.0 0.00141664
5060.0 0.0014641500000000004
5070.0 0.0015073399999999996
5080.0 0.0015583899999999998
5090.0 0.0015932299999999995
5100.0 0.0015855799999999996
5110.0 0.0016157899999999998
5120.0 0.0016368099999999996
5130.0 0.0016617500000000005
5140.0 0.0016728699999999997
5150.0 0.00166543
5160.0 0.0016662
5170.0 0.00166176
5180.0 0.0016564599999999998
5190.0 0.0016576400000000002
5200.0 0.0017000399999999999
5210.0 0.0017126299999999995
5220.0 0.0017510299999999996
5230.0 0.0017287999999999997
5240.0 0.0016839399999999999
5250.0 0.0016357800000000007
5260.0 0.00155892
5270.0 0.0015275600000000003
5280.0 0.0014769500000000003
5290.0 0.0014425000000000002
5300.0 0.0014282800000000003
5310.0 0.0014828200000000006
5320.0 0.0014701
5330.0 0.0014617099999999997
5340.0 0.0014864599999999996
5350.0 0.0014914300000000002
5360.0 0.00150342
5370.0 0.0014958400000000005
5380.0 0.0014455799999999997
5390.0 0.00145833
5400.0 0.0014299499999999997
5410.0 0.00139664
5420.0 0.00134397
5430.0 0.00134497
5440.0 0.0012979299999999997
5450.0 0.0012711699999999999
5460.0 0.00123363
5470.0 0.0012377000000000002
5480.0 0.0012276
5490.0 0.00124977
5500.0 0.00128441
5510.0 0.00132512
5520.0 0.00137294
5530.0 0.00142863
5540.0 0.00144532
5550.0 0.0014636399999999998
5560.0 0.0015143399999999994
5570.0 0.0014690899999999997
5580.0 0.0014950699999999998
5590.0 0.0014966199999999995
5600.0 0.001485
5610.0 0.0015087500000000005
5620.0 0.0015077800000000004
5630.0 0.0014430899999999993
5640.0 0.0014068400000000006
5650.0 0.0014167400000000003
5660.0 0.0014308099999999998
5670.0 0.0014124099999999998
5680.0 0.00138979
5690.0 0.0014173200000000003
5700.0 0.00138535
5710.0 0.0013356000000000004
5720.0 0.0012463399999999999
5730.0 0.00113711
5740.0 0.0010605900000000006
5750.0 0.0010338399999999998
5760.0 0.0009952079999999998
5770.0 0.0010232900000000003
5780.0 0.00107163
5790.0 0.00114202
5800.0 0.0011791400000000004
5810.0 0.0012321499999999998
5820.0 0.0012878000000000008
5830.0 0.0013253900000000003
5840.0 0.0013734699999999992
5850.0 0.0014482900000000003
5860.0 0.0014985200000000004
5870.0 0.00151903
5880.0 0.0015312300000000002
5890.0 0.0015725699999999993
5900.0 0.0015764999999999998
5910.0 0.0015366599999999996
5920.0 0.0015371200000000001
5930.0 0.0015168599999999996
5940.0 0.0015402700000000003
5950.0 0.0015334699999999999
5960.0 0.00152785
5970.0 0.0015310800000000006
5980.0 0.0015385899999999996
5990.0 0.00151474
6000.0 0.0015070200000000004
6010.0 0.0014533300000000007
6020.0 0.0014223200000000001
6030.0 0.0013908300000000002
6040.0 0.0013791499999999998
6050.0 0.00136414
6060.0 0.0013242399999999997
6070.0 0.0011497999999999994
6080.0 0.0010206799999999995
6090.0 0.0008795650000000004
6100.0 0.0007768649999999998
6110.0 0.0007061390000000002
6120.0 0.0006727459999999998
6130.0 0.0006706810000000001
6140.0 0.0007011599999999998
6150.0 0.0007398020000000001
6160.0 0.000805464
6170.0 0.0008584539999999999
6180.0 0.0009073610000000001
6190.0 0.0009856739999999995
6200.0 0.0010206700000000002
6210.0 0.00108192
6220.0 0.00115139
6230.0 0.0011914500000000001
6240.0 0.0012520900000000002
6250.0 0.0013286799999999996
6260.0 0.0013307600000000003
6270.0 0.0013472200000000005
6280.0 0.0013635600000000002
6290.0 0.00135967
6300.0 0.0013647399999999995
6310.0 0.0013941100000000003
6320.0 0.0014415200000000004
6330.0 0.0014518300000000003
6340.0 0.00147948
6350.0 0.0014651600000000003
6360.0 0.0014740600000000001
6370.0 0.0015058100000000002
6380.0 0.0015091200000000005
6390.0 0.0015161900000000006
6400.0 0.0015059000000000006
6410.0 0.0015074699999999995
6420.0 0.00148922
6430.0 0.0014601100000000004
6440.0 0.0014159800000000005
6450.0 0.0013882700000000005
6460.0 0.0013568299999999998
6470.0 0.0013297000000000007
6480.0 0.0013381299999999997
6490.0 0.0013493899999999996
6500.0 0.0013178400000000005
6510.0 0.0012989299999999998
6520.0 0.00129245
6530.0 0.00127995
6540.0 0.0013632799999999995
6550.0 0.00136754
6560.0 0.0013231199999999997
6570.0 0.00131025
6580.0 0.0012749899999999997
6590.0 0.0012510099999999999
6600.0 0.0012308599999999999
6610.0 0.0012230900000000005
6620.0 0.0012223799999999997
6630.0 0.0012115700000000006
6640.0 0.0012019699999999997
6650.0 0.0011902399999999995
6660.0 0.0012105300000000002
6670.0 0.0011888100000000004
6680.0 0.00113671
6690.0 0.0011360200000000002
6700.0 0.0011135699999999997
6710.0 0.0010825500000000003
6720.0 0.0010878700000000001
6730.0 0.0010891899999999996
6740.0 0.00105786
6750.0 0.0010798199999999996
6760.0 0.00106555
6770.0 0.0010396599999999995
6780.0 0.00103898
6790.0 0.00099982
6800.0 0.00098909
6810.0 0.000996886
6820.0 0.0009628430000000002
6830.0 0.0009613040000000003
6840.0 0.0009939529999999997
6850.0 0.0009418200000000001
6860.0 0.0009684289999999997
6870.0 0.0009866539999999996
6880.0 0.0009953189999999997
6890.0 0.000999204
6900.0 0.0009823050000000004
6910.0 0.0009699189999999999
6920.0 0.0009638770000000001
6930.0 0.0009768020000000004
6940.0 0.0009573919999999998
6950.0 0.0009604360000000001
6960.0 0.0009597209999999996
6970.0 0.0009434549999999994
6980.0 0.000923831
6990.0 0.0009284600000000002
7000.0 0.0009236969999999994
7010.0 0.000918748
7020.0 0.000925884
7030.0 0.0009226089999999998
7040.0 0.0009069349999999994
7050.0 0.0008972870000000001
7060.0 0.0008916240000000001
7070.0 0.0008845699999999998
7080.0 0.00086792
7090.0 0.0008634209999999999
7100.0 0.0008619160000000002
7110.0 0.0008912610000000001
7120.0 0.0009089530000000001
7130.0 0.0008942810000000001
7140.0 0.0009019980000000002
7150.0 0.0009078939999999999
7160.0 0.0009081539999999998
7170.0 0.0009092469999999996
7180.0 0.0008855270000000001
7190.0 0.0008841350000000002
7200.0 0.0008786860000000003
7210.0 0.0008829659999999998
7220.0 0.000872672
7230.0 0.0008696749999999999
7240.0 0.0008747059999999998
7250.0 0.0008668819999999997
7260.0 0.0008678729999999998
7270.0 0.0008680590000000002
7280.0 0.0008586969999999997
7290.0 0.000829333
7300.0 0.0008472489999999998
7310.0 0.000841964
7320.0 0.0008561930000000002
7330.0 0.0008445929999999999
7340.0 0.0008364120000000005
7350.0 0.0008442820000000001
7360.0 0.000846747
7370.0 0.0008230299999999998
7380.0 0.0008178569999999999
7390.0 0.0007907369999999999
7400.0 0.0007636340000000001
7410.0 0.0007532450000000002
7420.0 0.0007300999999999998
7430.0 0.0006685350000000002
7440.0 0.000586093
7450.0 0.000501652
7460.0 0.0004509580000000003
7470.0 0.00042400100000000013
7480.0 0.00038565000000000013
7490.0 0.000339716
7500.0 0.0003329180000000001
7510.0 0.00033392799999999983
7520.0 0.000368526
7530.0 0.00039571000000000007
7540.0 0.0004379079999999998
7550.0 0.00046632300000000004
7560.0 0.000496461
7570.0 0.0005020949999999999
7580.0 0.0004843689999999998
7590.0 0.00047694299999999996
7600.0 0.0004677910000000001
7610.0 0.00045429199999999997
7620.0 0.00045010499999999996
7630.0 0.0004748869999999999
7640.0 0.0005324309999999999
7650.0 0.0005984559999999999
7660.0 0.0006119220000000001
7670.0 0.0006551770000000001
7680.0 0.000686619
7690.0 0.0007230509999999999
7700.0 0.000755132
7710.0 0.000772624
7720.0 0.0007755550000000001
7730.0 0.0008136789999999998
7740.0 0.0008182589999999997
7750.0 0.0008574779999999997
7760.0 0.0008528100000000003
7770.0 0.0008560130000000001
7780.0 0.0008776140000000002
7790.0 0.000903899
7800.0 0.000903105
7810.0 0.000888894
7820.0 0.0008694769999999998
7830.0 0.0008212240000000002
7840.0 0.0008364960000000002
7850.0 0.0008388040000000002
7860.0 0.0008349379999999997
7870.0 0.0008174180000000003
7880.0 0.000830294
7890.0 0.000837946
7900.0 0.0007755210000000002
7910.0 0.0007606260000000001
7920.0 0.0007045989999999999
7930.0 0.0006916909999999999
7940.0 0.000666621
7950.0 0.0006592309999999999
7960.0 0.000648334
7970.0 0.0006470709999999999
7980.0 0.000664514
7990.0 0.0006105910000000001
8000.0 0.000614463
8010.0 0.0005971200000000002
8020.0 0.000578658
8030.0 0.0005780689999999998
8040.0 0.000606925
8050.0 0.0006114830000000001
8060.0 0.0006002520000000001
8070.0 0.0005859720000000001
8080.0 0.0005752009999999998
8090.0 0.000507992
8100.0 0.00046664800000000006
8110.0 0.00041164300000000006
8120.0 0.00037157600000000014
8130.0 0.0003177399999999999
8140.0 0.000267666
8150.0 0.00023763600000000003
8160.0 0.00020470500000000007
8170.0 0.00017054500000000003
8180.0 0.00016001
8190.0 0.000167553
8200.0 0.000147114
8210.0 0.000149711
8220.0 0.00015788900000000006
8230.0 0.00018786400000000004
8240.0 0.00023606600000000005
8250.0 0.00025010499999999987
8260.0 0.000251252
8270.0 0.00023333900000000005
8280.0 0.00025024699999999994
8290.0 0.00025600199999999997
8300.0 0.00020597600000000002
8310.0 0.0002233000000000001
8320.0 0.00022287200000000002
8330.0 0.00020626199999999992
8340.0 0.0002307190000000001
8350.0 0.000270049
8360.0 0.000260675
8370.0 0.00029245199999999996
8380.0 0.00031074700000000005
8390.0 0.00031293599999999993
8400.0 0.0003494640000000002
8410.0 0.000394591
8420.0 0.0004405439999999998
8430.0 0.00041335899999999997
8440.0 0.0004793640000000002
8450.0 0.00047829799999999994
8460.0 0.000505398
8470.0 0.0005262159999999998
8480.0 0.0005344299999999998
8490.0 0.0005573329999999999
8500.0 0.0006149510000000001
8510.0 0.0005882499999999998
8520.0 0.0006342760000000001
8530.0 0.0005934680000000001
8540.0 0.0006344709999999998
8550.0 0.000610834
8560.0 0.0006203459999999999
8570.0 0.0006225070000000001
8580.0 0.0005878290000000001
8590.0 0.000614263
8600.0 0.0006278520000000001
8610.0 0.0006026399999999999
8620.0 0.0006165349999999999
8630.0 0.0005913620000000001
8640.0 0.000587421
8650.0 0.0005655159999999998
8660.0 0.000541922
8670.0 0.0005304280000000001
8680.0 0.0005347059999999998
8690.0 0.000525775
8700.0 0.0005295270000000001
8710.0 0.00047051300000000004
8720.0 0.00045045800000000004
8730.0 0.000434446
8740.0 0.00042876100000000005
8750.0 0.0004398369999999999
8760.0 0.00040361500000000007
8770.0 0.00041835300000000016
8780.0 0.0004359289999999999
8790.0 0.0004631129999999999
8800.0 0.0004587330000000002
8810.0 0.00043115300000000004
8820.0 0.00042667800000000005
8830.0 0.000463409
8840.0 0.00040910500000000016
8850.0 0.0003747999999999999
8860.0 0.000344242
8870.0 0.000315012
8880.0 0.00029880600000000004
8890.0 0.00024527299999999995
8900.0 0.00022305400000000006
8910.0 0.00027968599999999996
8920.0 0.00023666200000000003
8930.0 0.00022781899999999995
8940.0 0.000235909
8950.0 0.00022604800000000004
8960.0 0.00026993399999999994
8970.0 0.000281069
8980.0 0.00030469699999999993
8990.0 0.00031140199999999996
9000.0 0.000318034
9010.0 0.0003326039999999998
9020.0 0.00030830500000000004
9030.0 0.00029876600000000006
9040.0 0.00032747900000000004
9050.0 0.00030756399999999997
9060.0 0.00032343399999999994
9070.0 0.00032035900000000004
9080.0 0.00033883400000000004
9090.0 0.000354355
9100.0 0.00036023699999999996
9110.0 0.0003528890000000001
9120.0 0.0003531729999999999
9130.0 0.0003642819999999999
9140.0 0.00036457499999999996
9150.0 0.0003668059999999999
9160.0 0.000394811
9170.0 0.00039649599999999987
9180.0 0.000407934
9190.0 0.00040145499999999994
9200.0 0.00042032900000000005
9210.0 0.0003885429999999999
9220.0 0.00037930700000000017
9230.0 0.000357802
9240.0 0.0003805360000000001
9250.0 0.0003958659999999998
9260.0 0.00037792100000000014
9270.0 0.00037441700000000004
9280.0 0.00036050299999999987
9290.0 0.00035023800000000017
9300.0 0.00034603399999999984
9310.0 0.00033835800000000003
9320.0 0.00034876500000000007
9330.0 0.00035034
9340.0 0.0003541989999999998
9350.0 0.00035473899999999986
9360.0 0.000379724
9370.0 0.0003910459999999998
9380.0 0.00040559499999999997
9390.0 0.00039632799999999983
9400.0 0.00038620600000000005
9410.0 0.0003911860000000002
9420.0 0.00040611799999999996
9430.0 0.00039684500000000005
9440.0 0.00040830699999999984
9450.0 0.000378235
9460.0 0.00040600699999999984
9470.0 0.00039482400000000005
9480.0 0.00040661200000000004
9490.0 0.0004133870000000002
9500.0 0.0003980470000000001
9510.0 0.000437232
9520.0 0.0004296290000000001
9530.0 0.00038929299999999987
9540.0 0.0003850009999999999
9550.0 0.00039061400000000007
9560.0 0.000352643
9570.0 0.000337073
9580.0 0.0003395599999999999
9590.0 0.00033152099999999993
9600.0 0.000320115
9610.0 0.00032040899999999996
9620.0 0.00031776400000000006
9630.0 0.00029819899999999997
9640.0 0.0003324369999999999
9650.0 0.00032159999999999996
9660.0 0.00030543899999999996
9670.0 0.000292775
9680.0 0.00029117099999999995
9690.0 0.00035169400000000005
9700.0 0.000289323
9710.0 0.000309174
9720.0 0.0003261560000000001
9730.0 0.00030468499999999996
9740.0 0.00027789399999999994
9750.0 0.0002335130000000001
9760.0 0.00027210999999999994
9770.0 0.00024642399999999997
9780.0 0.00028426300000000015
9790.0 0.0002489799999999999
9800.0 0.0002559819999999999
9810.0 0.00029968099999999994
9820.0 0.00029999100000000005
9830.0 0.000226133
9840.0 0.00027753700000000006
9850.0 0.00034243799999999987
9860.0 0.00028147799999999983
9870.0 0.00028754900000000006
9880.0 0.00023987299999999996
9890.0 0.0002687550000000001
9900.0 0.00025657
9910.0 0.0002452539999999999
9920.0 0.00024407000000000004
9930.0 0.0002428930000000001
9940.0 0.0002417219999999999
9950.0 0.000240561
9960.0 0.00023940699999999997
9970.0 0.00023825800000000004
9980.0 0.00023711900000000002
9990.0 0.00023598700000000008
10000.0 0.00023485999999999985
10010.0 0.00023374199999999995
10020.0 0.00023263099999999996
10030.0 0.000231527
10040.0 0.00023042999999999992
10050.0 0.00022934099999999998
10060.0 0.00022825800000000006
10070.0 0.000227184
10080.0 0.00022611500000000004
10090.0 0.0002250529999999999
10100.0 0.00022400000000000002
10110.0 0.00022295199999999998
10120.0 0.00022190999999999989
10130.0 0.00022087799999999998
10140.0 0.00021985100000000005
10150.0 0.00021882999999999994
10160.0 0.0002178189999999999
10170.0 0.00021681200000000006
10180.0 0.00021581299999999995
10190.0 0.00021482099999999997
10200.0 0.00021383399999999999
10210.0 0.00021285399999999998
10220.0 0.00021188199999999996
10230.0 0.00021091600000000007
10240.0 0.00020995600000000005
10250.0 0.00020900500000000004
10260.0 0.000208057
10270.0 0.0002071169999999999
10280.0 0.00020618399999999994
10290.0 0.000205257
10300.0 0.00020433599999999998
10310.0 0.0002034219999999999
10320.0 0.000202512
10330.0 0.00020161099999999995
10340.0 0.000200714
10350.0 0.00019982300000000001
10360.0 0.00019893799999999998
10370.0 0.00019805799999999995
10380.0 0.00019718400000000004
10390.0 0.000196316
10400.0 0.000195454
10410.0 0.00019459600000000009
10420.0 0.00019374499999999997
10430.0 0.000192898
10440.0 0.00019205500000000008
10450.0 0.00019122
10460.0 0.00019038900000000004
10470.0 0.000189562
10480.0 0.00018874199999999996
10490.0 0.00018792499999999997
10500.0 0.00018711299999999998
10510.0 0.00018630599999999996
10520.0 0.00018550299999999995
10530.0 0.00018470499999999996
10540.0 0.00018391300000000004
10550.0 0.00018312399999999992
10560.0 0.00018233999999999997
10570.0 0.00018156
10580.0 0.000180784
10590.0 0.00018001200000000012
10600.0 0.000179247
10610.0 0.000178483
10620.0 0.00017772399999999995
10630.0 0.00017696899999999997
10640.0 0.00017621799999999993
10650.0 0.00017547100000000001
10660.0 0.00017472699999999996
10670.0 0.000173989
10680.0 0.000173252
10690.0 0.000172521
10700.0 0.00017179200000000007
10710.0 0.00017106799999999997
10720.0 0.00017034699999999997
10730.0 0.00016962899999999997
10740.0 0.000168915
10750.0 0.00016820399999999998
10760.0 0.00016749599999999994
10770.0 0.000166792
10780.0 0.000166092
10790.0 0.00016539400000000005
10800.0 0.00016469999999999996
10810.0 0.00016400800000000005
10820.0 0.000163319
10830.0 0.00016263400000000004
10840.0 0.0001619519999999999
10850.0 0.00016127299999999997
10860.0 0.0001605959999999999
10870.0 0.000159923
10880.0 0.00015925199999999995
10890.0 0.00015858400000000003
10900.0 0.000157919
10910.0 0.00015725600000000001
10920.0 0.000156596
10930.0 0.00015593900000000004
10940.0 0.00015528299999999996
10950.0 0.00015463200000000003
10960.0 0.00015398300000000003
10970.0 0.000153336
10980.0 0.000152691
10990.0 0.00015204800000000003
11000.0 0.00015140799999999996
11010.0 0.0001507699999999999
11020.0 0.00015013499999999997
11030.0 0.00014950199999999995
11040.0 0.000148871
11050.0 0.00014824299999999997
11060.0 0.00014761599999999994
11070.0 0.00014699300000000007
11080.0 0.00014636999999999997
11090.0 0.000145749
11100.0 0.00014513199999999994
11110.0 0.00014451599999999997
11120.0 0.0001439
11130.0 0.00014328899999999995
11140.0 0.00014267999999999996
11150.0 0.00014207100000000002
11160.0 0.00014146400000000003
11170.0 0.00014085999999999998
11180.0 0.00014025700000000002
11190.0 0.00013965600000000002
11200.0 0.00013905600000000006
11210.0 0.00013845900000000006
11220.0 0.00013786499999999998
11230.0 0.00013726999999999996
11240.0 0.0001366769999999999
11250.0 0.00013608699999999993
11260.0 0.00013549799999999996
11270.0 0.00013491000000000002
11280.0 0.00013432399999999998
11290.0 0.00013374000000000003
11300.0 0.00013315699999999999
11310.0 0.00013257600000000003
11320.0 0.000131996
11330.0 0.00013141699999999994
11340.0 0.00013084100000000003
11350.0 0.00013026500000000004
11360.0 0.00012969100000000003
11370.0 0.00012911799999999998
11380.0 0.00012854700000000001
11390.0 0.00012797699999999998
11400.0 0.00012740900000000004
11410.0 0.00012684100000000001
11420.0 0.00012627499999999994
11430.0 0.00012571100000000006
11440.0 0.00012514699999999999
11450.0 0.000124585
11460.0 0.000124024
11470.0 0.000123464
11480.0 0.00012290499999999995
11490.0 0.00012234800000000004
11500.0 0.00012179299999999996
11510.0 0.00012075699999999993
11520.0 0.00012015
11530.0 0.00011954299999999995
11540.0 0.000118935
11550.0 0.00011832799999999996
11560.0 0.00011772100000000002
11570.0 0.00011711400000000003
11580.0 0.00011650699999999996
11590.0 0.00011590000000000003
11600.0 0.00011529299999999998
11610.0 0.00011468600000000002
11620.0 0.000114079
11630.0 0.00011347199999999999
11640.0 0.00011286499999999998
11650.0 0.000112258
11660.0 0.00011165100000000005
11670.0 0.00011104399999999999
11680.0 0.00011043700000000003
11690.0 0.00010982999999999997
11700.0 0.000109223
11710.0 0.00010861599999999999
11720.0 0.00010800900000000004
11730.0 0.00010740099999999997
11740.0 0.00010679400000000003
11750.0 0.00010618699999999999
11760.0 0.00010558
11770.0 0.00010497299999999995
11780.0 0.00010436600000000001
11790.0 0.00010375899999999998
11800.0 0.000103152
11810.0 0.00010254500000000002
11820.0 0.00010193799999999999
11830.0 0.00010133100000000005
11840.0 0.00010072400000000005
11850.0 0.00010011700000000003
11860.0 9.950969999999994e-05
11870.0 9.89026e-05
11880.0 9.829559999999997e-05
11890.0 9.768849999999998e-05
11900.0 9.708150000000004e-05
11910.0 9.647440000000001e-05
11920.0 9.586740000000001e-05
11930.0 9.52603e-05
11940.0 9.465329999999997e-05
11950.0 9.40462e-05
11960.0 9.343919999999998e-05
11970.0 9.2832e-05
11980.0 9.222499999999998e-05
11990.0 9.161790000000001e-05
12000.0 9.101089999999999e-05
