#lamb flux
1000.0 -5.688792287783114e-25
1010.0 4.282433058246502e-06
1020.0 4.8127409415823104e-06
1030.0 3.8078280906659087e-06
1040.0 3.0320942388988966e-06
1050.0 2.1448151150413243e-06
1060.0 1.336344894898177e-06
1070.0 4.863331046727852e-07
1080.0 6.101268307752771e-07
1090.0 3.79290191938942e-07
1100.0 2.6133222594152513e-07
1110.0 5.055189763406748e-09
1120.0 1.660066701771608e-12
1130.0 1.202184167942052e-08
1140.0 5.401576654758466e-07
1150.0 1.5905463797280812e-06
1160.0 1.5684424833123438e-06
1170.0 1.4916065346380335e-06
1180.0 1.5268883594198903e-06
1190.0 1.6440901965695285e-06
1200.0 1.2510943789054614e-06
1210.0 9.270678914582886e-07
1220.0 1.2947798621867785e-06
1230.0 9.325764646143228e-07
1240.0 6.001494629164033e-07
1250.0 5.975275594312322e-07
1260.0 5.970836476694034e-08
1270.0 6.035505959897303e-06
1280.0 3.7434427743701487e-06
1290.0 2.295276099476885e-06
1300.0 1.046979984723155e-05
1310.0 1.8728210730829607e-05
1320.0 2.843201686297987e-05
1330.0 3.3485120941961566e-05
1340.0 2.8334016630302434e-05
1350.0 1.9558629686936035e-05
1360.0 1.3423252399745198e-05
1370.0 1.211090328125366e-05
1380.0 8.800498146826535e-06
1390.0 4.543144196374708e-06
1400.0 2.4386568469566737e-06
1410.0 4.128388371166982e-06
1420.0 1.3778411656937253e-05
1430.0 2.164030922140613e-05
1440.0 2.862014892003506e-05
1450.0 2.8765279130475078e-05
1460.0 3.233046034619565e-05
1470.0 4.1798215809170985e-05
1480.0 4.550410692853185e-05
1490.0 5.4547288138206245e-05
1500.0 5.9804325038910614e-05
1510.0 7.159125802550875e-05
1520.0 6.009123960632548e-05
1530.0 5.812424062490357e-05
1540.0 5.5062984421423924e-05
1550.0 4.446335828767857e-05
1560.0 3.735440217590456e-05
1570.0 3.9640523881206624e-05
1580.0 4.641592439950578e-05
1590.0 5.6353632449911636e-05
1600.0 6.427798671256535e-05
1610.0 5.988718298934545e-05
1620.0 6.700579165763029e-05
1630.0 8.599255809851444e-05
1640.0 0.000127316776605517
1650.0 0.00012967336589773758
1660.0 0.0001473392534179068
1670.0 0.00010239052630957645
1680.0 9.71772154397522e-05
1690.0 7.203124535673492e-05
1700.0 6.391436718385191e-05
1710.0 7.018111429788672e-05
1720.0 8.501516051896636e-05
1730.0 0.00015085067951547517
1740.0 0.00023634511543399881
1750.0 0.0003163957879484299
1760.0 0.0003623087504737814
1770.0 0.00032963022673566087
1780.0 0.00035253958336023216
1790.0 0.0003270438755326095
1800.0 0.0002708382714758578
1810.0 0.00023543392810511436
1820.0 0.0001828781912570307
1830.0 0.0001888080450859123
1840.0 0.00026014803021359994
1850.0 0.0005017875854123922
1860.0 0.000706248655161553
1870.0 0.0010571628629519687
1880.0 0.00121587147388083
1890.0 0.0012721468930710163
1900.0 0.0011255444701685194
1910.0 0.0008666448717424255
1920.0 0.0006378053700144285
1930.0 0.0004108013308625399
1940.0 0.0002863409680248356
1950.0 0.0002028721912460043
1960.0 0.00021000592070507564
1970.0 0.00028982876171470987
1980.0 0.00044840219191098047
1990.0 0.0006267745780368187
2000.0 0.0007486591798638826
2010.0 0.0007585708712592156
2020.0 0.0006934736197006997
2030.0 0.0006365757520105441
2040.0 0.000621393145872176
2050.0 0.000658681116198017
2060.0 0.0006757073333377008
2070.0 0.0007579403183380361
2080.0 0.0008882894954301763
2090.0 0.0010505740267975894
2100.0 0.0011082527474648386
2110.0 0.001033252939234958
2120.0 0.000905450794559449
2130.0 0.000851252446673871
2140.0 0.0007236476379403091
2150.0 0.0006681656564077069
2160.0 0.0006364778446329635
2170.0 0.0006090847447679418
2180.0 0.0005343275937343716
2190.0 0.00042252743178458054
2200.0 0.0003248914490701097
2210.0 0.0002603286258594001
2220.0 0.00021328747775101019
2230.0 0.00022555206759324986
2240.0 0.0002657938853290616
2250.0 0.0003203272987620783
2260.0 0.0003752074738714523
2270.0 0.00045350553144018904
2280.0 0.0006006998786019998
2290.0 0.0009213421619306466
2300.0 0.0014423163332582768
2310.0 0.0019542826207695563
2320.0 0.0023763812288743486
2330.0 0.0026817682277056527
2340.0 0.0029352365913674888
2350.0 0.0030052600859338794
2360.0 0.0029362235889665326
2370.0 0.00319990780568708
2380.0 0.0032221389056908156
2390.0 0.003092752951435518
2400.0 0.002973244363739001
2410.0 0.0027887617417447015
2420.0 0.0024364789225358946
2430.0 0.002058444711902039
2440.0 0.001768342417562246
2450.0 0.0015020031167262858
2460.0 0.0012919888249865743
2470.0 0.0011296361002499282
2480.0 0.0011372564444635796
2490.0 0.0012275492514127431
2500.0 0.0011431517827589993
2510.0 0.0010602551520763873
2520.0 0.0009629216328461575
2530.0 0.0007617627996575309
2540.0 0.0006537552881132408
2550.0 0.0005581869430775905
2560.0 0.0004585383331250399
2570.0 0.00044250786516853504
2580.0 0.0004857787366356425
2590.0 0.0005691477559451026
2600.0 0.0006688510686899601
2610.0 0.0007944832884323812
2620.0 0.0009431997142915957
2630.0 0.0011627588198191183
2640.0 0.001469436277387903
2650.0 0.0017476945720073323
2660.0 0.0021862175489749114
2670.0 0.002303893752249246
2680.0 0.002522207760125548
2690.0 0.002598882805629845
2700.0 0.002856983622878864
2710.0 0.0030450527489325648
2720.0 0.003336057963471177
2730.0 0.004143165846682448
2740.0 0.0048705750055646774
2750.0 0.0054175634158619285
2760.0 0.00575796485795764
2770.0 0.005824855173243248
2780.0 0.005803453846104874
2790.0 0.006162220365738581
2800.0 0.006881036324879845
2810.0 0.00727951618682623
2820.0 0.007570280797677541
2830.0 0.007845305332698945
2840.0 0.008280684944610322
2850.0 0.009128596409367336
2860.0 0.010326046998311644
2870.0 0.01108612024681605
2880.0 0.011373929398979172
2890.0 0.011407190858224952
2900.0 0.010511776106237688
2910.0 0.009836357664560506
2920.0 0.009574743293082015
2930.0 0.009060016641228363
2940.0 0.008653885588946962
2950.0 0.008258746000733076
2960.0 0.007782783472212929
2970.0 0.0075999259649358495
2980.0 0.007543003284509371
2990.0 0.0073913766414761715
3000.0 0.0074111527689075295
3010.0 0.007627160190127144
3020.0 0.007809265695966941
3030.0 0.007737697862113126
3040.0 0.007512300841461151
3050.0 0.007100195389757893
3060.0 0.006798726248684524
3070.0 0.006703891679293611
3080.0 0.0067899202534250054
3090.0 0.0071788725088737385
3100.0 0.007807014894881176
3110.0 0.008420156428606001
3120.0 0.00894572656805256
3130.0 0.009016760645700948
3140.0 0.008727704323320224
3150.0 0.008331219342627783
3160.0 0.007748144947079541
3170.0 0.006909328268460943
3180.0 0.006528824760023463
3190.0 0.006221957770385663
3200.0 0.005995092633909732
3210.0 0.005937652431555908
3220.0 0.006035168396519851
3230.0 0.00615129250673183
3240.0 0.0063560869486913455
3250.0 0.006810905523688279
3260.0 0.0074661216356725684
3270.0 0.008417494982666853
3280.0 0.009554688574157448
3290.0 0.010914181397139169
3300.0 0.012560773291860535
3310.0 0.014007966697096067
3320.0 0.015453970075210346
3330.0 0.016681590475786802
3340.0 0.017083809767642937
3350.0 0.017636666760475556
3360.0 0.01904708567410054
3370.0 0.020310351367431305
3380.0 0.022566150801729728
3390.0 0.024693997473615448
3400.0 0.025823960802049212
3410.0 0.026440114831890633
3420.0 0.026105368702254748
3430.0 0.025315442763491545
3440.0 0.024499319006071822
3450.0 0.023287131160836208
3460.0 0.02175143121608447
3470.0 0.02037384997742279
3480.0 0.01989388930482078
3490.0 0.01889183235407794
3500.0 0.017154771840309627
3510.0 0.015767769241859752
3520.0 0.015063624327977646
3530.0 0.014765685469947172
3540.0 0.014391741193480835
3550.0 0.014390257558296995
3560.0 0.01402619170255064
3570.0 0.013288659395426889
3580.0 0.012893251597473763
3590.0 0.012881083348524927
3600.0 0.011033855201027296
3610.0 0.010629301245212623
3620.0 0.0130552217102802
3630.0 0.014728990911410859
3640.0 0.01800954509216898
3650.0 0.019996415057953427
3660.0 0.021803914393903345
3670.0 0.023209845260645356
3680.0 0.021691685114801025
3690.0 0.021295813648902196
3700.0 0.018764705176925293
3710.0 0.017337545802144326
3720.0 0.01839702222930414
3730.0 0.01804397005053272
3740.0 0.014848735035136229
3750.0 0.012792751268982352
3760.0 0.012338758277926739
3770.0 0.01208176130766749
3780.0 0.011378590730357805
3790.0 0.012469186015682712
3800.0 0.011613523811983708
3810.0 0.013594874366441443
3820.0 0.015542159232022481
3830.0 0.01778584333636631
3840.0 0.02046555167399046
3850.0 0.022531030719029593
3860.0 0.025722949517286847
3870.0 0.028123269524225215
3880.0 0.031636314831245946
3890.0 0.03367637903900687
3900.0 0.03709967725211035
3910.0 0.03980215161573232
3920.0 0.043171368939606845
3930.0 0.043765206124099995
3940.0 0.04656420626690821
3950.0 0.047035500557088036
3960.0 0.04398546452412788
3970.0 0.04193697890758105
3980.0 0.038710319633464184
3990.0 0.03704191267590781
4000.0 0.0365317402466094
4010.0 0.03375739407104011
4020.0 0.03451054744389015
4030.0 0.034486059162709796
4040.0 0.03473630161273028
4050.0 0.03521453859830137
4060.0 0.0348116300405725
4070.0 0.031753410522208605
4080.0 0.03406776088929821
4090.0 0.036594947125984045
4100.0 0.03645650872593971
4110.0 0.03218971319304578
4120.0 0.029186684665720056
4130.0 0.025478804127727992
4140.0 0.02450677744510453
4150.0 0.025355452128991908
4160.0 0.025713235388784002
4170.0 0.028340821086216106
4180.0 0.03203214020042233
4190.0 0.033548402050117054
4200.0 0.03359779082724592
4210.0 0.02867365212825183
4220.0 0.027733040353068252
4230.0 0.027432084038481422
4240.0 0.029853004821871355
4250.0 0.03167716275444806
4260.0 0.030598465291480755
4270.0 0.03085232797992925
4280.0 0.03018786031207453
4290.0 0.027169424513779114
4300.0 0.02493964163607487
4310.0 0.024933332161959598
4320.0 0.02574063026325394
4330.0 0.028029474018770786
4340.0 0.027061492992500095
4350.0 0.027397132515756453
4360.0 0.026220987416853882
4370.0 0.026291363418040264
4380.0 0.02636103458886509
4390.0 0.028055269233386942
4400.0 0.03038436619106156
4410.0 0.033705205990849675
4420.0 0.03615234908437112
4430.0 0.038618946294663725
4440.0 0.04203694063331258
4450.0 0.045592403733250755
4460.0 0.04640348977226206
4470.0 0.04783496164248486
4480.0 0.05113148489226053
4490.0 0.05449143770272573
4500.0 0.056244088190414945
4510.0 0.056263666638282465
4520.0 0.05795256271491478
4530.0 0.06088644279924969
4540.0 0.06324711573596906
4550.0 0.06617236210422771
4560.0 0.06507923762705572
4570.0 0.06283237851730852
4580.0 0.06010617724117571
4590.0 0.05926561925970144
4600.0 0.05843662407344059
4610.0 0.05719760604417757
4620.0 0.05698161592501262
4630.0 0.05637710897676838
4640.0 0.057147346368946986
4650.0 0.055598994172814414
4660.0 0.05233991598388765
4670.0 0.04959456133570764
4680.0 0.0475076129871768
4690.0 0.047366017491836845
4700.0 0.04661777155184781
4710.0 0.047123563155792594
4720.0 0.04849026070385681
4730.0 0.04909415861039939
4740.0 0.04926945792604813
4750.0 0.04884366395248703
4760.0 0.047459503357765706
4770.0 0.047026981230220054
4780.0 0.04871384694104383
4790.0 0.0496595256578058
4800.0 0.050118237666523804
4810.0 0.05017113847640259
4820.0 0.05011112955905352
4830.0 0.047835918834661685
4840.0 0.04492297243965491
4850.0 0.0409053514363911
4860.0 0.037374500541427116
4870.0 0.03637881188216372
4880.0 0.03643444689930759
4890.0 0.038587921030780424
4900.0 0.04138147510489486
4910.0 0.04394893148881418
4920.0 0.04581982506511352
4930.0 0.047232997358565586
4940.0 0.04742949131853786
4950.0 0.04701163631164555
4960.0 0.04449853859956549
4970.0 0.04198609581014169
4980.0 0.040810276901729635
4990.0 0.039733542339158025
5000.0 0.040348024364491024
5010.0 0.040668695386093766
5020.0 0.042082517302221754
5030.0 0.04311624357255782
5040.0 0.04532483778523684
5050.0 0.046138826226054176
5060.0 0.04708027234448638
5070.0 0.04929320698957573
5080.0 0.05069771599700893
5090.0 0.052493062910581686
5100.0 0.052377336203888306
5110.0 0.053595055754876934
5120.0 0.05441552487131148
5130.0 0.05565953884964138
5140.0 0.05627608370015756
5150.0 0.05633898130580024
5160.0 0.05692704476772669
5170.0 0.056810445071863086
5180.0 0.057548273584107155
5190.0 0.05767407470898807
5200.0 0.05869779175548359
5210.0 0.05937932102500561
5220.0 0.06118116568909316
5230.0 0.06269853543403456
5240.0 0.0625413451693293
5250.0 0.06278308960325725
5260.0 0.060453324688630745
5270.0 0.059488562989993846
5280.0 0.05728313560768877
5290.0 0.05417457941021991
5300.0 0.05404951631079962
5310.0 0.053271170050338684
5320.0 0.0545313852750719
5330.0 0.054004393655529656
5340.0 0.0542866998239297
5350.0 0.054429957511227464
5360.0 0.054741053621083405
5370.0 0.05350113832206387
5380.0 0.05474124588007035
5390.0 0.05536262036003802
5400.0 0.05426759669517855
5410.0 0.05356609589964345
5420.0 0.052148374567760745
5430.0 0.05230302447422319
5440.0 0.049973847846304334
5450.0 0.04780125395106559
5460.0 0.04678701916931082
5470.0 0.04698329577907848
5480.0 0.04625111568966293
5490.0 0.0442146021495858
5500.0 0.0438414571086739
5510.0 0.044069668136190496
5520.0 0.04545575630952259
5530.0 0.04904573476167146
5540.0 0.050163740260588174
5550.0 0.052229005287565695
5560.0 0.054768056238060886
5570.0 0.055418415339227194
5580.0 0.05585562413002802
5590.0 0.05608739618420913
5600.0 0.05616743389934886
5610.0 0.05662342990040223
5620.0 0.05677834864580864
5630.0 0.056279298221011125
5640.0 0.05485545724521327
5650.0 0.05519136406670269
5660.0 0.05568200675824571
5670.0 0.05496644706723899
5680.0 0.05408555705917996
5690.0 0.05512329500109545
5700.0 0.053913174611009876
5710.0 0.05203642428582967
5720.0 0.048670007505107714
5730.0 0.04453527459566182
5740.0 0.041557090169023786
5750.0 0.04050068017051903
5760.0 0.038901991722830896
5770.0 0.03989014645468666
5780.0 0.041687569833186264
5790.0 0.044337464641947356
5800.0 0.04579605868519421
5810.0 0.04785807704128383
5820.0 0.050035129662972064
5830.0 0.05150509632212456
5840.0 0.05337360129864236
5850.0 0.05629751957150538
5860.0 0.05822356752624075
5870.0 0.05903758315439493
5880.0 0.05959193845669192
5890.0 0.06123812055336597
5900.0 0.06139896226644969
5910.0 0.05989970905280191
5920.0 0.05990459750750504
5930.0 0.05911535115465697
5940.0 0.059957343364133435
5950.0 0.05967384078223509
5960.0 0.05945204829270255
5970.0 0.05960029453545063
5980.0 0.05988030865251732
5990.0 0.05898062645160174
6000.0 0.05872091974782877
6010.0 0.05666530777933368
6020.0 0.0555113651627164
6030.0 0.0542699370353921
6040.0 0.05373360645426113
6050.0 0.053171625831351356
6060.0 0.051640951214029944
6070.0 0.04499397234580967
6080.0 0.040024035841904525
6090.0 0.03452675449188834
6100.0 0.03049757505722527
6110.0 0.027659880739220214
6120.0 0.026308435515685336
6130.0 0.02617163816839011
6140.0 0.027320871317915715
6150.0 0.028782104974681894
6160.0 0.03132023823155341
6170.0 0.03336186038703414
6180.0 0.035318645863891815
6190.0 0.038375913749205424
6200.0 0.03974528851196023
6210.0 0.04214229715603164
6220.0 0.044852485435030925
6230.0 0.04641201743292828
6240.0 0.048759410323752944
6250.0 0.051763507544850186
6260.0 0.051866907366722156
6270.0 0.052569598166152684
6280.0 0.0532714064155506
6290.0 0.053172205241737394
6300.0 0.05338009076057472
6310.0 0.05455305684487598
6320.0 0.056407373249519
6330.0 0.056841766376190934
6340.0 0.05798226089674162
6350.0 0.057507683932030436
6360.0 0.05784902291318779
6370.0 0.0590958663496246
6380.0 0.05922011093756215
6390.0 0.05951214706590941
6400.0 0.05913928514083277
6410.0 0.05920955722433121
6420.0 0.05852757165546054
6430.0 0.05743487934851651
6440.0 0.05574593588641583
6450.0 0.05471305654445329
6460.0 0.05351562820191263
6470.0 0.0524702813507776
6480.0 0.05280805718427601
6490.0 0.05325287045092891
6500.0 0.052046624083365786
6510.0 0.051331572496018246
6520.0 0.05107392967246384
6530.0 0.050595411682418
6540.0 0.05384235709540146
6550.0 0.05403722681252764
6560.0 0.0523071860593865
6570.0 0.05182423762841373
6580.0 0.0504552035350538
6590.0 0.04953137377054927
6600.0 0.04875887047352084
6610.0 0.048476735664460896
6620.0 0.048474374921602406
6630.0 0.048071779630399054
6640.0 0.047716310892024695
6650.0 0.04727683363079024
6660.0 0.04810988616228621
6670.0 0.04727312086897565
6680.0 0.04522615726889478
6690.0 0.045224716291752
6700.0 0.04435646641031914
6710.0 0.04314609942602798
6720.0 0.043384438673397904
6730.0 0.04346402382302865
6740.0 0.042239272656214286
6750.0 0.043143151749082016
6760.0 0.04259924513910843
6770.0 0.04159019206346611
6780.0 0.04158944858180094
6790.0 0.04004710882713918
6800.0 0.039643212641103966
6810.0 0.039982013896349
6820.0 0.038641681722980964
6830.0 0.038605846569201546
6840.0 0.0399445896549057
6850.0 0.03787472619919329
6860.0 0.03897543616803517
6870.0 0.03973351399818575
6880.0 0.040111252881434974
6890.0 0.04029533206051143
6900.0 0.03964071297369541
6910.0 0.03916844839998257
6920.0 0.03895278468648579
6930.0 0.03950388844579836
6940.0 0.03874699938420687
6950.0 0.0388988032838108
6960.0 0.03889871960962019
6970.0 0.03826844776254953
6980.0 0.03750042324324266
6990.0 0.03771770564924697
7000.0 0.037552603905946946
7010.0 0.037379916193780255
7020.0 0.03769945971340649
7030.0 0.037595219960038326
7040.0 0.03698510928226988
7050.0 0.03662071264600533
7060.0 0.036418969744543866
7070.0 0.03615974697369498
7080.0 0.035507870132805354
7090.0 0.03535251429836116
7100.0 0.035319347879310126
7110.0 0.036552575769353314
7120.0 0.0373093258022513
7130.0 0.03673728814391522
7140.0 0.037085152350145256
7150.0 0.03735931956732459
7160.0 0.037403250694183814
7170.0 0.0374812078841899
7180.0 0.0365336315805397
7190.0 0.0365074687325546
7200.0 0.03631226868944475
7210.0 0.03652170738843908
7220.0 0.03612926688622237
7230.0 0.036035752099855135
7240.0 0.03627627172918895
7250.0 0.035984027347352655
7260.0 0.03605775429646947
7270.0 0.03609677710585512
7280.0 0.035740289874941295
7290.0 0.034548771776648286
7300.0 0.03532823004273719
7310.0 0.03513895117199302
7320.0 0.03576628000777528
7330.0 0.03531411232653545
7340.0 0.03500425773132899
7350.0 0.03536703984726025
7360.0 0.03550348224515276
7370.0 0.034541233145082534
7380.0 0.034356981684675804
7390.0 0.03324938035612513
7400.0 0.032140062763200014
7410.0 0.03173315339195974
7420.0 0.0307884102114453
7430.0 0.028219693605294582
7440.0 0.02476446841482026
7450.0 0.021216912499487577
7460.0 0.01909150328797542
7470.0 0.01796826491942218
7480.0 0.01635931295239134
7490.0 0.014424383880698397
7500.0 0.014150173892173478
7510.0 0.014207168774583823
7520.0 0.015694678164099234
7530.0 0.016869453927462152
7540.0 0.018687400195980797
7550.0 0.019919841531597062
7560.0 0.02122833607814349
7570.0 0.02149049463210424
7580.0 0.02075787302536825
7590.0 0.02046325469079126
7600.0 0.02008674339793476
7610.0 0.019528695500006327
7620.0 0.019368151853223634
7630.0 0.020453795892224586
7640.0 0.02295574792354421
7650.0 0.025829198037832714
7660.0 0.026436092230185396
7670.0 0.02833439282562014
7680.0 0.029725870421363113
7690.0 0.03133513498091696
7700.0 0.03276029058666309
7710.0 0.03355574264620823
7720.0 0.0337184436022207
7730.0 0.035412430335694654
7740.0 0.03565095067706614
7750.0 0.03740103839197294
7760.0 0.037236538754433494
7770.0 0.03741631909732851
7780.0 0.03840351393428585
7790.0 0.039597422703615874
7800.0 0.039603989109670105
7810.0 0.03902306975322219
7820.0 0.03821282865457471
7830.0 0.036130201480563055
7840.0 0.03684159606606622
7850.0 0.0369846345363276
7860.0 0.036854801692391345
7870.0 0.03612024548220836
7880.0 0.036729731949966656
7890.0 0.0371103390700737
7900.0 0.03438163581203228
7910.0 0.03375895782698923
7920.0 0.03130690990309428
7930.0 0.03076674895893376
7940.0 0.029684157453122764
7950.0 0.02938919016831676
7960.0 0.02893538099581839
7970.0 0.02891056716395662
7980.0 0.02972424551667805
7990.0 0.0273424424326188
8000.0 0.02754635122762309
8010.0 0.026797620669606514
8020.0 0.025998618193567975
8030.0 0.02600147771802494
8040.0 0.027329469243128603
8050.0 0.02756621572679868
8060.0 0.027091337281829074
8070.0 0.02647604059577969
8080.0 0.026018350318672674
8090.0 0.023003768244154486
8100.0 0.021156565795365494
8110.0 0.01868369363167781
8120.0 0.016883937464549713
8130.0 0.014454220583486305
8140.0 0.012190150776786349
8150.0 0.010834846064116445
8160.0 0.009343694166702535
8170.0 0.007792981971914823
8180.0 0.007320474620955209
8190.0 0.007674152130714282
8200.0 0.006745328047881821
8210.0 0.006872468659247572
8220.0 0.007255472307681152
8230.0 0.008643141990180112
8240.0 0.010873937421034756
8250.0 0.01153282710817013
8260.0 0.011598505531818524
8270.0 0.010783647371739053
8280.0 0.011579253487249043
8290.0 0.011859346556711003
8300.0 0.00955217103226538
8310.0 0.01036722625766269
8320.0 0.010359456148093337
8330.0 0.009598357189567789
8340.0 0.010748055708319606
8350.0 0.012594764759061848
8360.0 0.012171188069880117
8370.0 0.01367112275860735
8380.0 0.014542341309406128
8390.0 0.014660677605820755
8400.0 0.016391077448408436
8410.0 0.018529489666648816
8420.0 0.020711341054583565
8430.0 0.019453508343907244
8440.0 0.022588024605740723
8450.0 0.022562768037567488
8460.0 0.023867460857986644
8470.0 0.024878630851869084
8480.0 0.025295756498357875
8490.0 0.026410612154854962
8500.0 0.029173978588764308
8510.0 0.02793736987061943
8520.0 0.030158372149807947
8530.0 0.028250433697674333
8540.0 0.030236664713126554
8550.0 0.029142206254436587
8560.0 0.029629496081552662
8570.0 0.029766230404788104
8580.0 0.02813974723624348
8590.0 0.0294382880612694
8600.0 0.03012354107431451
8610.0 0.028946449606098327
8620.0 0.02964713804047857
8630.0 0.028468545819399855
8640.0 0.02831064720490851
8650.0 0.027285506044898426
8660.0 0.02617629594977712
8670.0 0.02564979740457462
8680.0 0.025885664722584703
8690.0 0.02548162284855707
8700.0 0.025692053170917148
8710.0 0.022854099884626305
8720.0 0.021904323346466425
8730.0 0.021149048532536085
8740.0 0.020895521226961523
8750.0 0.021459029312339017
8760.0 0.019713541812507014
8770.0 0.020455791893740062
8780.0 0.021338758860795667
8790.0 0.022694370518592084
8800.0 0.02250442645094879
8810.0 0.021174381191291516
8820.0 0.02097768970884637
8830.0 0.02280826335104405
8840.0 0.020157284627355786
8850.0 0.018487161653161402
8860.0 0.016998308959512032
8870.0 0.015571723253107253
8880.0 0.014786572004772945
8890.0 0.012150522204612258
8900.0 0.011061689620916726
8910.0 0.013885052939738065
8920.0 0.011761624520088084
8930.0 0.011334171384532793
8940.0 0.011749131844611526
8950.0 0.01126990587576453
8960.0 0.013472121557224015
8970.0 0.0140425952348091
8980.0 0.015238993185191788
8990.0 0.015590762865973178
9000.0 0.0159393962277672
9010.0 0.016686891529244238
9020.0 0.015483833533328314
9030.0 0.015020251164993474
9040.0 0.01648083135570015
9050.0 0.015494383752170495
9060.0 0.016310578813673877
9070.0 0.01617186608038265
9080.0 0.017121981945018187
9090.0 0.017924244198623283
9100.0 0.0182401539155605
9110.0 0.01788597071595988
9120.0 0.017918320264691857
9130.0 0.018500360521567963
9140.0 0.018533502509709893
9150.0 0.018665353793030443
9160.0 0.020110142521218254
9170.0 0.020215636160239147
9180.0 0.02081897172166523
9190.0 0.020508189773119887
9200.0 0.021493079276426675
9210.0 0.019886827352703716
9220.0 0.019432652854307314
9230.0 0.018348266349137568
9240.0 0.019532556110320072
9250.0 0.020338405394571133
9260.0 0.019434563977267956
9270.0 0.019272241731719323
9280.0 0.018573263924764768
9290.0 0.01806088039961383
9300.0 0.01786041638008764
9310.0 0.017480022878216442
9320.0 0.01803387972408373
9330.0 0.018131639425566556
9340.0 0.0183476446197043
9350.0 0.018391798223392927
9360.0 0.019704522210380705
9370.0 0.020309739197739655
9380.0 0.021083678938444265
9390.0 0.020619737705620707
9400.0 0.020110192668978774
9410.0 0.020386745315121267
9420.0 0.021182789196225828
9430.0 0.020716320158769435
9440.0 0.021332439243858813
9450.0 0.019777356077394604
9460.0 0.021246867305665763
9470.0 0.020678293387986026
9480.0 0.021312875659597615
9490.0 0.021685180063847283
9500.0 0.020896933071221934
9510.0 0.02297197671554747
9520.0 0.022589978659841203
9530.0 0.020484679121150342
9540.0 0.020274250433115763
9550.0 0.02058530599509918
9560.0 0.018597985987565735
9570.0 0.017789984308022835
9580.0 0.017934249908595837
9590.0 0.01752220825100358
9600.0 0.016931462755377016
9610.0 0.016958863912643167
9620.0 0.016830576179684892
9630.0 0.015805146985629882
9640.0 0.017631915455580533
9650.0 0.017068522452515205
9660.0 0.016221599360616613
9670.0 0.01555922019647436
9680.0 0.015483899382387777
9690.0 0.01871436197791817
9700.0 0.015405042600281306
9710.0 0.016472288827514277
9720.0 0.017387766154214074
9730.0 0.016252763626964678
9740.0 0.014832505220703989
9750.0 0.01247091151482423
9760.0 0.014540534684221723
9770.0 0.01317537771862682
9780.0 0.015206955769084677
9790.0 0.013326693162727781
9800.0 0.013708789276903026
9810.0 0.016057482415182015
9820.0 0.01608238046489481
9830.0 0.01212897947079983
9840.0 0.014893581659734074
9850.0 0.018385185492983038
9860.0 0.015119468177817674
9870.0 0.015452811209749619
9880.0 0.012896554929626557
9890.0 0.014455744576280558
9900.0 0.01380825819571814
9910.0 0.013207724986663987
9920.0 0.013139856776494261
9930.0 0.013072001171673897
9940.0 0.013014142293090268
9950.0 0.012956606733545664
9960.0 0.012899149059045647
9970.0 0.012841803862746715
9980.0 0.012784852408708124
9990.0 0.012728126217079142
10000.0 0.012671484427317286
10010.0 0.012615041049335033
10020.0 0.012559007834033117
10030.0 0.012502865699633011
10040.0 0.012447149555204847
10050.0 0.012391611133119006
10060.0 0.012336086514146454
10070.0 0.012280953748531196
10080.0 0.012226033024851918
10090.0 0.0121713020012923
10100.0 0.01211668877398109
10110.0 0.012062464961935873
10120.0 0.012008253789315014
10130.0 0.011954324211514204
10140.0 0.01190061327198353
10150.0 0.011847006290074808
10160.0 0.011793697930448207
10170.0 0.011740584962325662
10180.0 0.01168758011564247
10190.0 0.01163498104714368
10200.0 0.011582377078304576
10210.0 0.01153007266652697
10220.0 0.011477965665359191
10230.0 0.011425968461015186
10240.0 0.011374270681662342
10250.0 0.01132277499060486
10260.0 0.011271392956929211
10270.0 0.011220193479018349
10280.0 0.011169309423492221
10290.0 0.011118515711347787
10300.0 0.011068025147621502
10310.0 0.011017643693781512
10320.0 0.010967454779656313
10330.0 0.0109174784401052
10340.0 0.01086769878646522
10350.0 0.010818121261171392
10360.0 0.010768735129164961
10370.0 0.01071946894928968
10380.0 0.010670393797471886
10390.0 0.01062161790410625
10400.0 0.01057294371383603
10410.0 0.01052447531432146
10420.0 0.01047621122244623
10430.0 0.010428143740815648
10440.0 0.010380086041529166
10450.0 0.010332414571405633
10460.0 0.010284858133061141
10470.0 0.010237400906548701
10480.0 0.010190237155838833
10490.0 0.010143279217075144
10500.0 0.010096329249393634
10510.0 0.01004972739621931
10520.0 0.010003229268991904
10530.0 0.009956870291088372
10540.0 0.009910767590945085
10550.0 0.009864801334937489
10560.0 0.009818944504189884
10570.0 0.009773360493616748
10580.0 0.009727906895549676
10590.0 0.009682568054342405
10600.0 0.009637500258408028
10610.0 0.009592539079719265
10620.0 0.00954773261561662
10630.0 0.009503164174982384
10640.0 0.009458706197524076
10650.0 0.009414402615841653
10660.0 0.0093703273192129
10670.0 0.009326353114154215
10680.0 0.00928255086640205
10690.0 0.009238964241292657
10700.0 0.009195494269767216
10710.0 0.009152179373141094
10720.0 0.009109066186526607
10730.0 0.009066082925721159
10740.0 0.009023261307450701
10750.0 0.008980620061667608
10760.0 0.008938110614910918
10770.0 0.008895763695395234
10780.0 0.008853614801533913
10790.0 0.008811560246447555
10800.0 0.008769686605847399
10810.0 0.008728002883218546
10820.0 0.008686412141894678
10830.0 0.00864501252322993
10840.0 0.008603783890853447
10850.0 0.008562665526721337
10860.0 0.008521729362827073
10870.0 0.008480943963789485
10880.0 0.008440279613841804
10890.0 0.00839979757756798
10900.0 0.008359474987887031
10910.0 0.008319245712517992
10920.0 0.008279226102653121
10930.0 0.008239328412347752
10940.0 0.008199560676289037
10950.0 0.008159977068409655
10960.0 0.00812053245210471
10970.0 0.008081189043722585
10980.0 0.008042057830868511
10990.0 0.008003046429469076
11000.0 0.007964136983493601
11010.0 0.007925429542762102
11020.0 0.007886852510873852
11030.0 0.007848375614686034
11040.0 0.007810100011794122
11050.0 0.007771937228014841
11060.0 0.007733893990086897
11070.0 0.007696042411030317
11080.0 0.007658312744768598
11090.0 0.007620673195631423
11100.0 0.007583256376981505
11110.0 0.007545937836120502
11120.0 0.007508713472829852
11130.0 0.0074717090215091824
11140.0 0.007434794432999999
11150.0 0.007398003122765248
11160.0 0.007361391081276703
11170.0 0.00732488972340537
11180.0 0.007288502464326459
11190.0 0.007252303698838115
11200.0 0.007216195278861919
11210.0 0.00718022004883273
11220.0 0.007144415457558183
11230.0 0.007108720572496748
11240.0 0.007073138407279105
11250.0 0.007037727590718328
11260.0 0.007002426014339196
11270.0 0.006967246851561228
11280.0 0.006932228402869188
11290.0 0.006897320692565961
11300.0 0.0068625349597096815
11310.0 0.006827898424028043
11320.0 0.006793373527959419
11330.0 0.006758970997489183
11340.0 0.006724738300901095
11350.0 0.0066905759604714175
11360.0 0.006656576090394146
11370.0 0.006622706323910422
11380.0 0.006588938323641116
11390.0 0.006555310041755299
11400.0 0.00652182448379226
11410.0 0.006488428627667521
11420.0 0.006455185045676302
11430.0 0.006422071271389458
11440.0 0.006389048081381841
11450.0 0.006356177271245432
11460.0 0.006323426039159733
11470.0 0.006290777315162063
11480.0 0.006258278155271303
11490.0 0.00622589034502564
11500.0 0.006193614218336912
11510.0 0.006131231735903429
11520.0 0.006095709117293422
11530.0 0.006060197594975362
11540.0 0.006024675608584465
11550.0 0.005989162965167905
11560.0 0.0059536414497838855
11570.0 0.0059181295070951994
11580.0 0.005882607178950182
11590.0 0.005847105022390373
11600.0 0.005811581974760089
11610.0 0.005776070512661897
11620.0 0.005740548708738268
11630.0 0.005705036234045219
11640.0 0.005669514558789584
11650.0 0.005634002925116179
11660.0 0.005598479929976369
11670.0 0.005562967964518483
11680.0 0.005527446536992687
11690.0 0.005491933840225448
11700.0 0.005456412324998988
11710.0 0.005420899862402705
11720.0 0.005385377496817796
11730.0 0.005349865812757904
11740.0 0.005314343302708855
11750.0 0.005278841596277348
11760.0 0.005243320182817304
11770.0 0.005207807495725556
11780.0 0.005172285925634623
11790.0 0.00513677258432527
11800.0 0.005101251147789024
11810.0 0.005065739195589342
11820.0 0.005030216888309641
11830.0 0.004994705345647815
11840.0 0.004959183492143882
11850.0 0.004923670363116425
11860.0 0.004888148566836125
11870.0 0.004852636081776822
11880.0 0.004817114653674575
11890.0 0.004781602746368863
11900.0 0.004746080460982889
11910.0 0.004710567983261439
11920.0 0.004675057110036038
11930.0 0.004639543771390525
11940.0 0.004604022887310342
11950.0 0.00456850949448054
11960.0 0.004532988725503445
11970.0 0.004497476613066189
11980.0 0.004461954111883983
11990.0 0.004426442577747631
12000.0 0.004390920991954879
